0 1 6 13 18 25 38 45 52 59 
0 1 6 13 18 25 38 45 52 60 
0 1 6 13 18 25 38 45 53 60 
0 1 6 13 18 25 38 46 51 59 
0 1 6 13 18 25 38 46 53 60 
0 1 6 13 18 25 38 46 54 59 
0 1 6 13 18 25 40 45 52 59 
0 1 6 13 18 25 40 45 52 60 
0 1 6 13 18 25 40 45 53 60 
0 1 6 13 18 25 40 47 52 59 
0 1 6 13 18 25 40 47 52 60 
0 1 6 13 18 25 40 47 54 59 
0 1 6 13 18 25 40 47 55 60 
0 1 6 13 18 25 40 48 55 60 
0 1 6 13 18 25 41 46 54 59 
0 1 6 13 18 25 41 48 55 60 
0 1 6 13 20 25 40 45 52 59 
0 1 6 13 20 25 40 45 52 60 
0 1 6 13 20 25 40 47 52 59 
0 1 6 13 20 25 40 47 52 60 
0 1 6 13 20 25 40 47 54 59 
0 1 6 13 20 25 41 46 54 59 
0 1 6 13 20 27 40 47 54 59 
0 1 6 13 20 27 41 46 54 59 
0 1 6 14 19 27 40 45 52 60 
0 1 6 14 19 27 40 45 53 60 
0 1 6 14 19 27 40 47 52 60 
0 1 6 14 19 27 41 46 54 59 
0 1 8 13 20 25 38 46 51 59 
0 1 8 13 20 25 38 46 54 59 
0 1 8 13 20 25 38 46 54 62 
0 1 8 13 20 25 41 46 54 59 
0 1 8 16 24 38 45 52 59 
0 1 8 16 24 38 45 52 60 
0 1 8 16 24 38 45 53 60 
0 1 8 16 24 38 46 51 59 
0 1 8 16 24 38 46 53 60 
0 1 8 16 24 38 46 54 59 
0 1 8 16 24 38 46 54 62 
0 1 8 16 24 40 45 52 59 
0 1 8 16 24 40 45 52 60 
0 1 8 16 24 40 45 53 60 
0 1 8 16 24 40 47 52 59 
0 1 8 16 24 40 47 52 60 
0 1 8 16 24 40 47 54 59 
0 1 8 16 24 41 46 53 60 
0 1 8 16 24 41 46 54 59 
0 1 8 16 24 41 46 54 62 
0 1 8 16 24 41 48 53 60 
0 1 8 16 24 41 48 55 60 
0 1 8 16 24 41 49 54 62 
0 1 9 16 24 38 45 52 59 
0 1 9 16 24 38 45 52 60 
0 1 9 16 24 38 45 53 60 
0 1 9 16 24 38 46 53 60 
0 1 9 16 24 38 46 54 59 
0 1 9 16 24 38 46 54 62 
0 1 9 16 24 40 45 52 59 
0 1 9 16 24 40 45 52 60 
0 1 9 16 24 40 45 53 60 
0 1 9 16 24 40 47 52 60 
0 1 9 16 24 40 47 54 62 
0 1 9 16 24 40 47 55 60 
0 1 9 16 24 40 47 55 62 
0 1 9 16 24 40 48 53 60 
0 1 9 16 24 40 48 55 60 
0 2 7 14 19 27 40 45 52 60 
0 2 7 14 19 27 40 45 53 60 
0 2 7 14 19 27 40 47 52 60 
0 2 7 14 19 27 40 47 55 60 
0 2 7 14 19 27 40 48 53 60 
0 2 7 14 19 27 40 48 53 61 
0 2 7 14 19 27 40 48 55 60 
0 2 7 14 19 27 40 48 56 61 
0 2 7 14 19 27 41 48 53 60 
0 2 7 14 19 27 41 48 53 61 
0 2 7 14 19 27 41 48 56 61 
0 2 9 16 24 33 40 47 55 
0 2 9 16 24 38 45 53 60 
0 2 9 16 24 38 45 53 61 
0 2 9 16 24 38 46 53 60 
0 2 9 16 24 38 46 53 61 
0 2 9 16 24 38 46 54 61 
0 2 9 16 24 40 45 52 60 
0 2 9 16 24 40 45 53 60 
0 2 9 16 24 40 47 54 61 
0 2 9 16 24 40 47 55 60 
0 2 9 17 24 33 40 48 55 
0 2 9 17 24 38 46 53 60 
0 2 9 17 24 38 46 53 61 
0 2 9 17 24 40 47 54 61 
0 2 10 17 24 40 47 54 61 
0 3 8 15 20 27 41 48 53 61 
0 3 8 16 24 41 46 53 61 
0 3 8 16 24 41 46 54 61 
0 3 8 16 24 41 49 54 61 
0 3 8 16 24 41 49 57 62 
0 3 10 17 24 40 47 54 61 
0 4 11 16 24 32 38 45 50 57 
0 4 11 19 24 32 38 45 52 57 
0 4 11 19 24 32 38 45 53 58 
0 4 12 17 24 32 38 45 50 58 
