0 1 6 10 14 20 25 29 33 37 55 59 63 81 82 86 
0 1 6 10 14 20 25 29 33 55 59 63 73 81 82 86 
0 1 6 10 14 20 29 33 37 55 59 63 81 82 86 95 
0 1 6 10 16 20 25 27 29 33 55 59 73 81 82 101 
0 1 6 10 16 20 25 27 29 55 59 69 73 81 82 101 
0 1 6 10 20 25 27 29 33 37 55 59 63 81 82 86 
0 1 6 10 20 25 27 29 33 37 55 59 81 82 86 101 
0 1 6 10 20 25 27 29 33 55 59 63 73 81 82 86 
0 1 6 10 20 25 27 29 33 55 59 73 81 82 86 101 
0 1 6 10 20 25 27 29 37 55 59 63 69 81 82 86 
0 1 6 10 20 25 27 29 37 55 59 69 81 82 86 101 
0 1 6 10 20 25 27 29 55 59 69 73 81 82 86 101 
0 1 6 10 20 27 29 33 37 55 59 63 81 82 86 95 
0 1 6 10 20 27 29 33 37 55 59 81 82 86 95 101 
0 1 6 10 20 27 29 37 55 59 63 69 81 82 86 95 
0 1 6 10 20 27 29 37 55 59 69 81 82 86 95 101 
0 1 6 14 20 25 29 33 37 47 55 59 63 81 82 86 
0 1 6 14 20 25 29 33 47 55 59 63 73 81 82 86 
0 1 6 14 20 29 33 37 47 55 59 63 81 82 86 95 
0 1 6 16 20 25 27 29 33 47 55 59 73 81 82 101 
0 1 6 20 25 27 29 33 37 47 55 59 63 81 82 86 
0 1 6 20 25 27 29 33 37 47 55 59 81 82 86 101 
0 1 6 20 25 27 29 33 47 55 59 73 81 82 86 101 
0 1 6 20 25 27 29 37 47 55 59 63 69 81 82 86 
0 1 6 20 25 27 29 37 47 55 59 69 81 82 86 101 
0 1 6 20 27 29 33 37 47 55 59 63 81 82 86 95 
0 1 6 20 27 29 33 37 47 55 59 81 82 86 95 101 
0 1 6 20 27 29 37 47 55 59 63 69 81 82 86 95 
0 1 6 20 27 29 37 47 55 59 69 81 82 86 95 101 
0 1 9 13 19 22 32 36 45 59 63 70 82 86 94 104 
0 1 10 20 25 27 29 33 37 43 55 59 81 82 86 101 
0 1 10 20 25 27 29 37 43 55 59 69 81 82 86 101 
0 1 20 25 27 29 33 37 43 47 55 59 81 82 86 101 
0 2 6 10 14 20 25 29 33 37 55 59 64 68 82 87 
0 2 6 10 14 20 25 29 33 37 55 59 64 68 87 99 
0 2 6 10 14 20 25 29 33 37 55 59 64 81 82 87 
0 2 6 10 14 20 25 29 33 37 55 59 64 81 87 99 
0 2 6 10 14 20 25 29 33 37 55 59 68 82 87 101 
0 2 6 10 14 20 25 29 33 37 55 59 81 82 87 101 
0 2 6 10 14 20 29 33 37 55 59 64 68 82 87 95 
0 2 6 10 14 20 29 33 37 55 59 64 68 87 95 99 
0 2 6 10 14 20 29 33 37 55 59 64 81 82 87 95 
0 2 6 10 14 20 29 33 37 55 59 64 81 87 95 99 
0 2 6 10 14 20 29 33 37 55 59 68 82 87 95 101 
0 2 6 10 14 20 29 33 37 55 59 81 82 87 95 101 
0 2 6 10 14 20 33 37 46 55 59 64 68 87 95 99 
0 2 6 10 14 20 33 37 46 55 59 64 81 87 95 99 
0 2 6 10 14 25 29 33 37 55 59 64 68 82 87 91 
0 2 6 10 14 25 29 33 37 55 59 64 68 87 91 99 
0 2 6 10 14 25 29 33 37 55 59 64 81 82 87 91 
0 2 6 10 14 25 29 33 37 55 59 64 81 87 91 99 
0 2 6 10 14 25 29 33 37 55 59 81 82 87 91 101 
0 2 6 10 14 29 33 37 55 59 64 81 82 87 91 95 
0 2 7 14 21 30 37 49 59 64 71 79 87 94 99 105 
0 6 13 20 26 31 39 45 54 56 63 70 88 96 103 
0 6 13 20 26 31 39 46 54 56 63 70 88 96 103 
0 6 13 20 26 31 39 46 54 56 63 70 89 96 103 
0 6 13 20 26 31 39 46 56 63 70 82 88 96 103 
0 6 13 20 26 32 39 46 54 56 63 70 88 96 103 
0 6 13 20 26 32 39 46 54 56 63 70 89 96 103 
0 6 13 20 26 32 39 46 56 63 70 82 89 96 103 
