0 1 4 14 19 25 27 34 47 56 61 66 89 94 99 
0 1 6 13 18 23 27 29 34 46 56 61 65 93 98 
0 1 6 18 23 27 29 34 39 46 56 61 66 94 98 
0 1 6 19 23 27 29 34 39 56 61 66 71 94 99 
0 1 8 12 19 23 27 29 40 56 60 67 71 88 99 
0 1 8 13 18 23 27 29 41 46 56 60 88 93 98 
0 1 8 13 18 23 27 29 46 56 60 65 88 93 98 
0 1 13 18 23 27 29 33 46 56 60 65 88 93 98 
0 1 13 18 23 27 29 34 41 46 56 61 89 93 98 
0 1 13 18 23 27 29 34 46 56 60 65 88 93 98 
0 1 13 18 23 27 29 34 46 56 61 65 88 93 98 
0 1 13 18 23 27 29 34 46 56 61 65 89 93 98 
0 1 13 18 23 27 29 34 46 56 61 66 89 93 98 
0 2 5 14 19 35 42 47 57 62 74 79 90 94 105 
0 2 5 14 35 42 46 57 62 73 79 90 94 101 105 
0 2 6 13 18 23 27 29 34 46 56 61 65 93 98 
0 2 6 13 18 23 27 29 34 46 61 65 82 93 98 
0 2 6 13 18 23 27 34 46 61 65 78 82 93 98 
0 2 6 18 23 27 29 34 39 46 56 61 66 94 98 
0 2 6 18 23 27 34 39 46 61 66 78 82 94 98 
0 2 6 19 23 27 34 39 61 66 71 78 82 94 99 
0 2 7 12 19 23 27 30 35 40 57 62 67 71 99 
0 2 7 12 19 23 27 30 35 40 57 67 71 87 99 
0 2 7 12 19 23 27 30 35 40 62 67 71 82 99 
0 2 7 14 18 23 27 30 35 46 57 62 66 94 99 
0 2 7 14 18 23 27 30 35 46 62 66 82 94 99 
0 2 7 14 19 23 27 30 35 46 57 62 66 94 99 
0 2 7 14 19 23 27 30 35 46 62 66 82 94 99 
0 2 7 14 19 23 27 30 35 57 62 66 71 94 99 
0 2 7 14 19 25 27 30 35 47 57 62 66 94 99 
0 2 7 14 19 25 30 35 47 51 57 62 66 94 99 
0 2 7 14 19 27 30 35 47 57 62 66 94 99 105 
0 2 13 18 23 27 29 34 46 56 61 65 88 93 98 
0 2 13 18 23 27 29 34 46 56 61 66 89 93 98 
0 2 13 18 23 27 29 34 46 56 61 66 89 94 98 
0 2 13 18 23 27 30 34 46 56 61 66 89 93 98 
