0 1 6 9 14 28 36 44 51 53 65 73 78 92 95 103 
0 1 6 9 14 28 36 44 51 53 65 73 87 92 95 103 
0 1 6 9 14 28 36 44 51 65 73 78 92 95 100 103 
0 1 6 9 14 28 36 44 51 65 73 87 92 95 100 103 
0 1 6 9 14 28 44 51 53 65 68 73 78 92 95 103 
0 1 6 9 14 28 44 51 53 65 68 73 87 92 95 103 
0 1 6 11 14 28 36 41 51 53 65 70 78 81 92 95 
0 1 6 11 14 28 36 41 51 53 65 70 78 84 92 95 
0 1 6 11 14 28 36 41 51 65 70 78 81 92 95 100 
0 1 6 11 14 28 36 41 51 65 70 78 84 92 95 100 
0 1 6 14 28 36 41 44 51 53 65 70 78 84 92 95 
0 1 6 14 28 36 41 44 51 53 65 78 84 92 95 103 
0 1 6 14 28 36 41 44 51 65 70 78 84 92 95 100 
0 1 6 14 28 36 41 44 51 65 78 84 92 95 100 103 
0 1 6 14 28 36 44 51 53 65 73 78 84 92 95 103 
0 1 6 14 28 36 44 51 53 65 73 84 87 92 95 103 
0 1 6 14 28 36 44 51 65 73 84 87 92 95 100 103 
0 1 6 14 28 41 44 51 53 65 68 78 84 92 95 103 
0 1 9 14 28 36 39 44 51 53 65 87 92 95 103 105 
0 3 6 11 14 19 22 28 33 41 62 70 78 84 92 100 
0 3 6 11 14 19 22 28 33 62 70 73 78 84 92 100 
0 3 6 11 14 19 22 33 41 49 59 62 70 78 84 100 
0 3 6 11 14 19 22 33 41 49 62 70 78 84 92 100 
0 3 6 11 14 19 22 33 49 59 62 70 73 78 84 100 
0 3 6 11 14 19 28 33 41 62 70 78 84 92 97 100 
0 3 6 11 14 19 33 41 49 59 62 70 78 84 97 100 
0 3 6 11 14 19 33 41 49 62 70 78 81 92 97 100 
0 3 6 11 14 19 33 41 49 62 70 78 84 92 97 100 
0 3 6 11 19 22 33 41 49 59 62 70 75 81 89 100 
0 3 6 11 19 22 33 41 49 59 62 70 78 84 89 100 
0 3 6 11 19 22 33 41 49 62 70 75 81 89 92 100 
0 3 6 11 19 22 33 41 49 62 70 75 84 89 92 100 
0 3 6 11 19 22 33 41 49 62 70 78 81 89 92 100 
0 3 6 11 19 22 33 41 49 62 70 78 84 89 92 100 
0 3 6 11 19 22 33 49 59 62 70 73 78 84 89 100 
0 3 6 19 22 33 44 49 59 62 70 73 78 84 89 100 
