0 3 10 16 23 27 31 38 44 57 64 71 81 84 91 98 
0 3 10 16 23 27 31 38 44 57 64 71 83 90 97 104 
0 3 10 16 23 27 31 38 44 57 64 71 84 90 97 104 
0 3 10 16 23 27 31 38 44 57 64 71 84 91 98 104 
0 3 10 17 23 27 31 38 44 57 64 71 81 84 91 98 
0 3 10 17 23 27 31 38 44 57 64 71 84 90 97 104 
0 3 10 17 23 27 31 38 44 57 64 71 84 91 97 104 
0 3 10 17 23 27 31 38 44 57 64 71 84 91 98 104 
0 3 10 17 23 27 31 38 44 58 64 71 81 84 91 98 
0 3 10 17 25 27 31 38 44 57 64 71 81 84 91 98 
0 3 10 17 25 27 31 38 44 57 64 71 81 85 91 98 
0 3 10 17 25 27 31 38 44 57 64 71 81 85 92 98 
0 3 10 17 25 27 31 38 44 57 64 71 85 91 98 104 
0 4 10 17 23 27 31 38 44 57 64 71 81 84 91 98 
0 4 10 17 23 27 31 38 44 57 64 71 84 91 97 104 
0 4 10 17 25 27 31 38 44 57 64 71 81 84 91 98 
0 4 10 17 25 27 31 38 44 57 64 71 81 85 91 98 
0 4 10 17 25 27 31 38 44 57 64 71 81 85 92 98 
0 4 10 17 25 27 31 38 44 57 64 71 84 91 97 104 
0 4 10 17 25 27 31 38 44 57 64 71 84 91 98 104 
0 4 10 17 25 27 31 38 44 57 64 71 85 91 98 104 
0 4 10 17 25 27 31 38 44 58 64 71 81 84 91 98 
0 4 10 17 25 27 31 38 44 58 64 71 81 85 91 98 
0 4 11 17 25 27 31 38 44 57 64 71 81 84 91 98 
0 4 11 17 25 27 31 38 44 57 64 71 81 85 91 98 
0 4 11 17 25 27 31 38 45 57 64 71 81 85 91 98 
