0 1 5 9 20 25 29 40 44 55 59 63 74 83 94 98 
0 1 5 9 20 25 29 40 44 55 59 63 74 89 93 98 
0 1 5 9 20 25 29 40 44 55 59 63 74 89 94 98 
0 1 5 9 20 25 29 40 44 58 62 67 82 93 97 101 
0 1 5 9 20 25 29 40 44 58 62 73 78 82 93 97 
0 1 5 9 20 25 29 40 44 58 62 73 82 93 97 101 
0 1 5 9 20 25 29 40 44 58 63 67 78 82 93 97 
0 1 5 9 20 25 29 40 44 58 63 67 78 89 93 97 
0 1 5 9 20 25 29 40 44 58 63 67 82 93 97 101 
0 1 5 9 20 25 29 40 44 58 63 67 82 93 97 102 
0 1 5 9 20 25 29 40 44 58 63 73 78 82 93 97 
0 1 5 9 20 25 29 40 44 58 63 73 78 89 93 97 
0 1 5 9 20 25 29 40 44 58 63 74 78 89 93 97 
0 1 5 9 20 25 29 40 44 58 69 73 78 89 93 97 
0 1 5 9 20 25 29 40 44 58 69 73 78 89 93 104 
0 1 5 9 20 25 29 40 44 59 63 67 82 93 97 102 
0 1 5 9 20 25 29 40 44 59 63 67 82 93 98 102 
0 1 5 9 20 25 29 40 44 59 63 67 83 93 98 102 
0 1 5 9 20 25 29 40 44 63 67 82 93 97 102 105 
0 1 5 9 20 25 29 40 44 63 67 83 87 98 102 105 
0 1 5 9 20 25 35 40 44 59 67 70 83 94 98 103 
0 1 5 9 20 35 40 44 53 59 67 70 83 94 98 103 
0 1 5 10 14 29 40 44 53 55 63 73 83 88 98 105 
0 1 5 10 14 29 40 44 53 58 62 73 80 83 88 92 103 
0 1 5 10 14 29 40 44 53 58 69 73 78 83 88 92 103 
0 1 5 10 14 29 40 44 53 58 69 73 78 84 88 99 103 
0 1 5 10 14 35 40 44 53 58 69 73 78 83 88 92 103 
0 1 5 10 14 35 40 44 53 58 69 73 78 83 88 99 103 
0 1 5 10 14 35 40 44 53 58 69 73 80 83 88 92 103 
0 1 5 10 14 36 40 44 53 58 69 73 78 83 88 92 103 
0 1 5 10 14 36 40 44 53 58 69 73 78 83 88 99 103 
0 1 5 10 14 36 40 44 53 58 69 73 78 84 88 99 103 
0 1 5 10 14 36 40 44 53 58 69 73 80 83 88 92 103 
0 1 5 10 14 36 40 44 53 58 69 74 78 83 88 92 103 
0 1 5 10 14 36 40 44 53 58 69 74 78 83 88 99 103 
0 1 5 10 14 36 40 44 53 58 69 74 78 84 88 99 103 
0 1 5 10 14 36 40 44 53 58 69 74 80 83 88 92 103 
0 1 5 10 14 36 40 44 53 65 69 74 78 83 88 99 103 
0 1 5 10 14 36 40 44 53 65 69 74 78 83 88 99 104 
0 1 5 10 14 36 40 44 53 65 69 74 78 84 88 99 103 
0 1 5 10 20 35 40 44 53 59 67 70 83 94 98 103 
0 1 5 10 21 36 40 44 53 58 69 73 78 84 88 99 103 
0 1 5 10 21 36 40 44 53 58 69 74 78 84 88 99 103 
0 1 6 10 21 27 36 40 53 58 69 73 78 84 88 99 103 
0 1 6 10 21 36 40 44 53 58 69 73 78 84 88 99 103 
