0 1 4 8 23 27 31 36 59 63 74 80 82 88 92 103 
0 1 5 11 15 29 40 44 56 63 67 79 84 91 95 105 
0 1 5 11 15 29 40 44 56 67 71 79 84 91 95 105 
0 1 5 11 15 29 40 44 56 67 71 79 84 95 99 105 
0 1 5 11 16 22 29 40 44 56 63 67 79 91 95 105 
0 1 5 11 16 22 29 40 44 63 67 79 91 95 102 105 
0 1 5 11 16 29 40 44 56 63 67 79 84 91 95 105 
0 1 5 11 16 29 40 44 56 63 67 79 85 91 95 105 
0 1 5 11 16 29 40 44 56 67 71 79 84 91 95 105 
0 1 5 11 16 29 40 44 56 67 71 79 84 95 99 105 
0 1 5 11 16 29 40 44 56 67 71 79 85 91 95 105 
0 1 5 12 16 29 40 44 54 56 63 67 85 91 95 105 
0 1 5 12 16 29 40 44 54 56 63 67 85 91 96 105 
0 1 5 12 16 29 40 44 54 56 67 71 85 91 96 105 
0 1 5 12 16 29 40 44 54 57 63 68 80 85 92 96 
0 1 5 16 20 30 44 49 54 57 68 72 80 85 96 100 
