0 2 7 11 20 27 38 43 47 58 67 71 80 85 94 98 103 
0 2 7 11 20 27 38 43 47 58 67 71 80 85 94 99 103 
0 2 7 11 20 32 38 43 51 53 58 67 71 85 92 98 103 
0 2 7 11 20 32 38 43 51 53 58 67 71 85 92 99 103 
0 2 7 11 20 32 38 43 51 53 58 67 72 78 85 99 103 
0 2 7 11 20 34 38 43 47 51 58 67 78 85 94 98 103 
0 2 7 11 20 34 38 43 47 51 58 67 78 85 94 99 103 
0 2 7 11 20 34 38 43 47 51 58 67 80 85 94 99 103 
0 2 7 11 20 38 43 47 51 58 67 71 80 85 94 98 103 
0 2 7 11 20 38 43 47 51 58 67 71 80 85 94 99 103 
0 2 7 11 34 38 43 47 51 58 67 78 85 90 94 98 103 
0 2 7 11 34 38 43 47 51 58 67 78 85 90 94 99 103 
0 2 7 30 34 38 43 48 51 54 58 78 85 90 94 99 103 
0 2 10 23 27 30 38 43 57 70 85 90 98 103 
0 4 10 17 25 27 31 38 44 57 64 70 81 84 91 98 
0 4 10 17 25 27 31 38 44 57 64 70 81 85 91 98 
0 4 10 17 25 27 31 38 44 57 64 71 81 84 91 98 
0 4 10 17 25 27 31 38 44 57 64 71 81 85 91 98 
0 4 10 17 25 27 31 38 44 58 64 71 81 85 91 98 
0 4 11 17 25 27 31 38 44 57 64 70 81 84 91 98 
0 4 11 17 25 27 31 38 44 57 64 71 81 84 91 98 
0 4 11 17 25 27 31 38 44 57 64 71 81 85 91 98 
0 4 11 17 25 27 31 38 45 57 64 71 81 85 91 98 
