0 2 5 11 18 25 27 38 45 58 71 81 85 91 94 98 
0 2 5 11 18 25 38 45 51 58 71 81 85 91 94 98 
0 4 8 15 20 29 40 47 51 54 60 64 71 85 91 96 103 
0 4 8 15 20 29 40 47 51 60 64 71 79 85 91 96 103 
0 4 9 15 20 29 36 40 47 51 54 60 71 85 91 96 103 
0 4 9 15 20 29 36 40 47 51 54 60 71 85 92 96 103 
0 4 9 15 20 29 36 40 47 51 60 71 79 85 91 96 103 
0 4 9 15 20 29 36 40 47 51 60 71 79 85 92 96 103 
0 4 9 15 20 29 36 41 47 51 60 71 79 85 92 96 103 
0 4 9 15 20 29 40 47 51 60 64 71 79 85 91 96 103 
0 4 10 17 25 27 31 38 44 57 64 70 81 85 91 98 
0 4 10 17 25 27 31 38 44 57 64 71 81 85 91 98 
0 4 11 17 25 27 31 38 44 57 64 71 81 85 91 98 
0 4 11 17 25 27 31 38 45 57 64 71 81 85 91 98 
