0 1 12 16 21 30 32 37 41 52 61 72 76 90 92 96 101 112 
0 1 12 16 21 30 32 37 41 52 61 72 76 90 92 97 101 112 
0 1 12 16 21 30 32 37 41 52 61 72 76 92 96 101 112 116 
0 1 12 16 21 30 32 37 41 52 61 72 76 92 97 101 112 116 
0 1 12 16 21 30 32 37 41 52 67 71 76 92 96 101 112 116 
0 1 12 16 21 30 32 37 41 52 67 71 76 92 96 107 111 116 
0 1 12 16 21 30 32 37 41 52 67 71 76 92 96 107 112 116 
0 1 12 16 21 30 32 37 41 52 67 71 76 92 97 101 112 116 
0 1 12 16 21 30 32 37 41 52 67 72 76 92 96 101 112 116 
0 1 12 16 21 30 32 37 41 52 67 72 76 92 96 107 111 116 
0 1 12 16 21 30 32 37 41 52 67 72 76 92 96 107 112 116 
0 1 12 16 21 30 32 37 41 52 67 72 76 92 97 101 112 116 
0 1 12 16 21 30 32 37 48 52 61 72 76 90 92 96 101 112 
0 1 12 16 21 30 32 37 48 52 61 72 76 90 92 97 101 112 
0 1 12 16 21 30 32 37 48 52 61 72 76 92 96 101 112 116 
0 1 12 16 21 30 32 37 48 52 61 72 76 92 97 101 112 116 
0 1 12 16 21 30 32 37 48 52 67 71 76 92 96 101 112 116 
0 1 12 16 21 30 32 37 48 52 67 71 76 92 96 107 111 116 
0 1 12 16 21 30 32 37 48 52 67 71 76 92 96 107 112 116 
0 1 12 16 21 30 32 37 48 52 67 71 76 92 97 101 112 116 
0 1 12 16 21 30 33 37 48 52 61 72 76 90 92 96 101 112 
0 1 12 16 21 30 33 37 48 52 61 72 76 90 92 97 101 112 
0 1 12 16 21 30 33 37 48 52 61 72 76 92 96 101 112 116 
0 1 12 16 21 30 33 37 48 52 61 72 76 92 97 101 112 116 
0 1 12 16 21 30 33 37 48 52 67 71 76 92 96 101 112 116 
0 1 12 16 21 30 33 37 48 52 67 71 76 92 97 101 112 116 
0 1 12 16 21 30 33 37 48 52 67 72 76 92 96 101 112 116 
0 1 12 16 21 32 37 41 52 56 61 72 76 90 92 96 101 112 
0 1 12 16 21 32 37 41 52 56 61 72 76 90 92 97 101 112 
0 1 12 16 21 32 37 41 52 56 61 72 76 92 96 101 112 116 
0 1 12 16 21 32 37 41 52 56 61 72 76 92 97 101 112 116 
0 1 12 16 28 30 32 37 41 52 61 72 76 90 91 102 106 
0 1 12 16 28 30 32 37 41 52 67 71 76 91 96 107 111 116 
0 1 12 16 28 30 32 37 41 52 67 71 76 92 96 107 111 116 
0 1 12 16 28 30 32 37 48 52 67 71 76 91 96 107 111 116 
0 1 12 16 28 30 32 37 48 52 67 71 76 91 96 107 112 116 
0 1 12 16 28 30 32 37 48 52 67 71 76 92 96 107 111 116 
0 1 12 16 28 30 32 37 48 52 67 71 76 92 96 107 112 116 
0 1 12 16 28 30 33 37 48 52 61 72 76 90 91 102 106 
0 1 12 16 28 30 33 37 48 52 67 71 76 91 96 107 111 116 
0 1 12 16 28 30 33 37 48 52 67 71 76 91 96 107 112 116 
0 1 12 16 28 30 33 37 48 52 67 71 76 92 96 107 111 116 
0 1 12 16 28 30 33 37 48 52 67 71 76 92 96 107 112 116 
0 1 12 17 21 30 32 37 41 52 67 71 76 92 96 107 111 116 
0 2 6 10 21 25 32 44 47 51 60 64 68 72 83 94 105 109 113 
0 2 6 11 22 26 32 36 47 51 61 72 76 90 91 102 106 
0 2 6 11 22 26 32 36 47 51 61 72 76 90 97 101 106 
0 2 6 11 22 26 32 36 47 51 61 72 76 90 97 101 112 
0 2 6 11 22 26 32 36 47 51 61 72 76 90 97 102 106 
0 2 6 11 22 26 32 36 47 51 61 72 76 97 101 112 116 
0 2 6 11 22 26 32 36 47 51 67 71 76 97 101 112 116 
0 2 6 11 22 26 32 36 47 51 67 72 76 97 101 112 116 
0 2 6 11 22 26 32 44 47 51 61 72 76 90 91 102 106 
0 2 6 11 22 26 32 44 47 51 61 72 76 90 97 101 106 
0 2 6 11 22 26 32 44 47 51 61 72 76 90 97 101 112 
0 2 6 11 22 26 32 44 47 51 61 72 76 90 97 102 106 
0 2 6 11 22 26 32 44 47 51 61 72 76 97 101 112 116 
0 2 6 11 22 26 32 44 47 51 62 66 71 82 91 102 106 111 
0 2 6 11 22 26 32 44 47 51 62 66 71 82 91 102 107 111 
0 2 6 11 22 26 32 44 47 51 62 67 71 82 91 102 106 111 
0 2 6 11 22 26 32 44 47 51 67 71 76 97 101 112 116 
0 2 6 11 22 26 32 44 47 51 67 71 82 97 101 112 116 
0 2 6 11 22 28 32 36 47 51 61 72 76 90 91 102 106 
0 2 6 11 22 28 32 44 47 51 61 72 76 90 91 102 106 
0 2 6 11 22 28 32 44 47 51 62 66 71 82 91 102 106 111 
0 2 6 17 21 26 32 36 47 51 61 72 76 90 97 101 106 
0 2 6 17 21 26 32 36 47 51 61 72 76 90 97 102 106 
0 2 6 17 21 26 32 36 47 51 61 72 76 97 101 112 116 
0 2 6 17 21 26 32 36 47 51 67 71 76 97 101 112 116 
0 2 6 17 21 32 36 47 51 61 72 76 92 96 101 112 116 
0 2 6 17 21 32 36 47 51 61 72 76 92 97 101 112 116 
0 2 6 17 21 32 36 47 51 67 71 76 92 96 101 112 116 
0 2 6 17 21 32 36 47 51 67 71 76 92 96 107 111 116 
0 2 6 17 21 32 36 47 51 67 71 76 92 96 107 112 116 
0 2 6 17 21 32 36 47 51 67 71 76 92 97 101 112 116 
0 2 6 17 21 32 43 44 47 67 71 76 92 96 107 112 116 
0 2 6 17 21 32 43 44 47 67 71 76 92 97 101 112 116 
0 2 6 17 22 26 32 36 47 51 67 71 76 97 101 112 116 
0 2 6 17 22 26 32 44 47 51 67 71 76 97 101 112 116 
0 2 7 11 22 26 32 36 47 51 67 71 76 97 101 112 116 
0 2 7 11 22 26 32 43 44 47 61 72 76 90 97 101 106 
0 2 7 11 22 26 32 43 44 47 61 72 76 90 97 101 112 
0 2 7 11 22 26 32 43 44 47 61 72 76 90 97 102 106 
0 2 7 11 22 26 32 43 44 47 61 72 76 97 101 112 116 
0 2 7 11 22 26 32 44 47 51 62 66 71 82 91 102 106 111 
0 2 7 11 22 26 32 44 47 51 62 66 71 82 91 102 107 111 
0 2 7 11 22 26 32 44 47 51 62 67 71 82 91 102 106 111 
0 2 7 11 22 26 32 44 47 51 62 67 71 82 91 102 107 111 
0 2 7 11 22 26 32 44 47 51 67 71 82 97 101 112 116 
0 2 7 11 22 26 32 44 47 52 61 72 76 90 91 102 106 
0 2 7 11 22 26 32 44 47 52 61 72 76 90 97 101 106 
0 2 7 11 22 26 32 44 47 52 61 72 76 90 97 101 112 
0 2 7 11 22 26 32 44 47 52 61 72 76 90 97 102 106 
0 2 7 11 22 26 32 44 47 52 62 66 71 82 91 102 106 111 
0 2 7 11 22 26 32 44 47 52 62 66 71 82 91 102 107 111 
0 2 7 11 22 26 32 44 47 52 62 67 71 82 91 102 106 111 
0 2 7 11 22 28 32 44 47 51 62 66 71 82 91 102 106 111 
0 2 7 11 22 28 32 44 47 51 62 66 71 82 91 102 107 111 
0 2 7 11 22 28 32 44 47 51 62 67 71 82 91 102 106 111 
0 2 7 11 22 28 32 44 47 51 62 67 71 82 91 102 107 111 
0 2 7 11 22 28 32 44 47 52 61 72 76 90 91 102 106 
0 2 7 11 22 28 32 44 47 52 62 66 71 82 91 102 106 111 
0 2 7 11 22 28 32 44 47 52 62 66 71 82 91 102 107 111 
0 2 7 11 22 28 32 44 47 52 62 67 71 82 91 102 106 111 
0 2 7 11 22 28 32 44 47 52 62 67 71 82 91 102 107 111 
0 2 7 18 22 26 32 43 44 47 61 72 76 90 97 102 106 
0 3 7 11 22 28 32 44 47 52 62 66 71 82 91 102 106 111 
0 3 7 11 22 28 32 44 47 52 62 66 71 82 91 102 107 111 
0 3 7 11 22 28 32 44 47 52 62 67 71 82 91 102 107 111 
0 3 7 12 22 28 32 44 47 52 62 66 71 82 91 102 107 111 
0 3 7 12 22 28 32 44 47 52 62 67 71 82 91 102 107 111 
0 3 7 12 23 28 32 44 47 52 62 67 71 82 91 102 107 111 
0 3 7 12 23 28 32 44 47 52 62 67 71 82 92 102 107 111 
