0 1 4 12 15 23 26 36 39 50 62 74 84 89 97 108 111 
0 1 6 14 25 35 42 47 54 63 75 82 92 97 111 116 117 
0 3 7 12 16 21 25 32 41 54 65 69 73 78 94 107 116 
0 3 7 12 16 25 32 41 54 65 69 73 74 78 94 98 107 
0 3 7 12 16 25 32 41 54 65 69 73 78 94 98 107 116 
0 3 7 12 16 25 32 41 54 69 73 78 82 94 98 107 116 
0 3 7 12 21 25 29 32 41 54 65 73 78 94 107 112 116 
0 3 7 12 25 29 32 41 54 65 69 73 78 94 98 107 116 
0 3 7 12 25 29 32 41 54 65 73 74 78 94 98 107 112 
0 3 8 12 21 29 37 41 50 60 65 78 87 94 104 112 116 
0 3 10 17 24 35 42 49 56 66 74 80 89 91 98 105 112 
