0 1 5 9 14 17 21 25 30 32 36 62 83 103 106 110 114 
0 1 5 9 14 17 21 25 32 36 40 62 66 103 106 110 114 
0 1 5 9 14 17 21 25 32 36 40 62 83 103 106 110 114 
0 1 5 9 14 17 21 25 32 36 40 66 79 103 106 110 114 
0 1 5 9 14 17 21 32 36 40 62 66 75 88 102 110 114 
0 1 5 9 14 17 21 32 36 40 62 66 75 102 106 110 114 
0 1 5 9 14 17 21 32 36 40 62 66 88 102 103 110 114 
0 1 5 9 14 17 21 32 36 40 62 75 83 88 102 110 114 
0 1 5 9 14 17 21 32 36 40 62 75 83 102 106 110 114 
0 1 5 9 14 17 21 32 36 40 62 83 88 102 103 110 114 
0 1 5 9 14 17 21 32 36 40 62 83 102 103 106 110 114 
0 1 5 9 14 17 25 32 36 40 62 66 71 88 98 103 110 
0 1 5 9 14 17 25 32 36 40 62 66 71 98 103 106 110 
0 1 5 9 14 17 25 32 36 40 62 66 88 98 103 110 114 
0 1 5 9 14 17 25 32 36 40 62 71 83 88 98 103 110 
0 1 5 9 14 17 25 32 36 40 62 71 83 98 103 106 110 
0 1 5 9 14 17 25 32 36 40 62 83 88 98 103 110 114 
0 1 5 9 14 17 25 32 36 40 62 83 98 103 106 110 114 
0 1 5 9 14 17 25 32 36 40 66 71 79 98 103 106 110 
0 1 5 9 14 17 25 32 36 40 66 79 98 103 106 110 114 
0 1 5 9 14 17 32 36 40 62 66 71 75 88 98 102 110 
0 1 5 9 14 17 32 36 40 62 66 71 75 98 102 106 110 
0 1 5 9 14 17 32 36 40 62 66 71 88 98 102 103 110 
0 1 5 9 14 17 32 36 40 62 66 71 98 102 103 106 110 
0 1 5 9 14 17 32 36 40 62 66 75 88 98 102 110 114 
0 1 5 9 14 17 32 36 40 62 71 83 88 98 102 103 110 
0 1 5 9 14 17 32 36 40 62 71 83 98 102 103 106 110 
0 1 5 9 14 17 32 36 40 66 71 79 98 102 103 106 110 
0 1 5 9 14 17 36 40 49 62 66 71 75 88 98 102 110 
0 1 5 9 14 17 36 40 49 62 66 75 88 98 102 110 114 
0 1 5 9 14 17 36 40 49 62 75 83 88 98 102 110 114 
0 1 5 9 14 36 40 49 62 71 75 83 88 94 98 102 110 
0 1 5 9 14 36 40 49 62 75 83 88 94 98 102 110 114 
0 1 5 9 17 25 32 36 40 56 62 66 71 88 98 103 110 
0 1 5 9 17 32 36 40 56 62 66 71 75 88 98 102 110 
0 1 5 9 17 36 40 49 56 62 66 71 75 88 98 102 110 
0 1 5 9 17 36 40 49 56 62 66 75 88 98 102 110 114 
0 1 5 10 26 27 37 41 49 67 75 80 89 94 98 107 114 
0 3 8 13 15 23 31 38 53 60 67 73 75 82 95 105 115 
0 3 8 13 15 23 38 48 53 60 67 73 75 82 95 105 115 
0 3 8 13 15 33 38 48 53 60 67 73 82 95 100 105 115 
0 3 8 13 15 38 48 53 60 67 73 75 82 95 100 105 115 
0 3 8 14 23 31 38 43 44 53 65 73 75 95 105 110 115 
0 3 8 14 23 31 43 44 53 59 65 73 75 80 95 110 115 
0 3 8 14 23 36 43 44 48 59 65 73 75 80 95 110 115 
0 3 8 14 23 36 43 44 48 59 65 75 80 95 104 110 115 
0 3 8 14 23 38 43 44 48 53 65 73 75 95 105 110 115 
0 3 8 14 23 43 44 48 53 59 65 73 75 80 95 110 115 
0 3 8 14 23 43 44 48 53 65 73 75 80 95 105 110 115 
0 3 8 14 33 38 43 44 48 53 65 73 95 100 105 110 115 
0 3 8 14 33 43 44 48 53 65 73 80 95 100 105 110 115 
0 3 8 14 38 43 44 48 53 65 73 75 95 100 105 110 115 
0 3 8 14 43 44 48 53 59 65 73 75 80 95 100 110 115 
0 3 8 33 38 43 44 48 53 60 65 73 95 100 105 110 115 
