0 1 7 20 27 28 34 41 47 54 61 67 80 87 93 100 107 114 
0 1 7 20 27 28 34 41 47 54 61 67 80 87 94 100 107 114 
0 1 7 20 27 28 34 41 47 54 61 67 80 87 94 101 107 114 
0 1 7 20 27 28 34 41 47 54 61 67 80 87 94 101 108 114 
0 1 7 20 27 28 34 41 47 54 66 73 74 80 93 100 107 113 
0 1 7 20 27 28 34 41 47 54 66 73 74 80 94 100 107 113 
0 1 7 20 27 28 34 41 47 54 67 73 74 80 93 100 107 113 
0 1 7 20 27 28 34 41 47 54 67 73 74 80 94 100 107 113 
0 1 7 20 27 28 34 41 47 54 67 73 80 87 93 100 107 113 
0 1 7 20 27 28 34 41 48 54 66 73 74 80 93 100 106 113 
0 1 7 20 27 28 34 41 48 54 66 74 80 89 93 100 106 113 
0 1 7 20 27 28 34 41 48 54 67 73 74 80 93 100 106 113 
0 1 7 20 27 28 34 41 48 54 67 73 74 80 93 100 107 113 
0 1 7 20 27 28 34 41 48 54 67 73 74 80 93 100 107 114 
0 1 7 20 27 28 34 41 48 54 67 73 74 80 94 100 107 114 
0 1 7 20 27 28 34 41 48 54 67 73 74 80 94 101 107 114 
0 1 7 20 27 28 35 41 48 54 61 68 81 87 93 100 107 114 
0 1 7 20 27 28 35 41 48 54 61 68 81 87 94 101 107 114 
0 1 7 20 27 28 35 41 48 54 67 73 74 80 93 100 107 114 
0 1 7 20 27 28 35 41 48 54 67 73 74 80 94 101 107 114 
0 3 10 17 24 35 42 49 56 66 74 80 89 91 98 105 112 
