0 1 4 8 15 19 32 36 48 59 70 73 75 80 95 100 115 117 
0 1 4 8 19 32 36 48 52 59 70 73 75 80 95 99 115 117 
0 1 4 8 19 32 36 48 52 59 70 73 75 80 95 100 115 117 
0 1 5 9 14 19 32 36 40 48 53 57 73 100 108 112 116 117 
0 1 5 9 14 19 32 36 40 48 53 73 81 100 108 112 116 117 
0 1 5 9 14 19 32 36 48 53 57 73 77 100 108 112 116 117 
0 1 5 9 14 19 32 36 48 53 73 77 81 100 108 112 116 117 
0 1 5 9 14 19 36 40 48 53 57 69 73 100 108 112 116 117 
0 1 5 9 14 19 36 40 48 53 69 73 81 100 108 112 116 117 
0 1 5 9 14 19 36 48 53 57 69 73 77 100 108 112 116 117 
0 1 5 9 14 19 36 48 53 69 73 77 81 100 108 112 116 117 
0 1 5 9 14 26 30 36 48 53 69 73 77 81 100 112 116 117 
0 1 5 9 14 26 30 48 53 69 73 74 77 81 100 112 116 117 
0 1 5 9 14 30 32 36 40 48 53 57 73 100 108 112 116 117 
0 1 5 9 14 30 32 36 48 53 57 73 77 100 108 112 116 117 
0 1 5 9 14 30 32 36 48 53 73 77 81 100 108 112 116 117 
0 1 5 9 14 30 32 40 48 53 57 73 74 100 108 112 116 117 
0 1 5 9 14 30 32 40 48 53 73 74 81 100 108 112 116 117 
0 1 5 9 14 30 32 48 53 57 73 74 77 100 108 112 116 117 
0 1 5 9 14 30 32 48 53 73 74 77 81 100 108 112 116 117 
0 1 5 9 14 30 36 40 48 53 57 69 73 100 108 112 116 117 
0 1 5 9 14 30 36 40 48 53 69 73 81 100 108 112 116 117 
0 1 5 9 14 30 36 48 53 57 69 73 77 100 108 112 116 117 
0 1 5 9 14 30 36 48 53 69 73 77 81 100 108 112 116 117 
0 1 5 9 14 30 40 48 53 57 69 73 74 100 108 112 116 117 
0 1 5 9 14 30 40 48 53 69 73 74 81 100 108 112 116 117 
0 1 5 9 14 30 48 53 57 69 73 74 77 100 108 112 116 117 
0 1 5 9 14 30 48 53 69 73 74 77 81 100 108 112 116 117 
0 1 5 9 18 26 30 45 49 53 61 69 74 77 90 96 112 117 
0 1 5 9 18 26 30 45 49 53 61 69 74 77 96 112 116 117 
0 1 5 9 18 30 40 45 49 53 61 69 74 96 108 112 116 117 
0 1 5 9 18 30 40 49 53 57 61 69 74 96 108 112 116 117 
0 1 5 9 18 30 40 49 53 60 61 69 74 81 96 108 116 117 
0 1 5 9 18 30 40 49 53 61 69 74 81 96 108 112 116 117 
0 1 5 9 18 30 45 49 53 61 69 74 77 90 96 108 112 117 
0 1 5 9 18 30 45 49 53 61 69 74 77 96 108 112 116 117 
0 1 5 9 18 30 49 53 57 61 69 74 77 96 108 112 116 117 
0 1 5 9 19 32 36 40 48 52 57 73 95 99 108 112 116 117 
0 1 5 9 19 32 36 40 48 52 57 73 95 100 108 112 116 117 
0 1 5 9 19 32 36 40 48 53 57 73 95 100 108 112 116 117 
0 1 5 9 19 32 36 40 48 53 57 73 96 100 108 112 116 117 
0 1 5 9 19 32 36 40 49 53 57 73 96 100 108 112 116 117 
0 1 5 9 19 32 36 48 53 57 73 77 96 100 108 112 116 117 
0 1 5 9 19 36 40 49 53 57 69 83 96 100 108 112 116 117 
0 1 5 9 19 36 49 53 57 69 77 83 96 100 108 112 116 117 
0 1 5 9 30 32 36 40 45 49 53 61 96 100 108 112 116 117 
0 1 5 9 30 32 36 40 48 53 57 73 95 100 108 112 116 117 
0 1 5 9 30 32 36 40 48 53 57 73 96 100 108 112 116 117 
0 1 5 9 30 32 40 45 49 53 61 74 96 100 108 112 116 117 
0 1 5 9 30 32 40 48 52 57 73 74 95 100 108 112 116 117 
0 1 5 9 30 32 40 48 53 57 73 74 95 100 108 112 116 117 
0 1 5 9 30 32 40 48 53 57 73 74 96 100 108 112 116 117 
0 1 5 9 30 32 40 49 53 57 61 74 96 100 108 112 116 117 
0 1 5 9 30 32 40 49 53 57 73 74 96 100 108 112 116 117 
0 1 5 9 30 32 45 49 53 61 74 77 90 96 100 108 112 117 
0 1 5 9 30 32 45 49 53 61 74 77 96 100 108 112 116 117 
0 1 5 9 30 32 49 53 57 61 74 77 96 100 108 112 116 117 
0 1 5 9 30 36 40 45 49 53 61 69 96 100 108 112 116 117 
0 1 5 9 30 36 40 48 53 57 69 73 95 100 108 112 116 117 
0 1 5 9 30 36 40 48 53 57 69 73 96 100 108 112 116 117 
0 1 5 9 30 36 40 49 53 57 61 69 96 100 108 112 116 117 
0 1 5 9 30 36 40 49 53 57 69 73 96 100 108 112 116 117 
0 1 5 9 30 36 45 49 53 61 69 77 90 96 100 108 112 117 
0 1 5 9 30 36 45 49 53 61 69 77 96 100 108 112 116 117 
0 1 5 9 30 36 49 53 57 61 69 77 96 100 108 112 116 117 
0 1 5 9 30 40 45 49 53 61 69 74 96 100 108 112 116 117 
0 1 5 9 30 40 48 53 57 69 73 74 95 100 108 112 116 117 
0 1 5 9 30 40 48 53 57 69 73 74 96 100 108 112 116 117 
0 1 5 9 30 40 49 53 57 61 69 74 96 100 108 112 116 117 
0 1 5 9 30 40 49 53 57 69 73 74 96 100 108 112 116 117 
0 1 5 14 30 36 40 48 53 57 69 73 91 100 108 112 116 117 
0 1 5 18 30 40 45 49 53 61 69 74 90 92 96 108 112 117 
0 1 5 18 30 40 45 49 53 61 69 74 92 96 108 112 116 117 
0 1 5 18 30 41 45 49 53 61 69 74 90 92 96 108 112 117 
0 1 5 30 32 36 40 45 49 53 61 90 92 96 100 108 112 117 
0 1 5 30 32 36 40 45 49 53 61 92 96 100 108 112 116 117 
0 1 5 30 32 36 40 48 52 57 73 91 95 100 108 112 116 117 
0 1 5 30 36 40 45 49 53 61 69 90 92 96 100 108 112 117 
0 1 5 30 36 40 45 49 53 61 69 92 96 100 108 112 116 117 
0 1 5 30 36 40 48 53 57 69 73 91 95 100 108 112 116 117 
0 1 5 30 36 40 48 53 57 69 73 91 96 100 108 112 116 117 
0 1 8 14 19 32 36 41 48 53 59 73 75 80 93 100 108 117 
0 1 8 14 19 32 36 41 48 53 59 73 75 80 100 108 115 117 
0 1 8 14 19 32 36 41 48 53 59 73 80 93 100 108 113 117 
0 1 8 14 19 36 41 48 53 59 69 73 75 80 93 100 108 117 
0 1 8 14 19 36 41 48 53 59 69 73 80 93 100 108 113 117 
0 1 8 14 30 32 36 41 48 53 59 73 75 80 93 100 108 117 
0 1 8 14 30 32 36 41 48 53 59 73 80 93 100 108 113 117 
0 1 8 14 30 32 37 41 48 53 59 73 80 93 100 108 113 117 
0 1 8 14 30 32 41 48 53 59 73 74 80 93 100 108 113 117 
0 1 8 14 30 36 41 48 53 59 69 73 80 93 100 108 113 117 
0 1 8 14 30 37 41 48 53 59 69 73 80 93 100 108 113 117 
0 1 8 14 30 37 41 48 53 59 69 73 80 93 100 109 113 117 
0 1 28 30 32 36 40 48 52 57 73 91 95 100 108 112 116 117 
0 1 28 30 32 36 40 48 53 57 73 91 95 100 108 112 116 117 
0 2 5 9 14 20 33 37 48 53 71 73 76 81 88 100 105 116 
0 2 5 9 20 33 37 49 53 61 71 76 81 88 96 100 105 116 
0 2 6 11 15 22 28 35 46 55 62 67 78 87 91 102 103 107 
0 2 6 11 15 22 28 35 46 55 62 67 78 87 102 103 107 113 
0 2 6 11 15 22 28 35 55 62 67 78 82 87 91 102 103 107 
0 2 6 11 15 22 28 35 55 62 67 78 83 87 91 102 103 107 
0 2 6 11 22 28 31 35 46 55 62 78 87 91 97 102 103 107 
0 2 8 14 20 33 37 42 48 53 73 76 80 88 93 100 105 109 
0 2 8 14 30 37 42 48 53 69 73 76 80 88 93 100 109 117 
0 3 6 15 19 29 39 48 54 62 66 71 82 91 95 106 111 116 
0 3 6 15 19 29 39 48 55 62 66 71 82 91 95 106 111 116 
0 3 6 15 19 29 39 48 55 62 67 71 82 91 95 106 111 116 
0 3 6 15 20 29 39 48 55 62 67 71 82 91 95 106 111 116 
0 3 6 15 29 39 48 55 62 67 71 82 91 95 102 106 111 116 
0 3 7 10 15 20 24 29 44 55 63 67 71 73 75 95 110 115 
0 3 8 14 19 23 32 36 48 53 59 71 73 75 80 100 115 117 
0 3 8 14 19 23 32 36 48 53 59 73 75 80 100 108 115 117 
0 3 8 14 19 24 29 32 48 53 59 71 73 75 80 100 115 117 
0 3 8 14 19 24 32 36 48 53 59 71 73 75 80 100 115 117 
0 3 8 14 19 24 32 37 48 53 59 71 73 75 80 100 115 117 
0 3 8 14 20 24 29 33 48 53 59 67 71 73 75 80 100 115 
0 3 8 14 20 24 32 37 48 53 59 71 73 75 80 100 115 117 
0 3 8 14 20 24 33 37 48 53 59 67 71 73 75 80 100 115 
0 3 8 14 20 24 33 37 48 53 59 71 73 75 80 100 115 117 
0 3 8 14 24 30 32 37 48 53 59 71 73 75 80 100 115 117 
0 3 8 15 19 23 29 32 44 48 59 66 71 73 75 95 100 115 
0 3 8 15 19 23 29 32 44 48 59 66 71 75 82 95 99 115 
0 3 8 15 19 23 29 32 44 48 59 66 71 75 82 95 100 115 
0 3 8 15 19 23 29 32 44 48 62 66 70 75 82 95 110 115 
0 3 8 15 19 23 29 32 44 48 62 66 71 75 82 95 110 115 
0 3 8 15 19 23 29 32 44 48 62 66 71 75 82 95 111 115 
0 3 8 15 19 23 29 32 44 48 66 70 75 82 95 99 110 115 
0 3 8 15 19 23 29 32 44 48 66 70 75 82 95 100 110 115 
0 3 8 15 19 23 29 32 44 48 66 71 73 75 95 100 111 115 
0 3 8 15 19 23 29 32 44 48 66 71 75 82 95 99 110 115 
0 3 8 15 19 23 29 32 44 48 66 71 75 82 95 99 111 115 
0 3 8 15 19 23 29 32 44 48 66 71 75 82 95 100 110 115 
0 3 8 15 19 23 29 32 44 48 66 71 75 82 95 100 111 115 
0 3 8 15 19 23 29 32 48 59 66 71 73 75 80 95 100 115 
0 3 8 15 19 23 29 44 48 54 62 66 70 75 82 95 110 115 
0 3 8 15 19 23 32 36 44 48 59 66 70 73 75 95 100 115 
0 3 8 15 19 23 32 36 44 48 59 66 70 75 82 95 99 115 
0 3 8 15 19 23 32 36 44 48 59 66 70 75 82 95 100 115 
0 3 8 15 19 23 32 36 44 48 59 66 71 73 75 95 100 115 
0 3 8 15 19 23 32 36 44 48 59 66 71 75 82 95 99 115 
0 3 8 15 19 23 32 36 44 48 59 66 71 75 82 95 100 115 
0 3 8 15 19 23 32 36 44 48 59 70 73 75 95 100 115 117 
0 3 8 15 19 23 32 36 44 48 59 71 73 75 95 100 115 117 
0 3 8 15 19 24 29 32 44 48 59 66 71 73 75 95 100 115 
0 3 8 15 19 24 29 32 44 48 59 66 71 75 82 95 99 115 
0 3 8 15 19 24 29 32 44 48 59 66 71 75 82 95 100 115 
0 3 8 15 19 24 29 32 44 48 59 67 71 73 75 95 100 115 
0 3 8 15 19 24 29 32 44 48 59 71 73 75 95 100 115 117 
0 3 8 15 19 24 29 32 44 48 59 71 75 82 95 99 115 117 
0 3 8 15 19 24 29 32 44 48 59 71 75 82 95 100 115 117 
0 3 8 15 19 24 29 32 44 48 62 71 75 82 95 110 115 117 
0 3 8 15 19 24 29 32 44 48 62 71 75 82 95 111 115 117 
0 3 8 15 19 24 29 32 44 48 66 71 73 75 95 100 111 115 
0 3 8 15 19 24 29 32 44 48 66 71 75 82 95 99 110 115 
0 3 8 15 19 24 29 32 44 48 66 71 75 82 95 99 111 115 
0 3 8 15 19 24 29 32 44 48 66 71 75 82 95 100 110 115 
0 3 8 15 19 24 29 32 44 48 67 71 73 75 95 100 111 115 
0 3 8 15 19 24 29 32 44 48 71 73 75 95 100 111 115 117 
0 3 8 15 19 24 29 32 44 48 71 75 82 95 99 110 115 117 
0 3 8 15 19 24 29 32 44 48 71 75 82 95 99 111 115 117 
0 3 8 15 19 24 29 32 44 48 71 75 82 95 100 110 115 117 
0 3 8 15 19 24 29 32 44 48 71 75 82 95 100 111 115 117 
0 3 8 15 19 24 29 32 48 59 66 71 73 75 80 95 100 115 
0 3 8 15 19 24 29 32 48 59 67 71 73 75 80 95 100 115 
0 3 8 15 19 24 32 36 44 48 59 71 75 82 95 99 115 117 
0 3 8 15 19 24 32 37 44 48 59 71 75 82 95 99 115 117 
0 3 8 15 19 29 32 39 44 48 62 66 71 82 95 106 111 115 
0 3 8 15 19 29 32 39 44 48 66 71 73 95 100 106 111 115 
0 3 8 15 19 29 32 39 44 48 66 71 82 95 99 106 111 115 
0 3 8 15 19 29 32 39 44 48 66 71 82 95 100 106 111 115 
0 3 8 15 19 29 32 44 48 59 66 71 73 75 95 100 106 115 
0 3 8 15 19 29 32 44 48 66 71 73 75 95 100 106 111 115 
0 3 8 15 19 29 39 44 48 54 62 66 71 82 95 106 111 115 
0 3 8 15 19 29 39 44 48 55 62 66 71 82 95 106 111 115 
0 3 8 19 24 29 32 44 48 52 59 71 73 75 95 99 115 117 
0 3 8 19 24 29 32 44 48 52 59 71 75 89 95 99 115 117 
0 3 8 19 24 29 32 44 48 52 71 73 75 95 99 110 115 117 
0 3 8 19 24 29 32 44 48 52 71 73 75 95 99 111 115 117 
0 3 8 19 24 29 32 44 48 52 71 73 75 95 100 110 115 117 
0 3 8 19 24 29 32 44 48 52 71 73 75 95 100 111 115 117 
0 3 8 19 24 29 32 44 48 52 71 75 89 95 99 110 115 117 
0 3 8 19 24 29 32 44 48 52 71 75 89 95 99 111 115 117 
0 3 8 19 24 29 32 44 48 53 71 73 75 95 100 110 115 117 
0 3 8 19 24 29 32 48 52 59 71 73 75 80 95 99 115 117 
0 3 8 19 24 32 36 44 48 52 59 71 73 75 95 99 115 117 
0 3 8 19 24 32 37 44 48 52 59 71 73 75 95 99 115 117 
0 3 8 19 24 32 37 48 52 59 71 73 75 80 95 99 115 117 
0 4 8 14 19 24 29 32 48 53 71 73 76 80 100 111 115 117 
0 4 8 14 19 24 32 37 48 53 71 73 76 80 88 93 100 117 
0 4 8 14 19 24 32 37 48 53 71 73 76 80 88 100 115 117 
0 4 8 14 19 24 32 37 48 53 71 73 76 80 93 100 111 117 
0 4 8 14 19 24 32 37 48 53 71 73 76 80 100 111 115 117 
0 4 8 14 20 24 32 37 48 53 71 73 76 80 88 93 100 117 
0 4 8 14 20 24 32 37 48 53 71 73 76 80 93 100 111 117 
0 4 8 14 24 30 32 37 48 53 71 73 76 80 88 93 100 117 
0 4 8 14 24 30 32 37 48 53 71 73 76 80 88 100 115 117 
0 4 8 14 24 30 32 37 48 53 71 73 76 80 93 100 111 117 
