0 1 4 9 17 25 31 37 45 74 81 90 93 101 109 114 
0 1 5 9 24 33 37 52 56 59 64 73 74 79 92 97 101 116 
0 1 5 9 24 33 37 52 56 59 64 73 74 79 92 101 107 116 
0 1 5 9 24 33 37 52 56 59 64 73 74 79 93 97 101 116 
0 1 5 9 24 33 37 52 56 59 64 73 74 79 93 101 107 116 
0 1 5 9 24 33 37 52 56 59 64 73 79 83 92 97 101 116 
0 1 5 9 24 33 37 52 56 59 64 73 79 83 92 97 111 116 
0 1 5 9 24 33 37 52 56 59 64 73 79 83 92 101 107 115 
0 1 5 9 24 33 37 52 56 59 64 73 79 83 92 101 107 116 
0 1 5 9 24 33 37 52 56 59 64 73 79 83 92 107 111 115 
0 1 7 15 24 35 43 52 57 62 70 75 79 91 99 104 107 116 
0 1 7 15 24 35 43 52 57 62 71 75 79 91 99 104 107 116 
0 1 9 15 24 33 37 52 56 59 64 73 74 79 92 101 107 116 
0 2 7 20 25 29 36 41 54 64 69 82 93 98 111 116 
0 2 7 20 25 36 41 49 54 64 69 82 93 98 111 116 
0 3 18 22 26 29 32 36 40 55 64 68 72 101 105 109 
0 4 8 13 14 17 32 36 41 45 63 68 72 89 92 96 100 115 
0 4 8 13 14 17 32 36 41 45 63 68 72 92 96 100 109 115 
0 4 8 13 14 17 32 36 41 45 64 68 72 89 92 96 100 105 
0 4 8 13 14 17 32 36 41 45 64 68 72 89 92 96 100 115 
0 4 8 13 14 17 32 36 41 45 64 68 72 92 96 100 109 115 
0 4 8 13 14 17 32 37 41 45 64 68 72 89 92 96 100 105 
0 4 8 13 14 17 32 37 41 45 64 68 72 92 96 100 109 115 
0 4 8 13 14 17 36 41 45 64 68 72 81 92 96 100 109 115 
0 4 8 13 14 17 37 41 45 64 68 72 81 92 96 100 109 115 
0 4 8 13 17 23 32 36 45 51 63 68 72 92 96 100 109 115 
0 4 8 13 17 23 32 36 45 51 63 72 78 89 92 96 100 115 
0 4 12 17 25 29 33 41 46 60 61 69 87 104 108 116 
0 5 11 18 24 29 34 40 46 53 60 61 68 80 87 96 104 109 115 
