0 1 6 11 16 21 26 33 38 44 48 65 70 73 75 98 104 108 
0 1 6 11 16 21 26 33 38 44 48 65 70 73 82 98 104 108 
0 1 6 11 16 21 26 33 38 44 48 65 70 75 98 104 108 113 
0 1 6 11 16 21 33 38 44 48 65 70 73 75 93 98 104 108 
0 1 6 11 16 21 33 38 44 48 65 70 73 75 93 98 104 115 
0 1 6 11 16 21 33 38 44 56 65 70 73 75 93 98 104 108 
0 1 6 11 16 21 33 38 44 56 65 70 73 75 93 98 104 115 
0 1 6 11 16 21 33 38 44 56 65 70 75 93 98 104 108 113 
0 1 6 11 16 33 38 44 48 59 65 70 73 75 93 98 104 108 
0 1 6 11 16 33 38 44 48 59 65 70 73 75 93 98 104 115 
0 1 6 11 16 33 38 44 48 59 65 70 73 75 93 98 110 115 
0 1 6 11 16 33 38 44 48 59 65 70 75 93 98 104 108 113 
0 1 6 11 16 33 38 48 51 59 65 70 73 75 93 98 104 108 
0 1 6 11 16 33 38 48 51 59 65 70 73 75 93 98 104 115 
0 1 6 11 16 33 38 48 51 59 65 70 73 75 93 98 110 115 
0 1 6 11 16 33 38 48 51 59 65 70 73 82 93 98 104 108 
0 1 6 11 16 33 38 48 51 59 65 70 73 82 93 98 104 115 
0 1 6 11 16 33 38 48 51 59 65 70 75 93 98 104 108 113 
0 1 6 11 16 33 38 51 56 59 65 70 73 75 93 98 104 108 
0 1 6 11 16 33 38 51 56 59 65 70 73 75 93 98 104 115 
0 1 6 11 16 33 38 51 56 59 65 70 73 75 93 98 110 115 
0 1 6 11 16 33 38 51 56 59 65 70 75 93 98 104 108 113 
0 1 6 11 23 26 33 38 44 48 65 70 75 88 107 110 113 
0 1 6 11 23 26 33 38 48 51 65 70 75 88 107 110 113 
0 1 6 11 23 33 38 44 48 59 65 70 73 75 93 98 104 108 
0 1 6 11 23 33 38 44 48 59 65 70 73 75 93 98 104 115 
0 1 6 11 23 33 38 44 48 59 65 70 73 75 93 98 110 115 
0 1 6 11 23 33 38 44 56 59 65 70 73 75 93 98 104 108 
0 1 6 11 23 33 38 44 56 59 65 70 73 75 93 98 104 115 
0 1 6 11 23 33 38 48 51 59 65 70 73 75 93 98 104 108 
0 1 6 11 23 33 38 48 51 59 65 70 73 75 93 98 104 115 
0 1 6 18 23 33 38 44 56 59 64 69 87 101 106 111 
0 1 6 18 23 33 38 44 56 59 65 70 73 75 93 98 104 115 
0 1 6 18 23 33 38 44 56 59 65 70 73 75 93 98 110 115 
0 1 6 18 23 33 38 51 56 59 64 69 87 101 106 111 
0 1 6 19 24 33 38 44 56 64 69 87 88 101 106 111 
0 1 14 18 23 33 38 51 56 59 65 70 73 75 93 98 110 115 
