0 1 5 9 16 20 24 32 39 54 61 68 72 76 83 91 106 
0 1 5 9 16 20 24 39 54 61 68 72 76 83 90 91 106 
0 1 5 9 16 20 39 50 54 61 68 72 76 83 90 91 106 
0 1 5 9 16 20 39 50 54 61 68 72 83 90 91 102 106 
0 1 5 12 16 20 28 30 35 50 64 68 72 79 90 102 109 
0 1 5 12 20 28 30 35 42 50 64 68 72 79 90 102 109 
0 1 5 16 20 28 35 39 50 54 68 72 83 90 91 102 106 
0 5 8 13 14 16 21 36 52 57 66 71 79 82 87 88 103 
0 5 8 13 14 16 21 36 52 57 66 71 82 87 88 103 105 
0 5 8 13 14 16 21 36 52 57 66 79 82 87 88 97 103 
0 5 8 13 14 16 21 36 52 57 66 82 87 88 97 103 105 
0 5 8 13 14 16 21 52 57 61 66 71 82 87 88 103 105 
0 5 8 13 14 16 21 52 57 61 66 82 87 88 97 103 105 
0 5 8 13 14 21 36 52 57 66 71 82 87 88 103 105 110 
0 5 8 13 14 21 36 52 57 66 79 82 87 88 97 103 110 
0 5 8 13 14 21 36 52 57 66 82 87 88 97 103 105 110 
0 5 8 13 14 21 52 57 61 66 71 82 87 88 103 105 110 
0 5 8 13 16 21 36 39 52 57 66 71 82 87 88 103 105 
0 5 8 13 16 21 36 39 52 57 66 82 87 88 97 103 105 
0 5 8 13 16 21 36 39 52 57 71 82 87 88 92 103 105 
0 5 8 13 16 21 39 52 55 57 61 66 71 82 87 103 105 
0 5 8 13 16 21 39 52 55 57 61 66 82 87 97 103 105 
0 5 8 13 16 21 39 52 55 57 61 71 82 87 92 103 105 
0 5 8 13 16 21 39 52 55 57 61 71 87 92 103 105 108 
0 5 8 13 16 21 39 52 55 57 61 82 87 92 97 103 105 
0 5 8 13 16 21 39 52 57 61 66 71 82 87 88 103 105 
0 5 8 13 16 21 39 52 57 61 66 82 87 88 97 103 105 
0 5 8 13 16 21 39 52 57 61 71 82 87 88 92 103 105 
0 5 8 13 16 21 39 52 57 61 82 87 88 92 97 103 105 
0 5 8 13 21 36 39 52 57 66 71 82 87 88 103 105 110 
0 5 8 13 21 36 39 52 57 66 82 87 88 97 103 105 110 
0 5 8 14 21 30 36 52 57 63 66 79 87 94 97 103 110 
0 5 8 14 21 36 52 57 66 79 82 87 88 94 97 103 110 
