0 2 6 10 14 19 26 28 32 41 46 54 59 68 82 91 
0 2 6 10 14 19 26 28 32 41 50 54 63 68 82 91 
0 2 6 10 14 19 26 28 32 41 54 59 63 68 82 91 
0 2 6 10 14 19 28 32 41 46 54 59 68 73 82 87 
0 2 6 10 14 19 28 32 41 46 54 59 68 82 87 91 
0 2 6 10 14 26 28 32 36 41 50 54 63 68 82 91 
0 2 6 10 15 19 25 28 37 46 51 59 64 80 87 91 
0 2 6 10 15 19 26 28 37 41 46 59 68 80 82 91 
0 2 6 10 15 19 26 28 37 41 50 63 68 80 82 91 
0 2 6 10 15 19 26 28 37 41 59 63 68 80 82 91 
0 2 6 10 15 19 26 28 37 46 51 59 64 68 80 91 
0 2 6 10 15 19 26 28 37 46 51 59 68 80 82 91 
0 2 6 10 15 19 26 28 37 51 59 63 68 80 82 91 
0 2 6 10 15 19 26 28 41 46 54 59 68 80 82 91 
0 2 6 10 15 19 26 28 41 50 54 63 68 80 82 91 
0 2 6 10 15 19 26 28 41 54 59 63 68 80 82 91 
0 2 6 10 15 19 28 37 41 46 59 68 73 80 82 87 
0 2 6 10 15 19 28 37 41 46 59 68 80 82 87 91 
0 2 6 10 15 19 28 37 46 51 59 64 68 73 80 87 
0 2 6 10 15 19 28 37 46 51 59 64 68 80 87 91 
0 2 6 10 15 19 28 37 46 51 59 68 73 80 82 87 
0 2 6 10 15 19 28 37 46 51 59 68 80 82 87 91 
0 2 6 10 15 19 28 41 46 54 59 68 73 80 82 87 
0 2 6 10 15 19 28 41 46 54 59 68 80 82 87 91 
0 2 6 10 15 25 28 37 42 51 55 64 80 83 87 91 
0 2 6 10 15 25 28 37 46 51 55 59 64 80 87 91 
0 2 6 10 15 26 28 37 41 46 55 59 68 80 82 91 
0 2 6 10 15 26 28 37 41 55 59 63 68 80 82 91 
0 2 6 10 15 26 28 37 42 46 51 55 68 80 82 91 
0 2 6 10 15 26 28 37 46 51 55 59 64 68 80 91 
0 2 6 10 15 26 28 37 46 51 55 59 68 80 82 91 
0 2 6 10 15 26 28 37 51 55 59 63 68 80 82 91 
0 2 6 10 15 28 37 41 46 55 59 68 73 80 82 87 
0 2 6 10 15 28 37 41 46 55 59 68 80 82 87 91 
0 2 6 10 15 28 37 42 46 51 55 64 68 80 87 91 
0 2 6 10 15 28 37 42 46 51 55 68 80 82 87 91 
0 2 6 10 15 28 37 42 51 55 64 68 80 83 87 91 
0 2 6 10 15 28 37 46 51 55 59 64 68 80 87 91 
0 2 6 10 15 28 37 46 51 55 59 68 73 80 82 87 
0 2 6 10 15 28 37 46 51 55 59 68 80 82 87 91 
0 2 6 10 19 26 28 32 37 41 46 59 68 80 82 91 
0 2 6 10 19 26 28 32 37 41 50 63 68 80 82 91 
0 2 6 10 19 26 28 32 37 41 59 63 68 80 82 91 
0 2 6 10 19 26 28 32 37 51 59 63 68 80 82 91 
0 2 6 10 19 26 28 32 41 46 54 59 68 80 82 91 
0 2 6 10 19 26 28 32 41 50 54 63 68 80 82 91 
0 2 6 10 19 26 28 32 41 54 59 63 68 80 82 91 
0 2 6 10 19 28 32 41 46 54 59 68 80 82 87 91 
0 2 6 12 15 20 26 33 46 51 55 59 64 68 91 100 
0 2 6 12 15 20 33 42 46 51 55 64 68 73 87 100 
0 2 6 12 15 20 33 42 46 51 55 64 68 87 91 100 
0 2 6 12 15 20 33 46 51 55 59 64 68 73 87 100 
0 2 6 12 15 33 37 42 46 51 55 64 68 73 87 100 
0 2 6 12 15 33 37 42 46 51 55 64 68 87 91 100 
0 2 6 12 15 33 37 42 46 51 55 68 73 82 87 100 
0 2 6 12 15 33 37 42 51 55 64 68 73 83 87 100 
0 2 6 12 15 33 37 46 51 55 59 64 68 87 91 100 
0 2 6 12 15 33 37 46 51 55 59 68 73 82 87 100 
0 2 6 12 15 37 41 46 55 59 68 73 80 82 87 100 
0 2 6 12 15 37 42 46 51 55 68 73 80 82 87 100 
0 2 6 12 20 33 42 46 51 55 64 68 87 91 100 104 
