0 3 6 16 21 36 41 46 53 54 67 72 85 98 103 
0 3 6 16 21 36 41 46 53 54 67 72 93 98 103 
0 3 6 16 21 36 41 46 53 62 67 72 93 98 103 
0 3 8 13 18 25 29 34 39 50 55 60 72 80 89 94 99 
0 3 8 13 18 25 29 34 39 54 59 64 85 90 95 
0 3 8 13 18 25 29 34 46 54 59 64 85 90 95 
0 3 8 13 25 29 34 39 53 54 59 64 85 90 95 
0 3 8 13 25 29 34 46 53 54 59 64 85 90 95 
0 3 8 13 25 29 34 46 53 54 59 64 85 90 103 
0 3 8 18 21 25 29 34 46 54 59 64 85 90 95 
0 3 8 21 25 29 34 39 53 54 59 64 85 90 95 
0 3 8 21 25 29 34 39 53 54 59 64 85 90 103 
0 3 8 21 25 29 34 39 53 54 59 64 85 95 98 
0 3 8 21 25 29 34 39 53 54 59 64 85 98 103 
0 3 16 21 25 29 34 46 53 54 59 64 85 90 95 
0 3 16 21 25 29 34 46 53 54 59 64 85 90 103 
0 3 16 21 25 29 34 46 53 54 59 64 85 95 98 
