0 1 5 9 14 18 22 26 32 41 45 57 68 81 85 94 102 
0 1 5 9 14 18 22 28 32 36 41 45 49 59 68 72 85 
0 1 5 9 17 26 31 34 41 46 56 60 64 68 72 102 
0 1 5 10 14 18 22 26 28 32 36 41 45 59 68 85 94 
0 1 5 10 14 18 22 26 28 32 36 41 45 68 81 85 94 
0 1 5 10 14 18 22 26 28 32 41 45 57 68 81 85 94 
0 1 5 10 14 18 22 26 32 41 45 57 68 81 85 94 103 
0 1 5 10 14 18 26 28 32 37 41 45 50 68 81 85 94 
0 1 5 10 14 18 26 28 32 37 41 45 55 64 68 81 94 
0 1 5 10 14 19 26 28 33 37 42 46 50 60 68 86 94 
0 1 5 10 14 19 26 33 37 42 46 50 60 68 86 94 103 
0 1 9 17 20 25 32 35 43 58 66 69 82 93 101 
0 1 9 17 20 25 32 43 55 58 66 69 82 93 101 
0 2 6 10 14 18 22 25 28 32 36 53 61 65 69 73 
0 2 6 10 14 18 22 25 28 32 53 57 61 65 69 73 
0 2 6 10 14 18 22 25 28 36 53 61 65 69 73 77 
0 2 6 10 14 18 22 25 28 53 57 61 65 69 73 77 
0 2 6 10 14 18 22 25 32 53 57 61 65 69 73 103 
0 2 6 10 14 18 22 28 32 40 47 57 65 69 73 84 
0 2 6 10 14 18 22 32 47 57 61 65 69 73 84 103 
