0 1 4 14 18 30 41 45 52 62 66 77 80 83 90 94 
0 1 7 18 22 23 26 28 38 55 59 66 70 83 87 98 
0 1 7 18 22 23 26 28 38 55 59 66 70 83 88 98 
0 1 7 18 22 23 26 28 39 55 59 66 70 83 87 98 
0 1 7 18 22 23 26 28 39 55 59 66 70 83 88 98 
0 1 7 18 22 23 28 38 49 55 59 66 70 83 87 98 
0 1 7 18 22 23 28 39 49 55 59 66 70 83 87 98 
0 1 7 18 23 26 28 39 50 55 59 66 70 83 87 98 
0 1 7 18 23 26 28 39 50 55 59 66 70 83 88 98 
0 1 7 18 23 26 28 39 50 55 60 66 70 83 87 98 
0 1 7 18 23 26 28 39 50 55 60 66 70 83 88 98 
0 1 7 18 23 26 28 39 50 55 66 70 83 87 94 98 
0 1 7 18 23 26 28 39 50 55 66 70 83 88 94 98 
0 1 7 18 23 28 39 49 50 55 66 70 83 87 94 98 
0 1 7 18 26 28 39 45 50 55 66 70 83 87 94 98 
0 1 7 18 28 39 45 49 50 55 66 70 83 87 94 98 
0 1 7 19 23 26 28 39 50 55 60 66 70 83 87 98 
0 1 7 19 23 26 28 39 50 55 60 66 70 83 88 98 
0 1 7 19 23 26 28 39 50 56 60 66 70 83 88 98 
0 1 7 23 26 28 39 50 55 60 66 70 83 87 92 98 
0 1 7 23 26 28 39 50 55 60 66 70 83 88 92 98 
0 1 8 18 22 23 26 28 39 55 59 66 70 83 87 98 
0 1 8 18 22 23 26 28 39 55 59 66 70 83 88 98 
0 1 8 18 22 23 26 28 39 55 59 66 70 87 98 103 
0 1 8 18 22 23 26 28 39 55 59 66 70 88 98 103 
0 1 8 18 22 23 28 39 49 55 59 66 70 87 98 103 
0 1 8 18 23 26 28 39 50 55 59 66 70 87 98 103 
0 1 8 18 23 26 28 39 50 55 59 66 70 87 99 103 
0 1 8 18 23 26 28 39 50 55 59 66 70 88 98 103 
0 1 8 18 23 26 28 39 50 55 59 66 70 88 99 103 
0 1 8 18 23 26 28 39 50 55 60 66 70 83 87 98 
0 1 8 18 23 26 28 39 50 55 60 66 70 83 87 99 
0 1 8 18 23 26 28 39 50 55 60 66 70 83 88 98 
0 1 8 18 23 26 28 39 50 55 60 66 70 83 88 99 
0 1 8 18 23 26 28 39 50 55 66 70 83 87 94 98 
0 1 8 18 23 26 28 39 50 55 66 70 83 87 94 99 
0 1 8 18 23 26 28 39 50 55 66 70 87 94 98 103 
0 1 8 18 23 26 28 39 50 55 66 70 87 94 99 103 
0 1 8 18 23 28 39 49 50 55 59 66 70 87 98 103 
0 1 8 18 23 28 39 49 50 55 59 66 70 87 99 103 
0 1 8 18 23 28 39 49 50 55 66 70 83 87 94 99 
0 1 8 18 23 28 39 49 50 55 66 70 87 94 98 103 
0 1 8 18 23 28 39 49 50 55 66 70 87 94 99 103 
0 1 8 18 26 28 39 45 50 55 66 70 87 94 98 103 
0 1 8 18 26 28 39 45 50 55 66 70 87 94 99 103 
0 1 8 18 28 39 45 49 50 55 66 70 87 94 99 103 
