0 4 8 13 18 22 24 28 33 38 42 47 58 67 72 86 
0 4 8 13 18 22 24 28 33 38 42 47 67 72 81 86 
0 4 8 13 18 22 24 28 38 42 47 55 67 81 86 95 
0 4 8 13 18 22 24 33 38 47 58 65 72 86 91 104 
0 4 8 13 18 22 24 33 38 47 65 72 81 86 91 104 
0 4 8 13 18 22 24 33 38 47 65 81 86 91 95 104 
0 4 8 13 18 24 28 33 38 42 47 58 67 72 77 86 
0 4 8 13 18 24 28 33 38 42 47 67 72 77 81 86 
0 4 8 13 18 24 28 33 38 42 47 67 77 81 86 95 
0 4 8 13 18 24 33 38 43 47 50 58 72 86 91 104 
0 4 8 13 18 24 33 38 43 48 50 58 63 72 91 104 
0 4 8 13 18 24 33 38 43 48 50 58 72 86 91 104 
0 4 8 13 18 24 33 38 47 50 58 65 72 86 91 104 
0 4 8 13 18 24 33 38 47 50 65 72 81 86 91 104 
0 4 8 13 18 24 33 38 48 50 58 65 72 86 91 104 
0 4 8 18 22 24 33 38 47 58 65 72 86 91 98 104 
0 4 8 18 24 33 38 43 47 50 58 72 86 91 98 104 
0 4 8 18 24 33 38 43 48 50 58 63 72 91 98 104 
0 4 8 18 24 33 38 47 50 58 65 72 86 91 98 104 
0 4 8 18 24 33 38 48 50 58 65 72 86 91 98 104 
0 4 8 18 33 38 43 48 50 58 63 72 84 91 98 104 
0 4 9 11 14 18 29 38 43 48 50 56 63 68 82 96 
0 4 9 11 14 29 34 38 43 48 50 63 68 82 96 103 
0 4 9 11 14 29 38 43 48 50 56 63 68 82 96 103 
0 4 9 14 24 29 38 43 50 56 63 70 82 91 96 103 
0 5 13 20 24 30 37 44 55 62 69 81 88 95 102 
0 5 13 20 24 30 37 45 55 62 69 81 88 95 102 
0 5 13 20 24 30 38 44 55 62 69 81 88 95 102 
0 6 11 13 20 31 38 45 56 63 70 82 89 96 103 
0 6 11 13 21 31 38 45 56 63 70 82 89 96 103 
0 6 11 13 21 31 38 46 56 63 70 82 89 96 103 
0 6 11 14 20 31 38 45 56 63 70 82 89 96 103 
0 6 11 14 21 31 38 45 56 63 70 82 89 96 103 
0 6 13 20 24 31 38 45 55 62 69 81 88 95 102 
