0 1 5 9 20 28 39 43 51 54 58 62 73 82 93 97 
0 1 5 9 20 28 39 43 51 54 58 62 73 89 93 97 
0 1 5 9 20 28 39 43 51 57 68 72 77 83 87 98 102 
0 1 5 9 20 28 39 43 51 58 62 66 82 93 97 101 
0 1 5 9 20 34 39 43 51 57 68 72 77 83 87 98 102 
0 1 5 9 20 34 39 43 51 58 66 69 82 93 97 102 
0 1 5 9 20 35 39 43 51 57 68 72 77 83 87 98 102 
0 1 5 9 20 35 39 43 51 57 68 73 77 83 87 98 102 
0 1 5 9 20 35 39 43 51 64 68 73 77 83 87 98 102 
0 1 5 10 14 28 39 43 52 57 68 72 77 83 87 98 102 
0 1 5 10 14 34 39 43 52 57 68 72 77 83 87 98 102 
0 1 5 10 14 35 39 43 52 57 68 72 77 83 87 98 102 
0 1 5 10 14 35 39 43 52 57 68 72 77 83 88 92 103 
0 1 5 10 14 35 39 43 52 57 68 73 77 83 87 98 102 
0 1 5 10 21 34 39 43 52 66 69 84 94 102 104 
