0 1 5 8 13 17 21 26 45 56 63 68 72 79 96 101 
0 1 5 8 13 17 21 31 45 56 63 68 72 79 83 96 
0 1 5 8 13 17 21 31 45 56 63 68 72 79 96 101 
0 1 5 8 13 17 21 31 45 56 63 68 72 83 87 96 
0 1 5 8 13 17 21 31 45 56 63 68 72 87 96 101 
0 1 5 8 13 17 21 45 49 56 63 68 72 79 96 101 
0 1 5 8 17 21 23 31 45 56 63 68 72 87 96 101 
0 1 5 8 17 21 23 33 45 49 56 63 72 96 101 104 
0 1 5 8 17 21 23 45 49 56 63 67 72 96 101 104 
0 1 5 8 17 21 23 45 49 56 63 68 72 96 101 104 
0 1 5 8 17 21 33 45 49 56 63 72 79 85 96 101 
0 1 5 8 17 21 33 45 49 56 63 72 85 96 101 104 
0 1 5 8 17 21 45 49 56 63 68 72 79 85 96 101 
0 1 5 8 21 33 45 49 56 63 72 85 89 96 101 104 
0 1 5 10 13 26 29 38 53 56 61 68 79 90 94 101 
0 1 5 10 14 21 28 33 53 56 60 65 72 84 89 104 
0 1 5 10 14 21 28 33 53 56 61 65 72 84 89 104 
0 1 5 10 14 21 28 33 53 56 65 72 84 89 96 104 
0 1 5 10 14 22 28 33 53 56 61 65 72 84 89 104 
0 1 5 10 14 28 33 37 53 56 61 65 84 89 94 104 
0 1 5 10 14 28 33 38 53 56 61 65 70 84 89 94 
0 1 5 10 14 28 33 38 53 56 61 65 70 85 89 94 
0 1 5 10 14 28 33 38 53 56 61 65 70 89 94 103 
0 1 5 10 14 28 33 38 53 56 61 65 84 89 94 104 
0 1 5 10 14 28 33 53 56 61 65 72 84 89 94 104 
0 1 5 10 14 33 38 47 53 56 61 65 70 89 94 103 
0 1 5 10 15 28 33 38 53 56 61 65 70 85 89 94 
0 1 5 10 15 28 33 38 53 56 61 65 70 85 90 94 
0 1 5 10 15 28 33 38 53 56 61 65 79 85 90 94 
0 1 5 10 15 29 33 38 53 56 61 65 70 85 89 94 
0 1 5 10 15 29 33 38 53 56 61 65 70 85 90 94 
0 1 5 10 15 29 33 38 53 56 61 65 79 85 90 94 
0 1 5 10 15 29 33 38 53 56 61 66 70 85 89 94 
0 1 5 10 15 29 33 38 53 56 61 66 79 85 90 94 
0 1 5 10 15 29 33 38 53 56 61 70 85 89 94 101 
0 1 5 10 15 29 33 38 53 56 61 70 85 90 94 101 
0 1 5 10 15 29 33 38 53 56 61 79 85 90 94 101 
0 1 5 10 15 29 34 38 53 56 61 66 79 85 90 94 
0 1 5 10 15 33 38 47 53 56 61 65 70 85 89 94 
0 1 5 10 15 33 38 47 53 56 61 65 70 89 94 103 
0 1 5 10 15 33 38 47 53 56 61 65 70 90 94 103 
0 1 5 10 15 33 38 47 53 56 61 65 79 85 90 94 
0 1 5 10 17 21 26 29 53 56 61 68 72 79 85 101 
0 1 5 10 17 21 28 33 49 53 56 60 65 72 79 85 
0 1 5 10 17 21 28 33 49 53 56 60 65 72 85 104 
0 1 5 10 17 21 28 33 49 53 56 60 72 79 85 101 
0 1 5 10 17 21 28 33 49 53 56 61 65 72 79 85 
0 1 5 10 17 21 28 33 49 53 56 61 65 72 85 104 
0 1 5 10 17 21 28 33 49 53 56 61 72 79 85 101 
0 1 5 10 17 21 28 33 49 53 56 65 72 79 85 96 
0 1 5 10 17 21 28 33 49 53 56 65 72 84 96 104 
0 1 5 10 17 21 28 33 49 53 56 65 72 85 96 104 
0 1 5 10 17 21 28 33 49 53 56 72 85 96 101 104 
0 1 5 10 17 21 29 49 53 56 61 68 72 79 85 101 
0 1 5 10 17 22 28 33 49 53 56 61 72 79 85 101 
0 1 5 10 17 26 29 38 53 56 61 68 79 85 94 101 
0 1 5 10 17 26 29 53 56 61 68 72 79 85 94 101 
0 1 5 10 17 28 33 38 49 53 56 61 65 79 85 94 
0 1 5 10 17 28 33 49 53 56 61 72 79 85 94 101 
0 1 5 10 17 28 38 49 53 56 61 68 79 85 94 101 
0 1 5 10 17 29 38 49 53 56 61 68 79 85 94 101 
0 1 5 10 17 29 49 53 56 61 68 72 79 85 94 101 
0 1 5 10 21 28 33 49 53 56 60 72 85 89 101 104 
0 1 5 10 21 28 33 49 53 56 61 72 85 89 101 104 
0 1 5 10 26 29 34 38 53 56 61 66 79 85 90 94 
0 1 5 10 26 29 34 38 53 56 61 79 85 90 94 101 
0 1 5 10 26 29 38 53 56 61 68 79 85 90 94 101 
0 1 5 10 28 33 38 49 53 56 61 65 79 85 90 94 
0 1 5 13 17 21 26 29 45 53 56 61 68 72 79 101 
0 1 5 13 17 21 26 29 45 53 56 68 72 79 96 101 
0 1 5 13 17 21 31 45 53 56 63 68 72 79 83 96 
0 1 5 13 17 21 31 45 53 56 63 68 72 79 96 101 
0 1 5 13 17 21 31 45 53 56 63 68 72 87 96 101 
0 1 5 13 26 29 38 45 53 56 61 68 79 90 94 101 
0 1 5 17 21 23 31 44 53 56 63 68 72 87 96 101 
0 1 5 17 21 23 31 45 53 56 63 68 72 87 96 101 
0 2 6 10 14 18 22 25 28 53 57 61 65 69 73 77 84 
