0 1 8 13 17 26 28 39 50 54 61 65 70 80 82 93 
0 1 8 13 17 26 28 39 50 54 61 66 70 80 82 93 
0 1 8 13 17 26 28 39 51 54 61 65 70 80 82 93 
0 1 8 13 17 26 28 39 51 54 61 66 70 80 82 93 
0 1 8 13 17 26 28 39 51 55 61 66 70 80 82 93 
0 1 8 13 17 26 39 46 50 54 61 66 70 80 93 100 
0 1 8 13 17 26 39 46 51 54 61 66 70 80 93 100 
0 1 8 13 17 26 39 46 51 54 62 66 70 80 93 100 
0 1 8 13 17 26 39 46 51 55 61 66 70 80 93 100 
0 1 8 13 17 26 39 46 51 55 62 66 70 80 93 100 
0 1 8 16 23 28 32 39 51 54 61 65 69 82 86 93 
0 1 8 16 31 39 46 50 54 61 69 85 93 100 
0 1 8 16 31 39 46 51 54 61 69 85 93 100 
0 1 8 17 23 26 28 39 50 54 61 66 70 80 82 93 
0 1 8 17 23 28 32 39 50 54 61 65 69 82 86 93 
0 1 8 17 26 30 39 45 50 54 61 70 80 84 93 100 
0 1 8 17 26 30 39 46 50 54 61 70 80 84 93 100 
0 1 8 17 26 30 39 46 51 54 61 70 80 84 93 100 
0 1 8 17 26 30 39 46 51 55 61 70 80 84 93 100 
0 1 8 23 26 28 34 39 50 54 61 65 80 82 88 93 
0 1 8 23 26 28 34 39 51 54 61 65 80 82 88 93 
0 1 8 26 30 34 39 45 50 54 61 80 84 88 93 100 
0 1 8 26 30 34 39 46 51 54 61 80 84 88 93 100 
0 1 9 14 29 34 39 51 54 62 67 83 88 93 
0 1 9 14 34 39 47 51 54 62 67 88 93 101 
0 1 12 34 39 44 49 51 54 64 88 93 98 103 
0 1 29 34 39 44 49 51 54 83 88 93 98 103 
0 2 8 13 17 26 28 39 50 54 61 65 70 80 82 93 
0 2 8 13 17 26 28 39 50 54 61 66 70 80 82 93 
0 2 8 13 17 26 28 39 51 55 61 65 70 80 82 93 
0 2 8 13 17 26 28 39 51 55 61 66 70 80 82 93 
0 2 8 13 17 26 39 46 51 55 61 66 70 80 93 100 
0 2 8 13 17 28 33 39 51 55 61 66 70 82 87 93 
0 2 8 13 17 33 39 46 51 55 61 66 70 87 93 100 
0 2 8 13 18 33 40 46 51 55 62 66 70 87 93 100 
0 2 8 13 25 35 39 46 51 55 61 66 89 93 100 104 
0 2 8 13 26 28 35 39 51 55 61 66 80 82 89 93 
0 2 8 15 28 35 39 48 51 55 61 68 82 89 93 102 
0 2 12 15 31 35 39 44 51 55 64 68 85 89 93 98 
0 2 12 15 31 35 39 44 51 55 64 68 85 89 94 98 
0 2 12 15 31 35 40 44 51 55 64 68 85 89 94 98 
0 2 12 25 31 35 39 44 51 55 64 85 89 93 98 104 
0 2 12 25 31 35 39 44 51 55 64 85 89 94 98 104 
0 2 12 25 31 35 40 44 51 55 64 85 89 94 98 104 
0 4 8 11 13 20 28 33 51 57 61 66 73 77 82 87 
0 4 8 11 13 28 33 37 51 57 61 66 77 82 87 91 
0 4 8 11 20 28 33 48 51 57 61 73 77 82 87 102 
0 4 8 13 17 28 33 37 51 57 61 66 70 82 87 91 
