0 1 4 8 15 26 31 43 58 65 72 77 81 88 93 100 
0 1 4 8 15 30 35 43 49 58 65 77 81 88 93 100 
0 1 4 8 15 30 43 49 58 65 72 77 81 88 93 100 
0 1 4 8 15 31 35 43 49 58 65 77 81 88 93 100 
0 1 4 8 15 31 43 49 58 65 72 77 81 88 93 100 
0 1 4 9 15 31 35 43 49 58 65 77 81 88 93 100 
0 1 4 9 15 31 43 49 58 65 72 77 81 88 93 100 
0 1 4 14 29 36 43 48 52 58 63 70 79 82 93 103 
0 1 6 13 20 28 35 47 52 58 63 69 80 86 93 98 
0 1 6 13 20 28 35 47 52 58 63 69 86 93 98 104 
0 1 6 13 20 28 35 47 52 58 63 70 86 93 98 104 
0 1 6 13 20 28 36 47 52 58 63 70 86 93 98 104 
0 1 6 13 20 29 35 47 52 58 63 69 86 93 98 104 
0 1 6 13 20 29 35 47 52 58 63 70 86 93 98 104 
0 1 6 13 20 29 35 48 52 58 63 70 86 93 98 104 
0 1 6 13 20 29 36 47 52 58 63 70 86 93 98 104 
0 1 8 13 20 28 35 42 47 58 69 80 81 86 93 100 
0 2 6 10 15 26 28 37 51 55 59 63 68 80 82 91 
0 2 6 12 15 20 33 46 51 55 59 64 68 73 87 100 
0 2 6 12 15 33 37 46 51 55 59 64 68 87 91 100 
0 2 7 14 21 24 32 46 54 57 63 82 89 96 103 
0 6 11 14 20 31 38 45 56 63 70 82 89 96 103 
0 6 11 14 21 31 38 45 56 63 70 82 89 96 103 
0 6 13 20 24 31 38 45 55 62 69 81 88 95 102 
