0 1 5 9 13 17 22 45 53 56 60 64 68 101 
0 1 5 9 13 17 22 45 56 60 64 68 79 101 
0 1 5 9 13 17 22 47 53 56 60 64 68 99 
0 1 5 9 13 17 22 47 56 60 64 68 79 99 
0 1 5 9 13 17 47 53 56 60 64 68 99 103 
0 1 5 9 13 18 22 41 53 56 60 64 73 97 
0 1 5 9 13 18 22 41 56 60 64 73 79 97 
0 1 5 9 13 18 22 43 53 56 60 64 73 95 
0 1 5 9 13 18 22 43 56 60 64 73 79 95 
0 1 5 9 13 22 41 45 53 56 60 64 73 97 
0 1 5 9 13 22 41 45 56 60 64 73 79 97 
0 1 5 9 13 22 43 47 53 56 60 64 68 99 
0 1 5 9 13 22 43 47 53 56 60 64 95 99 
0 1 5 9 13 22 43 47 56 60 64 79 95 99 
0 1 5 9 13 22 43 53 56 60 64 73 95 99 
0 1 5 9 13 43 47 53 56 60 64 95 99 103 
0 1 5 9 14 18 22 37 56 60 69 73 79 93 
0 1 5 9 14 18 22 39 56 60 69 73 79 91 
0 1 5 9 18 22 37 41 53 56 60 69 73 93 
0 1 5 9 18 22 37 41 53 56 60 73 93 97 
0 1 5 9 18 22 37 41 56 60 73 79 93 97 
0 1 5 9 18 22 39 43 53 56 60 64 73 95 
0 1 5 9 18 22 39 43 53 56 60 73 91 95 
0 1 5 9 18 22 39 43 56 60 73 79 91 95 
0 1 5 9 22 39 43 47 53 56 60 64 95 99 
0 1 5 9 22 39 43 47 53 56 60 91 95 99 
0 1 5 9 22 39 43 47 56 60 79 91 95 99 
0 1 5 9 22 39 43 53 56 60 73 91 95 99 
0 1 5 9 39 43 47 53 56 60 91 95 99 103 
0 1 5 10 17 33 40 47 53 56 65 72 89 96 103 
0 1 5 10 17 33 40 49 53 56 65 72 89 96 101 
0 1 5 10 17 33 42 47 53 56 65 72 89 94 103 
0 1 5 10 17 33 42 49 53 56 65 72 89 94 101 
0 1 5 10 17 35 40 47 53 56 65 72 87 96 103 
0 1 5 10 17 35 40 49 53 56 65 72 87 96 101 
0 1 5 10 17 35 42 47 53 56 65 72 87 94 103 
0 1 5 10 17 35 42 49 53 56 65 72 87 94 101 
0 1 5 10 19 33 40 47 53 56 65 70 89 96 103 
0 1 5 10 19 33 40 49 53 56 65 70 89 96 101 
0 1 5 10 19 33 42 47 53 56 65 70 89 94 103 
0 1 5 10 19 35 40 47 53 56 65 70 87 96 103 
0 1 5 10 19 35 40 49 53 56 65 70 87 96 101 
0 1 5 10 19 35 42 47 53 56 65 70 87 94 103 
0 1 5 10 19 35 42 49 53 56 65 70 87 94 101 
0 1 5 17 23 33 40 47 53 56 63 72 89 96 103 
0 1 5 17 23 33 42 47 53 56 63 72 89 94 103 
0 1 5 17 23 35 40 47 53 56 63 72 87 96 103 
0 1 5 17 23 35 40 49 53 56 63 72 87 96 101 
0 1 5 17 23 35 42 47 53 56 63 72 87 94 103 
0 1 5 17 23 35 42 49 53 56 63 72 87 94 101 
0 1 5 18 22 35 39 43 56 73 79 87 91 95 
0 1 5 19 23 33 40 47 53 56 63 70 89 96 103 
0 1 5 19 23 35 40 47 53 56 63 70 87 96 103 
0 1 5 19 23 35 40 49 53 56 63 70 87 96 101 
0 1 5 19 23 35 42 47 53 56 63 70 87 94 103 
0 1 5 19 23 35 42 49 53 56 63 70 87 94 101 
0 1 5 22 35 39 43 47 53 56 60 91 95 99 
0 1 5 22 35 39 43 47 53 56 87 91 95 99 
0 1 5 22 35 39 43 47 56 79 87 91 95 99 
0 1 5 35 39 43 47 53 56 87 91 95 99 103 
0 1 6 10 15 22 31 40 45 61 70 79 83 92 101 
0 1 6 10 15 22 31 40 47 61 70 79 83 92 99 
0 1 6 10 17 22 31 40 45 61 68 79 83 92 101 
0 1 6 10 17 22 31 40 47 61 68 79 83 92 99 
0 1 6 13 22 29 36 43 47 61 68 79 85 92 99 
0 1 6 13 22 31 36 43 47 61 68 79 83 92 99 
0 1 6 15 22 31 36 40 47 61 70 79 83 92 99 
0 1 6 15 22 31 36 45 61 66 70 79 83 92 101 
0 1 8 13 22 29 36 43 47 59 68 79 85 92 99 
0 1 22 31 35 39 43 47 79 83 87 91 95 99 
0 3 8 17 22 24 33 38 47 54 63 68 85 94 99 
