0 1 5 9 13 17 47 51 54 58 62 66 70 101 
0 1 5 9 13 20 43 51 54 58 62 66 73 97 
0 1 5 9 14 18 38 42 48 51 54 58 71 88 92 102 
0 1 5 9 15 38 44 48 51 54 58 62 68 92 98 102 
0 1 5 9 15 38 44 48 51 54 58 68 88 92 98 102 
0 1 5 9 16 20 39 51 54 58 62 69 73 93 
0 1 5 9 18 38 42 48 51 54 58 62 71 92 96 102 
0 1 5 9 18 38 42 48 51 54 58 71 88 92 96 102 
0 1 5 9 20 39 43 51 54 58 62 73 93 97 
0 1 5 10 14 18 34 38 47 51 54 67 71 84 88 101 
0 1 5 10 14 20 34 38 44 48 51 54 67 84 88 98 
0 1 5 10 14 20 34 38 44 51 54 67 73 84 88 98 
0 1 5 10 14 34 38 43 47 51 54 67 71 84 88 101 
0 1 5 10 14 34 38 44 51 54 67 73 84 88 98 102 
0 1 5 12 15 34 44 48 51 54 58 64 68 88 98 102 
0 1 5 12 15 34 44 48 51 54 58 64 88 94 98 102 
0 1 5 12 15 34 44 48 51 54 64 68 84 88 98 102 
0 1 5 12 15 34 44 48 51 54 64 84 88 94 98 102 
0 1 5 12 15 35 44 48 51 54 58 64 68 89 98 102 
0 1 5 12 17 34 40 47 51 54 58 64 70 88 94 101 
0 1 5 12 17 34 40 47 51 54 64 70 84 88 94 101 
0 1 5 12 17 34 41 47 51 54 58 64 70 88 95 101 
0 1 5 12 17 34 41 47 51 54 64 70 84 88 95 101 
0 1 5 12 17 35 41 47 51 54 58 64 70 89 95 101 
0 1 5 12 18 34 41 47 51 54 58 64 71 88 95 101 
0 1 5 12 18 34 41 48 51 54 58 64 71 88 95 102 
0 1 5 12 18 35 41 47 51 54 58 64 71 89 95 101 
0 1 5 12 18 35 41 48 51 54 58 64 71 89 95 102 
0 1 5 12 20 34 40 44 48 51 54 58 64 88 94 98 
0 1 5 12 20 34 40 44 51 54 58 64 73 88 94 98 
0 1 5 12 34 40 44 48 51 54 58 64 88 94 98 102 
0 1 5 12 34 40 44 48 51 54 64 68 84 88 98 102 
0 1 5 12 34 40 44 48 51 54 64 84 88 94 98 102 
0 1 5 14 18 34 38 42 48 51 54 58 71 88 92 102 
0 1 5 14 18 34 38 42 48 51 54 71 84 88 92 102 
0 1 5 14 18 34 38 47 51 54 58 67 71 88 92 101 
0 1 5 14 18 34 38 47 51 54 67 71 84 88 92 101 
0 1 5 14 18 34 38 48 51 54 58 67 71 88 92 102 
0 1 5 15 34 38 44 48 51 54 58 68 88 92 98 102 
0 1 5 18 23 35 41 47 51 54 58 65 71 89 95 101 
0 1 5 18 34 38 42 48 51 54 58 71 88 92 96 102 
0 1 5 18 34 38 42 48 51 54 71 84 88 92 96 102 
0 1 5 18 34 38 48 51 54 67 71 84 88 92 96 102 
0 1 7 12 15 31 44 48 51 54 60 64 68 85 98 102 
0 1 7 12 15 31 44 48 51 54 60 64 85 94 98 102 
0 1 7 12 17 31 40 47 51 54 60 64 70 85 94 101 
0 1 7 30 36 40 44 48 51 54 60 84 90 94 98 102 
0 4 8 11 16 20 23 28 51 57 61 65 69 73 
0 4 8 11 16 20 23 51 57 61 65 69 73 77 
