0 1 4 9 19 29 34 39 51 62 67 72 83 88 93 98 
0 1 4 9 19 29 34 39 51 62 67 72 83 93 98 101 
0 1 4 9 19 29 34 39 51 67 72 83 88 93 98 103 
0 1 6 12 16 29 34 39 44 49 54 59 88 93 98 103 
0 1 6 12 16 34 39 44 49 54 59 69 88 93 98 103 
0 1 6 12 29 34 39 44 49 54 59 83 88 93 98 103 
0 1 6 12 34 39 44 49 54 59 69 83 88 93 98 103 
0 1 6 16 34 39 44 49 51 54 59 69 88 93 98 103 
0 1 6 29 34 39 44 49 51 54 59 83 88 93 98 103 
0 2 7 17 21 25 28 33 52 54 63 71 94 98 102 
0 2 7 17 21 25 28 33 52 63 67 71 94 98 102 
0 2 7 17 21 25 33 41 52 63 67 71 94 98 102 
0 2 8 16 23 25 28 32 46 54 58 62 85 89 93 
0 2 8 16 23 25 28 32 47 54 58 62 85 89 93 
0 2 8 16 23 28 32 38 46 54 58 62 85 89 93 
0 2 8 16 25 28 32 46 52 54 58 62 85 89 93 
0 2 8 17 25 28 32 47 52 54 58 62 89 94 98 
0 2 8 17 25 28 32 47 52 58 62 67 89 94 98 
0 2 8 17 25 32 41 47 52 58 62 67 89 94 98 
0 2 16 21 23 25 28 32 47 54 58 62 85 89 93 
0 2 17 21 23 25 28 32 47 54 58 62 89 93 98 
