0 4 10 16 26 30 36 43 50 56 63 70 80 84 91 97 
0 4 10 17 25 30 37 44 51 57 64 70 80 85 91 98 
0 4 10 17 26 30 37 43 50 56 63 70 80 84 91 97 
0 4 10 17 26 30 37 43 50 57 63 70 80 84 91 97 
0 4 10 17 26 30 37 43 51 57 63 70 80 84 91 97 
0 6 11 13 20 31 38 45 56 63 70 82 89 95 102 
0 6 11 13 20 31 38 45 56 63 70 82 89 95 103 
0 6 11 13 20 31 38 45 56 63 70 82 89 96 102 
0 6 11 13 20 31 38 45 56 63 70 82 89 96 103 
0 6 11 13 21 31 38 45 56 63 70 82 89 96 103 
0 6 11 13 21 31 38 46 56 63 70 82 89 96 103 
0 6 11 14 20 31 38 45 56 63 70 82 89 96 103 
0 6 11 14 21 31 38 45 56 63 70 82 89 96 103 
0 6 13 20 24 31 38 45 55 62 69 81 88 95 102 
