0 1 5 9 14 18 21 29 34 42 57 68 79 93 102 
0 1 5 9 14 18 25 33 42 57 68 79 92 97 102 
0 1 5 9 14 18 29 33 42 57 68 79 93 97 102 
0 1 5 9 14 19 29 33 38 42 57 79 93 98 102 
0 1 5 9 14 19 29 33 42 57 68 79 93 97 102 
0 1 5 9 14 19 29 33 42 57 68 79 93 98 102 
0 1 5 9 14 19 29 34 38 42 57 79 93 98 102 
0 1 5 9 14 19 29 34 42 57 68 79 93 98 102 
0 1 5 9 14 19 29 38 42 57 64 79 93 98 102 
0 1 5 9 14 19 29 42 57 64 68 79 93 98 102 
0 1 5 9 14 21 29 42 49 57 64 68 79 93 102 
0 1 5 9 14 21 29 42 49 64 68 79 88 93 102 
0 1 5 9 14 21 29 49 64 68 73 79 88 93 102 
0 1 5 9 14 21 29 49 64 68 73 84 88 93 102 
0 1 5 9 14 21 49 52 59 64 68 72 79 88 93 
0 1 5 9 14 21 49 59 64 68 73 79 88 93 102 
0 1 5 9 14 21 49 59 64 68 73 84 88 93 102 
0 1 5 9 14 29 33 49 68 72 79 88 93 97 102 
0 1 5 9 14 29 33 49 68 73 79 88 93 97 102 
0 1 5 9 14 29 33 49 68 73 84 88 93 97 102 
0 1 5 9 14 29 38 49 52 64 72 79 88 93 98 
0 1 5 9 14 29 49 64 68 73 79 88 93 97 102 
0 1 5 10 14 19 29 33 38 57 73 77 93 98 102 
0 1 5 10 14 19 29 33 38 57 73 84 93 98 102 
0 1 5 10 14 19 29 33 57 68 73 84 93 97 102 
0 1 5 10 14 19 29 34 38 57 73 77 93 98 102 
0 1 5 10 14 19 29 34 38 57 73 84 93 98 102 
0 1 5 10 14 19 29 34 57 68 73 84 93 98 102 
0 1 5 10 14 19 29 38 57 64 73 77 93 98 102 
0 1 5 10 14 19 29 38 57 64 73 84 93 98 102 
0 1 5 10 14 19 29 57 64 68 73 84 93 98 102 
0 1 5 10 14 21 29 49 57 64 68 73 84 93 102 
0 1 5 10 14 21 29 49 64 68 73 84 89 93 102 
0 2 6 10 14 18 22 25 43 57 61 65 69 77 103 
0 2 6 10 14 18 22 25 43 57 61 65 69 84 103 
0 2 6 10 14 18 22 25 53 57 61 65 69 73 77 
0 2 6 10 14 18 22 25 53 57 61 65 69 73 84 
0 2 6 10 14 18 22 28 43 57 61 65 69 77 103 
0 2 6 10 14 18 22 28 43 57 61 65 69 84 103 
