0 1 5 12 16 25 31 35 42 47 50 61 66 80 81 93 
0 1 5 16 21 23 31 36 47 55 62 66 73 80 82 93 
0 1 5 16 23 31 35 42 47 50 61 66 73 80 81 93 
0 1 5 16 23 31 35 42 47 50 61 66 73 80 82 93 
0 1 5 16 23 31 36 42 47 50 61 66 73 80 82 93 
0 1 5 16 23 31 36 42 47 50 62 66 73 80 82 93 
0 1 5 16 23 31 36 42 47 55 61 66 73 80 82 93 
0 1 5 16 23 31 42 47 50 57 61 66 73 80 82 93 
0 4 8 11 16 20 23 28 32 36 40 51 65 69 73 82 
0 4 8 11 16 20 23 28 32 36 51 61 65 69 73 82 
0 4 8 11 16 20 23 28 32 40 45 57 65 69 73 82 
0 4 8 11 16 20 23 28 32 40 51 57 65 69 73 82 
0 4 8 11 16 20 23 28 32 51 57 61 65 69 73 82 
0 4 8 11 16 20 23 28 36 51 61 65 69 73 77 82 
0 4 8 11 16 20 23 28 51 57 61 65 69 73 77 82 
0 4 8 11 16 20 23 32 45 57 61 65 69 73 82 103 
0 4 8 11 16 20 23 32 51 57 61 65 69 73 82 103 
0 4 8 11 16 23 41 49 51 57 61 65 69 77 95 103 
0 4 9 11 16 20 28 35 46 54 61 65 72 81 92 97 
0 4 9 11 16 20 35 46 54 61 65 72 81 92 97 103 
0 4 9 16 20 25 28 35 40 46 54 59 65 70 86 97 
0 4 9 16 20 25 28 35 40 46 54 65 70 81 86 97 
0 4 9 16 20 25 28 35 46 54 61 65 81 86 92 97 
