0 1 5 12 15 28 39 43 53 55 62 66 84 90 94 104 
0 1 5 12 15 28 39 43 53 55 62 66 84 90 95 104 
0 1 5 12 15 28 39 43 53 55 66 70 84 90 94 104 
0 1 5 12 15 28 39 43 53 55 66 70 84 90 95 104 
0 1 5 12 15 28 39 43 53 55 66 70 84 94 99 104 
0 1 5 12 15 28 39 43 53 55 66 70 84 95 99 104 
0 1 5 12 15 28 39 43 53 56 60 66 71 84 95 99 
0 1 5 12 15 28 39 43 53 56 62 66 79 84 91 95 
0 1 5 12 15 28 39 43 53 56 62 66 84 90 95 104 
0 1 5 12 15 28 39 43 53 56 62 66 84 91 95 104 
0 1 5 12 15 28 39 43 53 56 62 67 79 84 91 95 
0 1 5 12 15 28 39 43 53 56 66 70 84 95 99 104 
0 1 5 12 15 28 39 43 53 56 66 71 79 84 91 95 
0 1 5 12 15 28 39 43 53 56 66 71 84 95 99 104 
0 1 5 12 15 28 39 43 53 62 66 84 90 95 101 104 
0 1 5 12 15 29 39 43 53 56 67 71 79 84 91 95 
0 1 5 12 16 22 28 39 43 53 56 62 66 91 95 104 
0 1 5 12 16 22 28 39 43 53 56 62 67 79 91 95 
0 1 5 12 16 22 28 39 43 53 62 66 79 91 95 101 
0 1 5 12 16 22 28 39 43 53 66 71 79 91 95 101 
0 1 5 12 16 28 39 43 53 55 66 70 84 94 99 104 
0 1 5 12 16 28 39 43 53 56 62 66 84 91 95 104 
0 1 5 12 16 28 39 43 53 56 62 67 79 84 91 95 
0 1 5 12 16 28 39 43 53 56 62 67 79 85 91 95 
0 1 5 12 16 28 39 43 53 56 66 70 84 95 99 104 
0 1 5 12 16 28 39 43 53 56 66 71 79 84 91 95 
0 1 5 12 16 28 39 43 53 56 66 71 79 85 91 95 
0 1 5 12 16 29 39 43 53 56 67 71 79 84 95 99 
0 1 5 15 20 28 39 43 53 55 66 70 84 95 99 104 
0 1 5 15 20 28 39 43 53 56 66 70 84 95 99 104 
0 1 5 15 20 29 39 43 53 56 67 71 79 84 95 99 
0 1 5 16 20 29 43 48 53 56 67 71 79 84 95 99 
0 1 5 16 20 29 43 48 53 56 67 71 79 85 95 99 
0 1 5 16 20 29 43 48 53 56 67 71 79 85 95 100 
0 1 5 16 23 29 39 43 56 67 71 79 81 85 95 100 
