0 3 10 16 26 30 37 43 50 56 63 70 80 83 90 97 
0 3 10 16 26 30 37 43 50 56 63 70 80 84 90 97 
0 3 10 16 26 30 37 43 50 56 63 70 80 84 91 97 
0 3 10 16 26 30 37 43 50 56 63 70 83 90 96 103 
0 3 10 16 26 30 37 43 50 56 63 70 83 90 97 103 
0 3 10 16 26 30 37 43 50 56 63 70 84 90 97 103 
0 3 10 16 26 30 37 43 50 57 63 70 80 84 90 97 
0 3 10 17 26 30 37 43 50 56 63 70 80 84 90 97 
0 3 10 17 26 30 37 43 50 56 63 70 80 84 91 97 
0 3 10 17 26 30 37 43 50 56 63 70 84 90 97 103 
0 3 10 17 26 30 37 43 50 57 63 70 80 84 90 97 
0 3 10 17 26 30 37 43 50 57 63 70 80 84 91 97 
0 3 10 17 26 30 37 43 51 56 63 70 80 84 91 97 
0 4 10 17 26 30 37 43 50 56 63 70 80 84 91 97 
0 4 10 17 26 30 37 43 50 57 63 70 80 84 91 97 
0 4 10 17 26 30 37 43 51 57 63 70 80 84 91 97 
