0 1 5 16 21 23 29 33 49 57 61 66 86 91 95 
0 1 5 16 21 23 29 33 49 57 61 66 91 95 99 
0 1 5 16 21 23 29 33 49 57 61 66 91 95 100 
0 1 5 16 21 23 29 33 49 61 66 70 91 95 99 
0 1 5 17 21 23 29 33 49 57 61 66 91 95 100 
0 1 5 17 21 23 29 33 49 57 62 66 91 95 100 
0 1 5 21 23 29 33 49 57 61 66 84 91 95 100 
0 1 5 21 23 29 33 49 57 62 66 84 91 95 100 
0 1 5 21 23 29 33 49 61 66 70 84 91 95 99 
0 1 5 21 23 29 33 49 61 66 70 84 91 95 100 
0 1 5 21 23 29 33 49 61 66 71 84 91 95 100 
0 1 5 21 23 29 33 49 62 66 70 84 91 95 100 
0 1 5 21 23 29 33 49 62 66 71 84 91 95 100 
0 1 5 21 23 33 42 49 61 66 70 84 91 95 99 
0 1 5 21 23 33 42 49 61 66 70 84 91 95 100 
0 1 5 21 23 33 42 49 62 66 70 84 91 95 100 
0 1 16 21 23 29 33 44 49 57 61 66 86 91 95 
0 1 16 21 23 29 33 45 49 57 61 66 86 91 95 
0 1 17 21 23 29 33 45 49 57 61 66 86 91 95 
0 3 7 12 19 31 35 40 50 59 68 79 81 97 102 
0 3 7 12 19 31 35 40 59 68 79 81 90 97 102 
0 3 7 12 31 35 40 50 59 68 79 81 86 97 102 
0 3 7 12 31 35 40 50 68 72 79 81 86 97 102 
0 3 7 12 31 35 40 59 68 79 81 86 90 97 102 
0 3 7 12 31 35 40 68 72 79 81 86 90 97 102 
0 3 7 12 35 40 44 50 68 72 79 81 86 97 102 
0 3 7 19 23 31 40 49 61 68 73 79 82 90 98 
0 3 7 23 31 36 40 50 57 68 73 79 82 86 102 
0 3 7 23 31 40 49 50 57 68 73 79 82 86 102 
