0 1 5 10 13 22 37 41 53 54 57 80 84 85 
0 1 5 10 13 26 37 41 53 54 57 70 80 85 
0 1 5 10 22 28 37 41 53 54 72 80 84 85 
0 1 5 11 24 28 37 41 53 55 68 72 80 85 
0 1 5 22 24 28 37 41 53 68 72 80 84 85 
0 1 7 11 20 24 28 41 50 53 55 67 72 85 
0 1 7 11 20 24 28 41 50 53 55 68 72 85 
0 1 7 11 20 24 28 41 50 53 63 67 71 85 
0 1 7 11 20 24 28 41 50 53 63 67 72 85 
0 1 7 11 20 24 28 41 50 53 67 72 84 85 
0 1 7 11 20 24 28 41 51 53 55 68 72 85 
0 1 7 11 20 28 38 41 50 53 55 72 82 85 
0 1 7 11 20 28 38 41 50 53 63 72 82 85 
0 1 7 11 20 28 39 41 50 53 55 72 82 85 
0 1 7 11 20 28 39 41 51 53 55 72 82 85 
0 1 7 11 24 28 33 43 51 53 55 68 72 85 
0 1 7 11 24 28 41 43 51 53 55 68 72 85 
0 1 7 13 20 26 38 41 50 53 56 69 82 85 
0 1 8 13 25 33 43 51 53 56 69 85 
0 1 8 13 25 41 43 51 53 56 69 85 
0 1 8 28 40 41 43 51 53 71 83 85 
0 1 10 20 22 28 36 41 52 53 72 80 84 85 
0 1 10 20 22 28 36 41 53 54 72 80 84 85 
0 1 10 20 28 36 40 41 52 53 71 80 84 85 
0 1 10 20 28 36 40 41 52 53 72 80 84 85 
0 1 19 28 33 37 43 53 63 71 81 85 
0 1 20 22 24 28 36 41 53 67 72 80 84 85 
0 1 20 22 24 28 36 41 53 68 72 80 84 85 
0 1 20 22 24 28 37 41 53 68 72 80 84 85 
0 1 22 24 28 33 37 43 53 68 72 80 84 85 
0 2 7 12 20 24 29 46 50 55 68 73 
0 2 7 12 20 24 29 46 51 55 68 73 
0 2 7 12 20 24 29 46 55 68 73 80 
0 2 7 12 20 25 29 46 51 56 68 73 
0 2 7 12 20 25 29 46 51 66 68 73 
0 2 7 12 20 25 30 46 51 56 68 73 
0 2 7 12 20 29 39 46 51 55 73 83 
0 2 7 12 20 29 39 46 51 56 73 83 
0 2 7 13 20 24 30 40 46 50 56 67 73 84 
0 2 7 20 22 24 29 46 50 66 68 73 
0 2 7 20 22 24 29 46 51 66 68 73 
0 2 10 13 20 26 30 36 46 52 56 69 73 80 
0 2 10 20 26 30 31 36 46 52 69 73 75 80 
0 3 7 13 20 22 24 30 46 51 57 68 74 84 
0 3 7 13 20 22 24 30 46 57 68 74 80 84 
0 3 7 15 20 27 39 46 51 58 71 83 
0 3 7 15 27 39 46 51 58 71 78 83 
