0 1 5 14 18 19 22 24 28 36 41 44 58 63 
0 1 5 14 18 19 22 24 28 37 41 50 58 63 
0 1 5 14 18 19 24 28 36 40 41 44 58 70 
0 1 5 14 19 20 24 40 49 53 54 58 
0 1 5 14 19 20 24 49 53 58 63 68 
0 1 5 14 19 24 35 40 48 53 54 58 
0 1 6 11 15 20 22 25 29 33 37 67 71 76 
0 1 6 11 15 20 25 29 33 38 51 56 70 76 
0 1 6 11 15 20 25 29 40 49 54 58 
0 1 6 11 15 20 25 29 49 58 63 68 
0 1 6 11 15 20 25 40 45 49 54 58 
0 1 6 11 15 20 25 45 49 58 63 68 
0 1 6 11 15 22 25 29 34 44 47 52 71 76 
0 1 6 11 15 22 25 36 45 49 58 63 
0 1 6 11 15 25 29 34 38 47 51 56 70 76 
0 1 6 11 15 25 29 34 44 47 52 56 70 76 
0 1 6 11 16 25 30 35 40 48 54 58 
0 1 6 11 18 22 25 30 37 48 65 67 71 76 
0 1 6 11 18 22 25 30 44 48 52 65 71 76 
0 1 6 11 18 25 30 44 48 52 56 65 70 76 
0 1 6 11 22 25 30 34 44 47 52 65 71 76 
0 1 6 13 17 22 25 36 44 47 63 65 76 82 
0 1 6 13 17 25 36 44 47 56 65 70 76 82 
0 1 6 13 17 25 44 47 52 56 65 70 76 82 
0 1 6 15 19 20 24 29 49 58 63 68 
