0 1 6 13 18 25 33 38 47 55 69 77 84 
0 1 6 13 18 25 33 38 47 55 69 83 85 
0 1 6 13 18 25 33 38 47 55 69 84 85 
0 1 6 13 18 25 33 38 47 55 70 75 78 
0 1 6 13 18 25 33 38 47 55 70 76 83 
0 1 6 13 18 25 33 38 47 55 70 77 84 
0 1 6 13 18 25 33 38 47 55 70 78 83 
0 1 6 13 18 25 33 38 48 55 66 69 77 
0 1 6 13 18 25 33 38 48 55 66 70 77 
0 1 6 13 18 25 33 38 48 55 66 70 78 
0 1 6 13 18 25 33 38 48 55 69 77 84 
0 1 6 13 18 25 33 38 48 55 69 84 85 
0 1 6 13 18 25 33 38 48 55 70 77 84 
0 1 6 13 18 25 33 38 48 56 66 69 77 
0 1 6 13 18 25 33 38 48 56 66 70 77 
0 1 6 13 18 25 33 38 48 56 66 70 78 
0 1 6 13 18 25 33 38 48 56 69 77 84 
0 1 6 13 18 25 33 38 48 56 69 84 85 
0 1 6 13 18 25 33 38 48 56 70 77 84 
0 1 6 13 18 25 33 38 49 53 56 69 74 81 
0 1 6 13 18 25 33 38 49 53 56 69 81 85 
0 1 6 13 18 25 33 38 49 56 66 69 77 
0 1 6 13 18 25 33 38 49 56 66 70 77 
0 1 6 13 18 25 33 38 49 56 66 70 78 
0 1 6 13 18 25 33 38 49 56 69 74 75 81 
0 1 6 13 18 25 33 38 49 56 70 75 78 
0 1 6 13 18 25 33 38 50 55 65 69 74 82 
0 1 6 13 18 25 33 38 50 55 65 70 76 82 
0 1 6 13 18 25 33 38 50 55 69 74 75 81 
0 1 6 13 18 25 33 38 50 55 70 75 78 
0 1 6 13 18 25 33 38 51 53 56 69 74 81 
0 1 6 13 18 25 33 38 51 53 56 69 81 85 
0 1 6 13 18 25 33 38 51 53 56 69 83 85 
0 1 6 13 18 25 33 38 51 56 65 70 76 82 
0 1 6 13 18 25 37 41 47 55 69 77 84 
0 1 6 13 18 25 37 41 47 55 69 83 85 
0 1 6 13 18 25 37 41 47 55 69 84 85 
0 1 6 13 18 25 37 41 47 55 70 75 78 
0 1 6 13 18 25 37 41 47 55 70 76 83 
0 1 6 13 18 25 37 41 47 55 70 77 84 
0 1 6 13 18 25 37 41 48 55 66 69 77 
0 1 6 13 18 25 37 41 48 55 66 70 77 
0 1 6 13 18 25 37 41 48 55 69 77 84 
0 1 6 13 18 25 37 41 48 55 69 84 85 
0 1 6 13 18 25 37 41 48 56 66 69 77 
0 1 6 13 18 25 37 41 48 56 69 84 85 
0 1 6 13 18 25 37 41 49 53 56 69 81 85 
0 1 6 13 25 33 38 43 47 55 69 77 84 
0 1 6 13 25 33 38 43 47 55 69 83 85 
0 1 6 13 25 33 38 43 47 55 69 84 85 
0 1 6 13 25 33 38 43 47 55 71 75 78 
0 1 6 13 25 33 38 43 47 55 71 75 79 
0 1 6 13 25 33 38 43 47 55 71 78 83 
0 1 6 13 25 33 38 43 47 55 71 79 84 
0 1 6 13 25 33 38 43 47 55 71 83 85 
0 1 6 13 25 33 38 43 47 55 71 84 85 
0 1 6 13 25 33 38 43 47 55 72 75 79 
0 1 6 13 25 33 38 43 47 55 72 77 84 
0 1 6 13 25 33 38 43 47 55 72 79 84 
0 1 6 13 25 33 38 43 48 55 65 71 79 
0 1 6 13 25 33 38 43 48 55 65 72 79 
0 1 6 13 25 33 38 43 48 55 65 72 80 
0 1 6 13 25 33 38 43 48 55 66 69 77 
0 1 6 13 25 33 38 43 48 55 66 71 78 
0 1 6 13 25 33 38 43 48 55 66 72 77 
0 1 6 13 25 33 38 43 48 55 66 72 80 
0 1 6 13 25 33 38 43 48 55 69 77 84 
0 1 6 13 25 33 38 43 48 55 69 84 85 
0 1 6 13 25 33 38 43 48 55 71 79 84 
0 1 6 13 25 33 38 43 48 55 71 84 85 
0 1 6 13 25 33 38 43 48 55 72 77 84 
0 1 6 13 25 33 38 43 48 55 72 79 84 
0 1 6 13 25 33 38 43 48 56 65 71 79 
0 1 6 13 25 33 38 43 48 56 65 72 79 
0 1 6 13 25 33 38 43 48 56 65 72 80 
0 1 6 13 25 33 38 43 48 56 66 69 77 
0 1 6 13 25 33 38 43 48 56 66 71 78 
0 1 6 13 25 33 38 43 48 56 66 72 77 
0 1 6 13 25 33 38 43 48 56 66 72 80 
0 1 6 13 25 33 38 43 48 56 69 77 84 
0 1 6 13 25 33 38 43 48 56 69 84 85 
0 1 6 13 25 33 38 43 48 56 71 79 84 
0 1 6 13 25 33 38 43 48 56 71 84 85 
0 1 6 13 25 33 38 43 48 56 72 77 84 
0 1 6 13 25 33 38 43 48 56 72 79 84 
0 1 6 13 25 33 38 43 49 53 56 69 81 85 
0 1 6 13 25 33 38 43 49 53 56 72 80 
0 1 6 13 25 33 38 43 49 56 66 69 77 
0 1 6 13 25 33 38 43 49 56 66 71 78 
0 1 6 13 25 33 38 43 49 56 66 72 77 
0 1 6 13 25 33 38 43 49 56 66 72 80 
0 1 6 13 25 33 38 43 49 56 71 75 78 
0 1 6 13 25 33 38 43 49 56 71 75 79 
0 1 6 13 25 33 38 43 49 56 72 75 79 
0 1 6 13 25 33 38 43 50 55 65 71 79 
0 1 6 13 25 33 38 43 50 55 65 72 79 
0 1 6 13 25 33 38 43 50 55 65 72 80 
0 1 6 13 25 33 38 43 50 55 71 75 78 
0 1 6 13 25 33 38 43 50 55 71 75 79 
0 1 6 13 25 33 38 43 50 55 72 75 79 
0 1 6 13 25 33 38 47 55 64 70 75 78 
0 1 6 13 25 33 38 47 55 64 70 77 84 
0 1 6 13 25 33 38 47 55 64 70 78 83 
0 1 6 13 25 33 38 47 55 64 72 75 79 
0 1 6 13 25 33 38 47 55 64 72 77 84 
0 1 6 13 25 33 38 47 55 64 72 79 84 
0 1 6 13 25 33 38 47 55 64 73 75 78 
0 1 6 13 25 33 38 48 55 64 65 72 79 
0 1 6 13 25 33 38 48 55 64 65 72 80 
0 1 6 13 25 33 38 48 55 64 65 73 80 
0 1 6 13 25 33 38 48 55 64 66 70 77 
0 1 6 13 25 33 38 48 55 64 66 70 78 
0 1 6 13 25 33 38 48 55 64 66 72 77 
0 1 6 13 25 33 38 48 55 64 66 72 80 
0 1 6 13 25 33 38 48 55 64 66 73 78 
0 1 6 13 25 33 38 48 55 64 66 73 80 
0 1 6 13 25 33 38 48 55 64 70 77 84 
0 1 6 13 25 33 38 48 55 64 72 77 84 
0 1 6 13 25 33 38 48 55 64 72 79 84 
0 1 6 13 25 33 38 48 56 64 65 72 79 
0 1 6 13 25 33 38 48 56 64 65 72 80 
0 1 6 13 25 33 38 48 56 64 65 73 80 
0 1 6 13 25 33 38 48 56 64 66 70 77 
0 1 6 13 25 33 38 48 56 64 66 70 78 
0 1 6 13 25 33 38 48 56 64 66 72 77 
0 1 6 13 25 33 38 48 56 64 66 72 80 
0 1 6 13 25 33 38 48 56 64 66 73 78 
0 1 6 13 25 33 38 48 56 64 66 73 80 
0 1 6 13 25 33 38 48 56 64 70 77 84 
0 1 6 13 25 33 38 48 56 64 72 77 84 
0 1 6 13 25 33 38 48 56 64 72 79 84 
0 1 6 13 25 33 38 49 53 56 64 72 80 
0 1 6 13 25 33 38 49 53 56 64 73 80 
0 1 6 13 25 33 38 49 53 56 64 73 81 
0 1 6 13 25 33 38 49 56 64 66 70 77 
0 1 6 13 25 33 38 49 56 64 66 70 78 
0 1 6 13 25 33 38 49 56 64 66 72 77 
0 1 6 13 25 33 38 49 56 64 66 72 80 
0 1 6 13 25 33 38 49 56 64 66 73 78 
0 1 6 13 25 33 38 49 56 64 66 73 80 
0 1 6 13 25 33 38 49 56 64 70 75 78 
0 1 6 13 25 33 38 49 56 64 72 75 79 
0 1 6 13 25 33 38 49 56 64 73 75 78 
0 1 6 13 25 33 38 49 56 64 73 75 81 
0 1 6 13 25 33 38 50 55 64 65 72 79 
0 1 6 13 25 33 38 50 55 64 65 72 80 
0 1 6 13 25 33 38 50 55 64 65 73 80 
0 1 6 13 25 33 38 50 55 64 70 75 78 
0 1 6 13 25 33 38 50 55 64 72 75 79 
0 1 6 13 25 33 38 50 55 64 73 75 78 
0 1 6 13 25 33 38 50 55 64 73 75 81 
0 1 6 13 25 37 41 43 47 55 69 77 84 
0 1 6 13 25 37 41 43 47 55 69 83 85 
0 1 6 13 25 37 41 43 47 55 69 84 85 
0 1 6 13 25 37 41 43 47 55 71 75 78 
0 1 6 13 25 37 41 43 47 55 71 75 79 
0 1 6 13 25 37 41 43 47 55 71 78 83 
0 1 6 13 25 37 41 43 47 55 71 79 84 
0 1 6 13 25 37 41 43 47 55 71 83 85 
0 1 6 13 25 37 41 43 47 55 71 84 85 
0 1 6 13 25 37 41 43 47 55 72 75 79 
0 1 6 13 25 37 41 43 47 55 72 77 84 
0 1 6 13 25 37 41 43 47 55 72 79 84 
0 1 6 13 25 37 41 43 48 55 65 71 79 
0 1 6 13 25 37 41 43 48 55 65 72 79 
0 1 6 13 25 37 41 43 48 55 65 72 80 
0 1 6 13 25 37 41 43 48 55 66 69 77 
0 1 6 13 25 37 41 43 48 55 66 71 78 
0 1 6 13 25 37 41 43 48 55 66 72 77 
0 1 6 13 25 37 41 43 48 55 66 72 80 
0 1 6 13 25 37 41 43 48 55 69 77 84 
0 1 6 13 25 37 41 43 48 55 69 84 85 
0 1 6 13 25 37 41 43 48 55 71 79 84 
0 1 6 13 25 37 41 43 48 55 71 84 85 
0 1 6 13 25 37 41 43 48 55 72 77 84 
0 1 6 13 25 37 41 43 48 55 72 79 84 
0 1 6 13 25 37 41 43 50 55 65 71 79 
0 1 6 13 25 37 41 43 50 55 65 72 79 
0 1 6 13 25 37 41 43 50 55 65 72 80 
0 1 6 13 25 37 41 43 50 55 71 75 78 
0 1 6 13 25 37 41 43 50 55 71 75 79 
0 1 6 13 25 37 41 43 50 55 72 75 79 
0 1 6 13 25 37 41 47 55 64 70 75 78 
0 1 6 13 25 37 41 47 55 64 70 77 84 
0 1 6 13 25 37 41 47 55 64 70 78 83 
0 1 6 13 25 37 41 47 55 64 72 75 79 
0 1 6 13 25 37 41 47 55 64 72 77 84 
0 1 6 13 25 37 41 47 55 64 72 79 84 
0 1 6 13 25 37 41 47 55 64 73 75 78 
0 1 6 13 25 37 41 48 55 64 65 72 79 
0 1 6 13 25 37 41 48 55 64 65 72 80 
0 1 6 13 25 37 41 48 55 64 65 73 80 
0 1 6 13 25 37 41 48 55 64 66 70 77 
0 1 6 13 25 37 41 48 55 64 66 70 78 
0 1 6 13 25 37 41 48 55 64 66 72 77 
0 1 6 13 25 37 41 48 55 64 66 72 80 
0 1 6 13 25 37 41 48 55 64 66 73 78 
0 1 6 13 25 37 41 48 55 64 66 73 80 
0 1 6 13 25 37 41 48 55 64 70 77 84 
0 1 6 13 25 37 41 48 55 64 72 77 84 
0 1 6 13 25 37 41 48 55 64 72 79 84 
0 1 6 13 25 37 41 50 55 64 65 72 79 
0 1 6 13 25 37 41 50 55 64 70 75 78 
0 1 6 13 25 37 41 50 55 64 72 75 79 
0 1 6 13 25 37 41 50 55 64 73 75 78 
0 1 6 13 25 37 41 50 55 64 73 75 81 
0 1 6 14 20 25 33 38 47 55 71 75 78 
0 1 6 14 20 25 33 38 47 55 71 75 79 
0 1 6 14 20 25 33 38 47 55 71 78 83 
0 1 6 14 20 25 33 38 47 55 71 83 85 
0 1 6 14 20 25 33 38 47 55 71 84 85 
0 1 6 14 20 25 33 38 48 55 66 71 78 
0 1 6 14 20 25 33 38 48 55 71 84 85 
0 1 6 14 20 25 37 41 47 55 70 75 78 
0 1 6 14 20 25 37 41 47 55 70 76 83 
0 1 6 14 20 25 37 41 47 55 70 77 84 
0 1 6 14 20 25 37 41 47 55 70 78 83 
0 1 6 14 20 25 37 41 47 55 71 75 78 
0 1 6 14 20 25 37 41 47 55 71 75 79 
0 1 6 14 20 25 37 41 47 55 71 78 83 
0 1 6 14 20 25 37 41 47 55 71 79 84 
0 1 6 14 20 25 37 41 47 55 71 83 85 
0 1 6 14 20 25 37 41 47 55 71 84 85 
0 1 6 14 20 25 37 41 48 55 65 71 79 
0 1 6 14 20 25 37 41 48 55 66 70 77 
0 1 6 14 20 25 37 41 48 55 66 70 78 
0 1 6 14 20 25 37 41 48 55 66 71 78 
0 1 6 14 20 25 37 41 48 55 70 77 84 
0 1 6 14 20 25 37 41 48 55 71 79 84 
0 1 6 14 20 25 37 41 48 55 71 84 85 
0 1 6 14 25 33 38 44 47 55 71 75 78 
0 1 6 14 25 33 38 44 47 55 71 75 79 
0 1 6 14 25 33 38 44 47 55 71 78 83 
0 1 6 14 25 33 38 44 47 55 71 79 84 
0 1 6 14 25 33 38 44 47 55 73 75 78 
0 1 6 14 25 33 38 44 47 55 74 75 79 
0 1 6 14 25 33 38 44 48 55 65 71 79 
0 1 6 14 25 33 38 44 48 55 65 73 80 
0 1 6 14 25 33 38 44 48 55 65 74 79 
0 1 6 14 25 33 38 44 48 55 66 71 78 
0 1 6 14 25 33 38 44 48 55 66 73 78 
0 1 6 14 25 33 38 44 48 55 66 73 80 
0 1 6 14 25 33 38 44 48 55 71 79 84 
0 1 6 14 25 33 38 47 55 64 70 75 78 
0 1 6 14 25 33 38 47 55 64 70 77 84 
0 1 6 14 25 33 38 47 55 64 70 78 83 
0 1 6 14 25 33 38 47 55 64 72 75 79 
0 1 6 14 25 33 38 47 55 64 72 77 84 
0 1 6 14 25 33 38 47 55 64 72 79 84 
0 1 6 14 25 33 38 47 55 64 73 75 78 
0 1 6 14 25 33 38 48 55 64 65 72 79 
0 1 6 14 25 33 38 48 55 64 65 72 80 
0 1 6 14 25 33 38 48 55 64 65 73 80 
0 1 6 14 25 33 38 48 55 64 66 70 77 
0 1 6 14 25 33 38 48 55 64 66 70 78 
0 1 6 14 25 33 38 48 55 64 66 72 77 
0 1 6 14 25 33 38 48 55 64 66 72 80 
0 1 6 14 25 33 38 48 55 64 66 73 78 
0 1 6 14 25 33 38 48 55 64 66 73 80 
0 1 6 14 25 33 38 48 55 64 70 77 84 
0 1 6 14 25 33 38 48 55 64 72 77 84 
0 1 6 14 25 33 38 48 55 64 72 79 84 
0 1 8 13 25 33 38 43 47 55 69 77 84 
0 1 8 13 25 33 38 43 47 55 69 83 85 
0 1 8 13 25 33 38 43 47 55 69 84 85 
0 1 8 13 25 33 38 43 47 55 71 75 78 
0 1 8 13 25 33 38 43 47 55 71 75 79 
0 1 8 13 25 33 38 43 47 55 71 78 83 
0 1 8 13 25 33 38 43 47 55 71 79 84 
0 1 8 13 25 33 38 43 47 55 71 83 85 
0 1 8 13 25 33 38 43 47 55 71 84 85 
0 1 8 13 25 33 38 43 47 55 72 75 79 
0 1 8 13 25 33 38 43 47 55 72 77 84 
0 1 8 13 25 33 38 43 47 55 72 79 84 
0 1 8 13 25 33 38 43 48 55 65 71 79 
0 1 8 13 25 33 38 43 48 55 65 72 79 
0 1 8 13 25 33 38 43 48 55 65 72 80 
0 1 8 13 25 33 38 43 48 55 66 69 77 
0 1 8 13 25 33 38 43 48 55 66 71 78 
0 1 8 13 25 33 38 43 48 55 66 72 77 
0 1 8 13 25 33 38 43 48 55 66 72 80 
0 1 8 13 25 33 38 43 48 55 69 77 84 
0 1 8 13 25 33 38 43 48 55 69 84 85 
0 1 8 13 25 33 38 43 48 55 71 79 84 
0 1 8 13 25 33 38 43 48 55 71 84 85 
0 1 8 13 25 33 38 43 48 55 72 77 84 
0 1 8 13 25 33 38 43 48 55 72 79 84 
0 1 8 13 25 33 38 43 48 56 65 71 79 
0 1 8 13 25 33 38 43 48 56 65 72 79 
0 1 8 13 25 33 38 43 48 56 65 72 80 
0 1 8 13 25 33 38 43 48 56 66 69 77 
0 1 8 13 25 33 38 43 48 56 66 71 78 
0 1 8 13 25 33 38 43 48 56 66 72 77 
0 1 8 13 25 33 38 43 48 56 66 72 80 
0 1 8 13 25 33 38 43 48 56 69 77 84 
0 1 8 13 25 33 38 43 48 56 69 84 85 
0 1 8 13 25 33 38 43 48 56 71 79 84 
0 1 8 13 25 33 38 43 48 56 71 84 85 
0 1 8 13 25 33 38 43 48 56 72 77 84 
0 1 8 13 25 33 38 43 48 56 72 79 84 
0 1 8 13 25 33 38 43 49 53 56 69 81 85 
0 1 8 13 25 33 38 43 49 53 56 72 80 
0 1 8 13 25 33 38 43 49 56 66 69 77 
0 1 8 13 25 33 38 43 49 56 66 71 78 
0 1 8 13 25 33 38 43 49 56 66 72 77 
0 1 8 13 25 33 38 43 49 56 66 72 80 
0 1 8 13 25 33 38 43 49 56 71 75 78 
0 1 8 13 25 33 38 43 49 56 71 75 79 
0 1 8 13 25 33 38 43 49 56 72 75 79 
0 1 8 13 25 33 38 43 50 55 65 71 79 
0 1 8 13 25 33 38 43 50 55 65 72 79 
0 1 8 13 25 33 38 43 50 55 65 72 80 
0 1 8 13 25 33 38 43 50 55 71 75 78 
0 1 8 13 25 33 38 43 50 55 71 75 79 
0 1 8 13 25 33 38 43 50 55 72 75 79 
0 1 8 13 25 33 38 47 55 64 70 75 78 
0 1 8 13 25 33 38 47 55 64 70 77 84 
0 1 8 13 25 33 38 47 55 64 70 78 83 
0 1 8 13 25 33 38 47 55 64 72 75 79 
0 1 8 13 25 33 38 47 55 64 72 77 84 
0 1 8 13 25 33 38 47 55 64 72 79 84 
0 1 8 13 25 33 38 47 55 64 73 75 78 
0 1 8 13 25 33 38 48 55 64 65 72 79 
0 1 8 13 25 33 38 48 55 64 65 72 80 
0 1 8 13 25 33 38 48 55 64 65 73 80 
0 1 8 13 25 33 38 48 55 64 66 70 77 
0 1 8 13 25 33 38 48 55 64 66 70 78 
0 1 8 13 25 33 38 48 55 64 66 72 77 
0 1 8 13 25 33 38 48 55 64 66 72 80 
0 1 8 13 25 33 38 48 55 64 66 73 78 
0 1 8 13 25 33 38 48 55 64 66 73 80 
0 1 8 13 25 33 38 48 55 64 70 77 84 
0 1 8 13 25 33 38 48 55 64 72 77 84 
0 1 8 13 25 33 38 48 55 64 72 79 84 
0 1 8 13 25 33 38 48 56 64 65 72 79 
0 1 8 13 25 33 38 48 56 64 65 72 80 
0 1 8 13 25 33 38 48 56 64 65 73 80 
0 1 8 13 25 33 38 48 56 64 66 70 77 
0 1 8 13 25 33 38 48 56 64 66 72 77 
0 1 8 13 25 33 38 48 56 64 66 72 80 
0 1 8 13 25 33 38 48 56 64 66 73 78 
0 1 8 13 25 33 38 48 56 64 66 73 80 
0 1 8 13 25 33 38 48 56 64 70 77 84 
0 1 8 13 25 33 38 48 56 64 72 77 84 
0 1 8 13 25 33 38 48 56 64 72 79 84 
0 1 8 13 25 33 38 49 53 56 64 72 80 
0 1 8 13 25 33 38 49 56 64 66 72 77 
0 1 8 13 25 33 38 49 56 64 66 72 80 
0 1 8 13 25 33 38 49 56 64 66 73 78 
0 1 8 13 25 33 38 49 56 64 66 73 80 
0 1 8 13 25 33 38 49 56 64 72 75 79 
0 1 8 13 25 33 38 49 56 64 73 75 78 
0 1 8 13 25 33 38 49 56 64 73 75 81 
0 1 8 13 25 33 38 50 55 64 65 72 79 
0 1 8 13 25 33 38 50 55 64 65 72 80 
0 1 8 13 25 33 38 50 55 64 65 73 80 
0 1 8 13 25 33 38 50 55 64 72 75 79 
0 1 8 13 25 33 38 50 55 64 73 75 78 
0 1 8 13 25 33 38 50 55 64 73 75 81 
0 1 8 13 25 33 40 43 47 55 69 77 84 
0 1 8 13 25 33 40 43 47 55 69 83 85 
0 1 8 13 25 33 40 43 47 55 69 84 85 
0 1 8 13 25 33 40 43 47 55 71 75 78 
0 1 8 13 25 33 40 43 47 55 71 75 79 
0 1 8 13 25 33 40 43 47 55 71 78 83 
0 1 8 13 25 33 40 43 47 55 71 79 84 
0 1 8 13 25 33 40 43 47 55 71 83 85 
0 1 8 13 25 33 40 43 47 55 71 84 85 
0 1 8 13 25 33 40 43 47 55 72 75 79 
0 1 8 13 25 33 40 43 47 55 72 77 84 
0 1 8 13 25 33 40 43 47 55 72 79 84 
0 1 8 13 25 33 40 43 48 55 65 71 79 
0 1 8 13 25 33 40 43 48 55 65 72 79 
0 1 8 13 25 33 40 43 48 55 65 72 80 
0 1 8 13 25 33 40 43 48 55 66 69 77 
0 1 8 13 25 33 40 43 48 55 66 71 78 
0 1 8 13 25 33 40 43 48 55 66 72 77 
0 1 8 13 25 33 40 43 48 55 66 72 80 
0 1 8 13 25 33 40 43 48 55 69 77 84 
0 1 8 13 25 33 40 43 48 55 69 84 85 
0 1 8 13 25 33 40 43 48 55 71 79 84 
0 1 8 13 25 33 40 43 48 55 71 84 85 
0 1 8 13 25 33 40 43 48 55 72 77 84 
0 1 8 13 25 33 40 43 48 55 72 79 84 
0 1 8 13 25 33 40 43 48 56 65 71 79 
0 1 8 13 25 33 40 43 48 56 65 72 79 
0 1 8 13 25 33 40 43 48 56 65 72 80 
0 1 8 13 25 33 40 43 48 56 66 69 77 
0 1 8 13 25 33 40 43 48 56 66 71 78 
0 1 8 13 25 33 40 43 48 56 66 72 80 
0 1 8 13 25 33 40 43 48 56 69 77 84 
0 1 8 13 25 33 40 43 48 56 69 84 85 
0 1 8 13 25 33 40 43 48 56 71 79 84 
0 1 8 13 25 33 40 43 48 56 71 84 85 
0 1 8 13 25 33 40 43 48 56 72 77 84 
0 1 8 13 25 33 40 43 48 56 72 79 84 
0 1 8 13 25 33 40 43 49 53 56 69 81 85 
0 1 8 13 25 33 40 43 49 53 56 72 80 
0 1 8 13 25 33 40 43 49 56 66 69 77 
0 1 8 13 25 33 40 43 49 56 66 71 78 
0 1 8 13 25 33 40 43 49 56 66 72 80 
0 1 8 13 25 33 40 43 49 56 71 75 78 
0 1 8 13 25 33 40 43 49 56 71 75 79 
0 1 8 13 25 33 40 43 49 56 72 75 79 
0 1 8 13 25 33 40 43 50 55 65 71 79 
0 1 8 13 25 33 40 43 50 55 65 72 79 
0 1 8 13 25 33 40 43 50 55 65 72 80 
0 1 8 13 25 33 40 43 50 55 71 75 78 
0 1 8 13 25 33 40 43 50 55 71 75 79 
0 1 8 13 25 33 40 43 50 55 72 75 79 
0 1 8 13 25 33 40 43 51 53 56 69 81 85 
0 1 8 13 25 33 40 43 51 53 56 69 83 85 
0 1 8 13 25 33 40 43 51 53 56 71 83 85 
0 1 8 13 25 33 40 43 51 53 56 72 80 
0 1 8 13 25 33 40 43 51 56 65 71 79 
0 1 8 13 25 33 40 43 51 56 65 72 79 
0 1 8 13 25 33 40 43 51 56 65 72 80 
0 1 8 13 25 33 40 47 55 64 72 75 79 
0 1 8 13 25 33 40 47 55 64 72 77 84 
0 1 8 13 25 33 40 47 55 64 72 79 84 
0 1 8 13 25 33 40 47 55 64 73 75 78 
0 1 8 13 25 33 40 48 55 64 65 72 79 
0 1 8 13 25 33 40 48 55 64 65 72 80 
0 1 8 13 25 33 40 48 55 64 65 73 80 
0 1 8 13 25 33 40 48 55 64 66 72 77 
0 1 8 13 25 33 40 48 55 64 66 72 80 
0 1 8 13 25 33 40 48 55 64 66 73 78 
0 1 8 13 25 33 40 48 55 64 66 73 80 
0 1 8 13 25 33 40 48 55 64 72 77 84 
0 1 8 13 25 33 40 48 55 64 72 79 84 
0 1 8 13 25 33 40 48 56 64 65 72 79 
0 1 8 13 25 33 40 48 56 64 65 72 80 
0 1 8 13 25 33 40 48 56 64 65 73 80 
0 1 8 13 25 33 40 48 56 64 66 72 77 
0 1 8 13 25 33 40 48 56 64 66 72 80 
0 1 8 13 25 33 40 48 56 64 66 73 78 
0 1 8 13 25 33 40 48 56 64 66 73 80 
0 1 8 13 25 33 40 48 56 64 72 77 84 
0 1 8 13 25 33 40 48 56 64 72 79 84 
0 1 8 13 25 33 40 49 53 56 64 72 80 
0 1 8 13 25 33 40 49 53 56 64 73 80 
0 1 8 13 25 33 40 49 53 56 64 73 81 
0 1 8 13 25 33 40 49 56 64 66 72 77 
0 1 8 13 25 33 40 49 56 64 66 72 80 
0 1 8 13 25 33 40 49 56 64 66 73 78 
0 1 8 13 25 33 40 49 56 64 66 73 80 
0 1 8 13 25 33 40 49 56 64 72 75 79 
0 1 8 13 25 33 40 49 56 64 73 75 78 
0 1 8 13 25 33 40 49 56 64 73 75 81 
0 1 8 13 25 33 40 50 55 64 65 72 79 
0 1 8 13 25 33 40 50 55 64 65 72 80 
0 1 8 13 25 33 40 50 55 64 65 73 80 
0 1 8 13 25 33 40 50 55 64 72 75 79 
0 1 8 13 25 33 40 50 55 64 73 75 78 
0 1 8 13 25 33 40 50 55 64 73 75 81 
0 1 8 13 25 33 40 51 53 56 64 72 80 
0 1 8 13 25 33 40 51 53 56 64 73 80 
0 1 8 13 25 33 40 51 53 56 64 73 81 
0 1 8 13 25 33 40 51 56 64 65 72 79 
0 1 8 13 25 33 40 51 56 64 65 72 80 
0 1 8 13 25 33 40 51 56 64 65 73 80 
0 1 8 13 25 37 41 43 47 55 71 75 78 
0 1 8 13 25 37 41 43 47 55 71 75 79 
0 1 8 13 25 37 41 43 47 55 71 78 83 
0 1 8 13 25 37 41 43 47 55 71 79 84 
0 1 8 13 25 37 41 43 47 55 71 83 85 
0 1 8 13 25 37 41 43 47 55 71 84 85 
0 1 8 13 25 37 41 43 47 55 72 75 79 
0 1 8 13 25 37 41 43 47 55 72 77 84 
0 1 8 13 25 37 41 43 47 55 72 79 84 
0 1 8 13 25 37 41 43 48 55 65 71 79 
0 1 8 13 25 37 41 43 48 55 65 72 79 
0 1 8 13 25 37 41 43 48 55 65 72 80 
0 1 8 13 25 37 41 43 48 55 66 71 78 
0 1 8 13 25 37 41 43 48 55 66 72 77 
0 1 8 13 25 37 41 43 48 55 66 72 80 
0 1 8 13 25 37 41 43 48 55 71 79 84 
0 1 8 13 25 37 41 43 48 55 71 84 85 
0 1 8 13 25 37 41 43 48 55 72 77 84 
0 1 8 13 25 37 41 43 48 55 72 79 84 
0 1 8 13 25 37 41 43 48 56 66 71 78 
0 1 8 13 25 37 41 43 48 56 66 72 77 
0 1 8 13 25 37 41 43 48 56 66 72 80 
0 1 8 13 25 37 41 43 48 56 71 79 84 
0 1 8 13 25 37 41 43 48 56 71 84 85 
0 1 8 13 25 37 41 43 48 56 72 77 84 
0 1 8 13 25 37 41 43 48 56 72 79 84 
0 1 8 13 25 37 41 43 49 53 56 72 80 
0 1 8 13 25 37 41 43 49 56 66 71 78 
0 1 8 13 25 37 41 43 49 56 66 72 77 
0 1 8 13 25 37 41 43 49 56 66 72 80 
0 1 8 13 25 37 41 43 49 56 71 75 78 
0 1 8 13 25 37 41 43 49 56 71 75 79 
0 1 8 13 25 37 41 43 49 56 72 75 79 
0 1 8 13 25 37 41 43 51 53 56 71 83 85 
0 1 8 13 25 37 41 43 51 53 56 72 80 
0 1 8 13 25 37 41 43 51 56 65 71 79 
0 1 8 13 25 37 41 43 51 56 65 72 79 
0 1 8 13 25 37 41 43 51 56 65 72 80 
0 1 8 13 25 37 41 47 55 64 70 75 78 
0 1 8 13 25 37 41 47 55 64 70 77 84 
0 1 8 13 25 37 41 47 55 64 70 78 83 
0 1 8 13 25 37 41 47 55 64 72 75 79 
0 1 8 13 25 37 41 47 55 64 72 77 84 
0 1 8 13 25 37 41 47 55 64 72 79 84 
0 1 8 13 25 37 41 47 55 64 73 75 78 
0 1 8 13 25 37 41 48 55 64 65 72 79 
0 1 8 13 25 37 41 48 55 64 66 70 77 
0 1 8 13 25 37 41 48 55 64 66 70 78 
0 1 8 13 25 37 41 48 55 64 66 72 77 
0 1 8 13 25 37 41 48 55 64 66 72 80 
0 1 8 13 25 37 41 48 55 64 66 73 78 
0 1 8 13 25 37 41 48 55 64 66 73 80 
0 1 8 13 25 37 41 48 55 64 70 77 84 
0 1 8 13 25 37 41 48 55 64 72 77 84 
0 1 8 13 25 37 41 48 55 64 72 79 84 
0 1 8 13 25 37 41 48 56 64 66 70 77 
0 1 8 13 25 37 41 48 56 64 66 70 78 
0 1 8 13 25 37 41 48 56 64 66 72 77 
0 1 8 13 25 37 41 48 56 64 66 72 80 
0 1 8 13 25 37 41 48 56 64 66 73 78 
0 1 8 13 25 37 41 48 56 64 66 73 80 
0 1 8 13 25 37 41 48 56 64 70 77 84 
0 1 8 13 25 37 41 48 56 64 72 77 84 
0 1 8 13 25 37 41 48 56 64 72 79 84 
0 1 8 13 25 37 41 49 53 56 64 72 80 
0 1 8 13 25 37 41 49 53 56 64 73 80 
0 1 8 13 25 37 41 49 53 56 64 73 81 
0 1 8 13 25 37 41 49 56 64 66 70 77 
0 1 8 13 25 37 41 49 56 64 66 70 78 
0 1 8 13 25 37 41 49 56 64 66 72 77 
0 1 8 13 25 37 41 49 56 64 66 72 80 
0 1 8 13 25 37 41 49 56 64 66 73 78 
0 1 8 13 25 37 41 49 56 64 66 73 80 
0 1 8 13 25 37 41 49 56 64 70 75 78 
0 1 8 13 25 37 41 49 56 64 72 75 79 
0 1 8 13 25 37 41 49 56 64 73 75 78 
0 1 8 13 25 37 41 49 56 64 73 75 81 
0 1 8 13 25 37 41 51 53 56 64 72 80 
0 1 8 13 25 37 41 51 53 56 64 73 80 
0 1 8 13 25 37 41 51 53 56 64 73 81 
0 1 8 13 25 37 41 51 56 64 65 72 79 
0 1 8 13 25 37 41 51 56 64 65 72 80 
0 1 8 13 25 37 41 51 56 64 65 73 80 
0 1 8 13 28 33 40 43 47 55 69 77 84 
0 1 8 13 28 33 40 43 47 55 69 83 85 
0 1 8 13 28 33 40 43 47 55 69 84 85 
0 1 8 13 28 33 40 43 47 55 71 75 78 
0 1 8 13 28 33 40 43 47 55 71 75 79 
0 1 8 13 28 33 40 43 47 55 71 78 83 
0 1 8 13 28 33 40 43 47 55 71 79 84 
0 1 8 13 28 33 40 43 47 55 71 83 85 
0 1 8 13 28 33 40 43 47 55 71 84 85 
0 1 8 13 28 33 40 43 47 55 72 75 79 
0 1 8 13 28 33 40 43 47 55 72 79 84 
0 1 8 13 28 33 40 43 48 55 65 71 79 
0 1 8 13 28 33 40 43 48 55 65 72 79 
0 1 8 13 28 33 40 43 48 55 65 72 80 
0 1 8 13 28 33 40 43 48 55 66 69 77 
0 1 8 13 28 33 40 43 48 55 66 71 78 
0 1 8 13 28 33 40 43 48 55 66 72 80 
0 1 8 13 28 33 40 43 48 55 69 77 84 
0 1 8 13 28 33 40 43 48 55 69 84 85 
0 1 8 13 28 33 40 43 48 55 71 79 84 
0 1 8 13 28 33 40 43 48 55 71 84 85 
0 1 8 13 28 33 40 43 48 55 72 79 84 
0 1 8 13 28 33 40 43 48 56 65 71 79 
0 1 8 13 28 33 40 43 48 56 65 72 79 
0 1 8 13 28 33 40 43 48 56 65 72 80 
0 1 8 13 28 33 40 43 48 56 66 71 78 
0 1 8 13 28 33 40 43 48 56 66 72 80 
0 1 8 13 28 33 40 43 48 56 69 77 84 
0 1 8 13 28 33 40 43 48 56 69 84 85 
0 1 8 13 28 33 40 43 48 56 71 79 84 
0 1 8 13 28 33 40 43 48 56 71 84 85 
0 1 8 13 28 33 40 43 48 56 72 79 84 
0 1 8 13 28 33 40 43 49 53 56 69 81 85 
0 1 8 13 28 33 40 43 49 53 56 72 80 
0 1 8 13 28 33 40 43 49 56 66 71 78 
0 1 8 13 28 33 40 43 49 56 66 72 80 
0 1 8 13 28 33 40 43 49 56 71 75 78 
0 1 8 13 28 33 40 43 49 56 71 75 79 
0 1 8 13 28 33 40 43 49 56 72 75 79 
0 1 8 13 28 33 40 43 50 55 65 71 79 
0 1 8 13 28 33 40 43 50 55 65 72 79 
0 1 8 13 28 33 40 43 50 55 65 72 80 
0 1 8 13 28 33 40 43 50 55 71 75 78 
0 1 8 13 28 33 40 43 50 55 71 75 79 
0 1 8 13 28 33 40 43 50 55 72 75 79 
0 1 8 13 28 33 40 47 55 64 72 75 79 
0 1 8 13 28 33 40 47 55 64 72 79 84 
0 1 8 13 28 33 40 47 55 64 73 75 78 
0 1 8 13 28 33 40 48 55 64 65 72 79 
0 1 8 13 28 33 40 48 55 64 65 72 80 
0 1 8 13 28 33 40 48 55 64 65 73 80 
0 1 8 13 28 33 40 48 55 64 66 72 80 
0 1 8 13 28 33 40 48 55 64 66 73 78 
0 1 8 13 28 33 40 48 55 64 72 79 84 
0 1 8 13 28 33 40 48 56 64 65 72 79 
0 1 8 13 28 33 40 48 56 64 65 72 80 
0 1 8 13 28 33 40 48 56 64 66 73 78 
0 1 8 13 28 33 40 48 56 64 72 79 84 
0 1 8 13 28 33 40 49 56 64 66 73 78 
0 1 8 13 28 33 40 49 56 64 72 75 79 
0 1 8 13 28 33 40 49 56 64 73 75 78 
0 1 8 13 28 33 40 50 55 64 73 75 78 
0 1 8 15 25 33 38 43 47 55 71 75 78 
0 1 8 15 25 33 38 43 47 55 71 75 79 
0 1 8 15 25 33 38 43 47 55 71 78 83 
0 1 8 15 25 33 38 43 47 55 71 79 84 
0 1 8 15 25 33 38 43 47 55 71 83 85 
0 1 8 15 25 33 38 43 47 55 71 84 85 
0 1 8 15 25 33 38 43 47 55 72 75 79 
0 1 8 15 25 33 38 43 47 55 72 77 84 
0 1 8 15 25 33 38 43 47 55 72 79 84 
0 1 8 15 25 33 38 43 48 55 65 71 79 
0 1 8 15 25 33 38 43 48 55 65 72 79 
0 1 8 15 25 33 38 43 48 55 65 72 80 
0 1 8 15 25 33 38 43 48 55 66 71 78 
0 1 8 15 25 33 38 43 48 55 66 72 77 
0 1 8 15 25 33 38 43 48 55 66 72 80 
0 1 8 15 25 33 38 43 48 55 71 79 84 
0 1 8 15 25 33 38 43 48 55 71 84 85 
0 1 8 15 25 33 38 43 48 55 72 77 84 
0 1 8 15 25 33 38 43 48 55 72 79 84 
0 1 8 15 25 33 38 43 48 56 65 71 79 
0 1 8 15 25 33 38 43 48 56 65 72 79 
0 1 8 15 25 33 38 43 48 56 65 72 80 
0 1 8 15 25 33 38 43 48 56 66 71 78 
0 1 8 15 25 33 38 43 48 56 66 72 80 
0 1 8 15 25 33 38 43 48 56 71 79 84 
0 1 8 15 25 33 38 43 48 56 71 84 85 
0 1 8 15 25 33 38 43 48 56 72 77 84 
0 1 8 15 25 33 38 43 48 56 72 79 84 
0 1 8 15 25 33 38 43 49 56 66 71 78 
0 1 8 15 25 33 38 43 49 56 66 72 80 
0 1 8 15 25 33 38 43 49 56 71 75 78 
0 1 8 15 25 33 38 43 49 56 71 75 79 
0 1 8 15 25 33 38 43 49 56 72 75 79 
0 1 8 15 25 33 38 43 50 55 65 71 79 
0 1 8 15 25 33 38 43 50 55 65 72 79 
0 1 8 15 25 33 38 43 50 55 65 72 80 
0 1 8 15 25 33 38 43 50 55 71 75 78 
0 1 8 15 25 33 38 43 50 55 71 75 79 
0 1 8 15 25 33 38 43 50 55 72 75 79 
0 1 8 15 25 33 38 44 47 55 71 75 78 
0 1 8 15 25 33 38 44 47 55 71 75 79 
0 1 8 15 25 33 38 44 47 55 71 78 83 
0 1 8 15 25 33 38 44 47 55 71 79 84 
0 1 8 15 25 33 38 44 47 55 73 75 78 
0 1 8 15 25 33 38 44 47 55 74 75 79 
0 1 8 15 25 33 38 44 48 55 65 71 79 
0 1 8 15 25 33 38 44 48 55 65 73 80 
0 1 8 15 25 33 38 44 48 55 65 74 79 
0 1 8 15 25 33 38 44 48 55 66 71 78 
0 1 8 15 25 33 38 44 48 55 66 73 78 
0 1 8 15 25 33 38 44 48 55 66 73 80 
0 1 8 15 25 33 38 44 48 55 71 79 84 
0 1 8 15 25 33 38 44 48 56 65 71 79 
0 1 8 15 25 33 38 44 48 56 65 73 80 
0 1 8 15 25 33 38 44 48 56 65 74 79 
0 1 8 15 25 33 38 44 48 56 66 71 78 
0 1 8 15 25 33 38 44 48 56 66 73 78 
0 1 8 15 25 33 38 44 48 56 66 73 80 
0 1 8 15 25 33 38 44 49 56 66 71 78 
0 1 8 15 25 33 38 44 49 56 66 73 78 
0 1 8 15 25 33 38 44 49 56 66 73 80 
0 1 8 15 25 33 38 44 49 56 71 75 78 
0 1 8 15 25 33 38 44 49 56 71 75 79 
0 1 8 15 25 33 38 44 49 56 73 75 78 
0 1 8 15 25 33 38 44 50 55 65 71 79 
0 1 8 15 25 33 38 44 50 55 65 73 80 
0 1 8 15 25 33 38 44 50 55 65 74 79 
0 1 8 15 25 33 38 44 50 55 71 75 78 
0 1 8 15 25 33 38 44 50 55 71 75 79 
0 1 8 15 25 33 38 44 50 55 73 75 78 
0 1 8 15 25 33 38 44 50 55 73 75 81 
0 1 8 15 25 33 38 44 50 55 74 75 79 
0 1 8 15 25 33 38 44 50 55 74 75 81 
0 1 8 15 25 33 38 47 55 67 72 75 79 
0 1 8 15 25 33 38 47 55 67 72 79 84 
0 1 8 15 25 33 38 47 55 67 74 75 79 
0 1 8 15 25 33 38 47 55 67 76 83 
0 1 8 15 25 33 38 48 55 65 67 72 79 
0 1 8 15 25 33 38 48 55 65 67 72 80 
0 1 8 15 25 33 38 48 55 65 67 74 79 
0 1 8 15 25 33 38 48 55 66 67 72 80 
0 1 8 15 25 33 38 48 55 67 72 79 84 
0 1 8 15 25 33 38 48 56 65 67 72 79 
0 1 8 15 25 33 38 48 56 65 67 72 80 
0 1 8 15 25 33 38 48 56 65 67 74 79 
0 1 8 15 25 33 38 48 56 66 67 72 80 
0 1 8 15 25 33 38 48 56 67 72 79 84 
0 1 8 15 25 33 38 49 56 66 67 72 80 
0 1 8 15 25 33 38 50 55 65 67 72 79 
0 1 8 15 25 33 38 50 55 65 67 72 80 
0 1 8 15 25 33 38 50 55 65 67 74 79 
0 1 8 15 25 33 38 50 55 67 72 75 79 
0 1 8 15 25 33 38 50 55 67 74 75 79 
0 1 8 15 25 33 38 50 55 67 74 75 81 
0 1 8 15 25 33 40 43 47 55 71 75 78 
0 1 8 15 25 33 40 43 47 55 71 75 79 
0 1 8 15 25 33 40 43 47 55 71 78 83 
0 1 8 15 25 33 40 43 47 55 71 79 84 
0 1 8 15 25 33 40 43 47 55 71 83 85 
0 1 8 15 25 33 40 43 47 55 71 84 85 
0 1 8 15 25 33 40 43 47 55 72 75 79 
0 1 8 15 25 33 40 43 47 55 72 79 84 
0 1 8 15 25 33 40 43 48 55 65 71 79 
0 1 8 15 25 33 40 43 48 55 65 72 79 
0 1 8 15 25 33 40 43 48 55 65 72 80 
0 1 8 15 25 33 40 43 48 55 66 71 78 
0 1 8 15 25 33 40 43 48 55 66 72 80 
0 1 8 15 25 33 40 43 48 55 71 79 84 
0 1 8 15 25 33 40 43 48 55 71 84 85 
0 1 8 15 25 33 40 43 48 55 72 79 84 
0 1 8 15 25 33 40 43 48 56 65 71 79 
0 1 8 15 25 33 40 43 48 56 65 72 79 
0 1 8 15 25 33 40 43 48 56 65 72 80 
0 1 8 15 25 33 40 43 48 56 66 71 78 
0 1 8 15 25 33 40 43 48 56 66 72 80 
0 1 8 15 25 33 40 43 48 56 71 84 85 
0 1 8 15 25 33 40 43 48 56 72 79 84 
0 1 8 15 25 33 40 43 49 53 56 72 80 
0 1 8 15 25 33 40 43 49 56 66 71 78 
0 1 8 15 25 33 40 43 49 56 66 72 80 
0 1 8 15 25 33 40 43 49 56 71 75 78 
0 1 8 15 25 33 40 43 49 56 71 75 79 
0 1 8 15 25 33 40 43 49 56 72 75 79 
0 1 8 15 25 33 40 43 50 55 65 71 79 
0 1 8 15 25 33 40 43 50 55 65 72 79 
0 1 8 15 25 33 40 43 50 55 65 72 80 
0 1 8 15 25 33 40 43 50 55 71 75 78 
0 1 8 15 25 33 40 43 50 55 71 75 79 
0 1 8 15 25 33 40 43 50 55 72 75 79 
0 1 8 15 25 33 40 44 47 55 71 75 78 
0 1 8 15 25 33 40 44 47 55 71 75 79 
0 1 8 15 25 33 40 44 47 55 71 78 83 
0 1 8 15 25 33 40 44 47 55 74 75 79 
0 1 8 15 25 33 40 44 48 55 65 71 79 
0 1 8 15 25 33 40 44 48 55 65 73 80 
0 1 8 15 25 33 40 44 48 55 65 74 79 
0 1 8 15 25 33 40 44 48 55 66 71 78 
0 1 8 15 25 33 40 44 48 55 66 73 78 
0 1 8 15 25 33 40 44 48 55 66 73 80 
0 1 8 15 25 33 40 44 48 56 65 71 79 
0 1 8 15 25 33 40 44 48 56 65 73 80 
0 1 8 15 25 33 40 44 48 56 65 74 79 
0 1 8 15 25 33 40 44 48 56 66 71 78 
0 1 8 15 25 33 40 44 48 56 66 73 78 
0 1 8 15 25 33 40 44 48 56 66 73 80 
0 1 8 15 25 33 40 44 49 53 56 73 80 
0 1 8 15 25 33 40 44 49 53 56 73 81 
0 1 8 15 25 33 40 44 49 53 56 74 81 
0 1 8 15 25 33 40 44 49 56 66 71 78 
0 1 8 15 25 33 40 44 49 56 66 73 78 
0 1 8 15 25 33 40 44 49 56 66 73 80 
0 1 8 15 25 33 40 44 49 56 71 75 78 
0 1 8 15 25 33 40 44 49 56 71 75 79 
0 1 8 15 25 33 40 44 49 56 73 75 78 
0 1 8 15 25 33 40 44 49 56 73 75 81 
0 1 8 15 25 33 40 44 49 56 74 75 79 
0 1 8 15 25 33 40 44 49 56 74 75 81 
0 1 8 15 25 33 40 44 50 55 65 71 79 
0 1 8 15 25 33 40 44 50 55 65 74 79 
0 1 8 15 25 33 40 44 50 55 71 75 78 
0 1 8 15 25 33 40 44 50 55 71 75 79 
0 1 8 15 25 33 40 44 50 55 73 75 78 
0 1 8 15 25 33 40 44 50 55 73 75 81 
0 1 8 15 25 33 40 44 50 55 74 75 79 
0 1 8 15 25 33 40 44 50 55 74 75 81 
0 1 8 15 25 33 40 47 55 67 72 75 79 
0 1 8 15 25 33 40 47 55 67 72 79 84 
0 1 8 15 25 33 40 47 55 67 74 75 79 
0 1 8 15 25 33 40 47 55 67 76 83 
0 1 8 15 25 33 40 48 55 65 67 72 79 
0 1 8 15 25 33 40 48 55 65 67 72 80 
0 1 8 15 25 33 40 48 55 65 67 74 79 
0 1 8 15 25 33 40 48 55 66 67 72 80 
0 1 8 15 25 33 40 48 55 67 72 79 84 
0 1 8 15 25 33 40 48 56 65 67 72 79 
0 1 8 15 25 33 40 48 56 65 67 72 80 
0 1 8 15 25 33 40 48 56 65 67 74 79 
0 1 8 15 25 33 40 48 56 66 67 72 80 
0 1 8 15 25 33 40 48 56 67 72 79 84 
0 1 8 15 25 33 40 49 53 56 67 72 80 
0 1 8 15 25 33 40 49 53 56 67 74 81 
0 1 8 15 25 33 40 49 56 66 67 72 80 
0 1 8 15 25 33 40 49 56 67 72 75 79 
0 1 8 15 25 33 40 49 56 67 74 75 79 
0 1 8 15 25 33 40 49 56 67 74 75 81 
0 1 8 15 25 33 40 50 55 65 67 72 79 
0 1 8 15 25 33 40 50 55 65 67 72 80 
0 1 8 15 25 33 40 50 55 65 67 74 79 
0 1 8 15 25 33 40 50 55 67 72 75 79 
0 1 8 15 25 33 40 50 55 67 74 75 79 
0 1 8 15 25 33 40 50 55 67 74 75 81 
0 1 8 15 25 37 41 43 47 55 71 75 78 
0 1 8 15 25 37 41 43 47 55 71 75 79 
0 1 8 15 25 37 41 43 47 55 71 78 83 
0 1 8 15 25 37 41 43 47 55 71 83 85 
0 1 8 15 25 37 41 43 47 55 71 84 85 
0 1 8 15 25 37 41 43 47 55 72 75 79 
0 1 8 15 25 37 41 43 47 55 72 77 84 
0 1 8 15 25 37 41 43 47 55 72 79 84 
0 1 8 15 25 37 41 43 48 55 66 71 78 
0 1 8 15 25 37 41 43 48 55 66 72 77 
0 1 8 15 25 37 41 43 48 55 66 72 80 
0 1 8 15 25 37 41 43 48 55 71 84 85 
0 1 8 15 25 37 41 43 48 55 72 77 84 
0 1 8 15 25 37 41 43 48 55 72 79 84 
0 1 8 15 25 37 41 43 48 56 66 71 78 
0 1 8 15 25 37 41 43 48 56 66 72 77 
0 1 8 15 25 37 41 43 48 56 66 72 80 
0 1 8 15 25 37 41 43 48 56 71 84 85 
0 1 8 15 25 37 41 43 48 56 72 77 84 
0 1 8 15 25 37 41 43 48 56 72 79 84 
0 1 8 15 25 37 41 43 49 53 56 72 80 
0 1 8 15 25 37 41 43 49 56 66 71 78 
0 1 8 15 25 37 41 43 49 56 66 72 77 
0 1 8 15 25 37 41 43 49 56 66 72 80 
0 1 8 15 25 37 41 43 49 56 71 75 78 
0 1 8 15 25 37 41 43 49 56 71 75 79 
0 1 8 15 25 37 41 43 49 56 72 75 79 
0 1 8 15 25 37 41 44 47 55 71 75 79 
0 1 8 15 25 37 41 44 47 55 71 78 83 
0 1 8 15 25 37 41 44 47 55 74 75 79 
0 1 8 15 25 37 41 44 48 55 66 71 78 
0 1 8 15 25 37 41 44 48 56 66 71 78 
0 1 8 15 25 37 41 44 48 56 66 73 78 
0 1 8 15 25 37 41 44 48 56 66 73 80 
0 1 8 15 25 37 41 44 49 53 56 73 80 
0 1 8 15 25 37 41 44 49 53 56 73 81 
0 1 8 15 25 37 41 44 49 53 56 74 81 
0 1 8 15 25 37 41 44 49 56 66 71 78 
0 1 8 15 25 37 41 44 49 56 66 73 78 
0 1 8 15 25 37 41 44 49 56 66 73 80 
0 1 8 15 25 37 41 44 49 56 71 75 78 
0 1 8 15 25 37 41 44 49 56 71 75 79 
0 1 8 15 25 37 41 44 49 56 73 75 78 
0 1 8 15 25 37 41 44 49 56 73 75 81 
0 1 8 15 25 37 41 44 49 56 74 75 79 
0 1 8 15 25 37 41 44 49 56 74 75 81 
0 1 8 15 25 37 41 47 55 67 72 75 79 
0 1 8 15 25 37 41 47 55 67 72 79 84 
0 1 8 15 25 37 41 47 55 67 74 75 79 
0 1 8 15 25 37 41 47 55 67 76 83 
0 1 8 15 25 37 41 48 55 67 72 79 84 
0 1 8 15 25 37 41 48 56 66 67 72 80 
0 1 8 15 25 37 41 49 53 56 67 72 80 
0 1 8 15 25 37 41 49 53 56 67 74 81 
0 1 8 15 25 37 41 49 56 66 67 72 80 
0 1 8 15 25 37 41 49 56 67 72 75 79 
0 1 8 15 25 37 41 49 56 67 74 75 79 
0 1 8 15 25 37 41 49 56 67 74 75 81 
0 1 8 15 25 40 41 43 47 55 71 75 78 
0 1 8 15 25 40 41 43 47 55 71 75 79 
0 1 8 15 25 40 41 43 47 55 71 78 83 
0 1 8 15 25 40 41 43 47 55 71 83 85 
0 1 8 15 25 40 41 43 47 55 71 84 85 
0 1 8 15 25 40 41 43 47 55 72 75 79 
0 1 8 15 25 40 41 43 47 55 72 79 84 
0 1 8 15 25 40 41 43 48 55 65 71 79 
0 1 8 15 25 40 41 43 48 55 65 72 79 
0 1 8 15 25 40 41 43 48 55 65 72 80 
0 1 8 15 25 40 41 43 48 55 66 71 78 
0 1 8 15 25 40 41 43 48 55 66 72 80 
0 1 8 15 25 40 41 43 48 55 71 84 85 
0 1 8 15 25 40 41 43 48 55 72 79 84 
0 1 8 15 25 40 41 43 48 56 65 71 79 
0 1 8 15 25 40 41 43 48 56 65 72 79 
0 1 8 15 25 40 41 43 48 56 65 72 80 
0 1 8 15 25 40 41 43 48 56 66 71 78 
0 1 8 15 25 40 41 43 48 56 66 72 80 
0 1 8 15 25 40 41 43 48 56 71 84 85 
0 1 8 15 25 40 41 43 50 55 65 71 79 
0 1 8 15 25 40 41 43 50 55 65 72 79 
0 1 8 15 25 40 41 43 50 55 65 72 80 
0 1 8 15 25 40 41 43 50 55 71 75 78 
0 1 8 15 25 40 41 43 50 55 71 75 79 
0 1 8 15 25 40 41 43 50 55 72 75 79 
0 1 8 15 25 40 41 44 47 55 71 75 79 
0 1 8 15 25 40 41 44 47 55 71 78 83 
0 1 8 15 25 40 41 44 48 55 65 71 79 
0 1 8 15 25 40 41 44 48 55 65 74 79 
0 1 8 15 25 40 41 44 48 55 66 71 78 
0 1 8 15 25 40 41 44 48 55 66 73 78 
0 1 8 15 25 40 41 44 48 55 66 73 80 
0 1 8 15 25 40 41 44 48 56 65 71 79 
0 1 8 15 25 40 41 44 48 56 65 73 80 
0 1 8 15 25 40 41 44 48 56 65 74 79 
0 1 8 15 25 40 41 44 48 56 66 71 78 
0 1 8 15 25 40 41 44 48 56 66 73 78 
0 1 8 15 25 40 41 44 48 56 66 73 80 
0 1 8 15 25 40 41 44 50 55 65 71 79 
0 1 8 15 25 40 41 44 50 55 65 74 79 
0 1 8 15 25 40 41 44 50 55 71 75 78 
0 1 8 15 25 40 41 44 50 55 71 75 79 
0 1 8 15 25 40 41 44 50 55 73 75 78 
0 1 8 15 25 40 41 44 50 55 73 75 81 
0 1 8 15 25 40 41 44 50 55 74 75 79 
0 1 8 15 25 40 41 44 50 55 74 75 81 
0 1 8 15 25 40 41 47 55 67 72 75 79 
0 1 8 15 25 40 41 47 55 67 74 75 79 
0 1 8 15 25 40 41 47 55 67 76 83 
0 1 8 15 25 40 41 48 55 65 67 72 79 
0 1 8 15 25 40 41 48 55 65 67 72 80 
0 1 8 15 25 40 41 48 55 65 67 74 79 
0 1 8 15 25 40 41 48 55 66 67 72 80 
0 1 8 15 25 40 41 48 56 65 67 72 79 
0 1 8 15 25 40 41 48 56 65 67 72 80 
0 1 8 15 25 40 41 48 56 65 67 74 79 
0 1 8 15 25 40 41 48 56 66 67 72 80 
0 1 8 15 25 40 41 50 55 65 67 72 79 
0 1 8 15 25 40 41 50 55 65 67 72 80 
0 1 8 15 25 40 41 50 55 65 67 74 79 
0 1 8 15 25 40 41 50 55 67 72 75 79 
0 1 8 15 25 40 41 50 55 67 74 75 79 
0 1 8 15 25 40 41 50 55 67 74 75 81 
0 1 8 15 27 40 41 47 55 67 72 75 79 
0 1 8 15 27 40 41 47 55 67 74 75 79 
0 1 8 15 27 40 41 47 55 67 76 83 
0 1 8 15 27 40 41 48 55 65 67 72 79 
0 1 8 15 27 40 41 48 55 65 67 72 80 
0 1 8 15 27 40 41 48 55 65 67 74 79 
0 1 8 15 27 40 41 48 55 65 67 76 80 
0 1 8 15 27 40 41 48 55 66 67 72 80 
0 1 8 15 27 40 41 48 56 65 67 72 79 
0 1 8 15 27 40 41 48 56 65 67 74 79 
0 1 8 15 27 40 41 50 55 65 67 72 79 
0 1 8 15 27 40 41 50 55 65 67 74 79 
0 1 8 15 27 40 41 50 55 67 72 75 79 
0 1 8 15 27 40 41 50 55 67 74 75 79 
0 1 8 15 27 40 41 50 55 67 74 75 81 
0 1 8 15 28 33 40 43 47 55 71 75 78 
0 1 8 15 28 33 40 43 47 55 71 75 79 
0 1 8 15 28 33 40 43 47 55 71 78 83 
0 1 8 15 28 33 40 43 47 55 71 83 85 
0 1 8 15 28 33 40 43 47 55 71 84 85 
0 1 8 15 28 33 40 43 47 55 72 75 79 
0 1 8 15 28 33 40 43 48 55 65 71 79 
0 1 8 15 28 33 40 43 48 55 65 72 79 
0 1 8 15 28 33 40 43 48 55 65 72 80 
0 1 8 15 28 33 40 43 48 55 66 71 78 
0 1 8 15 28 33 40 43 48 55 66 72 80 
0 1 8 15 28 33 40 43 48 55 71 84 85 
0 1 8 15 28 33 40 43 48 56 65 71 79 
0 1 8 15 28 33 40 43 48 56 65 72 79 
0 1 8 15 28 33 40 43 48 56 65 72 80 
0 1 8 15 28 33 40 43 48 56 66 71 78 
0 1 8 15 28 33 40 43 48 56 66 72 80 
0 1 8 15 28 33 40 43 50 55 65 71 79 
0 1 8 15 28 33 40 43 50 55 65 72 79 
0 1 8 15 28 33 40 43 50 55 65 72 80 
0 1 8 15 28 33 40 43 50 55 71 75 78 
0 1 8 15 28 33 40 43 50 55 71 75 79 
0 1 8 15 28 33 40 43 50 55 72 75 79 
0 1 8 15 28 33 40 44 47 55 71 78 83 
0 1 8 15 28 33 40 44 48 55 65 71 79 
0 1 8 15 28 33 40 44 48 55 65 73 80 
0 1 8 15 28 33 40 44 48 55 65 74 79 
0 1 8 15 28 33 40 44 48 55 66 71 78 
0 1 8 15 28 33 40 44 48 55 66 73 78 
0 1 8 15 28 33 40 44 48 55 66 73 80 
0 1 8 15 28 33 40 44 48 56 65 71 79 
0 1 8 15 28 33 40 44 48 56 65 73 80 
0 1 8 15 28 33 40 44 48 56 65 74 79 
0 1 8 15 28 33 40 44 48 56 66 71 78 
0 1 8 15 28 33 40 44 48 56 66 73 78 
0 1 8 15 28 33 40 44 48 56 66 73 80 
0 1 8 15 28 33 40 44 50 55 65 71 79 
0 1 8 15 28 33 40 44 50 55 65 73 80 
0 1 8 15 28 33 40 44 50 55 65 74 79 
0 1 8 15 28 33 40 44 50 55 65 74 82 
0 1 8 15 28 33 40 44 50 55 71 75 78 
0 1 8 15 28 33 40 44 50 55 71 75 79 
0 1 8 15 28 33 40 44 50 55 73 75 78 
0 1 8 15 28 33 40 44 50 55 73 75 81 
0 1 8 15 28 33 40 44 50 55 74 75 79 
0 1 8 15 28 33 40 44 50 55 74 75 81 
0 1 8 15 28 33 40 47 55 67 72 75 79 
0 1 8 15 28 33 40 47 55 67 74 75 79 
0 1 8 15 28 33 40 47 55 67 76 83 
0 1 8 15 28 33 40 48 55 65 67 72 79 
0 1 8 15 28 33 40 48 55 65 67 72 80 
0 1 8 15 28 33 40 48 55 65 67 74 79 
0 1 8 15 28 33 40 48 55 65 67 76 80 
0 1 8 15 28 33 40 48 55 66 67 72 80 
0 1 8 15 28 33 40 48 56 65 67 72 79 
0 1 8 15 28 33 40 48 56 65 67 72 80 
0 1 8 15 28 33 40 48 56 65 67 74 79 
0 1 8 15 28 33 40 48 56 65 67 76 80 
0 1 8 15 28 33 40 48 56 66 67 72 80 
0 1 8 15 28 33 40 50 55 65 67 72 79 
0 1 8 15 28 33 40 50 55 65 67 72 80 
0 1 8 15 28 33 40 50 55 65 67 74 79 
0 1 8 15 28 33 40 50 55 65 67 74 82 
0 1 8 15 28 33 40 50 55 65 67 76 80 
0 1 8 15 28 33 40 50 55 65 67 76 82 
0 1 8 15 28 33 40 50 55 67 72 75 79 
0 1 8 15 28 33 40 50 55 67 74 75 79 
0 1 8 15 28 33 40 50 55 67 74 75 81 
0 1 8 16 25 33 38 47 55 64 72 75 79 
0 1 8 16 25 33 38 47 55 64 72 79 84 
0 1 8 16 25 33 38 47 55 64 73 75 78 
0 1 8 16 25 33 38 47 55 67 72 75 79 
0 1 8 16 25 33 38 47 55 67 72 79 84 
0 1 8 16 25 33 38 47 55 67 76 83 
0 1 8 16 25 33 38 47 55 68 76 83 
0 1 8 16 25 33 38 47 55 68 83 85 
0 1 8 16 25 33 38 47 55 68 84 85 
0 1 8 16 25 33 38 48 55 64 65 72 79 
0 1 8 16 25 33 38 48 55 64 65 72 80 
0 1 8 16 25 33 38 48 55 64 72 79 84 
0 1 8 16 25 33 38 48 55 65 67 72 79 
0 1 8 16 25 33 38 48 55 65 67 72 80 
0 1 8 16 25 33 38 48 55 67 72 79 84 
0 1 8 16 25 33 38 48 55 68 84 85 
0 1 8 16 25 33 38 50 55 64 65 72 79 
0 1 8 16 25 33 38 50 55 64 65 72 80 
0 1 8 16 25 33 38 50 55 64 72 75 79 
0 1 8 16 25 33 38 50 55 64 73 75 78 
0 1 8 16 25 33 38 50 55 64 73 75 81 
0 1 8 16 25 33 38 50 55 65 67 72 79 
0 1 8 16 25 33 38 50 55 67 72 75 79 
0 1 8 16 25 33 38 50 55 68 73 75 81 
0 1 8 16 25 33 40 47 55 64 73 75 78 
0 1 8 16 25 33 40 47 55 67 72 75 79 
0 1 8 16 25 33 40 47 55 67 72 79 84 
0 1 8 16 25 33 40 47 55 67 76 83 
0 1 8 16 25 33 40 47 55 68 76 83 
0 1 8 16 25 33 40 47 55 68 83 85 
0 1 8 16 25 33 40 47 55 68 84 85 
0 1 8 16 25 33 40 48 55 64 65 72 80 
0 1 8 16 25 33 40 48 55 65 67 72 79 
0 1 8 16 25 33 40 48 55 67 72 79 84 
0 1 8 16 25 33 40 48 55 68 84 85 
0 1 8 16 25 33 40 48 56 64 65 72 80 
0 1 8 16 25 33 40 48 56 65 67 72 80 
0 1 8 16 25 33 40 48 56 66 67 72 80 
0 1 8 16 25 33 40 48 56 66 68 73 80 
0 1 8 16 25 33 40 48 56 67 72 79 84 
0 1 8 16 25 33 40 48 56 68 84 85 
0 1 8 16 25 33 40 50 55 64 73 75 78 
0 1 8 16 25 33 40 50 55 65 67 72 79 
0 1 8 16 25 33 40 50 55 67 72 75 79 
0 1 8 16 25 33 40 50 55 68 73 75 81 
0 1 8 16 25 37 41 47 55 64 72 75 79 
0 1 8 16 25 37 41 47 55 64 72 79 84 
0 1 8 16 25 37 41 47 55 64 73 75 78 
0 1 8 16 25 37 41 47 55 67 72 75 79 
0 1 8 16 25 37 41 47 55 67 72 79 84 
0 1 8 16 25 37 41 47 55 67 76 83 
0 1 8 16 25 37 41 47 55 68 76 83 
0 1 8 16 25 37 41 47 55 68 83 85 
0 1 8 16 25 37 41 47 55 68 84 85 
0 1 8 16 25 37 41 48 55 64 72 77 84 
0 1 8 16 25 37 41 48 55 64 72 79 84 
0 1 8 16 25 37 41 48 55 68 84 85 
0 1 8 16 25 37 41 48 56 64 66 72 80 
0 1 8 16 25 37 41 48 56 64 72 77 84 
0 1 8 16 25 37 41 48 56 64 72 79 84 
0 1 8 16 25 37 41 48 56 66 67 72 80 
0 1 8 16 25 37 41 48 56 66 68 73 80 
0 1 8 16 25 37 41 48 56 67 72 79 84 
0 1 8 16 25 37 41 48 56 68 84 85 
0 1 8 16 25 40 41 47 55 64 73 75 78 
0 1 8 16 25 40 41 47 55 67 72 75 79 
0 1 8 16 25 40 41 47 55 67 72 79 84 
0 1 8 16 25 40 41 47 55 67 76 83 
0 1 8 16 25 40 41 47 55 68 76 83 
0 1 8 16 25 40 41 47 55 68 83 85 
0 1 8 16 25 40 41 47 55 68 84 85 
0 1 8 16 25 40 41 48 55 68 84 85 
0 1 8 16 25 40 41 50 55 64 73 75 78 
0 1 8 16 25 40 41 50 55 64 73 75 81 
0 1 8 16 25 40 41 50 55 65 67 72 79 
0 1 8 16 25 40 41 50 55 67 72 75 79 
0 1 8 16 25 40 41 50 55 68 73 75 81 
0 1 8 16 27 40 41 47 55 64 73 75 78 
0 1 8 16 27 40 41 47 55 67 72 75 79 
0 1 8 16 27 40 41 47 55 67 72 79 84 
0 1 8 16 27 40 41 47 55 67 76 83 
0 1 8 16 27 40 41 47 55 68 76 83 
0 1 8 16 27 40 41 47 55 68 83 85 
0 1 8 16 27 40 41 48 55 64 65 73 80 
0 1 8 16 27 40 41 50 55 64 73 75 78 
0 1 8 16 28 33 40 47 55 67 72 75 79 
0 1 8 16 28 33 40 47 55 67 72 79 84 
0 1 8 16 28 33 40 47 55 67 76 83 
0 1 8 16 28 33 40 47 55 68 76 83 
0 1 8 16 28 33 40 47 55 68 83 85 
0 1 8 16 28 33 40 47 55 68 84 85 
0 1 8 16 28 33 40 48 55 65 68 73 80 
0 1 8 16 28 33 40 48 55 65 68 76 80 
0 1 8 16 28 33 40 48 55 68 84 85 
0 1 8 16 28 33 40 50 55 65 67 72 79 
0 1 8 16 28 33 40 50 55 65 67 72 80 
0 1 8 16 28 33 40 50 55 65 67 76 80 
0 1 8 16 28 33 40 50 55 65 67 76 82 
0 1 8 16 28 33 40 50 55 65 68 73 80 
0 1 8 16 28 33 40 50 55 65 68 76 80 
0 1 8 16 28 33 40 50 55 67 72 75 79 
0 1 8 16 28 33 40 50 55 68 73 75 81 
0 1 10 14 25 33 38 44 47 55 71 75 78 
0 1 10 14 25 33 38 44 47 55 71 75 79 
0 1 10 14 25 33 38 44 47 55 71 79 84 
0 1 10 14 25 33 38 44 47 55 73 75 78 
0 1 10 14 25 33 38 44 47 55 74 75 79 
0 1 10 14 25 33 38 44 48 55 65 71 79 
0 1 10 14 25 33 38 44 48 55 66 73 80 
0 1 10 14 25 33 38 44 48 55 71 79 84 
0 1 10 14 25 33 38 44 50 55 65 71 79 
0 1 10 14 25 33 38 44 50 55 65 74 79 
0 1 10 14 25 33 38 44 50 55 71 75 78 
0 1 10 14 25 33 38 44 50 55 71 75 79 
0 1 10 14 25 33 38 44 50 55 73 75 78 
0 1 10 14 25 33 38 44 50 55 73 75 81 
0 1 10 14 25 33 38 44 50 55 74 75 79 
0 1 10 14 25 33 38 44 50 55 74 75 81 
0 1 10 14 25 37 41 44 47 55 71 75 79 
0 1 10 14 25 37 41 44 47 55 71 79 84 
0 1 10 14 25 37 41 44 47 55 74 75 79 
0 1 10 14 25 37 41 47 55 64 72 75 79 
0 1 10 14 25 37 41 47 55 64 72 77 84 
0 1 10 14 25 37 41 47 55 64 72 79 84 
0 1 10 14 25 40 41 44 47 55 71 75 79 
0 1 10 14 25 40 41 44 47 55 71 79 84 
0 1 10 14 25 40 41 44 48 55 66 73 80 
0 1 10 14 25 40 41 44 48 55 71 79 84 
0 1 10 14 25 40 41 48 55 64 66 73 80 
0 1 10 14 27 40 41 44 47 55 71 79 84 
0 1 10 14 27 40 41 44 48 55 65 71 79 
0 1 10 14 27 40 41 44 48 55 65 73 80 
0 1 10 14 27 40 41 44 48 55 65 74 79 
0 1 10 14 27 40 41 44 48 55 66 73 80 
0 1 10 14 27 40 41 44 48 55 71 79 84 
0 1 10 14 27 40 41 48 55 64 65 73 80 
0 1 10 16 25 33 38 47 55 64 72 75 79 
0 1 10 16 25 33 38 47 55 64 72 77 84 
0 1 10 16 25 33 38 47 55 64 72 79 84 
0 1 10 16 25 33 38 47 55 67 72 75 79 
0 1 10 16 25 33 38 47 55 67 72 79 84 
0 1 10 16 25 33 38 47 55 67 76 83 
0 1 10 16 25 33 38 47 55 68 76 83 
0 1 10 16 25 33 38 47 55 68 83 85 
0 1 10 16 25 33 38 47 55 68 84 85 
0 1 10 16 25 33 38 48 55 64 72 77 84 
0 1 10 16 25 33 38 48 55 64 72 79 84 
0 1 10 16 25 33 38 48 55 68 84 85 
0 1 10 16 25 33 40 47 55 67 72 75 79 
0 1 10 16 25 33 40 47 55 67 72 79 84 
0 1 10 16 25 33 40 47 55 67 76 83 
0 1 10 16 25 33 40 47 55 68 76 83 
0 1 10 16 25 33 40 47 55 68 83 85 
0 1 10 16 25 33 40 47 55 68 84 85 
0 1 10 16 25 33 40 48 55 68 84 85 
0 1 10 16 25 37 41 47 55 64 72 77 84 
0 1 10 16 25 37 41 47 55 64 72 79 84 
0 1 10 16 25 37 41 47 55 67 76 83 
0 1 10 16 25 37 41 47 55 68 76 83 
0 1 10 16 25 37 41 47 55 68 83 85 
0 1 10 16 25 37 41 47 55 68 84 85 
0 1 10 16 25 40 41 47 55 67 72 75 79 
0 1 10 16 25 40 41 47 55 67 72 79 84 
0 1 10 16 25 40 41 47 55 67 76 83 
0 1 10 16 25 40 41 47 55 68 76 83 
0 1 10 16 25 40 41 47 55 68 83 85 
0 1 10 16 25 40 41 47 55 68 84 85 
0 1 10 16 27 40 41 47 55 67 72 75 79 
0 1 10 16 27 40 41 47 55 67 72 79 84 
0 1 10 16 27 40 41 47 55 67 76 83 
0 1 10 16 27 40 41 47 55 68 76 83 
0 1 10 16 27 40 41 47 55 68 83 85 
0 1 10 16 27 40 41 47 55 68 84 85 
0 1 10 17 25 33 38 47 55 68 76 83 
0 1 10 17 25 33 38 47 55 68 83 85 
0 1 10 17 25 33 38 47 55 68 84 85 
0 1 10 17 25 33 38 47 55 69 77 84 
0 1 10 17 25 33 38 47 55 69 83 85 
0 1 10 17 25 33 38 47 55 69 84 85 
0 1 10 17 25 33 40 47 55 68 76 83 
0 1 10 17 25 33 40 47 55 68 83 85 
0 1 10 17 25 33 40 47 55 68 84 85 
0 1 10 17 25 33 40 47 55 69 77 84 
0 1 10 17 25 33 40 47 55 69 83 85 
0 1 10 17 25 33 40 47 55 69 84 85 
0 1 10 17 25 37 41 47 55 68 76 83 
0 1 10 17 25 37 41 47 55 68 83 85 
0 2 7 14 20 25 39 41 47 55 70 75 78 
0 2 7 14 20 25 39 41 47 55 70 77 84 
0 2 7 14 20 25 39 41 48 55 66 70 77 
0 2 7 14 20 25 39 41 48 55 66 70 78 
0 2 7 14 20 25 39 41 48 55 70 77 84 
0 2 7 14 20 25 39 41 48 56 66 70 77 
0 2 7 14 20 25 39 41 48 56 66 70 78 
0 2 7 14 20 25 39 41 48 56 70 77 84 
0 2 7 14 20 25 39 41 49 56 66 70 77 
0 2 7 14 20 25 39 41 49 56 66 70 78 
0 2 7 14 20 25 39 41 49 56 70 75 78 
0 2 7 14 20 27 34 39 47 55 70 75 78 
0 2 7 14 20 27 34 39 47 55 70 77 84 
0 2 7 14 20 27 34 39 48 55 66 70 77 
0 2 7 14 20 27 34 39 48 55 66 70 78 
0 2 7 14 20 27 34 39 48 55 70 77 84 
0 2 7 14 20 27 34 39 48 56 66 70 78 
0 2 7 14 20 27 34 39 48 56 70 77 84 
0 2 7 14 20 27 34 39 49 56 66 70 78 
0 2 7 14 20 27 34 39 49 56 70 75 78 
0 2 7 14 20 27 34 39 50 55 70 75 78 
0 2 7 14 20 27 34 39 50 58 70 75 78 
0 2 7 14 20 27 39 41 47 55 70 75 78 
0 2 7 14 20 27 39 41 47 55 70 77 84 
0 2 7 14 20 27 39 41 48 55 66 70 77 
0 2 7 14 20 27 39 41 48 55 66 70 78 
0 2 7 14 20 27 39 41 48 55 70 77 84 
0 2 7 14 20 27 39 41 48 56 66 70 77 
0 2 7 14 20 27 39 41 48 56 66 70 78 
0 2 7 14 20 27 39 41 48 56 70 77 84 
0 2 7 14 20 27 39 41 49 56 66 70 77 
0 2 7 14 20 27 39 41 49 56 66 70 78 
0 2 7 14 20 27 39 41 49 56 70 75 78 
0 2 7 14 25 39 41 44 48 55 66 73 78 
0 2 7 14 25 39 41 44 48 55 66 73 80 
0 2 7 14 25 39 41 44 48 56 66 73 78 
0 2 7 14 25 39 41 44 49 53 56 73 80 
0 2 7 14 25 39 41 44 49 53 56 73 81 
0 2 7 14 25 39 41 44 49 53 56 74 81 
0 2 7 14 25 39 41 44 49 56 66 73 78 
0 2 7 14 25 39 41 44 49 56 66 73 80 
0 2 7 14 25 39 41 44 49 56 73 75 78 
0 2 7 14 25 39 41 44 49 56 73 75 81 
0 2 7 14 25 39 41 44 49 56 74 75 79 
0 2 7 14 25 39 41 44 49 56 74 75 81 
0 2 7 14 25 39 41 47 55 64 70 75 78 
0 2 7 14 25 39 41 47 55 64 70 77 84 
0 2 7 14 25 39 41 47 55 64 72 75 79 
0 2 7 14 25 39 41 47 55 64 72 77 84 
0 2 7 14 25 39 41 47 55 64 72 79 84 
0 2 7 14 25 39 41 47 55 64 73 75 78 
0 2 7 14 25 39 41 48 55 64 66 70 77 
0 2 7 14 25 39 41 48 55 64 66 70 78 
0 2 7 14 25 39 41 48 55 64 66 72 77 
0 2 7 14 25 39 41 48 55 64 66 72 80 
0 2 7 14 25 39 41 48 55 64 66 73 78 
0 2 7 14 25 39 41 48 55 64 66 73 80 
0 2 7 14 25 39 41 48 55 64 70 77 84 
0 2 7 14 25 39 41 48 55 64 72 79 84 
0 2 7 14 25 39 41 49 53 56 64 72 80 
0 2 7 14 25 39 41 49 53 56 64 73 80 
0 2 7 14 25 39 41 49 53 56 64 73 81 
0 2 7 14 25 39 41 49 56 64 66 72 80 
0 2 7 14 25 39 41 49 56 64 66 73 78 
0 2 7 14 25 39 41 49 56 64 72 75 79 
0 2 7 14 27 34 39 44 48 55 65 73 80 
0 2 7 14 27 34 39 44 48 55 66 73 78 
0 2 7 14 27 34 39 44 48 55 66 73 80 
0 2 7 14 27 34 39 44 48 56 65 73 80 
0 2 7 14 27 34 39 44 48 56 65 74 79 
0 2 7 14 27 34 39 44 48 56 66 73 78 
0 2 7 14 27 34 39 44 48 56 66 73 80 
0 2 7 14 27 34 39 44 49 53 56 73 80 
0 2 7 14 27 34 39 44 49 53 56 73 81 
0 2 7 14 27 34 39 44 49 53 56 74 81 
0 2 7 14 27 34 39 44 49 56 66 73 78 
0 2 7 14 27 34 39 44 49 56 66 73 80 
0 2 7 14 27 34 39 44 49 56 73 75 78 
0 2 7 14 27 34 39 44 49 56 73 75 81 
0 2 7 14 27 34 39 44 49 56 74 75 79 
0 2 7 14 27 34 39 44 49 56 74 75 81 
0 2 7 14 27 34 39 44 50 55 65 73 80 
0 2 7 14 27 34 39 44 50 55 73 75 78 
0 2 7 14 27 34 39 44 50 55 73 75 81 
0 2 7 14 27 34 39 44 50 58 65 73 80 
0 2 7 14 27 34 39 44 50 58 65 74 79 
0 2 7 14 27 34 39 44 50 58 73 75 78 
0 2 7 14 27 34 39 44 50 58 73 75 81 
0 2 7 14 27 34 39 44 50 58 74 75 79 
0 2 7 14 27 34 39 44 50 58 74 75 81 
0 2 7 14 27 34 39 47 55 64 70 75 78 
0 2 7 14 27 34 39 47 55 64 72 75 79 
0 2 7 14 27 34 39 47 55 64 72 79 84 
0 2 7 14 27 34 39 47 55 64 73 75 78 
0 2 7 14 27 34 39 48 55 64 65 72 79 
0 2 7 14 27 34 39 48 55 64 65 72 80 
0 2 7 14 27 34 39 48 55 64 65 73 80 
0 2 7 14 27 34 39 48 55 64 66 70 78 
0 2 7 14 27 34 39 48 55 64 66 72 80 
0 2 7 14 27 34 39 48 55 64 66 73 78 
0 2 7 14 27 34 39 48 55 64 72 79 84 
0 2 7 14 27 34 39 48 56 64 65 72 79 
0 2 7 14 27 34 39 48 56 64 65 72 80 
0 2 7 14 27 34 39 48 56 64 66 70 78 
0 2 7 14 27 34 39 48 56 64 66 73 78 
0 2 7 14 27 34 39 48 56 64 72 79 84 
0 2 7 14 27 34 39 49 56 64 66 70 78 
0 2 7 14 27 34 39 49 56 64 66 73 78 
0 2 7 14 27 34 39 49 56 64 70 75 78 
0 2 7 14 27 34 39 49 56 64 72 75 79 
0 2 7 14 27 34 39 49 56 64 73 75 78 
0 2 7 14 27 34 39 50 55 64 70 75 78 
0 2 7 14 27 34 39 50 55 64 73 75 78 
0 2 7 14 27 34 39 50 58 64 70 75 78 
0 2 7 14 27 39 41 44 48 55 65 73 80 
0 2 7 14 27 39 41 44 48 55 66 73 80 
0 2 7 14 27 39 41 44 48 56 65 73 80 
0 2 7 14 27 39 41 44 48 56 65 74 79 
0 2 7 14 27 39 41 44 48 56 66 73 78 
0 2 7 14 27 39 41 44 48 56 66 73 80 
0 2 7 14 27 39 41 44 49 56 66 73 78 
0 2 7 14 27 39 41 44 49 56 66 73 80 
0 2 7 14 27 39 41 44 49 56 73 75 78 
0 2 7 14 27 39 41 44 49 56 73 75 81 
0 2 7 14 27 39 41 44 49 56 74 75 79 
0 2 7 14 27 39 41 44 49 56 74 75 81 
0 2 7 14 27 39 41 44 51 53 56 73 80 
0 2 7 14 27 39 41 44 51 53 56 73 81 
0 2 7 14 27 39 41 44 51 53 56 74 81 
0 2 7 14 27 39 41 44 51 56 65 73 80 
0 2 7 14 27 39 41 44 51 56 65 74 79 
0 2 7 14 27 39 41 48 56 64 65 72 79 
0 2 7 14 27 39 41 48 56 64 65 72 80 
0 2 7 14 27 39 41 48 56 64 65 73 80 
0 2 7 14 27 39 41 48 56 64 66 70 78 
0 2 7 14 27 39 41 48 56 64 66 72 80 
0 2 7 14 27 39 41 48 56 64 66 73 80 
0 2 7 14 27 39 41 48 56 64 70 77 84 
0 2 7 14 27 39 41 48 56 64 72 79 84 
0 2 7 14 27 39 41 49 56 64 66 70 78 
0 2 7 14 27 39 41 49 56 64 66 72 80 
0 2 7 14 27 39 41 49 56 64 70 75 78 
0 2 7 14 27 39 41 49 56 64 72 75 79 
0 2 7 15 25 33 38 43 47 55 72 75 79 
0 2 7 15 25 33 38 43 48 55 66 72 77 
0 2 7 15 25 33 38 44 48 55 66 73 78 
0 2 7 15 25 33 38 47 55 67 72 75 79 
0 2 7 15 25 33 38 47 55 67 76 83 
0 2 7 15 25 39 41 44 48 55 66 73 78 
0 2 7 15 25 39 41 47 55 67 72 75 79 
0 2 7 15 25 39 41 47 55 67 76 83 
0 2 7 15 27 39 41 44 48 55 65 73 80 
0 2 7 15 27 39 41 44 48 55 66 73 78 
0 2 7 15 27 39 41 44 48 55 66 73 80 
0 2 7 15 27 39 41 44 48 56 65 73 80 
0 2 7 15 27 39 41 44 48 56 65 74 79 
0 2 7 15 27 39 41 44 48 56 66 73 78 
0 2 7 15 27 39 41 44 48 56 66 73 80 
0 2 7 15 27 39 41 44 49 56 66 73 78 
0 2 7 15 27 39 41 44 49 56 66 73 80 
0 2 7 15 27 39 41 44 49 56 73 75 78 
0 2 7 15 27 39 41 44 49 56 73 75 81 
0 2 7 15 27 39 41 44 49 56 74 75 79 
0 2 7 15 27 39 41 44 49 56 74 75 81 
0 2 7 15 27 39 41 44 51 56 65 73 80 
0 2 7 15 27 39 41 44 51 56 65 74 79 
0 2 7 15 27 39 41 47 55 67 72 75 79 
0 2 7 15 27 39 41 47 55 67 76 83 
0 2 7 15 27 39 41 49 56 66 67 72 80 
0 2 7 15 27 39 41 49 56 67 72 75 79 
0 2 7 15 27 39 41 49 56 67 74 75 79 
0 2 7 15 27 39 41 49 56 67 74 75 81 
0 2 7 15 27 39 41 51 56 65 67 72 79 
0 2 10 14 25 39 41 44 48 55 66 73 80 
0 2 10 14 25 39 41 44 48 56 66 73 80 
0 2 10 14 25 39 41 44 49 56 66 73 80 
0 2 10 14 25 39 41 44 49 56 74 75 79 
0 2 10 14 25 39 41 48 56 64 66 72 80 
0 2 10 14 25 39 41 48 56 64 66 73 80 
0 2 10 14 25 39 41 49 56 64 66 72 80 
0 2 10 14 25 39 41 49 56 64 72 75 79 
0 2 10 16 22 25 33 47 55 67 76 83 
0 2 10 16 22 25 33 47 55 68 76 83 
0 2 10 16 22 25 33 47 55 68 83 85 
0 2 10 16 22 25 33 47 55 68 84 85 
0 2 10 16 22 25 33 48 55 68 84 85 
0 2 10 16 22 25 33 48 56 68 84 85 
0 2 10 16 22 25 33 49 53 56 64 73 80 
0 2 10 16 22 27 34 47 55 67 76 83 
0 2 10 16 22 27 34 47 55 68 76 83 
0 2 10 16 22 27 34 47 55 68 83 85 
0 2 10 16 22 27 34 47 55 68 84 85 
0 2 10 16 22 27 34 48 55 65 68 76 80 
0 2 10 16 22 27 34 48 55 68 84 85 
0 2 10 16 22 27 34 48 56 65 68 73 80 
0 2 10 16 22 27 34 48 56 68 84 85 
0 2 10 16 22 27 34 49 53 56 67 74 81 
0 2 10 16 22 27 34 50 55 65 67 76 80 
0 2 10 16 25 33 38 47 55 67 76 83 
0 2 10 16 25 33 38 47 55 68 76 83 
0 2 10 16 25 33 38 47 55 68 83 85 
0 2 10 16 25 33 38 47 55 68 84 85 
0 2 10 16 25 33 38 48 55 68 84 85 
0 2 10 16 25 39 41 47 55 67 76 83 
0 2 10 16 25 39 41 47 55 68 76 83 
0 2 10 16 25 39 41 47 55 68 83 85 
0 2 10 16 25 39 41 47 55 68 84 85 
0 2 10 16 25 39 41 48 55 68 84 85 
0 2 10 16 25 39 41 48 56 68 84 85 
0 2 10 16 27 39 41 47 55 68 76 83 
0 2 10 16 27 39 41 47 55 68 83 85 
0 2 10 16 27 39 41 47 55 68 84 85 
0 2 10 16 27 39 41 48 55 65 68 76 80 
0 2 10 16 27 39 41 48 55 68 84 85 
0 2 10 17 22 25 33 47 55 68 76 83 
0 2 10 17 22 25 33 47 55 68 83 85 
0 2 10 17 22 25 33 47 55 68 84 85 
0 2 10 17 22 25 33 47 55 69 77 84 
0 2 10 17 22 25 33 47 55 69 83 85 
0 2 10 17 22 25 33 47 55 69 84 85 
0 2 10 17 22 25 33 48 55 66 69 77 
0 2 10 17 22 25 33 48 55 68 84 85 
0 2 10 17 22 25 33 48 55 69 77 84 
0 2 10 17 22 25 33 48 55 69 84 85 
0 2 10 17 22 25 33 48 56 66 68 73 80 
0 2 10 17 22 25 33 48 56 66 69 77 
0 2 10 17 22 25 33 48 56 69 77 84 
0 2 10 17 22 27 34 47 55 68 76 83 
0 2 10 17 22 27 34 47 55 68 83 85 
0 2 10 17 22 27 34 47 55 68 84 85 
0 2 10 17 22 27 34 47 55 69 77 84 
0 2 10 17 22 27 34 47 55 69 83 85 
0 2 10 17 22 27 34 47 55 69 84 85 
0 2 10 17 22 27 34 48 55 66 69 77 
0 2 10 17 22 27 34 48 55 68 84 85 
0 2 10 17 22 27 34 48 55 69 77 84 
0 2 10 17 22 27 34 48 55 69 84 85 
0 2 10 17 25 33 38 47 55 68 76 83 
0 2 10 17 25 33 38 47 55 68 83 85 
0 2 10 17 25 33 38 47 55 68 84 85 
0 2 10 17 25 33 38 47 55 69 77 84 
0 2 10 17 25 33 38 47 55 69 83 85 
0 2 10 17 25 33 38 47 55 69 84 85 
0 2 10 17 25 33 38 48 55 68 84 85 
0 2 10 17 25 33 38 48 55 69 84 85 
0 2 10 17 25 39 41 47 55 68 76 83 
0 2 10 17 25 39 41 47 55 68 83 85 
0 2 10 17 25 39 41 47 55 68 84 85 
0 2 10 17 25 39 41 47 55 69 77 84 
0 2 10 17 25 39 41 47 55 69 83 85 
0 2 10 17 25 39 41 47 55 69 84 85 
0 2 10 17 25 39 41 48 55 66 69 77 
0 2 10 17 25 39 41 48 55 68 84 85 
0 2 10 17 25 39 41 48 55 69 77 84 
0 2 10 17 25 39 41 48 55 69 84 85 
0 2 10 17 27 34 39 47 55 68 76 83 
0 2 10 17 27 34 39 47 55 68 83 85 
0 2 10 17 27 34 39 47 55 68 84 85 
0 2 10 17 27 34 39 47 55 69 77 84 
0 2 10 17 27 34 39 47 55 69 84 85 
0 2 10 17 27 34 39 48 55 68 84 85 
0 2 15 19 22 25 33 47 55 67 76 83 
0 2 15 19 25 39 41 47 55 67 76 83 
0 2 15 19 27 39 41 47 55 67 76 83 
0 2 17 19 22 25 33 47 55 68 76 83 
0 2 17 19 22 25 33 47 55 68 83 85 
0 2 17 19 22 25 33 47 55 68 84 85 
0 2 17 19 22 25 33 47 55 69 77 84 
0 2 17 19 22 25 33 47 55 69 83 85 
0 2 17 19 22 25 33 47 55 69 84 85 
0 2 17 19 22 25 33 48 55 66 69 77 
0 2 17 19 22 25 33 48 55 69 77 84 
0 2 17 19 22 27 34 47 55 68 76 83 
0 2 17 19 22 27 34 47 55 68 83 85 
0 2 17 19 22 27 34 47 55 68 84 85 
0 2 17 19 22 27 34 47 55 69 77 84 
0 2 17 19 22 27 34 47 55 69 83 85 
0 2 17 19 22 27 34 47 55 69 84 85 
0 2 17 19 22 27 34 48 55 66 69 77 
0 2 17 19 22 27 34 48 55 68 84 85 
0 2 17 19 22 27 34 48 55 69 77 84 
0 2 17 19 22 27 34 48 55 69 84 85 
0 2 17 19 25 33 38 47 55 68 76 83 
0 2 17 19 25 33 38 47 55 68 83 85 
0 2 17 19 25 33 38 47 55 68 84 85 
0 2 17 19 25 33 38 47 55 69 83 85 
0 2 17 19 25 33 38 47 55 69 84 85 
0 2 17 19 25 39 41 47 55 68 76 83 
0 2 17 19 25 39 41 47 55 68 83 85 
0 2 17 19 25 39 41 47 55 68 84 85 
0 2 17 19 25 39 41 47 55 69 77 84 
0 2 17 19 25 39 41 47 55 69 83 85 
0 2 17 19 25 39 41 47 55 69 84 85 
0 2 17 19 27 34 39 47 55 68 76 83 
0 2 17 19 27 34 39 47 55 68 83 85 
0 2 17 19 27 34 39 47 55 68 84 85 
0 2 17 19 27 34 39 47 55 69 77 84 
0 2 17 19 27 34 39 47 55 69 83 85 
0 2 17 19 27 34 39 47 55 69 84 85 
0 2 17 19 27 34 39 48 55 66 69 77 
0 2 17 19 27 34 39 48 55 68 84 85 
0 2 17 19 27 34 39 48 55 69 77 84 
0 2 17 19 27 34 39 48 55 69 84 85 
0 2 17 19 27 39 41 47 55 68 76 83 
0 2 17 19 27 39 41 47 55 68 83 85 
0 2 17 19 27 39 41 47 55 68 84 85 
0 2 17 19 27 39 41 47 55 69 77 84 
0 2 17 19 27 39 41 47 55 69 83 85 
0 2 17 19 27 39 41 47 55 69 84 85 
0 2 18 19 22 25 33 47 55 67 76 83 
0 2 18 19 22 25 33 47 55 69 77 84 
0 2 18 19 22 25 33 47 55 69 83 85 
0 2 18 19 22 25 33 47 55 70 76 83 
0 2 18 19 22 27 34 47 55 69 77 84 
0 2 18 19 22 27 34 47 55 69 83 85 
0 2 18 19 22 27 34 47 55 69 84 85 
0 2 18 19 22 27 34 47 55 70 75 78 
0 2 18 19 22 27 34 47 55 70 76 83 
0 2 18 19 22 27 34 47 55 70 77 84 
0 2 18 19 22 27 34 47 55 70 78 83 
0 2 18 19 22 28 33 47 55 70 75 78 
0 2 18 19 22 28 33 47 55 70 77 84 
0 2 18 19 22 28 33 47 55 70 78 83 
0 2 18 19 27 34 39 47 55 67 76 83 
0 2 18 19 27 34 39 47 55 69 77 84 
0 2 18 19 27 34 39 47 55 69 83 85 
0 2 18 19 27 34 39 47 55 69 84 85 
0 2 18 19 27 34 39 47 55 70 75 78 
0 2 18 19 27 34 39 47 55 70 76 83 
0 2 18 19 27 34 39 47 55 70 77 84 
0 2 18 19 27 34 39 47 55 70 78 83 
0 3 8 15 25 39 41 47 55 67 76 83 
0 3 8 15 25 40 41 43 47 55 71 83 85 
0 3 8 15 25 40 41 43 51 53 56 71 83 85 
0 3 8 15 25 40 41 47 55 67 76 83 
0 3 8 15 28 35 40 43 47 55 71 83 85 
0 3 8 15 28 35 40 43 48 55 65 71 79 
0 3 8 15 28 35 40 43 48 56 65 71 79 
0 3 8 15 28 35 40 43 49 56 71 75 79 
0 3 8 15 28 35 40 47 55 67 76 83 
0 3 8 15 28 35 40 50 55 65 67 76 80 
0 3 8 16 25 33 40 47 55 67 76 83 
0 3 8 16 25 33 40 47 55 68 76 83 
0 3 8 16 25 33 40 47 55 68 83 85 
0 3 8 16 25 33 40 47 55 68 84 85 
0 3 8 16 25 33 40 48 55 68 84 85 
0 3 8 16 25 40 41 47 55 67 76 83 
0 3 8 16 25 40 41 47 55 68 76 83 
0 3 8 16 25 40 41 47 55 68 83 85 
0 3 8 16 28 33 40 47 55 67 76 83 
0 3 8 16 28 33 40 47 55 68 76 83 
0 3 8 16 28 33 40 47 55 68 83 85 
0 3 11 16 25 33 40 47 55 67 76 83 
0 3 11 16 25 33 40 47 55 68 76 83 
0 3 11 16 25 33 40 47 55 68 83 85 
0 3 11 16 25 39 41 47 55 67 76 83 
0 3 11 16 25 39 41 47 55 68 76 83 
0 3 11 16 25 39 41 47 55 68 83 85 
0 3 11 16 25 39 41 47 55 68 84 85 
0 3 11 16 25 39 41 48 55 68 84 85 
0 3 11 16 25 40 41 47 55 67 76 83 
0 3 11 16 25 40 41 47 55 68 76 83 
0 3 11 16 25 40 41 47 55 68 83 85 
0 3 11 16 25 40 41 47 55 68 84 85 
0 3 11 16 25 40 41 48 55 68 84 85 
0 3 11 16 25 40 41 48 56 68 84 85 
0 3 11 16 27 39 41 47 55 67 76 83 
0 3 11 16 27 39 41 47 55 68 76 83 
0 3 11 16 27 39 41 47 55 68 83 85 
0 3 11 16 27 39 41 47 55 68 84 85 
0 3 11 16 27 39 41 48 55 68 84 85 
0 3 11 16 27 40 41 47 55 67 76 83 
0 3 11 16 27 40 41 47 55 68 76 83 
0 3 11 16 27 40 41 47 55 68 83 85 
0 3 11 16 27 40 41 47 55 68 84 85 
0 3 11 16 27 40 41 48 55 68 84 85 
0 3 11 16 27 40 41 48 56 68 84 85 
0 3 11 18 25 33 40 47 55 67 76 83 
0 3 11 18 25 33 40 47 55 69 77 84 
0 3 11 18 25 33 40 47 55 69 83 85 
0 3 11 18 25 33 40 47 55 69 84 85 
0 3 11 18 25 33 40 47 55 70 76 83 
0 3 11 18 25 33 40 47 55 70 77 84 
0 3 11 18 25 33 40 47 55 70 78 83 
0 3 11 18 25 33 40 48 55 66 69 77 
0 3 11 18 25 33 40 48 55 66 70 77 
0 3 11 18 25 33 40 48 55 66 70 78 
0 3 11 18 25 33 40 48 55 69 77 84 
0 3 11 18 25 33 40 48 55 69 84 85 
0 3 11 18 25 33 40 48 55 70 77 84 
0 3 11 18 25 33 40 48 56 66 69 77 
0 3 11 18 25 33 40 48 56 66 70 77 
0 3 11 18 25 33 40 48 56 66 70 78 
0 3 11 18 25 33 40 48 56 69 77 84 
0 3 11 18 25 33 40 48 56 69 84 85 
0 3 11 18 25 33 40 48 56 70 77 84 
0 3 11 18 25 33 40 49 56 66 69 77 
0 3 11 18 25 33 40 49 56 66 70 77 
0 3 11 18 25 33 40 49 56 66 70 78 
0 3 11 18 25 39 41 47 55 67 76 83 
0 3 11 18 25 39 41 47 55 69 77 84 
0 3 11 18 25 39 41 47 55 69 83 85 
0 3 11 18 25 39 41 47 55 69 84 85 
0 3 11 18 25 39 41 47 55 70 76 83 
0 3 11 18 25 39 41 47 55 70 77 84 
0 3 11 18 25 39 41 47 55 70 78 83 
0 3 11 18 25 39 41 48 55 66 69 77 
0 3 11 18 25 39 41 48 55 66 70 78 
0 3 11 18 25 39 41 48 55 69 77 84 
0 3 11 18 25 39 41 48 55 69 84 85 
0 3 11 18 25 39 41 48 55 70 77 84 
0 3 11 18 25 40 41 47 55 67 76 83 
0 3 11 18 25 40 41 47 55 69 77 84 
0 3 11 18 25 40 41 47 55 69 83 85 
0 3 11 18 25 40 41 47 55 69 84 85 
0 3 11 18 25 40 41 47 55 70 76 83 
0 3 11 18 25 40 41 47 55 70 77 84 
0 3 11 18 25 40 41 47 55 70 78 83 
0 3 11 18 25 40 41 48 55 66 69 77 
0 3 11 18 25 40 41 48 55 66 70 78 
0 3 11 18 25 40 41 48 55 69 77 84 
0 3 11 18 25 40 41 48 55 69 84 85 
0 3 11 18 25 40 41 48 55 70 77 84 
0 3 11 18 25 40 41 48 56 66 69 77 
0 3 11 18 25 40 41 48 56 66 70 77 
0 3 11 18 25 40 41 48 56 66 70 78 
0 3 11 18 25 40 41 48 56 69 77 84 
0 3 11 18 25 40 41 48 56 69 84 85 
0 3 11 18 25 40 41 48 56 70 77 84 
0 3 11 18 27 31 34 47 55 69 83 85 
0 3 11 18 27 31 34 47 55 69 84 85 
0 3 11 18 27 31 34 47 55 70 75 78 
0 3 11 18 27 31 34 47 55 70 76 83 
0 3 11 18 27 31 34 47 55 70 77 84 
0 3 11 18 27 31 34 47 55 70 78 83 
0 3 11 18 27 31 34 48 56 66 70 77 
0 3 11 18 27 31 34 48 56 66 70 78 
0 3 11 18 27 31 34 48 56 69 84 85 
0 3 11 18 27 31 34 48 56 70 77 84 
0 3 11 18 27 31 34 49 56 66 70 77 
0 3 11 18 27 31 34 49 56 66 70 78 
0 3 11 18 27 31 34 49 56 70 75 78 
0 3 11 18 27 31 35 47 55 69 83 85 
0 3 11 18 27 31 35 47 55 69 84 85 
0 3 11 18 27 31 35 47 55 70 75 78 
0 3 11 18 27 31 35 47 55 70 77 84 
0 3 11 18 27 31 35 47 55 70 78 83 
0 3 11 18 27 31 35 48 56 66 69 77 
0 3 11 18 27 31 35 48 56 66 70 77 
0 3 11 18 27 31 35 48 56 66 70 78 
0 3 11 18 27 31 35 48 56 69 84 85 
0 3 11 18 27 31 35 48 56 70 77 84 
0 3 11 18 27 31 35 49 56 66 69 77 
0 3 11 18 27 31 35 49 56 66 70 77 
0 3 11 18 27 31 35 49 56 66 70 78 
0 3 11 18 27 31 35 49 56 70 75 78 
0 3 11 18 27 34 39 47 55 67 76 83 
0 3 11 18 27 34 39 47 55 69 83 85 
0 3 11 18 27 34 39 47 55 70 76 83 
0 3 11 18 27 34 39 47 55 70 78 83 
0 3 11 18 27 34 39 48 55 66 69 77 
0 3 11 18 27 34 39 48 55 66 70 77 
0 3 11 18 27 34 39 48 55 66 70 78 
0 3 11 18 27 34 39 48 55 69 77 84 
0 3 11 18 27 34 39 48 55 69 84 85 
0 3 11 18 27 34 39 48 55 70 77 84 
0 3 11 18 27 39 41 47 55 67 76 83 
0 3 11 18 27 39 41 47 55 69 77 84 
0 3 11 18 27 39 41 47 55 69 83 85 
0 3 11 18 27 39 41 47 55 69 84 85 
0 3 11 18 27 39 41 47 55 70 76 83 
0 3 11 18 27 39 41 47 55 70 78 83 
0 3 11 18 27 39 41 48 55 66 69 77 
0 3 11 18 27 39 41 48 55 66 70 77 
0 3 11 18 27 39 41 48 55 66 70 78 
0 3 11 18 27 39 41 48 55 69 84 85 
0 3 11 18 27 40 41 47 55 69 77 84 
0 3 11 18 27 40 41 47 55 69 83 85 
0 3 11 18 27 40 41 47 55 69 84 85 
0 3 11 18 27 40 41 47 55 70 75 78 
0 3 11 18 27 40 41 47 55 70 76 83 
0 3 11 18 27 40 41 47 55 70 77 84 
0 3 11 18 27 40 41 47 55 70 78 83 
0 3 11 18 27 40 41 48 56 66 69 77 
0 3 11 18 27 40 41 48 56 66 70 77 
0 3 11 18 27 40 41 48 56 66 70 78 
0 3 11 18 27 40 41 48 56 69 84 85 
0 3 11 18 28 31 35 47 55 69 83 85 
0 3 11 18 28 31 35 47 55 69 84 85 
0 3 11 18 28 31 35 47 55 70 75 78 
0 3 11 18 28 31 35 47 55 70 78 83 
0 3 11 18 28 31 35 48 56 66 69 77 
0 3 11 18 28 31 35 48 56 66 70 78 
0 3 11 18 28 31 35 48 56 69 84 85 
0 3 11 18 28 31 35 49 56 66 69 77 
0 3 11 18 28 31 35 49 56 66 70 78 
0 3 11 18 28 31 35 49 56 70 75 78 
0 3 11 18 28 33 40 47 55 67 76 83 
0 3 11 18 28 33 40 47 55 69 77 84 
0 3 11 18 28 33 40 47 55 69 83 85 
0 3 11 18 28 33 40 47 55 69 84 85 
0 3 11 18 28 33 40 47 55 70 75 78 
0 3 11 18 28 33 40 47 55 70 76 83 
0 3 11 18 28 33 40 47 55 70 77 84 
0 3 11 18 28 33 40 47 55 70 78 83 
0 3 11 18 28 35 40 47 55 69 77 84 
0 3 11 18 28 35 40 47 55 69 83 85 
0 3 11 18 28 35 40 47 55 69 84 85 
0 3 11 18 28 35 40 47 55 70 75 78 
0 3 11 18 28 35 40 47 55 70 78 83 
0 3 11 18 28 35 40 48 56 69 77 84 
0 3 11 18 28 35 40 48 56 69 84 85 
0 3 11 18 28 35 40 49 56 66 69 77 
0 3 11 20 25 33 40 47 55 68 76 83 
0 3 11 20 25 33 40 47 55 68 83 85 
0 3 11 20 25 33 40 47 55 68 84 85 
0 3 11 20 25 33 40 47 55 70 76 83 
0 3 11 20 25 33 40 47 55 70 77 84 
0 3 11 20 25 33 40 47 55 70 78 83 
0 3 11 20 25 33 40 47 55 71 78 83 
0 3 11 20 25 33 40 47 55 71 79 84 
0 3 11 20 25 33 40 47 55 71 83 85 
0 3 11 20 25 33 40 47 55 71 84 85 
0 3 11 20 25 33 40 48 56 68 84 85 
0 3 11 20 25 33 40 48 56 70 77 84 
0 3 11 20 25 33 40 48 56 71 79 84 
0 3 11 20 25 33 40 48 56 71 84 85 
0 3 11 20 25 39 41 47 55 68 76 83 
0 3 11 20 25 39 41 47 55 68 83 85 
0 3 11 20 25 39 41 47 55 70 76 83 
0 3 11 20 25 39 41 47 55 70 78 83 
0 3 11 20 25 39 41 47 55 71 78 83 
0 3 11 20 25 39 41 47 55 71 83 85 
0 3 11 20 25 40 41 47 55 68 76 83 
0 3 11 20 25 40 41 47 55 68 83 85 
0 3 11 20 25 40 41 47 55 68 84 85 
0 3 11 20 25 40 41 47 55 70 76 83 
0 3 11 20 25 40 41 47 55 70 77 84 
0 3 11 20 25 40 41 47 55 70 78 83 
0 3 11 20 25 40 41 47 55 71 78 83 
0 3 11 20 25 40 41 47 55 71 79 84 
0 3 11 20 25 40 41 47 55 71 83 85 
0 3 11 20 25 40 41 47 55 71 84 85 
0 3 11 20 27 31 34 48 56 65 71 79 
0 3 11 20 27 31 34 48 56 66 70 77 
0 3 11 20 27 31 34 48 56 66 70 78 
0 3 11 20 27 31 34 48 56 66 71 78 
0 3 11 20 27 31 34 48 56 70 77 84 
0 3 11 20 27 31 34 48 56 71 79 84 
0 3 11 20 27 31 34 48 56 71 84 85 
0 3 11 20 27 31 34 49 56 66 70 77 
0 3 11 20 27 31 34 49 56 66 70 78 
0 3 11 20 27 31 34 49 56 66 71 78 
0 3 11 20 27 31 34 49 56 70 75 78 
0 3 11 20 27 31 34 49 56 71 75 78 
0 3 11 20 27 31 34 49 56 71 75 79 
0 3 11 20 27 31 35 48 56 66 70 77 
0 3 11 20 27 31 35 48 56 66 70 78 
0 3 11 20 27 31 35 48 56 66 71 78 
0 3 11 20 27 31 35 48 56 70 77 84 
0 3 11 20 27 31 35 48 56 71 79 84 
0 3 11 20 27 31 35 48 56 71 84 85 
0 3 11 20 27 31 35 49 56 66 70 77 
0 3 11 20 27 31 35 49 56 66 70 78 
0 3 11 20 27 31 35 49 56 66 71 78 
0 3 11 20 27 31 35 49 56 70 75 78 
0 3 11 20 27 31 35 49 56 71 75 78 
0 3 11 20 27 31 35 49 56 71 75 79 
0 3 11 20 27 35 40 47 55 68 76 83 
0 3 11 20 27 35 40 47 55 68 83 85 
0 3 11 20 27 35 40 47 55 68 84 85 
0 3 11 20 27 35 40 47 55 70 75 78 
0 3 11 20 27 35 40 47 55 70 76 83 
0 3 11 20 27 35 40 47 55 70 77 84 
0 3 11 20 27 35 40 47 55 70 78 83 
0 3 11 20 27 35 40 47 55 71 75 78 
0 3 11 20 27 35 40 47 55 71 75 79 
0 3 11 20 27 35 40 47 55 71 78 83 
0 3 11 20 27 35 40 47 55 71 79 84 
0 3 11 20 27 35 40 47 55 71 83 85 
0 3 11 20 27 35 40 47 55 71 84 85 
0 3 11 20 27 35 40 49 56 66 70 77 
0 3 11 20 27 35 40 49 56 66 70 78 
0 3 11 20 27 35 40 49 56 66 71 78 
0 3 11 20 27 35 40 49 56 70 75 78 
0 3 11 20 27 35 40 49 56 71 75 78 
0 3 11 20 27 35 40 49 56 71 75 79 
0 3 11 20 27 39 41 47 55 68 76 83 
0 3 11 20 27 39 41 47 55 68 83 85 
0 3 11 20 27 39 41 47 55 70 76 83 
0 4 10 16 25 40 41 47 55 68 83 85 
0 4 10 16 25 40 41 47 55 68 84 85 
0 4 10 17 22 25 33 47 55 69 77 84 
0 4 10 17 22 25 33 47 55 69 83 85 
0 4 10 17 22 25 33 47 55 69 84 85 
0 4 10 17 22 25 33 48 55 69 77 84 
0 4 10 17 22 25 33 48 55 69 84 85 
0 4 10 17 25 33 40 47 55 68 83 85 
0 4 10 17 25 33 40 47 55 68 84 85 
0 4 10 17 25 33 40 47 55 69 77 84 
0 4 10 17 25 33 40 47 55 69 84 85 
0 4 10 17 25 33 40 48 55 68 84 85 
0 4 11 16 25 40 41 47 55 68 83 85 
0 4 11 18 22 25 33 47 55 69 77 84 
0 4 11 18 22 25 33 47 55 69 83 85 
0 4 11 18 22 25 33 47 55 69 84 85 
0 4 11 18 22 25 33 47 55 70 77 84 
0 4 11 18 22 25 33 47 55 70 78 83 
0 4 11 18 22 25 33 48 55 69 77 84 
0 4 11 18 22 25 33 48 55 69 84 85 
0 4 11 18 22 25 33 48 55 70 77 84 
0 4 11 18 22 25 33 48 56 69 77 84 
0 4 11 18 22 25 33 48 56 69 84 85 
0 4 11 18 22 25 33 48 56 70 77 84 
0 4 11 18 22 27 34 47 55 69 77 84 
0 4 11 18 22 27 34 47 55 69 83 85 
0 4 11 18 22 27 34 47 55 69 84 85 
0 4 11 18 22 27 34 47 55 70 77 84 
0 4 11 18 22 27 34 48 55 66 70 77 
0 4 11 18 22 27 34 48 55 69 77 84 
0 4 11 18 25 33 40 47 55 69 77 84 
0 4 11 18 25 33 40 47 55 69 83 85 
0 4 11 18 25 33 40 47 55 69 84 85 
0 4 11 18 25 33 40 47 55 70 78 83 
0 4 11 18 25 33 40 48 55 69 77 84 
0 4 11 18 25 33 40 48 55 69 84 85 
0 4 11 18 25 33 40 48 55 70 77 84 
0 4 11 18 25 40 41 47 55 69 77 84 
0 4 11 18 25 40 41 47 55 69 83 85 
0 4 11 18 25 40 41 47 55 69 84 85 
0 4 11 18 25 40 41 47 55 70 78 83 
0 4 11 18 27 40 41 47 55 70 78 83 
0 4 11 20 21 27 35 47 55 71 75 78 
0 4 11 20 21 27 35 47 55 71 75 79 
0 4 11 20 21 27 35 47 55 71 79 84 
0 4 11 20 21 27 35 48 55 71 79 84 
0 4 11 20 21 27 35 50 55 71 75 78 
0 4 11 20 21 27 35 50 55 71 75 79 
0 4 11 20 22 25 33 47 55 71 84 85 
0 4 11 20 22 27 34 47 55 70 77 84 
0 4 11 20 22 27 34 48 55 66 70 77 
0 4 11 20 22 27 34 48 55 66 70 78 
0 4 11 20 25 33 40 47 55 68 83 85 
0 4 11 20 25 33 40 47 55 68 84 85 
0 4 11 20 25 33 40 47 55 70 78 83 
0 4 11 20 25 33 40 47 55 71 78 83 
0 4 11 20 25 33 40 47 55 71 84 85 
0 4 11 20 25 33 40 48 55 71 84 85 
0 4 11 20 25 40 41 47 55 68 83 85 
0 4 11 20 25 40 41 47 55 71 78 83 
0 4 11 20 27 35 40 47 55 71 75 78 
0 4 12 20 22 27 34 48 55 66 70 77 
0 4 12 20 22 27 34 48 55 66 71 78 
0 5 9 13 28 36 50 58 64 73 75 78 
0 5 12 20 22 27 34 48 55 66 70 78 
0 7 9 15 28 36 47 55 67 76 83 
