0 1 6 10 14 18 22 28 30 34 38 42 46 55 67 72 76 87 
0 1 6 10 14 18 22 28 30 34 38 42 49 63 69 72 76 82 
0 1 6 10 14 18 22 28 30 34 38 42 63 67 72 76 82 87 
0 1 6 10 14 18 22 30 34 38 42 46 50 55 71 76 86 91 
0 1 6 10 14 18 22 30 34 38 42 46 55 67 71 76 87 91 
0 1 6 10 14 18 22 30 34 38 42 63 67 71 76 82 87 91 
0 1 6 10 14 18 23 28 30 34 38 43 48 56 76 89 
0 1 6 10 14 18 23 28 30 34 38 45 49 59 64 69 72 76 
0 1 6 10 14 18 23 28 30 34 38 49 59 63 69 72 76 82 
0 1 6 10 14 18 23 28 30 34 38 59 63 67 72 76 82 87 
0 1 6 10 14 18 23 30 34 38 43 48 52 56 71 76 
0 1 6 10 14 18 23 30 34 38 45 50 59 64 71 76 86 91 
0 1 6 10 14 18 23 30 34 38 59 63 67 71 76 82 87 91 
0 1 6 10 14 18 28 30 34 38 42 61 65 76 85 89 
0 1 6 10 14 18 30 34 38 42 47 52 61 66 71 76 
0 1 6 10 14 19 23 28 30 34 38 43 48 56 76 89 
0 1 6 10 14 19 23 28 30 34 39 43 48 56 76 89 
0 1 6 10 14 19 23 28 30 34 43 48 56 76 83 89 
0 1 6 10 14 19 23 28 30 34 49 59 63 69 72 76 82 83 
0 1 6 10 14 19 23 28 30 34 59 63 67 72 76 82 83 87 
0 1 6 10 14 19 23 30 34 38 43 47 52 66 71 76 
0 1 6 10 14 19 23 30 34 38 43 48 52 56 71 76 
0 1 6 10 14 19 23 30 34 39 43 47 52 66 71 76 
0 1 6 10 14 19 23 30 34 39 43 48 52 56 71 76 
0 1 6 10 14 19 23 30 34 43 47 52 66 71 76 83 
0 1 6 10 14 19 23 30 34 43 48 52 56 71 76 83 
0 1 6 10 14 19 23 30 34 45 50 59 64 71 76 83 86 91 
0 1 6 10 14 19 23 30 34 59 63 67 71 76 82 83 87 91 
0 1 6 10 14 19 24 28 30 34 39 43 48 56 76 89 
0 1 6 10 14 19 24 28 30 34 39 44 48 56 76 89 
0 1 6 10 14 19 24 28 30 34 39 44 48 67 71 76 
0 1 6 10 14 19 24 28 30 34 39 44 48 67 76 89 
0 1 6 10 14 19 24 28 30 34 39 44 48 76 85 89 
0 1 6 10 14 19 24 28 30 34 39 44 49 76 85 89 
0 1 6 10 14 19 24 28 30 34 39 44 65 76 85 89 
0 1 6 10 14 19 24 28 30 34 39 48 56 60 76 89 
0 1 6 10 14 19 24 28 30 34 39 60 65 76 85 89 
0 1 6 10 14 19 24 28 30 34 48 56 60 76 83 89 
0 1 6 10 14 19 24 28 30 34 60 65 76 83 85 89 
0 1 6 10 14 19 24 30 34 39 44 48 52 56 71 76 
0 1 6 10 14 19 24 30 34 39 44 48 67 71 76 91 
0 1 6 10 14 19 24 30 34 48 52 56 60 71 76 83 
0 1 6 10 14 19 28 30 34 39 43 48 56 62 76 89 
0 1 6 10 14 19 28 30 34 46 53 55 60 67 72 76 83 87 
0 1 6 10 14 19 30 34 45 50 53 60 64 71 76 83 86 91 
0 1 6 10 14 19 30 34 46 50 53 55 60 71 76 83 86 91 
0 1 6 10 14 19 30 34 46 53 55 60 67 71 76 83 87 91 
0 1 6 10 14 23 28 30 34 38 43 48 56 57 76 89 
0 1 6 10 14 23 30 34 38 43 47 52 57 66 71 76 
0 1 6 10 14 23 30 34 38 43 48 52 56 57 71 76 
0 1 6 10 14 26 28 30 34 38 49 57 61 72 76 85 
0 1 6 10 14 26 28 30 34 38 49 57 61 76 85 89 
0 1 6 10 14 26 28 30 34 38 57 61 65 76 85 89 
0 1 6 10 14 26 30 34 38 47 52 57 61 66 71 76 
0 1 6 10 14 26 30 34 38 52 57 61 66 71 76 86 
0 1 6 10 14 26 30 34 38 57 61 66 71 76 86 91 
0 1 6 10 14 28 30 34 38 42 57 61 65 76 85 89 
0 1 6 10 14 28 30 34 38 43 48 56 57 62 76 89 
0 1 6 10 14 28 30 34 38 43 48 57 62 67 71 76 
0 1 6 10 14 28 30 34 38 43 48 57 62 67 72 76 
0 1 6 10 14 28 30 34 38 43 48 57 62 67 76 89 
0 1 6 10 14 30 34 38 42 47 52 57 61 66 71 76 
0 1 6 10 14 30 34 38 43 47 52 57 61 66 71 76 
0 1 6 10 14 30 34 38 43 47 52 57 62 66 71 76 
0 1 6 10 14 30 34 38 43 48 52 56 57 62 71 76 
0 1 6 10 14 30 34 38 43 48 52 57 62 66 71 76 
0 1 6 10 14 30 34 38 43 48 52 57 62 67 71 76 
0 1 6 10 14 30 34 38 43 48 57 62 67 71 76 91 
0 1 6 10 14 30 34 38 43 52 57 62 66 71 76 86 
0 1 6 10 14 30 34 38 43 57 62 66 71 76 86 91 
0 1 6 10 15 19 23 28 30 34 39 43 48 56 76 89 
0 1 6 10 15 19 23 28 30 39 43 48 56 76 89 107 
0 1 6 10 15 19 23 28 30 43 48 56 76 83 89 107 
0 1 6 10 15 19 23 28 30 59 63 67 72 76 82 83 87 107 
0 1 6 10 15 19 23 30 34 39 43 47 52 66 71 76 
0 1 6 10 15 19 23 30 39 43 47 52 66 71 76 107 
0 1 6 10 15 19 23 30 39 43 48 52 56 71 76 107 
0 1 6 10 15 19 23 30 43 47 52 66 71 76 83 107 
0 1 6 10 15 19 23 30 43 48 52 56 71 76 83 107 
0 1 6 10 15 19 23 30 45 50 59 64 71 76 83 86 91 107 
0 1 6 10 15 19 23 30 59 63 67 71 76 82 83 87 91 107 
0 1 6 10 15 19 24 28 30 34 39 43 48 56 76 89 
0 1 6 10 15 19 24 28 30 34 39 44 48 56 76 89 
0 1 6 10 15 19 24 28 30 34 39 44 48 67 71 76 
0 1 6 10 15 19 24 28 30 34 39 44 48 67 72 76 
0 1 6 10 15 19 24 28 30 34 39 44 48 67 76 89 
0 1 6 10 15 19 24 28 30 34 39 44 48 76 85 89 
0 1 6 10 15 19 24 28 30 34 39 44 49 72 76 85 
0 1 6 10 15 19 24 28 30 34 39 44 49 76 85 89 
0 1 6 10 15 19 24 28 30 34 39 44 65 76 85 89 
0 1 6 10 15 19 24 28 30 34 39 48 56 60 76 89 
0 1 6 10 15 19 24 28 30 34 39 60 65 76 85 89 
0 1 6 10 15 19 24 28 30 35 39 44 48 56 76 89 
0 1 6 10 15 19 24 28 30 35 39 44 48 67 71 76 
0 1 6 10 15 19 24 28 30 35 39 44 48 67 76 89 
0 1 6 10 15 19 24 28 30 35 39 44 49 72 76 85 
0 1 6 10 15 19 24 28 30 35 39 44 49 76 85 89 
0 1 6 10 15 19 24 28 30 35 39 44 65 76 85 89 
0 1 6 10 15 19 24 28 30 35 39 48 56 60 76 89 
0 1 6 10 15 19 24 28 30 35 39 60 65 76 85 89 
0 1 6 10 15 19 24 28 30 39 43 48 56 76 89 107 
0 1 6 10 15 19 24 28 30 39 44 48 56 76 89 107 
0 1 6 10 15 19 24 28 30 39 44 48 76 85 89 107 
0 1 6 10 15 19 24 28 30 39 44 49 72 76 85 107 
0 1 6 10 15 19 24 28 30 39 44 49 76 85 89 107 
0 1 6 10 15 19 24 28 30 48 56 60 68 76 89 107 
0 1 6 10 15 19 24 28 30 48 56 60 76 83 89 107 
0 1 6 10 15 19 24 28 30 60 65 68 76 85 89 107 
0 1 6 10 15 19 24 28 30 60 65 76 83 85 89 107 
0 1 6 10 15 19 24 30 34 39 43 48 52 56 71 76 
0 1 6 10 15 19 24 30 34 39 44 48 52 56 71 76 
0 1 6 10 15 19 24 30 34 39 44 48 52 67 71 76 
0 1 6 10 15 19 24 30 34 39 44 48 67 71 76 91 
0 1 6 10 15 19 24 30 34 39 48 52 56 60 71 76 
0 1 6 10 15 19 24 30 35 39 43 48 52 56 71 76 
0 1 6 10 15 19 24 30 35 39 48 52 56 60 71 76 
0 1 6 10 15 19 24 30 39 43 48 52 56 71 76 107 
0 1 6 10 15 19 24 30 39 44 48 52 56 71 76 107 
0 1 6 10 15 19 24 30 39 44 48 52 67 71 76 107 
0 1 6 10 15 19 24 30 48 52 56 60 68 71 76 107 
0 1 6 10 15 19 28 30 34 39 43 48 56 62 76 89 
0 1 6 10 15 19 28 30 34 39 43 48 62 67 71 76 
0 1 6 10 15 19 28 30 34 39 43 48 62 67 76 89 
0 1 6 10 15 19 28 30 35 39 43 48 56 62 76 89 
0 1 6 10 15 19 28 30 35 39 43 48 62 67 71 76 
0 1 6 10 15 19 28 30 35 39 43 48 62 67 76 89 
0 1 6 10 15 19 28 30 46 53 55 60 67 72 76 83 87 107 
0 1 6 10 15 19 30 34 39 43 47 52 62 66 71 76 
0 1 6 10 15 19 30 34 39 43 48 52 56 62 71 76 
0 1 6 10 15 19 30 34 39 43 48 52 62 66 71 76 
0 1 6 10 15 19 30 34 39 43 48 52 62 67 71 76 
0 1 6 10 15 19 30 34 39 43 48 62 67 71 76 91 
0 1 6 10 15 19 30 34 39 43 52 62 66 71 76 86 
0 1 6 10 15 19 30 34 39 43 62 66 71 76 86 91 
0 1 6 10 15 19 30 35 39 43 47 52 62 66 71 76 
0 1 6 10 15 19 30 35 39 43 48 52 56 62 71 76 
0 1 6 10 15 19 30 35 39 43 48 52 62 66 71 76 
0 1 6 10 15 19 30 35 39 43 48 52 62 67 71 76 
0 1 6 10 15 19 30 35 39 43 48 62 67 71 76 91 
0 1 6 10 15 19 30 35 39 43 52 62 66 71 76 86 
0 1 6 10 15 19 30 35 39 43 62 66 71 76 86 91 
0 1 6 10 15 19 30 39 43 47 52 62 66 71 76 107 
0 1 6 10 15 19 30 39 43 48 52 56 62 71 76 107 
0 1 6 10 15 19 30 39 43 48 52 62 66 71 76 107 
0 1 6 10 15 19 30 45 50 53 60 64 71 76 83 86 91 107 
0 1 6 10 15 19 30 46 50 53 55 60 71 76 83 86 91 107 
0 1 6 10 15 19 30 46 53 55 60 67 71 76 83 87 91 107 
0 1 6 10 15 20 24 28 30 35 39 44 48 67 71 76 
0 1 6 10 15 20 24 28 30 35 39 44 48 67 76 89 
0 1 6 10 15 20 24 28 30 35 39 44 48 76 85 89 
0 1 6 10 15 20 24 28 30 35 39 44 49 76 85 89 
0 1 6 10 15 20 24 28 30 35 41 44 48 67 71 76 
0 1 6 10 15 20 24 28 30 35 41 44 48 67 76 89 
0 1 6 10 15 20 24 28 30 35 44 48 56 68 76 89 
0 1 6 10 15 20 24 28 30 35 44 48 67 68 71 76 
0 1 6 10 15 20 24 28 30 35 44 48 68 76 85 89 
0 1 6 10 15 20 24 28 30 35 44 49 68 76 85 89 
0 1 6 10 15 20 24 28 30 35 48 56 60 68 76 89 
0 1 6 10 15 20 24 28 30 35 60 65 68 76 85 89 
0 1 6 10 15 20 24 28 30 35 61 65 68 76 85 89 
0 1 6 10 15 20 24 28 30 44 48 56 68 76 89 107 
0 1 6 10 15 20 24 28 30 44 48 67 68 71 76 107 
0 1 6 10 15 20 24 28 30 44 48 67 68 76 89 107 
0 1 6 10 15 20 24 28 30 44 48 68 76 85 89 107 
0 1 6 10 15 20 24 28 30 44 49 68 72 76 85 107 
0 1 6 10 15 20 24 28 30 44 49 68 76 85 89 107 
0 1 6 10 15 20 24 28 30 44 65 68 76 85 89 107 
0 1 6 10 15 20 24 28 30 48 56 60 68 76 89 107 
0 1 6 10 15 20 24 28 30 61 65 68 76 85 89 107 
0 1 6 10 15 20 24 30 35 39 44 48 52 56 71 76 
0 1 6 10 15 20 24 30 35 41 44 48 52 67 71 76 
0 1 6 10 15 20 24 30 35 41 44 48 67 71 76 91 
0 1 6 10 15 20 24 30 35 44 48 52 56 68 71 76 
0 1 6 10 15 20 24 30 35 44 48 67 68 71 76 91 
0 1 6 10 15 20 24 30 35 48 52 56 60 68 71 76 
0 1 6 10 15 20 24 30 44 48 52 56 68 71 76 107 
0 1 6 10 15 20 24 30 44 48 52 67 68 71 76 107 
0 1 6 10 15 20 24 30 44 48 67 68 71 76 91 107 
0 1 6 10 15 20 24 30 48 52 56 60 68 71 76 107 
0 1 6 10 15 20 26 28 30 35 41 44 49 76 85 89 
0 1 6 10 15 20 26 28 30 35 41 49 61 76 85 89 
0 1 6 10 15 20 26 28 30 35 41 61 65 76 85 89 
0 1 6 10 15 20 26 28 30 35 49 61 68 76 85 89 
0 1 6 10 15 20 26 28 30 35 61 65 68 76 85 89 
0 1 6 10 15 20 26 28 30 49 61 68 72 76 85 107 
0 1 6 10 15 20 26 28 30 49 61 68 76 85 89 107 
0 1 6 10 15 20 26 28 30 61 65 68 76 85 89 107 
0 1 6 10 15 20 26 30 35 41 45 50 71 76 86 91 
0 1 6 10 15 20 26 30 35 41 45 52 66 71 76 86 
0 1 6 10 15 20 26 30 35 41 45 66 71 76 86 91 
0 1 6 10 15 20 26 30 35 41 52 61 66 71 76 86 
0 1 6 10 15 20 26 30 35 41 61 66 71 76 86 91 
0 1 6 10 15 20 26 30 35 61 66 68 71 76 86 91 
0 1 6 10 15 20 26 30 47 52 61 66 68 71 76 107 
0 1 6 10 15 20 26 30 52 61 66 68 71 76 86 107 
0 1 6 10 15 20 26 30 61 66 68 71 76 86 91 107 
0 1 6 10 15 20 28 30 42 61 65 68 76 85 89 107 
0 1 6 10 15 20 30 42 47 52 61 66 68 71 76 107 
0 1 6 10 15 22 28 30 37 42 46 55 67 68 72 76 87 107 
0 1 6 10 15 22 30 37 42 46 50 55 68 71 76 86 91 107 
0 1 6 10 15 22 30 37 42 46 55 67 68 71 76 87 91 107 
0 1 6 10 15 22 30 37 42 63 67 68 71 76 82 87 91 107 
0 1 6 10 15 24 28 30 35 39 44 49 58 76 85 89 
0 1 6 10 15 28 30 35 39 43 48 56 58 62 76 89 
0 1 6 10 15 28 30 37 42 61 65 68 76 85 89 107 
0 1 6 10 15 30 37 42 47 52 61 66 68 71 76 107 
0 1 6 10 15 30 37 45 50 53 60 64 68 71 76 86 91 107 
0 1 6 10 15 30 37 46 50 53 55 60 68 71 76 86 91 107 
0 1 6 10 15 30 37 46 53 55 60 67 68 71 76 87 91 107 
0 1 6 10 19 24 28 30 34 39 44 48 67 71 76 84 
0 1 6 10 19 24 28 30 34 39 44 48 76 84 85 89 
0 1 6 10 19 24 28 30 34 39 44 49 72 76 84 85 
0 1 6 10 19 24 28 30 34 39 44 49 76 84 85 89 
0 1 6 10 19 24 28 30 34 39 44 65 76 84 85 89 
0 1 6 10 19 24 30 34 39 44 48 52 56 71 76 84 
0 1 6 10 19 24 30 34 39 44 48 52 67 71 76 84 
0 1 6 10 21 26 28 30 34 45 49 57 72 76 84 85 
0 1 6 10 21 26 28 30 34 45 49 57 76 84 85 89 
0 1 6 10 21 26 28 30 34 49 57 61 72 76 84 85 
0 1 6 10 21 26 28 30 34 49 57 61 76 84 85 89 
0 1 6 10 21 26 28 30 34 57 61 65 76 84 85 89 
0 1 6 10 21 26 30 34 45 50 57 71 76 84 86 91 
0 1 6 10 21 26 30 34 45 57 66 71 76 84 86 91 
0 1 6 10 21 26 30 34 47 52 57 61 66 71 76 84 
0 1 6 10 21 26 30 34 52 57 61 66 71 76 84 86 
0 1 6 10 21 26 30 34 52 57 62 66 71 76 84 86 
0 1 6 10 21 26 30 34 57 62 66 71 76 84 86 91 
0 1 6 10 21 28 30 34 43 48 57 62 67 71 76 84 
0 1 6 10 21 28 30 34 43 48 57 62 67 76 84 89 
0 1 6 10 21 28 30 34 48 55 57 62 67 71 76 84 
0 1 6 10 21 30 34 55 57 62 67 71 76 84 86 91 
0 1 6 10 23 28 30 34 38 43 48 56 57 76 84 89 
0 1 6 10 23 30 34 38 43 48 52 56 57 71 76 84 
0 1 6 10 24 28 30 34 39 44 48 58 67 71 76 84 
0 1 6 10 24 28 30 34 39 44 48 58 76 84 85 89 
0 1 6 10 24 28 30 34 39 44 49 58 72 76 84 85 
0 1 6 10 24 28 30 34 39 44 49 58 76 84 85 89 
0 1 6 10 24 30 34 39 44 48 52 56 58 71 76 84 
0 1 6 10 26 28 30 34 38 49 57 61 76 84 85 89 
0 1 6 10 26 28 30 34 38 57 61 65 76 84 85 89 
0 1 6 10 26 30 34 38 52 57 61 66 71 76 84 86 
0 1 6 10 26 30 34 38 57 61 66 71 76 84 86 91 
0 1 6 10 28 30 34 38 42 57 61 65 76 84 85 89 
0 1 6 10 28 30 34 38 43 48 56 57 62 76 84 89 
0 1 6 10 28 30 34 38 43 48 57 62 67 71 76 84 
0 1 6 10 28 30 34 39 43 48 56 57 62 76 84 89 
0 1 6 10 28 30 34 39 43 48 57 62 67 71 76 84 
0 1 6 10 28 30 34 39 43 48 57 62 67 76 84 89 
0 1 6 10 28 30 34 39 44 48 58 62 67 71 76 84 
0 1 6 10 28 30 34 39 44 49 58 63 76 84 85 89 
0 1 6 10 30 34 38 43 47 52 57 61 66 71 76 84 
0 1 6 10 30 34 39 43 48 52 57 62 66 71 76 84 
0 1 6 10 30 34 39 43 57 62 66 71 76 84 86 91 
0 1 6 10 30 34 39 44 58 63 67 71 76 84 87 91 
0 1 6 10 30 34 39 52 55 58 62 66 71 76 84 86 
0 1 6 10 30 34 39 55 58 62 66 71 76 84 86 91 
0 1 6 10 30 34 39 55 58 62 67 71 76 84 86 91 
0 1 6 11 15 19 23 28 43 48 56 76 83 89 103 107 
0 1 6 11 15 19 23 30 35 39 43 47 52 66 71 76 
0 1 6 11 15 19 23 39 43 47 52 66 71 76 103 107 
0 1 6 11 15 19 23 43 47 52 66 71 76 83 103 107 
0 1 6 11 15 19 23 43 48 52 56 71 76 83 103 107 
0 1 6 11 15 19 23 45 50 59 64 71 76 83 86 91 103 107 
0 1 6 11 15 19 23 59 63 67 71 76 82 83 87 91 103 107 
0 1 6 11 15 19 24 28 30 35 39 43 48 56 76 89 
0 1 6 11 15 19 24 28 30 35 39 60 65 76 85 89 
0 1 6 11 15 19 24 28 39 43 48 56 76 89 103 107 
0 1 6 11 15 19 24 28 39 44 48 76 85 89 103 107 
0 1 6 11 15 19 24 28 48 56 60 68 76 89 103 107 
0 1 6 11 15 19 24 30 35 39 43 48 52 56 71 76 
0 1 6 11 15 19 24 39 43 48 52 56 71 76 103 107 
0 1 6 11 15 19 24 48 52 56 60 68 71 76 103 107 
0 1 6 11 15 19 28 30 35 39 43 48 62 67 71 76 
0 1 6 11 15 19 30 35 39 43 48 52 62 66 71 76 
0 1 6 11 15 19 30 35 39 43 62 66 71 76 86 91 
0 1 6 11 15 19 39 43 48 52 62 66 71 76 103 107 
0 1 6 11 15 19 45 50 53 60 64 71 76 83 86 91 103 107 
0 1 6 11 15 19 46 50 53 55 60 71 76 83 86 91 103 107 
0 1 6 11 15 19 46 53 55 60 67 71 76 83 87 91 103 107 
0 1 6 11 15 20 24 28 30 35 39 44 48 67 71 76 
0 1 6 11 15 20 24 28 30 35 39 44 48 76 85 89 
0 1 6 11 15 20 24 28 48 56 60 68 76 89 103 108 
0 1 6 11 15 20 24 28 61 65 68 76 85 89 103 108 
0 1 6 11 15 20 24 48 52 56 60 68 71 76 103 108 
0 1 6 11 15 20 26 28 30 35 49 61 68 76 85 89 
0 1 6 11 15 20 26 30 35 41 45 50 71 76 86 91 
0 1 6 11 15 20 26 30 35 41 45 52 66 71 76 86 
0 1 6 11 15 20 26 30 35 41 45 66 71 76 86 91 
0 1 6 11 15 20 26 30 35 41 61 66 71 76 86 91 
0 1 6 11 15 20 26 30 35 47 52 61 66 68 71 76 
0 1 6 11 15 20 26 30 35 52 61 66 68 71 76 86 
0 1 6 11 15 20 26 30 35 61 66 68 71 76 86 91 
0 1 6 11 15 20 30 35 42 47 52 61 66 68 71 76 
0 1 6 11 15 20 42 47 52 61 66 68 71 76 103 108 
0 1 6 11 15 22 37 42 46 50 55 68 71 76 86 91 103 107 
0 1 6 11 15 22 37 42 46 55 67 68 71 76 87 91 103 107 
0 1 6 11 15 28 37 42 61 65 68 76 85 89 103 107 
0 1 6 11 15 30 35 39 43 58 62 66 71 76 86 91 
0 1 6 11 15 37 42 47 52 61 66 68 71 76 103 107 
0 1 6 11 15 37 45 50 53 60 64 68 71 76 86 91 103 107 
0 1 6 11 15 37 46 50 53 55 60 68 71 76 86 91 103 107 
0 1 6 11 16 20 24 41 44 48 52 56 71 76 103 108 
0 1 6 11 16 20 26 41 45 50 71 76 86 91 103 108 
0 1 6 11 16 20 26 41 45 52 66 71 76 86 103 108 
0 1 6 11 16 20 26 41 45 66 71 76 86 91 103 108 
0 1 6 11 16 21 26 45 50 57 71 76 86 91 103 108 
0 1 6 11 16 21 28 31 36 43 48 56 57 62 76 89 
0 1 6 11 16 23 28 31 38 43 48 56 57 76 89 108 
0 1 6 11 18 22 33 38 42 46 50 55 71 76 86 91 103 108 
0 1 6 11 18 23 33 38 45 50 59 64 71 76 86 91 103 108 
0 1 6 11 22 33 37 42 46 50 55 68 71 76 86 91 103 108 
0 2 6 10 14 18 22 28 30 34 38 42 46 55 67 72 76 87 
0 2 6 10 14 18 22 28 30 34 38 42 49 63 69 72 76 82 
0 2 6 10 14 18 22 28 30 34 38 42 63 67 72 76 82 87 
0 2 6 10 14 18 22 30 34 38 42 63 69 72 77 82 87 92 
0 2 6 10 14 18 23 28 30 34 38 45 49 59 64 69 72 76 
0 2 6 10 14 18 23 28 30 34 38 49 59 63 69 72 76 82 
0 2 6 10 14 18 23 28 30 34 38 59 63 67 72 76 82 87 
0 2 6 10 14 18 23 30 34 38 59 63 69 72 77 82 87 92 
0 2 6 10 14 19 23 28 30 34 45 49 59 64 69 72 76 83 
0 2 6 10 14 19 23 28 30 34 49 59 63 69 72 76 82 83 
0 2 6 10 14 19 23 28 30 34 59 63 67 72 76 82 83 87 
0 2 6 10 14 19 23 30 34 59 64 69 72 77 82 83 88 92 
