0 9 13 15 18 21 24 28 50 63 66 78 92 95 
0 9 13 15 18 21 24 63 66 72 75 78 81 
0 9 13 15 18 21 24 72 75 78 81 82 86 
0 9 13 15 18 21 24 72 75 78 82 86 89 
0 9 13 15 18 21 24 75 78 82 86 89 92 
0 9 13 15 18 21 24 78 82 86 89 92 95 
0 9 13 15 18 21 28 47 50 60 63 78 92 95 
0 9 13 15 18 21 28 50 60 63 66 78 92 95 
0 9 13 15 18 28 44 47 50 57 60 78 92 95 
0 9 13 15 18 28 47 50 57 60 63 78 92 95 
0 9 13 15 18 28 50 57 60 63 66 78 92 95 
0 9 13 15 18 44 47 50 57 60 75 78 89 92 
0 9 13 15 18 44 47 50 57 60 78 89 92 95 
0 9 13 15 18 47 50 57 60 63 75 78 89 92 
0 9 13 15 44 47 50 57 60 75 78 89 92 96 
