0 1 5 10 15 31 41 52 67 76 83 92 102 106 109 
0 1 5 11 15 22 31 46 52 53 55 60 67 68 71 75 86 109 
0 1 5 11 15 31 46 52 53 55 60 67 68 71 75 86 101 109 
0 1 7 11 15 22 31 37 42 46 52 55 60 67 68 71 108 109 
0 1 7 11 15 22 31 38 42 46 52 60 67 68 82 104 108 109 
0 1 11 15 22 31 37 42 46 52 55 60 67 68 71 86 108 109 
0 2 6 10 15 19 23 30 45 59 64 69 72 83 107 
0 2 6 10 15 19 23 30 45 60 64 69 72 83 107 
0 2 6 10 15 19 23 30 45 64 69 72 83 92 107 
0 2 6 10 15 19 23 30 64 69 72 76 82 83 92 
0 2 6 10 17 21 32 37 47 52 62 66 72 77 88 92 103 107 
0 2 6 11 17 21 32 37 47 52 53 62 66 77 88 92 103 107 
0 2 6 11 17 21 32 37 47 52 62 66 72 77 88 92 103 107 
0 3 7 11 15 19 23 30 34 38 42 60 68 77 97 100 104 108 
