0 1 5 9 20 24 31 42 46 56 58 62 66 77 95 99 103 
0 1 5 9 20 24 37 42 46 56 58 62 73 77 95 96 99 
0 1 5 9 20 24 37 42 46 56 58 62 73 77 95 99 103 
0 1 5 9 20 24 37 42 46 57 69 72 77 84 85 89 100 104 
0 1 5 9 20 24 37 42 46 58 62 73 77 91 95 96 99 
0 1 5 9 20 24 37 46 53 56 58 62 66 77 95 99 103 
0 1 5 9 20 24 37 46 53 57 69 72 77 84 85 89 100 104 
0 1 5 10 14 26 37 42 46 57 69 72 77 84 85 89 100 104 
0 1 5 10 14 26 37 42 46 57 69 72 77 84 85 90 94 105 
0 2 17 21 25 30 34 40 45 49 62 66 70 88 92 103 107 
0 2 17 21 25 30 34 40 45 49 66 70 83 88 92 103 107 
0 2 17 21 25 30 35 39 40 50 66 70 83 88 92 97 107 
0 2 17 21 25 30 35 39 40 50 66 70 83 88 92 103 107 
0 2 17 22 25 30 34 40 45 49 61 66 70 88 97 99 107 
0 2 17 25 30 34 40 45 49 56 66 70 83 88 92 103 107 
0 3 7 18 22 30 35 39 40 50 57 61 66 70 82 87 98 102 
0 3 7 18 22 30 35 39 40 50 57 61 66 70 82 93 98 102 
0 4 8 12 19 23 30 45 53 56 58 62 66 77 94 99 103 
0 4 8 12 19 23 30 45 53 57 61 66 76 82 94 98 102 
0 4 8 12 19 23 30 45 53 57 61 72 76 82 94 98 102 
