0 2 5 15 20 26 38 43 48 58 61 71 76 94 99 104 
0 2 5 15 20 26 38 43 48 58 71 76 84 86 99 104 
0 2 5 15 20 26 38 43 48 58 71 76 84 94 99 104 
0 2 5 15 20 26 38 43 48 61 66 71 76 94 99 104 
0 2 5 15 20 26 38 43 48 66 71 76 84 86 99 104 
0 2 5 15 20 26 38 43 48 66 71 76 84 94 99 104 
0 2 7 13 17 22 28 31 36 53 58 63 69 91 97 101 
0 2 7 13 17 22 28 31 36 53 59 71 76 90 95 96 100 105 
0 2 7 13 17 22 31 36 46 53 58 63 69 91 97 101 
0 2 7 13 17 28 31 36 48 58 63 69 84 86 91 97 
0 2 7 13 17 28 31 36 48 58 63 69 86 91 97 101 
0 2 7 13 17 28 31 36 53 58 63 69 84 86 91 97 
0 2 7 13 17 28 31 36 53 58 63 69 86 91 97 101 
0 2 7 13 22 26 28 31 36 53 58 63 69 91 97 101 
0 2 7 13 26 28 31 36 48 58 63 69 84 86 91 97 
0 2 7 13 26 28 31 36 48 58 63 69 84 86 91 104 
0 2 7 13 26 28 31 36 48 58 63 69 86 91 97 101 
0 2 7 13 26 28 31 36 48 58 63 69 86 91 101 104 
0 2 7 13 26 28 31 36 53 58 63 69 84 86 91 97 
0 2 7 13 26 28 31 36 53 58 63 69 84 86 91 104 
0 2 7 13 26 28 31 36 53 58 63 69 86 91 101 104 
0 2 7 17 20 28 31 36 48 58 63 69 84 86 91 97 
0 2 7 17 20 28 31 36 48 58 63 69 86 91 97 101 
0 2 7 20 26 28 31 36 48 58 63 69 84 86 91 97 
0 2 7 20 26 28 31 36 48 58 63 69 84 86 91 104 
0 2 7 20 26 28 31 36 48 58 63 69 84 86 97 99 
0 2 7 20 26 28 31 36 48 58 63 69 84 86 99 104 
0 2 7 20 26 28 31 36 48 58 63 69 86 91 97 101 
0 2 7 20 26 28 31 36 48 58 63 69 86 91 101 104 
0 2 14 19 24 28 31 36 48 58 63 69 92 102 109 
0 2 15 20 26 28 31 36 48 58 63 69 84 86 91 97 
0 2 15 20 26 28 31 36 48 58 63 69 84 86 91 104 
0 2 15 20 26 28 31 36 48 58 63 69 84 86 97 99 
0 3 15 18 21 31 36 40 49 63 66 81 95 98 101 
