0 3 7 14 20 24 28 30 36 42 47 58 64 69 74 86 103 109 
0 3 8 16 20 26 27 30 38 43 47 59 64 76 93 98 
0 3 8 16 20 26 27 38 43 47 59 64 76 93 96 98 
0 3 8 16 20 26 27 38 43 59 64 71 76 93 96 98 
0 3 8 16 21 26 27 38 43 59 64 71 76 93 96 98 
0 3 8 20 25 26 30 35 42 47 52 63 69 73 86 103 
0 3 8 20 25 26 30 35 42 47 52 63 69 86 98 103 
0 3 8 20 25 26 30 35 42 47 52 63 73 86 93 103 
0 3 8 20 25 26 30 35 42 47 52 63 86 93 98 103 
0 3 8 20 25 26 30 35 42 47 52 64 69 73 86 103 
0 3 8 20 25 26 30 35 42 47 52 64 69 86 98 103 
0 3 8 20 25 26 30 35 42 47 52 64 73 86 93 103 
0 3 8 20 25 26 30 35 42 47 52 64 86 93 98 103 
0 3 8 20 25 26 30 35 43 47 52 64 73 86 93 103 
0 3 8 20 25 26 30 42 47 52 59 63 69 86 98 103 
0 3 8 20 25 26 30 42 47 52 59 63 86 93 98 103 
0 3 8 20 25 26 30 42 47 52 59 64 69 86 98 103 
0 3 8 20 25 26 30 42 47 52 59 64 86 93 98 103 
0 3 8 20 25 26 30 42 47 59 64 76 86 93 98 103 
0 3 8 20 25 26 35 42 47 52 63 73 86 93 96 103 
0 3 8 20 25 26 35 42 47 52 63 86 93 96 98 103 
0 3 8 20 25 26 35 42 47 52 64 73 86 93 96 103 
0 3 8 20 25 26 35 42 47 52 64 86 93 96 98 103 
0 3 8 20 25 26 35 42 52 64 71 86 93 96 98 103 
0 3 8 20 25 26 35 43 47 52 64 73 86 93 96 103 
0 3 8 20 25 26 42 47 52 59 64 86 93 96 98 103 
0 3 8 20 25 26 42 47 59 64 76 86 93 96 98 103 
0 3 8 20 25 26 42 52 59 64 71 86 93 96 98 103 
0 3 8 20 25 30 35 42 47 52 63 68 69 73 86 103 
0 3 8 20 25 30 35 42 47 52 63 68 73 86 93 103 
0 3 8 20 25 30 35 43 47 52 64 68 73 86 93 103 
0 3 8 20 26 27 38 43 47 59 64 76 93 96 98 103 
0 3 8 21 25 26 35 43 52 64 71 86 93 96 98 103 
0 4 9 16 21 27 31 36 43 48 56 57 62 74 81 89 101 
0 4 9 16 21 27 31 36 43 48 56 57 62 74 89 94 101 
0 4 11 16 21 27 31 43 48 56 57 62 74 81 89 97 101 
