0 1 6 9 14 19 39 52 58 63 69 76 88 101 106 
0 1 6 11 19 24 31 44 49 63 69 73 83 93 106 
0 1 6 11 19 24 31 44 49 69 73 83 93 98 106 
0 1 7 14 20 33 39 45 51 55 57 63 75 81 88 94 100 107 
0 2 8 20 24 25 28 30 42 58 63 70 74 87 91 103 
0 2 8 20 24 25 28 30 42 58 63 70 74 87 92 103 
0 2 8 20 24 25 28 30 42 59 63 70 74 87 92 103 
0 2 8 20 24 25 28 30 53 58 63 70 74 87 91 103 
0 2 8 20 24 25 28 30 53 58 63 70 74 87 92 103 
0 2 8 20 24 25 28 31 42 58 63 70 74 87 91 103 
0 2 8 20 24 25 28 31 42 58 63 70 74 87 92 103 
0 2 8 20 24 25 28 31 42 59 63 70 74 87 92 103 
0 2 8 20 24 25 28 31 53 58 63 70 74 87 91 103 
0 2 8 20 24 25 28 31 53 58 63 70 74 87 92 103 
0 2 8 20 24 25 31 40 42 58 63 70 74 87 92 103 
0 2 8 20 24 25 31 40 42 59 63 70 74 87 92 103 
0 2 8 20 24 25 31 40 53 58 63 70 74 87 92 103 
0 2 8 20 25 26 28 30 42 58 63 70 74 87 91 103 
0 2 8 20 25 26 28 30 42 58 63 70 74 87 92 103 
0 2 8 20 25 26 28 30 42 59 63 70 74 87 92 103 
0 2 8 20 25 26 28 31 42 58 63 70 74 87 91 103 
0 2 8 20 25 26 28 31 42 58 63 70 74 87 92 103 
0 2 9 20 24 25 28 30 42 58 63 70 74 87 91 103 
0 2 9 20 24 25 28 30 42 58 63 70 74 87 92 103 
0 2 9 20 24 25 28 30 42 59 63 70 74 87 92 103 
0 2 9 20 24 25 28 31 42 58 63 70 74 87 91 103 
0 2 9 20 24 25 28 31 42 58 63 70 74 87 92 103 
