0 1 5 9 14 18 22 28 30 55 57 61 65 73 77 81 84 86 
0 1 5 9 14 18 22 28 31 55 57 61 65 73 77 81 84 86 
0 1 5 9 14 18 22 28 49 55 57 61 65 73 77 81 84 86 
0 1 5 9 14 18 22 30 35 55 57 61 65 73 77 81 86 90 
0 1 5 9 14 18 22 31 35 55 57 61 65 73 77 81 86 90 
0 1 5 9 14 18 22 35 49 55 57 61 65 73 77 81 86 90 
0 1 5 9 14 18 22 35 49 55 57 61 65 73 77 81 90 104 
0 1 5 9 14 18 22 35 49 55 57 61 65 73 77 81 90 105 
0 1 5 9 14 18 28 30 53 55 57 61 65 73 81 84 86 97 
0 1 5 9 14 18 28 31 53 55 57 61 65 73 81 84 86 97 
0 1 5 9 14 18 28 49 53 55 57 61 65 73 81 84 86 97 
0 1 5 9 14 18 28 49 53 55 57 61 65 73 81 84 97 104 
0 1 5 9 14 18 28 49 53 55 57 61 65 73 81 84 97 105 
0 1 5 9 14 18 30 35 53 55 57 61 65 73 81 86 90 97 
0 1 5 9 14 18 31 35 53 55 57 61 65 73 81 86 90 97 
0 1 5 9 14 18 35 49 53 55 57 61 65 73 81 86 90 97 
0 1 5 9 14 18 35 49 53 55 57 61 65 73 81 90 97 104 
0 1 5 9 14 18 35 49 53 55 57 61 65 73 81 90 97 105 
0 1 5 9 14 21 26 31 36 60 65 68 70 77 86 91 
0 1 5 9 14 21 26 36 49 60 65 68 70 77 91 105 
0 1 5 9 14 21 31 36 55 60 65 68 70 77 86 91 
0 1 5 9 14 21 31 36 55 61 65 68 70 77 86 91 
0 1 5 9 14 21 31 36 55 65 68 70 77 86 91 98 
0 1 5 9 14 21 31 36 60 65 68 70 77 86 91 100 
0 1 5 9 14 21 36 49 55 60 65 68 70 77 91 105 
0 1 5 9 14 21 36 49 55 61 65 68 70 77 91 105 
0 1 5 9 14 21 36 49 55 65 68 70 77 91 98 105 
0 1 5 9 14 21 36 49 60 65 68 70 77 91 100 105 
0 1 5 9 14 22 28 30 37 55 57 61 65 77 81 84 86 92 
0 1 5 9 14 22 28 31 37 55 57 61 65 77 81 84 86 92 
0 1 5 9 14 22 28 37 49 55 57 61 65 77 81 84 86 92 
0 1 5 9 14 22 28 37 49 55 57 61 65 77 81 84 92 104 
0 1 5 9 14 22 28 37 49 55 57 61 65 77 81 84 92 105 
0 1 5 9 14 22 31 36 55 61 65 68 70 77 86 91 
0 1 5 9 14 22 36 49 55 61 65 68 70 77 91 105 
0 1 5 9 14 26 31 36 41 60 65 68 70 86 91 97 
0 1 5 9 14 26 36 41 49 60 65 68 70 91 97 105 
0 1 5 9 14 28 30 37 53 55 57 61 65 81 84 86 92 97 
0 1 5 9 14 28 31 37 53 55 57 61 65 81 84 86 92 97 
0 1 5 9 14 28 37 49 53 55 57 61 65 81 84 86 92 97 
0 1 5 9 14 28 37 49 53 55 57 61 65 81 84 92 97 105 
0 1 5 9 14 31 36 41 55 60 65 68 70 86 91 97 
0 1 5 9 14 31 36 41 55 61 65 68 70 86 91 97 
0 1 5 9 14 31 36 41 60 65 68 70 86 91 97 100 
0 1 5 9 14 31 36 53 55 61 65 68 70 86 91 97 
0 1 5 9 14 31 36 55 61 65 68 70 77 86 91 97 
0 1 5 9 14 36 41 49 55 60 65 68 70 91 97 105 
0 1 5 9 14 36 41 49 55 61 65 68 70 91 97 105 
0 1 5 9 14 36 41 49 60 65 68 70 91 97 100 105 
0 1 5 9 14 36 49 53 55 61 65 68 70 91 97 105 
0 1 5 9 14 36 49 55 61 65 68 70 77 91 97 105 
0 1 5 9 15 21 26 30 36 50 60 64 68 70 77 85 91 106 
0 1 5 9 15 21 26 30 36 50 60 64 68 70 77 85 92 106 
0 1 5 9 15 21 26 30 36 51 60 64 68 71 77 86 92 106 
0 1 5 9 15 21 26 30 36 51 60 65 68 71 77 86 92 106 
0 1 5 9 15 21 26 30 36 51 60 68 71 77 86 92 102 106 
0 1 5 9 15 21 26 32 36 48 60 64 68 70 77 87 91 104 
0 1 5 9 15 21 26 32 36 48 60 64 68 70 77 87 92 104 
0 1 5 9 15 21 26 32 36 48 60 64 68 71 77 87 92 104 
0 1 5 9 15 21 26 32 36 48 60 64 68 71 77 88 92 104 
0 1 5 9 15 21 26 32 36 48 60 64 68 77 87 92 104 108 
0 1 5 9 15 21 26 32 36 49 60 64 68 71 77 88 92 104 
0 1 5 9 15 21 26 32 36 49 60 65 68 71 77 88 92 104 
0 1 5 9 15 21 30 36 51 55 60 65 68 71 77 86 92 106 
0 1 5 9 15 21 30 36 51 55 65 68 71 77 86 92 98 106 
0 1 5 9 15 21 32 36 49 55 60 65 68 71 77 88 92 104 
0 1 5 9 15 21 32 36 49 55 61 65 68 71 77 88 92 104 
0 1 5 9 15 21 32 36 49 55 65 68 71 77 88 92 98 104 
0 1 5 9 15 21 32 36 49 60 65 68 71 77 88 92 100 104 
0 1 5 9 15 22 32 36 49 55 61 65 68 71 77 88 92 104 
0 1 5 9 15 26 30 36 41 50 60 64 68 70 85 91 97 106 
0 1 5 9 15 26 30 36 41 50 60 64 68 70 85 92 97 106 
0 1 5 9 15 26 30 36 41 50 60 64 68 71 85 92 97 106 
0 1 5 9 15 26 30 36 41 51 60 65 68 71 86 92 97 106 
0 1 5 9 15 26 30 36 41 51 60 68 71 86 92 97 102 106 
0 1 5 9 15 26 32 36 41 48 60 64 68 70 87 91 97 104 
0 1 5 9 15 26 32 36 41 48 60 64 68 70 87 92 97 104 
0 1 5 9 15 26 32 36 41 48 60 64 68 71 87 92 97 104 
0 1 5 9 15 26 32 36 41 48 60 64 68 71 88 92 97 104 
0 1 5 9 15 26 32 36 41 48 60 64 68 87 92 97 104 108 
0 1 5 9 15 30 36 41 51 55 60 65 68 71 86 92 97 106 
0 1 5 9 15 32 36 49 53 55 61 65 68 71 88 92 97 104 
0 1 5 9 15 32 36 49 53 55 61 65 71 75 88 92 97 104 
0 1 5 9 17 21 25 26 28 30 60 68 73 77 81 86 102 108 
0 1 5 9 17 21 25 26 30 34 60 65 68 73 77 81 86 90 
0 1 5 9 17 21 25 26 30 34 60 68 73 77 81 86 90 102 
0 1 5 9 17 21 25 34 49 55 61 65 68 73 77 81 90 104 
0 1 5 9 17 21 25 34 49 55 65 68 73 77 81 90 98 104 
0 1 5 9 17 21 26 28 32 48 60 64 68 73 77 87 104 108 
0 1 5 9 17 21 26 28 32 48 60 64 68 73 77 88 104 108 
0 1 5 9 17 21 26 28 32 49 60 64 68 73 77 88 104 108 
0 1 5 9 17 21 26 30 34 51 60 64 68 73 77 86 90 106 
0 1 5 9 17 21 26 30 34 51 60 65 68 73 77 86 90 106 
0 1 5 9 17 21 26 30 34 51 60 68 73 77 86 90 102 106 
0 1 5 9 17 21 26 31 52 60 65 68 72 77 86 107 
0 1 5 9 17 21 26 33 49 60 65 68 72 77 89 105 
0 1 5 9 17 21 30 34 51 60 65 68 73 77 86 90 100 106 
0 1 5 9 17 21 31 52 55 60 65 68 72 77 86 107 
0 1 5 9 17 21 31 52 55 61 65 68 72 77 86 107 
0 1 5 9 17 21 31 52 55 65 68 72 77 86 98 107 
0 1 5 9 17 21 31 52 60 65 68 72 77 86 100 107 
0 1 5 9 17 21 33 49 55 60 65 68 72 77 89 105 
0 1 5 9 17 21 33 49 55 61 65 68 72 77 89 105 
0 1 5 9 17 21 33 49 55 65 68 72 77 89 98 105 
0 1 5 9 17 21 33 49 60 65 68 72 77 89 100 105 
0 1 5 9 17 22 33 49 55 61 65 68 72 77 89 105 
0 1 5 9 17 25 26 28 30 41 60 65 68 73 81 86 97 108 
0 1 5 9 17 25 26 28 30 41 60 68 73 81 86 97 102 108 
0 1 5 9 17 25 26 34 41 48 60 64 68 69 72 89 97 104 
0 1 5 9 17 25 26 34 41 48 60 64 68 69 73 89 97 104 
0 1 5 9 17 25 26 34 41 48 60 64 68 69 73 90 97 104 
0 1 5 9 17 25 28 30 41 55 60 65 68 73 81 86 97 108 
0 1 5 9 17 25 28 30 41 55 61 65 68 73 81 86 97 108 
0 1 5 9 17 25 28 30 41 60 65 68 73 81 86 97 100 108 
0 1 5 9 17 25 28 30 53 55 61 65 68 73 81 86 97 108 
0 1 5 9 17 26 33 41 49 60 65 68 72 89 97 105 
0 1 5 9 17 33 41 49 55 60 65 68 72 89 97 105 
0 1 5 9 17 33 41 49 60 65 68 72 89 97 100 105 
0 1 5 9 21 26 28 32 36 49 60 64 68 77 88 92 104 108 
0 1 5 9 21 26 31 36 52 60 65 68 77 86 91 107 
0 1 5 9 21 26 32 36 48 52 60 64 68 77 87 91 104 108 
0 1 5 9 21 26 32 36 48 52 60 64 68 77 87 92 104 108 
0 1 5 9 21 31 36 52 55 60 65 68 77 86 91 107 
0 1 5 9 21 31 36 52 55 61 65 68 77 86 91 107 
0 1 5 9 21 31 36 52 55 65 68 77 86 91 98 107 
0 1 5 9 21 31 36 52 60 65 68 77 86 91 100 107 
0 1 5 9 22 31 36 52 55 61 65 68 77 86 91 107 
0 1 5 10 14 21 31 36 55 60 65 68 70 77 86 91 
0 1 5 10 14 21 31 36 55 60 65 68 70 77 87 91 
0 1 5 10 14 21 31 36 55 60 65 68 70 77 91 105 
0 1 5 10 14 21 31 36 55 61 65 68 70 77 86 91 
0 1 5 10 14 21 31 36 55 61 65 68 70 77 87 91 
0 1 5 10 14 21 31 36 55 61 65 68 70 77 91 105 
0 1 5 10 14 21 31 36 55 65 68 70 77 86 91 98 
0 1 5 10 14 21 31 36 55 65 68 70 77 87 91 98 
0 1 5 10 14 21 31 36 55 65 68 70 77 91 98 105 
0 1 5 10 14 21 36 49 55 60 65 68 70 77 91 105 
0 1 5 10 14 21 36 49 55 61 65 68 70 77 91 105 
0 1 5 10 14 21 36 49 55 65 68 70 77 91 98 105 
0 1 5 10 14 21 36 50 55 60 65 68 70 77 91 105 
0 1 5 10 14 21 36 50 55 61 65 68 70 77 91 105 
0 1 5 10 14 21 36 50 55 65 68 70 77 91 98 105 
0 1 5 10 14 22 31 36 55 61 65 68 70 77 87 91 
0 1 5 10 14 22 31 36 55 61 65 68 70 77 91 105 
0 1 5 10 14 22 36 49 55 61 65 68 70 77 91 105 
0 1 5 10 14 22 36 50 55 61 65 68 70 77 91 105 
0 1 5 10 14 31 36 41 55 60 65 68 70 86 91 97 
0 1 5 10 14 31 36 41 55 60 65 68 70 87 91 97 
0 1 5 10 14 31 36 41 55 60 65 68 70 91 97 105 
0 1 5 10 14 31 36 41 55 61 65 68 70 86 91 97 
0 1 5 10 14 31 36 41 55 61 65 68 70 87 91 97 
0 1 5 10 14 31 36 41 55 61 65 68 70 91 97 105 
0 1 5 10 14 31 36 53 55 61 65 68 70 86 91 97 
0 1 5 10 14 31 36 53 55 61 65 68 70 87 91 97 
0 1 5 10 14 31 36 53 55 61 65 68 70 91 97 105 
0 1 5 10 14 31 36 55 61 65 68 70 77 86 91 97 
0 1 5 10 14 31 36 55 61 65 68 70 77 87 91 97 
0 1 5 10 14 31 36 55 61 65 68 70 77 91 97 105 
0 1 5 10 14 36 41 49 55 60 65 68 70 91 97 105 
0 1 5 10 14 36 41 49 55 61 65 68 70 91 97 105 
0 1 5 10 14 36 41 50 55 60 65 68 70 91 97 105 
0 1 5 10 14 36 41 50 55 61 65 68 70 91 97 105 
0 1 5 10 14 36 49 53 55 61 65 68 70 91 97 105 
0 1 5 10 14 36 49 55 61 65 68 70 77 91 97 105 
0 1 5 10 14 36 50 53 55 61 65 68 70 91 97 105 
0 1 5 10 14 36 50 55 61 65 68 70 77 91 97 105 
0 1 5 10 15 21 31 36 55 60 65 68 70 77 87 91 
0 1 5 10 15 21 31 36 55 60 65 68 70 77 87 92 
0 1 5 10 15 21 31 36 55 61 65 68 70 77 87 91 
0 1 5 10 15 21 31 36 55 61 65 68 70 77 87 92 
0 1 5 10 15 21 31 36 55 65 68 70 77 87 91 98 
0 1 5 10 15 21 31 36 55 65 68 70 77 87 92 98 
0 1 5 10 15 21 36 50 55 60 65 68 70 77 91 105 
0 1 5 10 15 21 36 50 55 60 65 68 70 77 92 105 
0 1 5 10 15 21 36 50 55 61 65 68 70 77 91 105 
0 1 5 10 15 21 36 50 55 61 65 68 70 77 92 105 
0 1 5 10 15 21 36 50 55 65 68 70 77 91 98 105 
0 1 5 10 15 21 36 50 55 65 68 70 77 92 98 105 
0 1 5 10 15 22 31 36 55 61 65 68 70 77 87 91 
0 1 5 10 15 22 31 36 55 61 65 68 70 77 87 92 
0 1 5 10 15 22 36 50 55 61 65 68 70 77 91 105 
0 1 5 10 15 22 36 50 55 61 65 68 70 77 92 105 
0 1 5 10 15 31 36 41 55 60 65 68 70 87 91 97 
0 1 5 10 15 31 36 41 55 60 65 68 70 87 92 97 
0 1 5 10 15 31 36 41 55 61 65 68 70 87 91 97 
0 1 5 10 15 31 36 53 55 61 65 68 70 87 91 97 
0 1 5 10 15 31 36 53 55 61 65 68 70 87 92 97 
0 1 5 10 15 31 36 53 55 61 65 70 75 87 92 97 
0 1 5 10 15 31 36 55 61 65 68 70 77 87 91 97 
0 1 5 10 15 31 36 55 61 65 68 70 77 87 92 97 
0 1 5 10 15 36 41 50 55 60 65 68 70 91 97 105 
0 1 5 10 15 36 41 50 55 60 65 68 70 92 97 105 
0 1 5 10 15 36 41 50 55 61 65 68 70 91 97 105 
0 1 5 10 15 36 41 50 55 61 65 68 70 92 97 105 
0 1 5 10 15 36 50 53 55 61 65 68 70 91 97 105 
0 1 5 10 15 36 50 53 55 61 65 68 70 92 97 105 
0 1 5 10 15 36 50 53 55 61 65 70 75 92 97 105 
0 1 5 10 15 36 50 55 61 65 68 70 77 91 97 105 
0 1 5 10 15 36 50 55 61 65 68 70 77 92 97 105 
0 1 5 10 17 21 31 36 52 55 65 68 77 87 98 108 
0 1 5 10 17 21 31 52 55 60 65 68 72 77 86 107 
0 1 5 10 17 21 31 52 55 60 65 68 72 77 87 107 
0 1 5 10 17 21 31 52 55 61 65 68 72 77 87 107 
0 1 5 10 17 21 31 52 55 65 68 72 77 86 98 107 
0 1 5 10 17 21 31 52 55 65 68 72 77 87 98 107 
0 1 5 10 17 21 31 52 55 65 68 72 77 87 98 108 
0 1 5 10 17 21 33 49 55 60 65 68 72 77 89 105 
0 1 5 10 17 21 33 49 55 61 65 68 72 77 89 105 
0 1 5 10 17 21 33 49 55 65 68 72 77 89 98 105 
0 1 5 10 17 21 33 50 55 60 65 68 72 77 89 105 
0 1 5 10 17 21 33 50 55 61 65 68 72 77 89 105 
0 1 5 10 17 21 33 50 55 65 68 72 77 89 98 105 
0 1 5 10 17 21 34 50 55 60 65 68 72 77 89 105 
0 1 5 10 17 21 34 50 55 65 68 72 77 89 98 105 
0 1 5 10 17 22 31 36 52 55 61 65 68 77 87 108 
0 1 5 10 17 31 36 41 52 55 61 65 68 87 97 108 
0 1 5 10 17 31 36 52 55 61 65 68 77 87 97 108 
0 1 5 10 17 31 41 52 55 60 65 68 72 86 97 107 
0 1 5 10 17 31 41 52 55 60 65 68 72 87 97 107 
0 1 5 10 17 31 41 52 55 60 65 68 72 87 97 108 
0 1 5 10 17 31 41 52 55 60 65 68 73 87 97 108 
0 1 5 10 17 31 41 52 55 61 65 68 72 86 97 107 
0 1 5 10 17 31 41 52 55 61 65 68 72 87 97 107 
0 1 5 10 17 31 41 52 55 61 65 68 72 87 97 108 
0 1 5 10 17 31 41 52 55 61 65 68 73 87 97 108 
0 1 5 10 17 33 41 49 55 60 65 68 72 89 97 105 
0 1 5 10 17 33 41 49 55 61 65 68 72 89 97 105 
0 1 5 10 17 33 41 50 55 60 65 68 72 89 97 105 
0 1 5 10 17 33 41 50 55 61 65 68 72 89 97 105 
0 1 5 10 17 33 49 53 55 61 65 68 72 89 97 105 
0 1 5 10 17 33 50 53 55 61 65 68 72 89 97 105 
0 1 5 10 17 34 41 50 55 60 65 68 72 89 97 105 
0 1 5 10 17 34 41 50 55 60 65 68 73 89 97 105 
0 1 5 10 17 34 41 50 55 61 65 68 72 89 97 105 
0 1 5 10 17 34 41 50 55 61 65 68 73 89 97 105 
0 1 5 10 21 31 36 52 55 60 65 68 70 77 87 91 
0 1 5 10 21 31 36 52 55 60 65 68 77 86 91 107 
0 1 5 10 21 31 36 52 55 60 65 68 77 87 91 107 
0 1 5 10 21 31 36 52 55 61 65 68 70 77 87 91 
0 1 5 10 21 31 36 52 55 61 65 68 77 86 91 107 
0 1 5 10 21 31 36 52 55 61 65 68 77 87 91 107 
0 1 5 10 21 31 36 52 55 65 68 70 77 87 91 98 
0 1 5 10 21 31 36 52 55 65 68 77 86 91 98 107 
0 1 5 10 21 31 36 52 55 65 68 77 87 91 98 107 
0 1 5 10 21 31 36 52 55 65 68 77 87 91 98 108 
0 1 5 10 21 31 36 52 55 65 68 77 87 92 98 108 
0 1 5 10 22 31 36 52 55 61 65 68 70 77 87 91 
0 1 5 10 22 31 36 52 55 61 65 68 77 87 91 107 
0 1 5 10 22 31 36 52 55 61 65 68 77 87 91 108 
0 1 5 10 22 31 36 52 55 61 65 68 77 87 92 108 
0 1 5 10 31 36 41 52 55 60 65 68 70 87 91 97 
0 1 5 10 31 36 41 52 55 61 65 68 70 87 91 97 
0 1 5 10 31 36 41 52 55 61 65 68 86 91 97 107 
0 1 5 10 31 36 41 52 55 61 65 68 87 91 97 107 
0 1 5 10 31 36 41 52 55 61 65 68 87 91 97 108 
0 1 5 10 31 36 52 53 55 61 65 68 70 87 91 97 
0 1 5 10 31 36 52 55 61 65 68 70 77 87 91 97 
0 1 5 10 31 36 52 55 61 65 68 77 86 91 97 107 
0 1 5 10 31 36 52 55 61 65 68 77 87 91 97 107 
0 1 5 10 31 36 52 55 61 65 68 77 87 91 97 108 
0 1 5 10 31 36 52 55 61 65 68 77 87 92 97 108 
0 1 5 11 15 21 26 32 36 46 60 66 68 70 77 87 91 102 
0 1 5 11 15 21 26 32 36 46 60 66 68 70 77 87 92 102 
0 1 5 11 15 21 26 32 36 46 60 66 68 71 77 87 92 102 
0 1 5 11 15 21 26 32 36 46 60 66 68 71 77 88 92 102 
0 1 5 11 15 21 26 32 36 46 60 66 68 71 77 92 102 106 
0 1 5 11 15 21 26 32 36 46 60 67 68 71 77 88 92 102 
0 1 5 11 17 26 28 32 41 46 60 66 68 73 87 97 102 108 
0 1 5 11 17 26 28 32 41 46 60 66 68 73 88 97 102 108 
0 1 5 11 17 26 28 32 41 46 60 67 68 73 88 97 102 108 
0 1 5 11 17 26 32 41 46 52 60 66 68 72 87 97 102 108 
0 1 5 11 17 26 32 41 46 52 60 66 68 73 87 97 102 108 
0 1 5 11 17 26 34 41 46 50 60 66 68 72 89 97 102 106 
0 1 5 11 17 26 34 41 46 50 60 66 68 73 89 97 102 106 
0 1 5 11 17 26 34 41 46 51 60 66 68 73 90 97 102 106 
0 1 5 11 17 26 34 41 46 51 60 67 68 73 90 97 102 106 
0 1 5 11 17 26 34 41 47 51 60 67 68 73 90 97 102 106 
0 1 5 13 17 22 36 47 52 55 61 68 69 77 103 108 
0 1 5 13 17 26 33 41 47 60 67 68 72 89 97 102 
0 1 5 13 17 26 41 47 52 60 67 68 72 97 102 107 
0 1 5 13 17 31 41 47 52 55 60 68 72 97 103 107 
0 1 5 13 17 31 41 47 52 55 61 68 72 97 103 107 
0 1 5 13 17 31 47 52 53 55 61 68 72 97 103 107 
0 1 5 13 17 33 41 47 55 60 67 68 72 89 97 102 
0 1 5 13 17 33 41 47 55 60 67 68 72 89 97 103 
0 1 5 13 17 33 41 47 55 60 68 69 72 89 97 103 
0 1 5 13 17 33 41 47 55 61 67 68 72 89 97 102 
0 1 5 13 17 33 41 47 55 61 67 68 72 89 97 103 
0 1 5 13 17 33 41 47 55 61 68 69 72 89 97 103 
0 1 5 13 17 33 47 53 55 61 67 68 72 89 97 102 
0 1 5 13 17 33 47 53 55 61 67 68 72 89 97 103 
0 1 5 13 17 33 47 53 55 61 68 69 72 89 97 103 
0 1 5 13 17 34 41 47 55 60 68 69 72 89 97 103 
0 1 5 13 17 34 41 47 55 60 68 69 73 89 97 103 
0 1 5 13 17 34 41 47 55 61 68 69 72 89 97 103 
0 1 5 13 17 34 41 47 55 61 68 69 73 89 97 103 
0 1 5 13 17 34 47 53 55 61 68 69 72 89 97 103 
0 1 5 13 17 34 47 53 55 61 68 69 73 89 97 103 
0 1 5 13 17 36 41 47 52 55 61 68 69 97 103 108 
0 1 5 13 17 36 47 52 53 55 61 68 69 97 103 108 
0 1 5 13 17 36 47 52 55 61 68 69 77 97 103 108 
0 1 5 13 17 41 47 52 55 60 67 68 72 97 102 107 
0 1 5 13 17 41 47 52 55 60 67 68 72 97 103 107 
0 1 5 13 17 41 47 52 55 60 68 69 72 89 97 103 
0 1 5 13 17 41 47 52 55 60 68 69 72 97 103 107 
0 1 5 13 17 41 47 52 55 60 68 69 72 97 103 108 
0 1 5 13 17 41 47 52 55 60 68 69 73 97 103 108 
0 1 5 13 17 41 47 52 55 61 67 68 72 97 102 107 
0 1 5 13 17 41 47 52 55 61 67 68 72 97 103 107 
0 1 5 13 17 41 47 52 55 61 68 69 72 89 97 103 
0 1 5 13 17 41 47 52 55 61 68 69 72 97 103 107 
0 1 5 13 17 41 47 52 55 61 68 69 72 97 103 108 
0 1 5 13 17 41 47 52 55 61 68 69 73 97 103 108 
0 1 5 13 17 47 52 53 55 61 67 68 72 97 102 107 
0 1 5 13 17 47 52 53 55 61 67 68 72 97 103 107 
0 1 5 13 17 47 52 53 55 61 68 69 72 89 97 103 
0 1 5 13 17 47 52 53 55 61 68 69 72 97 103 107 
0 1 5 13 17 47 52 53 55 61 68 69 72 97 103 108 
0 1 5 13 17 47 52 53 55 61 68 69 73 97 103 108 
0 1 5 13 21 31 36 47 52 55 61 68 77 91 103 107 
0 1 5 13 21 31 36 47 52 55 68 77 91 98 103 107 
0 1 5 13 21 36 47 52 55 61 67 68 77 91 102 107 
0 1 5 13 21 36 47 52 55 61 67 68 77 91 103 107 
0 1 5 13 21 36 47 52 55 61 68 69 77 91 103 107 
0 1 5 13 21 36 47 52 55 67 68 77 91 98 102 107 
0 1 5 13 21 36 47 52 55 67 68 77 91 98 103 107 
0 1 5 13 21 36 47 52 55 68 69 77 91 98 103 107 
0 1 5 13 21 36 47 52 55 68 69 77 91 98 103 108 
0 1 5 13 22 31 36 47 52 55 61 68 77 91 103 107 
0 1 5 13 22 36 47 52 55 61 67 68 77 91 102 107 
0 1 5 13 22 36 47 52 55 61 67 68 77 91 103 107 
0 1 5 13 22 36 47 52 55 61 68 69 77 91 103 107 
0 1 5 13 22 36 47 52 55 61 68 69 77 91 103 108 
0 1 5 13 31 36 41 47 52 55 61 68 91 97 103 107 
0 1 5 13 31 36 47 52 53 55 61 68 91 97 103 107 
0 1 5 13 31 36 47 52 55 61 68 77 91 97 103 107 
0 1 5 13 36 41 47 52 55 61 67 68 91 97 102 107 
0 1 5 13 36 41 47 52 55 61 67 68 91 97 103 107 
0 1 5 13 36 41 47 52 55 61 68 69 91 97 103 107 
0 1 5 13 36 41 47 52 55 61 68 69 91 97 103 108 
0 1 5 13 36 47 52 53 55 61 67 68 91 97 102 107 
0 1 5 13 36 47 52 53 55 61 67 68 91 97 103 107 
0 1 5 13 36 47 52 53 55 61 68 69 91 97 103 107 
0 1 5 13 36 47 52 53 55 61 68 69 91 97 103 108 
0 1 5 13 36 47 52 55 61 67 68 77 91 97 102 107 
0 1 5 13 36 47 52 55 61 67 68 77 91 97 103 107 
0 1 5 13 36 47 52 55 61 68 69 77 91 97 103 107 
0 1 5 13 36 47 52 55 61 68 69 77 91 97 103 108 
0 1 5 14 18 28 30 47 53 55 57 61 73 81 84 86 97 102 
0 1 5 14 18 28 31 47 53 55 57 61 73 81 84 86 97 102 
0 1 5 14 18 28 31 47 53 55 57 61 73 81 84 86 97 103 
0 1 5 14 18 30 35 47 53 55 57 61 73 81 86 90 97 102 
0 1 5 14 18 31 35 47 53 55 57 61 73 81 86 90 97 102 
0 1 5 14 18 31 35 47 53 55 57 61 73 81 86 90 97 103 
0 1 5 14 31 36 41 47 55 61 68 70 86 91 97 102 
0 1 5 14 31 36 41 47 55 61 68 70 86 91 97 103 
0 1 5 14 31 36 41 47 55 61 68 70 87 91 97 103 
0 1 5 14 31 36 47 53 55 61 68 70 86 91 97 102 
0 1 5 14 31 36 47 53 55 61 68 70 86 91 97 103 
0 1 5 14 31 36 47 53 55 61 68 70 87 91 97 103 
0 1 5 15 31 36 47 53 55 61 68 70 87 91 97 103 
0 1 5 17 21 31 36 47 52 55 68 77 87 98 103 108 
0 1 5 17 25 26 28 30 41 46 60 68 69 73 85 97 102 108 
0 1 5 17 25 26 30 34 41 46 60 68 69 73 85 90 97 102 
0 1 5 17 25 26 30 34 41 46 60 68 69 73 85 97 102 108 
0 1 5 17 25 28 30 41 47 55 60 68 73 81 86 97 102 108 
0 1 5 17 26 31 41 47 52 60 68 72 86 97 102 107 
0 1 5 17 31 36 41 47 52 55 61 68 87 97 103 108 
0 1 5 17 31 36 47 52 53 55 61 68 87 97 103 108 
0 1 5 17 31 36 47 52 55 61 68 77 87 97 103 108 
0 1 5 17 31 41 47 52 55 60 65 68 72 86 97 107 
0 1 5 17 31 41 47 52 55 60 68 72 86 97 102 107 
0 1 5 17 31 41 47 52 55 60 68 72 86 97 103 107 
0 1 5 17 31 41 47 52 55 60 68 72 87 97 103 107 
0 1 5 17 31 41 47 52 55 60 68 72 87 97 103 108 
0 1 5 17 31 41 47 52 55 60 68 73 87 97 103 108 
0 1 5 17 31 41 47 52 55 61 68 72 87 97 103 107 
0 1 5 17 31 41 47 52 55 61 68 72 87 97 103 108 
0 1 5 17 31 41 47 52 55 61 68 73 87 97 103 108 
0 1 5 17 31 47 52 53 55 61 68 72 87 97 103 107 
0 1 5 17 31 47 52 53 55 61 68 72 87 97 103 108 
0 1 5 17 31 47 52 53 55 61 68 73 87 97 103 108 
0 1 5 21 31 36 47 52 55 61 68 77 87 91 103 107 
0 1 5 21 31 36 47 52 55 68 77 86 91 98 103 107 
0 1 5 21 31 36 47 52 55 68 77 87 91 98 103 107 
0 1 5 21 31 36 47 52 55 68 77 87 91 98 103 108 
0 1 5 31 36 41 47 52 55 61 68 70 87 91 97 103 
0 1 5 31 36 41 47 52 55 61 68 86 91 97 102 107 
0 1 5 31 36 41 47 52 55 61 68 86 91 97 103 107 
0 1 5 31 36 41 47 52 55 61 68 87 91 97 103 107 
0 1 5 31 36 41 47 52 55 61 68 87 91 97 103 108 
0 1 5 31 36 47 52 53 55 61 68 70 87 91 97 103 
0 1 5 31 36 47 52 53 55 61 68 86 91 97 102 107 
0 1 5 31 36 47 52 53 55 61 68 87 91 97 103 107 
0 1 5 31 36 47 52 53 55 61 68 87 91 97 103 108 
0 2 7 13 16 33 38 42 47 58 67 72 88 93 98 102 
0 2 7 13 16 33 38 42 47 58 67 72 93 98 102 107 
0 2 7 13 16 38 42 47 51 58 67 72 93 98 102 107 
0 2 7 13 16 38 42 47 52 58 67 72 93 98 102 107 
0 2 7 13 18 28 33 42 47 58 67 74 84 88 98 102 
0 2 7 13 18 33 40 42 47 58 67 74 84 88 98 102 
0 2 7 13 18 35 42 47 51 58 67 74 90 98 102 107 
0 2 7 13 18 35 42 47 51 58 67 74 91 98 102 107 
0 2 7 13 18 35 42 47 52 58 67 74 91 98 102 107 
0 2 7 13 19 33 40 42 47 58 67 74 84 88 98 102 
0 2 7 13 19 35 42 47 51 58 67 74 91 98 102 107 
0 2 7 13 19 35 42 47 52 58 67 74 91 98 102 107 
0 2 7 13 19 36 42 47 52 58 67 74 91 98 102 107 
0 2 7 13 33 38 40 42 47 58 67 84 88 93 98 102 
0 2 7 13 33 40 42 47 58 67 74 84 88 93 98 102 
0 2 7 14 18 28 30 42 47 58 74 81 84 86 98 102 
0 2 7 14 18 28 31 42 47 58 74 81 84 86 98 102 
0 2 7 14 18 30 35 42 47 58 74 81 84 86 98 102 
0 2 7 14 18 30 35 42 47 58 74 81 86 90 98 102 
0 2 7 14 18 30 35 42 47 58 74 81 86 91 98 102 
0 2 7 14 18 30 40 42 47 58 74 81 84 86 98 102 
0 2 7 14 18 31 35 42 47 58 70 74 86 91 98 102 
0 2 7 14 18 31 35 42 47 58 74 81 86 90 98 102 
0 2 7 14 18 31 35 42 47 58 74 81 86 91 98 102 
0 2 7 14 18 31 35 42 47 58 74 86 91 98 102 107 
0 2 7 14 18 31 40 42 47 58 74 81 84 86 98 102 
0 2 7 14 19 30 35 42 47 58 74 81 86 91 98 102 
0 2 7 14 19 30 40 42 47 58 74 81 84 86 98 102 
0 2 7 14 19 31 35 42 47 58 74 81 86 91 98 102 
0 2 7 14 19 31 35 42 47 58 74 86 91 98 102 107 
0 2 7 14 28 30 37 42 47 58 81 84 86 93 98 102 
0 2 7 14 28 31 37 42 47 58 81 84 86 93 98 102 
0 2 7 14 30 37 40 42 47 58 81 84 86 93 98 102 
0 2 7 14 30 38 40 42 47 58 81 84 86 93 98 102 
0 2 7 14 31 37 40 42 47 58 70 84 86 93 98 102 
0 2 7 14 31 37 40 42 47 58 81 84 86 93 98 102 
0 2 7 14 31 38 40 42 47 58 70 84 86 93 98 102 
0 2 7 14 31 38 40 42 47 58 70 86 93 96 98 102 
0 2 7 14 31 38 40 42 47 58 81 84 86 93 98 102 
0 2 7 16 30 37 42 47 51 58 72 86 93 98 102 107 
0 2 7 16 30 38 42 47 51 58 72 86 93 98 102 107 
0 2 7 16 31 37 42 47 51 58 72 86 93 98 102 107 
0 2 7 16 31 37 42 47 52 58 72 86 93 98 102 107 
0 2 7 16 31 38 42 47 51 58 72 86 93 98 102 107 
0 2 7 16 37 42 47 51 58 67 72 86 93 98 102 107 
0 2 7 16 38 42 47 51 58 67 72 86 93 98 102 107 
0 2 7 18 25 28 30 42 47 58 74 81 84 86 98 102 
0 2 7 18 25 30 35 42 47 58 74 81 86 90 98 102 
0 2 7 18 30 35 42 47 51 58 74 81 86 90 98 102 
0 2 7 18 30 35 42 47 51 58 74 86 90 98 102 107 
0 2 7 18 30 35 42 47 51 58 74 86 91 98 102 107 
0 2 7 18 35 42 47 51 58 67 74 86 90 98 102 107 
0 2 7 18 35 42 47 51 58 67 74 86 91 98 102 107 
0 2 7 19 30 35 42 47 51 58 74 86 91 98 102 107 
0 2 7 25 28 30 37 42 47 58 81 84 86 93 98 102 
0 2 9 14 18 26 28 30 42 57 64 73 81 84 86 109 
0 2 9 14 18 26 28 30 42 57 64 74 81 84 86 109 
0 2 9 14 18 26 28 30 42 57 65 73 81 84 86 109 
0 2 9 14 18 26 28 30 42 57 65 74 81 84 86 109 
0 2 9 14 18 26 28 30 42 58 64 74 81 84 86 98 
0 2 9 14 18 26 28 30 42 58 64 74 81 84 86 109 
0 2 9 14 18 26 28 30 42 58 65 74 81 84 86 98 
0 2 9 14 18 26 28 30 42 58 65 74 81 84 86 109 
0 2 9 14 18 26 28 31 42 57 65 73 81 84 86 109 
0 2 9 14 18 26 28 31 42 57 65 74 81 84 86 109 
0 2 9 14 18 26 28 31 42 58 65 74 81 84 86 98 
0 2 9 14 18 26 28 42 49 57 64 74 81 84 104 109 
0 2 9 14 18 26 28 42 49 57 65 74 81 84 104 109 
0 2 9 14 18 26 28 42 49 58 64 74 81 84 98 104 
0 2 9 14 18 26 28 42 49 58 64 74 81 84 104 109 
0 2 9 14 18 26 28 42 49 58 65 74 81 84 98 104 
0 2 9 14 18 26 30 35 42 57 64 73 81 86 90 109 
0 2 9 14 18 26 30 35 42 57 64 74 81 86 90 109 
0 2 9 14 18 26 30 35 42 57 64 74 81 86 91 109 
0 2 9 14 18 26 30 35 42 57 65 74 81 86 91 109 
0 2 9 14 18 26 30 35 42 58 64 74 81 86 90 109 
0 2 9 14 18 26 30 35 42 58 64 74 81 86 91 109 
0 2 9 14 18 26 30 40 42 57 64 74 81 84 86 109 
0 2 9 14 18 26 30 40 42 57 65 74 81 84 86 109 
0 2 9 14 18 26 30 40 42 58 64 74 81 84 86 98 
0 2 9 14 18 26 30 40 42 58 64 74 81 84 86 109 
0 2 9 14 18 26 30 40 42 58 65 74 81 84 86 98 
0 2 9 14 18 26 31 35 42 57 65 70 74 86 91 109 
0 2 9 14 18 26 31 35 42 57 65 74 81 84 86 109 
0 2 9 14 18 26 31 35 42 57 65 74 81 86 91 109 
0 2 9 14 18 26 31 35 42 57 65 74 86 91 107 109 
0 2 9 14 18 26 31 35 42 58 65 70 74 86 91 98 
0 2 9 14 18 26 31 35 42 58 65 70 74 86 91 109 
0 2 9 14 18 26 31 35 42 58 65 74 86 91 98 107 
0 2 9 14 18 26 31 35 42 58 65 74 86 91 107 109 
0 2 9 14 18 26 31 40 42 57 65 70 74 84 86 109 
0 2 9 14 18 26 31 40 42 57 65 74 81 84 86 109 
0 2 9 14 18 26 31 40 42 58 65 70 74 84 86 98 
0 2 9 14 18 26 31 40 42 58 65 70 74 84 86 109 
0 2 9 14 18 26 35 42 49 57 64 74 81 90 104 109 
0 2 9 14 18 26 35 42 49 57 64 74 81 91 104 109 
0 2 9 14 18 26 35 42 49 57 65 74 81 84 104 109 
0 2 9 14 18 26 35 42 49 57 65 74 81 91 104 109 
0 2 9 14 18 26 35 42 49 58 64 74 81 90 98 104 
0 2 9 14 18 26 35 42 49 58 64 74 81 90 104 109 
0 2 9 14 18 26 35 42 49 58 64 74 81 91 98 104 
0 2 9 14 18 26 35 42 49 58 64 74 81 91 104 109 
0 2 9 14 18 26 35 42 49 58 65 74 81 91 98 104 
0 2 9 14 18 26 40 42 49 58 64 74 81 84 98 104 
0 2 9 14 18 26 40 42 49 58 64 74 81 84 104 109 
0 2 9 14 19 26 30 35 42 58 64 74 81 86 91 98 
0 2 9 14 19 26 30 35 42 58 64 74 81 86 91 109 
0 2 9 14 19 26 30 40 42 58 64 74 81 84 86 98 
0 2 9 14 19 26 31 35 42 58 65 70 74 86 91 109 
0 2 9 14 19 26 31 36 42 58 65 70 74 86 91 109 
0 2 9 14 19 26 31 40 42 58 65 70 74 84 86 98 
0 2 9 14 19 26 31 40 42 58 65 70 74 84 86 109 
0 2 9 14 19 26 31 40 42 58 65 70 74 86 96 98 
0 2 9 14 19 26 31 40 42 58 65 70 74 86 96 109 
0 2 9 14 19 26 35 42 49 58 64 74 81 91 98 104 
0 2 9 14 19 26 35 42 49 58 65 70 74 91 98 105 
0 2 9 14 19 26 35 42 49 58 65 70 74 91 105 109 
0 2 9 14 19 26 36 42 49 58 65 70 74 91 98 105 
0 2 9 14 19 26 36 42 49 58 65 70 74 91 105 109 
0 2 9 14 26 28 30 37 42 57 64 81 84 86 92 109 
0 2 9 14 26 28 30 37 42 57 64 81 84 86 93 109 
0 2 9 14 26 28 30 37 42 57 65 81 84 86 92 109 
0 2 9 14 26 28 30 37 42 57 65 81 84 86 93 109 
0 2 9 14 26 28 30 37 42 58 64 81 84 86 93 98 
0 2 9 14 26 28 30 37 42 58 64 81 84 86 93 109 
0 2 9 14 26 28 30 37 42 58 65 81 84 86 93 98 
0 2 9 14 26 28 31 37 42 57 65 81 84 86 92 109 
0 2 9 14 26 28 37 42 49 58 64 81 84 93 98 104 
0 2 9 14 26 30 37 40 42 57 64 81 84 86 93 109 
0 2 9 14 26 30 37 40 42 57 65 81 84 86 93 109 
0 2 9 14 26 30 37 40 42 58 64 81 84 86 93 109 
0 2 9 14 26 30 37 40 42 58 65 81 84 86 93 109 
0 2 9 14 26 30 38 40 42 58 64 81 84 86 93 109 
0 2 9 14 26 31 37 40 42 57 65 70 84 86 93 109 
0 2 9 14 26 31 37 40 42 58 65 70 84 86 93 109 
0 2 9 14 26 31 38 40 42 58 65 70 84 86 93 109 
0 2 9 14 26 31 38 40 42 58 65 70 86 93 96 109 
0 2 9 14 26 31 40 42 58 65 70 74 84 86 93 109 
0 2 9 14 26 38 40 42 49 58 64 81 84 93 98 104 
0 2 9 15 19 26 32 36 42 48 58 64 70 74 87 91 98 104 
0 2 9 15 19 26 32 36 42 48 58 64 70 74 87 91 104 109 
0 2 9 15 19 26 32 40 42 48 58 64 70 74 87 96 98 104 
0 2 9 15 26 32 37 42 48 57 64 71 87 92 104 109 
0 2 9 15 26 32 37 42 48 57 64 71 88 92 104 109 
0 2 9 15 26 32 38 40 42 48 58 64 70 87 93 96 98 104 
0 2 9 16 26 30 37 42 51 57 64 71 86 92 107 109 
0 2 9 16 26 30 37 42 51 57 64 71 86 93 107 109 
0 2 9 16 26 30 37 42 51 57 65 71 86 92 107 109 
0 2 9 16 26 30 37 42 51 57 65 71 86 93 107 109 
0 2 9 16 26 30 37 42 51 58 64 71 86 93 98 107 
0 2 9 16 26 30 37 42 51 58 64 71 86 93 107 109 
0 2 9 16 26 30 37 42 51 58 64 72 86 93 98 107 
0 2 9 16 26 30 37 42 51 58 65 71 86 93 98 107 
0 2 9 16 26 30 37 42 51 58 65 72 86 93 98 107 
0 2 9 16 26 30 37 42 51 58 71 86 93 98 102 107 
0 2 9 16 26 30 37 42 51 58 72 86 93 98 102 107 
0 2 9 16 26 30 38 42 51 58 64 72 86 93 98 107 
0 2 9 16 26 30 38 42 51 58 65 72 86 93 98 107 
0 2 9 16 26 30 38 42 51 58 72 86 93 98 102 107 
0 2 9 16 26 31 37 42 51 57 65 71 86 92 107 109 
0 2 9 16 26 31 37 42 51 58 65 71 86 93 98 107 
0 2 9 16 26 31 37 42 51 58 65 72 86 93 98 107 
0 2 9 16 26 32 37 42 48 57 64 71 88 92 104 109 
0 2 9 25 26 28 37 42 48 58 64 81 84 93 98 104 
0 2 9 26 28 32 37 42 48 58 64 84 88 93 98 104 
0 2 11 16 26 32 37 42 46 57 67 71 88 93 102 109 
0 2 11 16 26 32 37 42 46 58 67 71 88 93 102 109 
0 2 11 16 26 33 37 42 46 58 67 71 88 93 102 109 
0 2 11 16 26 33 37 42 46 58 67 84 88 93 102 109 
0 2 11 16 26 33 37 42 47 58 67 84 88 93 102 109 
0 2 11 16 26 37 42 46 51 57 67 71 88 93 102 109 
0 2 11 16 26 37 42 46 51 58 67 71 88 93 102 109 
0 2 11 16 26 37 42 46 51 58 67 71 93 102 107 109 
0 2 11 26 28 32 37 42 46 57 67 84 88 93 102 109 
0 2 11 26 28 32 37 42 46 58 67 84 88 93 102 109 
0 2 11 26 28 32 37 42 47 57 67 84 88 93 102 109 
0 2 11 26 28 32 37 42 47 58 67 84 88 93 102 109 
0 2 11 26 28 33 37 42 46 58 67 84 88 93 102 109 
0 2 11 26 28 33 37 42 47 58 67 84 88 93 102 109 
0 2 11 26 33 37 40 42 46 58 67 84 88 93 102 109 
0 2 11 26 33 37 40 42 47 58 67 84 88 93 102 109 
0 2 11 26 33 38 40 42 46 58 67 84 88 93 102 109 
0 2 11 26 33 38 40 42 47 58 67 84 88 93 102 109 
0 2 13 26 33 38 40 42 47 58 67 84 88 93 98 102 
0 2 13 26 33 38 40 42 47 58 67 84 88 93 102 109 
0 3 7 13 16 33 38 42 47 58 67 72 88 93 98 102 
0 3 7 13 16 33 38 42 47 58 67 72 89 93 98 102 
0 3 7 13 16 33 38 42 47 58 67 72 93 98 102 107 
0 3 7 13 16 38 42 47 51 58 67 72 93 98 102 107 
0 3 7 13 16 38 42 47 52 58 67 72 93 98 102 107 
0 3 7 13 19 33 38 40 42 47 58 67 89 96 98 102 
0 3 7 13 19 33 40 42 47 58 67 75 89 96 98 102 
0 3 7 13 33 38 40 42 47 58 67 72 89 93 98 102 
0 3 7 13 33 38 40 42 47 58 67 84 88 93 98 102 
0 3 7 13 33 38 40 42 47 58 67 84 89 93 98 102 
0 3 7 13 33 38 40 42 47 58 67 89 93 96 98 102 
0 3 7 16 30 38 42 47 51 58 72 86 93 98 102 107 
0 3 7 16 38 42 47 51 58 67 72 86 93 98 102 107 
0 3 7 19 25 28 30 36 42 47 58 75 81 86 92 98 102 108 
0 3 9 14 20 28 31 37 43 55 59 65 75 81 84 86 92 98 
0 3 9 16 26 30 38 42 51 58 64 72 86 93 98 107 
0 3 13 16 26 33 38 42 47 58 67 72 88 93 98 102 
0 3 13 16 26 33 38 42 47 58 67 72 89 93 98 102 
0 3 13 16 26 33 38 42 47 58 67 72 93 98 102 107 
0 3 13 17 31 38 43 47 52 55 59 72 94 98 103 107 
0 3 13 26 33 38 40 42 47 58 67 84 88 93 98 102 
0 3 13 26 33 38 40 42 47 58 67 84 89 93 98 102 
0 3 13 26 33 38 40 42 47 58 67 89 93 96 98 102 
0 3 13 26 33 38 40 42 47 58 67 89 94 96 98 102 
0 4 9 12 14 20 26 30 35 60 64 76 81 83 86 90 
0 4 9 12 14 21 26 30 35 60 64 76 81 83 86 90 
0 4 9 12 14 26 30 35 60 64 76 81 83 86 90 95 
0 4 9 12 16 21 26 30 35 51 60 64 76 83 86 107 
0 4 9 12 16 21 26 30 35 51 60 76 83 86 102 107 
0 4 9 12 16 21 26 30 51 60 64 72 76 83 86 107 
0 4 9 12 16 26 30 35 51 60 64 76 83 86 95 107 
0 4 9 12 16 26 30 35 51 60 65 76 83 86 95 107 
0 4 9 12 16 26 30 35 51 60 76 83 86 95 102 107 
0 4 9 12 21 26 30 35 51 60 64 76 83 86 90 107 
0 4 9 12 21 26 30 35 51 60 76 83 86 90 102 107 
0 4 9 18 26 30 35 39 51 60 81 83 86 90 95 102 
0 4 11 18 26 28 32 39 46 60 66 73 84 88 95 102 
0 4 11 18 26 28 32 39 46 60 66 73 87 95 102 108 
0 4 11 18 26 28 32 39 46 60 66 73 88 95 102 108 
0 4 11 18 26 28 32 39 46 60 67 73 84 88 95 102 
0 4 11 18 26 28 32 39 46 60 67 74 84 88 95 102 
