0 1 7 11 15 28 30 34 49 67 71 75 86 90 94 100 104 108 
0 1 13 16 20 28 30 34 49 58 62 66 91 95 99 
0 2 7 13 17 22 31 36 53 59 76 95 96 100 105 
0 2 7 13 22 31 48 53 59 66 76 85 95 100 105 
0 3 8 12 18 23 31 36 53 56 66 68 71 76 89 94 104 
0 3 8 12 18 23 31 36 53 56 66 71 76 89 94 99 104 
0 3 8 12 18 23 31 49 53 56 66 68 71 76 89 94 104 
0 3 8 18 23 25 31 36 40 56 61 66 68 71 76 89 94 
0 3 8 18 23 25 31 36 40 56 61 66 68 71 76 94 102 
0 3 8 18 23 25 31 36 40 56 61 66 68 71 76 102 107 
0 3 8 18 23 25 31 49 53 56 66 68 71 76 89 94 104 
0 6 14 21 27 33 41 48 56 58 66 73 92 99 107 
0 6 14 21 27 33 41 48 58 66 73 85 92 99 107 
0 7 12 14 22 33 48 53 59 66 74 85 93 100 107 
