0 1 5 16 20 32 36 47 51 55 62 66 68 77 86 101 107 109 
0 2 6 17 21 32 36 47 51 57 62 76 88 92 103 107 
0 2 6 17 21 32 36 47 51 62 66 76 88 92 103 107 
0 2 6 17 21 32 36 47 51 62 66 77 88 92 103 107 
0 2 6 17 21 32 37 43 47 62 66 77 88 92 103 107 
0 2 6 17 21 32 37 47 51 62 66 77 88 92 103 107 
0 2 6 17 21 32 37 47 52 62 66 77 88 92 103 107 
0 4 10 12 14 26 30 45 53 59 66 70 83 85 97 100 
0 4 10 12 14 26 30 45 53 59 70 74 83 85 97 100 
0 4 10 12 15 26 30 45 53 59 66 70 83 85 97 100 
0 4 10 12 15 26 30 45 53 59 70 74 83 85 97 100 
0 4 10 12 15 26 30 45 53 66 70 83 85 97 100 107 
0 4 10 12 15 30 45 53 59 70 74 83 85 90 97 100 
