0 1 5 10 14 19 23 30 39 48 63 72 88 96 106 109 
0 1 5 10 14 23 30 39 48 63 72 76 88 96 101 109 
0 1 5 13 17 24 38 45 50 56 58 63 70 77 91 97 103 
0 2 5 11 18 26 28 39 46 60 73 84 88 94 101 109 
0 2 5 11 18 26 28 39 46 60 73 84 88 94 102 109 
0 4 9 12 16 23 37 42 49 56 58 62 74 81 95 102 107 
0 4 9 16 21 30 37 40 42 49 56 62 74 81 88 95 107 
0 4 9 16 21 30 37 40 42 49 62 74 81 82 88 95 107 
0 4 9 16 21 30 37 40 42 49 62 74 82 88 95 100 107 
0 4 9 16 21 30 40 42 49 56 62 67 74 88 95 100 107 
0 4 9 16 21 30 40 42 49 62 67 74 82 88 95 100 107 
0 4 9 16 21 31 40 42 49 56 62 67 74 88 95 100 107 
0 4 9 16 23 30 37 42 49 56 58 62 74 81 95 102 107 
0 4 10 18 26 28 32 39 46 59 66 73 84 88 94 101 
0 4 11 18 26 28 32 39 46 59 66 73 84 88 94 101 
0 4 11 18 26 28 32 39 46 59 66 73 84 88 94 102 
0 4 11 18 26 28 32 39 46 59 66 73 84 88 95 101 
0 4 11 18 26 28 32 39 46 59 66 73 84 88 95 102 
0 4 11 18 26 28 32 39 46 59 66 74 84 88 94 102 
0 4 11 18 26 28 32 39 46 59 66 74 84 88 95 102 
0 4 11 18 26 28 32 39 46 59 67 73 84 88 95 101 
0 4 11 18 26 28 32 39 46 59 67 73 84 88 95 102 
0 4 11 18 26 28 32 39 46 60 66 73 84 88 95 101 
0 4 11 18 26 28 32 39 46 60 66 73 84 88 95 102 
0 4 11 18 26 28 32 39 46 60 67 73 84 88 95 102 
0 4 11 18 26 28 32 39 46 60 67 74 84 88 95 102 
