0 1 7 11 15 28 30 34 49 67 71 75 86 90 94 100 104 108 
0 2 7 13 17 22 31 36 53 59 76 95 96 100 105 
0 2 7 13 22 31 48 53 59 66 76 85 95 100 105 
0 4 8 12 17 21 25 30 43 47 64 69 83 90 103 107 
0 4 8 12 17 21 25 30 43 47 64 69 86 90 103 107 
0 4 8 12 17 21 25 30 43 64 69 77 83 90 103 107 
0 4 8 12 17 21 30 34 43 47 69 72 83 90 94 107 
0 4 8 12 17 21 30 34 43 47 69 83 90 94 103 107 
0 4 8 12 17 21 30 43 47 64 69 72 83 90 94 107 
0 4 8 12 21 25 30 43 47 64 69 83 90 98 103 107 
0 5 8 16 24 28 34 42 45 62 70 91 96 99 107 
0 6 14 21 27 33 41 48 58 65 73 85 92 99 107 
0 6 14 21 27 33 41 48 58 66 73 85 92 99 107 
0 7 12 14 22 33 48 53 59 66 74 85 93 100 107 
