0 2 5 9 18 23 39 40 46 50 57 61 66 94 98 102 
0 2 5 18 23 35 39 40 46 50 57 61 66 94 98 102 
0 2 7 11 18 22 30 34 39 40 55 61 66 70 74 102 
0 2 7 18 22 30 34 39 40 45 55 61 66 74 102 109 
0 2 7 18 22 30 34 39 40 50 55 61 66 70 98 102 
0 2 7 18 22 30 34 39 40 55 61 66 70 74 98 102 
0 2 7 18 22 30 34 39 40 55 61 66 70 74 102 109 
0 2 7 18 22 30 35 39 40 50 55 61 66 70 98 102 
0 2 7 18 22 30 35 39 40 50 57 61 66 70 98 102 
0 2 7 18 22 30 35 39 40 50 61 66 70 82 98 102 
0 2 7 18 22 30 35 39 40 55 61 66 70 74 98 102 
0 2 8 15 22 32 38 45 51 56 60 67 74 91 96 104 109 
0 2 8 15 22 32 38 45 51 56 61 67 74 91 96 104 109 
0 2 8 15 22 32 38 45 52 56 61 67 74 91 96 104 109 
0 2 8 15 22 32 39 45 51 56 61 67 74 91 96 104 109 
0 2 9 15 22 32 38 45 51 56 61 67 74 91 96 104 109 
0 2 9 15 22 32 38 45 52 56 61 67 74 91 96 104 109 
0 2 9 15 22 32 39 45 52 56 61 67 74 91 96 104 109 
0 2 9 17 22 25 30 40 45 50 57 61 65 72 93 102 
0 2 9 17 22 25 30 40 45 50 57 61 65 93 98 102 
0 2 9 17 22 30 39 40 45 50 57 61 65 93 98 102 
0 2 9 18 22 25 30 40 45 50 57 61 65 72 93 102 
0 2 9 18 22 25 30 40 45 50 57 61 65 93 98 102 
0 2 9 18 22 25 30 40 46 50 57 61 65 93 98 102 
0 2 9 18 22 25 30 40 50 57 61 65 70 93 98 102 
0 2 9 18 22 30 39 40 45 50 57 61 65 93 98 102 
0 2 9 18 22 30 39 40 45 50 57 61 66 93 98 102 
0 2 9 18 22 30 39 40 46 50 57 61 65 93 98 102 
0 2 9 18 22 30 39 40 46 50 57 61 66 93 98 102 
0 2 9 18 22 30 39 40 50 57 61 65 70 93 98 102 
0 2 9 18 22 30 39 40 50 57 61 66 70 93 98 102 
0 2 17 22 25 30 34 40 45 49 55 61 65 93 101 109 
0 2 17 22 25 30 34 40 45 49 55 61 65 93 102 109 
0 2 17 22 25 30 34 40 45 50 57 61 65 93 102 109 
0 2 18 22 25 30 34 40 45 49 55 61 65 93 102 109 
0 2 18 22 25 30 34 40 45 50 57 61 65 93 102 109 
0 2 18 22 25 30 34 40 49 55 61 65 70 93 102 109 
0 3 7 11 18 22 30 34 39 40 55 61 66 70 74 102 
0 3 7 11 18 22 30 39 40 55 59 66 70 74 87 102 
0 3 7 11 18 22 34 39 40 55 61 66 70 74 83 102 
0 3 7 11 18 22 34 39 40 55 66 70 74 83 87 102 
0 3 7 14 18 22 27 30 35 50 62 66 70 82 98 103 
0 3 7 14 22 27 30 35 44 50 62 66 70 82 98 103 
0 3 7 14 22 27 35 44 50 62 66 70 82 83 98 103 
0 3 7 18 22 27 35 41 62 66 70 75 82 83 98 103 
0 3 7 18 22 27 35 41 62 70 75 82 83 92 98 103 
0 3 7 18 22 30 35 39 40 50 57 61 66 70 98 102 
0 3 7 18 22 30 35 39 40 50 57 66 70 87 98 102 
0 3 7 18 22 30 35 39 40 50 61 66 70 82 98 102 
0 3 7 18 22 35 39 40 50 61 66 70 82 83 98 102 
0 3 7 18 22 35 39 40 61 66 70 75 82 83 98 102 
