0 1 9 14 23 31 39 40 42 45 51 58 71 93 100 107 
0 1 9 14 23 31 39 40 42 45 51 58 72 93 100 107 
0 4 11 18 24 28 32 39 46 59 66 73 84 88 95 102 
0 4 11 18 26 28 32 39 46 59 66 73 84 88 95 102 
0 4 11 18 26 28 32 39 46 59 66 73 88 95 102 108 
0 4 11 18 26 28 32 39 46 59 66 74 84 88 95 102 
0 4 11 18 26 28 32 39 46 59 66 74 88 95 102 108 
0 4 11 18 26 28 32 39 46 59 67 73 84 88 95 102 
0 4 11 18 26 28 32 39 46 59 67 73 88 95 102 108 
0 4 11 18 26 28 32 39 46 60 66 73 84 88 95 102 
0 4 11 18 26 28 32 39 46 60 66 73 88 95 102 108 
0 4 11 18 26 28 32 39 46 60 67 73 84 88 95 102 
0 4 11 18 26 28 32 39 46 60 67 74 84 88 95 102 
