0 1 5 9 12 24 27 42 57 61 66 74 78 87 91 
0 1 5 9 13 18 26 30 34 50 65 73 82 86 90 
0 1 5 9 13 18 26 30 35 50 65 73 82 86 91 
0 1 5 9 13 18 26 30 50 61 65 73 82 86 91 
0 1 5 9 13 18 26 30 61 65 73 78 82 86 91 
0 1 5 9 13 20 26 30 45 61 65 73 78 82 86 
0 1 5 9 13 24 26 30 61 65 73 78 82 86 91 
0 1 5 9 13 26 30 45 61 65 73 78 82 86 91 
0 1 5 9 14 18 26 30 34 50 65 73 82 86 90 
0 1 5 9 14 18 26 30 35 39 50 60 73 82 91 
0 1 5 9 14 18 26 30 35 39 50 73 82 86 91 
0 1 5 9 14 18 26 30 35 50 60 65 73 82 91 
0 1 5 9 14 18 26 30 35 50 65 73 82 86 91 
0 1 5 9 14 18 26 30 39 50 61 73 82 86 91 
0 1 5 9 14 18 26 31 35 39 50 55 73 87 91 
0 1 5 9 14 18 26 31 35 50 65 73 82 87 91 
0 1 5 9 14 18 26 35 39 50 57 73 82 87 91 
0 1 5 9 14 18 26 35 50 57 65 73 82 87 91 
0 1 5 9 14 18 26 35 50 57 66 73 82 87 91 
0 1 5 9 14 18 26 35 50 57 66 74 82 87 91 
0 1 5 9 14 24 26 31 39 55 61 73 78 87 91 
0 1 5 9 18 26 34 41 49 50 57 65 82 86 90 
0 1 5 9 18 26 34 41 49 50 57 65 82 86 91 
0 1 5 9 18 26 34 41 50 57 65 73 82 86 91 
0 1 5 9 18 26 35 41 49 50 57 65 82 86 91 
0 1 5 9 18 26 35 41 49 50 57 65 82 87 91 
0 1 5 9 18 26 35 41 50 57 65 73 82 86 91 
0 1 5 9 18 26 35 41 50 57 65 74 82 87 91 
0 1 5 9 18 26 41 50 57 61 65 73 82 86 91 
0 1 5 14 20 24 31 37 53 61 65 73 78 83 87 
0 4 18 21 23 28 34 41 49 50 56 63 80 86 92 
0 5 12 18 22 28 34 41 49 50 57 63 80 86 93 
0 5 12 18 22 28 35 41 49 50 57 63 80 86 93 
0 5 12 18 22 28 35 41 49 50 57 63 80 87 93 
