0 1 4 8 20 24 29 34 53 59 65 74 81 86 
0 1 5 12 17 26 33 38 49 53 58 73 78 90 
0 1 5 12 17 26 33 38 53 58 73 78 83 90 
0 1 5 13 17 26 33 38 53 58 73 78 83 90 
0 1 5 17 26 33 38 48 53 58 73 78 83 90 
0 1 5 17 27 38 43 48 51 58 63 73 78 83 
0 1 5 17 27 38 43 48 58 63 73 78 83 90 
0 1 6 13 17 26 33 38 53 58 73 78 83 90 
0 1 6 13 17 26 38 43 53 58 73 78 83 90 
0 1 6 13 17 26 38 43 58 62 73 78 83 90 
0 1 6 13 17 26 38 43 58 63 73 78 83 90 
0 1 6 13 17 27 38 43 58 63 73 78 83 90 
0 1 6 13 17 27 39 43 58 63 73 78 83 90 
0 1 6 13 18 26 33 38 53 58 73 74 78 90 
0 1 6 13 18 26 33 38 53 58 73 74 79 90 
0 1 6 13 18 26 33 38 53 58 73 78 83 90 
0 1 6 13 18 26 34 38 53 58 73 74 79 90 
0 1 6 13 18 26 38 43 53 58 73 74 78 90 
0 1 6 13 18 26 38 43 53 58 73 74 79 90 
0 1 6 13 18 26 38 43 53 58 73 78 83 90 
0 1 6 13 18 27 34 38 58 63 73 78 83 90 
0 1 6 13 18 27 34 39 53 58 73 74 79 90 
0 1 6 13 18 27 34 39 53 58 73 78 83 90 
0 2 15 19 23 26 30 43 53 57 81 85 89 
