0 1 5 16 20 24 26 31 35 49 50 54 60 84 88 
0 1 5 16 20 24 26 31 35 49 50 55 60 84 88 
0 1 5 16 20 24 26 31 35 49 55 60 84 88 93 
0 1 5 16 20 24 26 31 35 49 55 60 84 89 93 
0 1 5 16 20 24 26 31 35 50 54 60 80 84 88 
0 1 5 16 20 24 26 31 35 50 55 60 73 80 84 
0 1 5 16 20 24 26 31 35 50 55 60 80 84 88 
0 1 5 16 20 24 26 31 35 50 55 60 80 84 89 
0 1 5 16 20 24 26 31 35 51 55 60 74 85 89 
0 1 5 16 20 24 26 31 35 51 55 60 80 84 89 
0 1 5 16 20 24 26 31 35 55 60 74 78 89 93 
0 1 5 16 20 24 26 31 35 55 60 74 84 89 93 
0 1 5 16 20 24 26 31 35 55 60 74 85 89 93 
0 1 5 16 20 24 26 31 35 55 60 80 84 89 93 
0 1 5 16 20 26 30 41 45 50 54 60 80 84 88 
0 1 6 11 24 26 31 35 46 55 60 74 85 89 93 
0 1 6 16 24 26 31 35 46 55 60 74 85 89 93 
0 1 6 17 24 26 31 35 46 55 60 74 85 89 93 
0 1 12 16 20 24 26 30 41 50 54 60 80 84 88 
0 1 12 16 20 24 26 30 41 50 55 60 80 84 88 
0 1 12 16 20 24 26 30 41 50 55 60 80 84 89 
0 1 12 16 20 24 26 30 41 51 55 60 80 84 89 
0 1 12 16 20 24 26 31 35 50 54 60 80 84 88 
0 1 12 16 20 24 26 31 41 50 54 60 80 84 88 
0 1 12 16 20 24 26 31 41 50 55 60 80 84 88 
0 1 12 16 20 24 26 31 41 50 55 60 80 84 89 
0 1 12 16 20 24 26 31 42 50 54 60 80 84 88 
0 1 12 16 20 24 26 31 42 50 55 60 80 84 88 
0 1 12 16 20 24 27 31 42 50 54 60 80 84 88 
