0 1 6 11 14 30 39 47 64 67 72 77 
0 1 6 11 23 30 35 39 47 65 72 77 
0 1 6 13 25 30 39 42 47 54 67 72 
0 2 6 10 15 19 22 26 30 35 40 65 
0 2 6 10 15 19 22 26 30 35 50 65 
0 2 6 10 15 19 22 30 35 40 65 78 
0 2 6 10 15 19 22 30 35 50 65 78 
0 2 6 10 19 22 26 30 34 40 46 65 
0 2 6 10 19 22 26 30 34 46 50 65 
0 2 6 11 15 19 22 26 30 35 40 65 
0 2 6 11 15 19 22 26 30 35 50 65 
0 2 6 11 15 19 22 26 35 40 61 65 
0 2 6 11 15 19 22 30 35 40 65 78 
0 2 6 11 15 19 22 30 35 50 65 78 
0 2 6 11 15 19 22 35 40 61 65 78 
0 2 6 11 15 19 26 35 40 61 65 74 
0 2 6 11 15 19 30 35 40 65 74 78 
0 2 6 11 19 22 26 35 40 46 61 65 
0 2 6 11 19 26 35 40 46 61 65 74 
