0 1 5 13 17 23 27 45 51 70 74 78 
0 1 5 13 17 23 27 51 55 70 74 78 
0 1 5 13 17 23 37 45 51 70 74 78 
0 1 5 13 17 23 37 51 55 70 74 78 
0 1 5 17 23 27 51 55 66 70 74 78 
0 1 5 17 23 37 51 55 66 70 74 78 
0 1 5 17 27 33 51 55 66 70 74 78 
0 2 9 14 24 30 36 46 52 61 63 69 75 
0 3 17 27 31 35 38 45 53 61 64 68 
0 4 8 9 13 22 26 38 44 50 73 78 
0 4 8 9 13 22 26 38 44 61 63 78 
0 4 8 9 13 22 26 38 44 61 73 78 
0 4 8 9 13 22 26 44 50 69 73 78 
0 4 8 9 13 22 26 44 61 63 69 78 
0 4 8 9 22 26 38 44 50 65 73 78 
