0 1 5 12 16 27 31 41 44 55 71 
0 1 5 12 16 27 31 44 55 61 71 
0 1 5 12 16 27 41 44 51 55 71 
0 1 5 12 16 27 44 51 55 61 71 
0 1 5 12 16 29 41 44 48 55 73 
0 1 5 12 16 29 41 44 51 55 69 
0 1 5 12 16 29 41 44 55 69 73 
0 1 5 13 17 35 41 44 48 52 79 
0 1 5 13 17 37 41 44 48 52 77 
0 1 5 16 17 33 44 48 61 73 77 
0 1 5 16 27 31 41 44 55 71 75 
0 1 5 16 29 33 44 48 61 73 77 
0 3 7 11 16 18 35 42 46 50 75 
0 3 7 11 16 22 35 41 46 50 75 
0 3 7 11 16 35 41 42 46 50 75 
0 3 7 11 22 35 41 46 50 75 79 
0 3 7 16 22 31 35 41 46 50 75 
