0 1 6 13 23 30 35 39 43 51 62 67 72 
0 1 6 13 23 30 35 39 43 51 62 68 73 
0 1 6 13 23 30 35 39 44 51 67 72 79 
0 1 6 13 23 30 35 39 44 51 67 74 79 
0 1 6 13 23 30 35 39 44 51 67 74 80 
0 1 6 13 23 30 35 39 44 51 68 73 80 
0 1 6 13 23 30 35 39 44 52 67 72 79 
0 1 6 13 23 30 35 39 44 52 67 74 79 
0 1 6 13 23 30 35 39 44 52 67 74 80 
0 1 6 13 23 30 35 39 44 52 68 73 80 
0 1 6 13 23 30 35 39 45 52 61 67 74 
0 1 6 13 23 30 35 39 45 52 62 68 73 
0 1 6 13 23 30 35 39 46 51 62 68 73 
0 1 6 13 23 30 35 41 43 51 69 77 
0 1 6 13 23 30 35 41 43 51 70 77 
0 1 6 13 23 30 35 41 43 51 70 78 
0 1 6 13 23 30 35 41 44 51 67 74 79 
0 1 6 13 23 30 35 41 44 51 67 74 80 
0 1 6 13 23 30 35 41 44 51 69 74 80 
0 1 6 13 23 30 35 41 44 51 70 78 
0 1 6 13 23 30 35 41 44 52 67 74 79 
0 1 6 13 23 30 35 41 44 52 67 74 80 
0 1 6 13 23 30 35 41 44 52 69 74 80 
0 1 6 13 23 30 35 41 44 52 70 78 
0 1 6 13 23 30 35 41 45 52 61 67 74 
0 1 6 13 23 30 35 41 45 52 61 69 74 
0 1 6 13 23 30 35 41 45 52 61 70 75 
0 1 6 13 23 30 35 41 46 51 62 67 75 
0 1 6 13 23 30 35 41 46 51 67 74 80 
0 1 6 13 23 30 35 41 46 51 69 74 80 
0 1 6 13 23 30 35 41 46 51 69 76 80 
0 1 6 13 23 30 35 43 51 63 70 77 
0 1 6 13 23 30 35 43 51 63 70 78 
0 1 6 13 23 30 35 43 51 63 71 78 
0 1 6 13 23 30 35 44 51 63 70 78 
0 1 6 13 23 30 35 44 51 63 71 78 
0 1 6 13 23 30 35 44 51 63 71 79 
0 1 6 13 23 30 35 44 52 63 70 78 
0 1 6 13 23 30 35 44 52 63 71 78 
0 1 6 13 23 30 35 46 51 62 63 68 75 
0 1 6 13 23 30 35 46 51 63 68 76 80 
0 1 6 13 26 34 39 42 47 54 68 76 
0 1 6 13 26 34 39 43 51 62 67 72 
0 1 6 13 26 34 39 43 51 62 68 73 
0 1 6 13 26 34 39 44 51 67 74 79 
0 1 6 13 26 34 39 44 51 67 74 80 
0 1 6 13 26 34 39 44 51 68 73 80 
0 1 6 13 26 34 39 44 52 67 74 79 
0 1 6 13 26 34 39 44 52 67 74 80 
0 1 6 13 26 34 39 44 52 68 73 80 
0 1 6 13 26 34 39 45 52 61 67 74 
0 1 6 13 26 34 39 45 52 61 67 75 
0 1 6 13 26 34 39 45 52 61 68 75 
0 1 6 13 26 34 39 45 52 62 67 72 
0 1 6 13 26 34 39 45 52 62 67 75 
0 1 6 13 26 34 39 45 52 62 68 73 
0 1 6 13 26 34 39 45 52 62 68 75 
0 1 6 13 26 34 39 45 52 67 74 79 
0 1 6 13 26 34 39 46 51 62 67 72 
0 1 6 13 26 34 39 46 51 62 67 75 
0 1 6 13 26 34 39 46 51 62 68 73 
0 1 6 13 26 34 39 46 51 62 68 75 
0 1 6 13 26 34 39 46 51 67 74 80 
0 1 6 13 26 34 39 46 51 68 73 80 
0 1 6 13 26 34 39 46 51 68 76 80 
0 1 6 13 26 34 39 46 54 59 67 75 
0 1 6 13 26 34 39 46 54 59 68 75 
0 1 6 13 26 34 39 46 54 59 68 76 
0 1 6 13 26 34 39 46 54 62 67 72 
0 1 6 13 26 34 39 46 54 62 67 75 
0 1 6 13 26 34 39 46 54 62 68 73 
0 1 6 13 26 34 39 46 54 62 68 75 
0 1 6 13 26 34 39 46 54 67 74 80 
0 1 6 13 26 34 39 46 54 68 73 80 
0 1 6 13 26 34 39 46 54 68 76 80 
0 1 6 13 26 34 39 47 52 61 67 74 
0 1 6 13 26 34 39 47 52 61 67 75 
0 1 6 13 26 34 39 47 52 61 68 75 
0 1 6 13 26 34 39 47 52 67 74 80 
0 1 6 13 26 34 39 47 52 68 73 80 
0 1 6 13 26 34 39 47 52 68 76 80 
0 1 6 13 26 34 39 47 54 61 67 74 
0 1 6 13 26 34 39 47 54 61 67 75 
0 1 6 13 26 34 39 47 54 61 68 75 
0 1 6 13 26 34 39 47 54 67 74 80 
0 1 6 13 26 34 39 47 54 68 73 80 
0 1 6 13 26 34 39 47 54 68 76 80 
0 1 6 13 26 34 41 43 51 69 77 
0 1 6 13 26 34 41 43 51 70 77 
0 1 6 13 26 34 41 43 51 70 78 
0 1 6 13 26 34 41 44 51 67 74 79 
0 1 6 13 26 34 41 44 51 67 74 80 
0 1 6 13 26 34 41 44 51 69 74 80 
0 1 6 13 26 34 41 44 51 70 78 
0 1 6 13 26 34 41 44 52 67 74 79 
0 1 6 13 26 34 41 44 52 67 74 80 
0 1 6 13 26 34 41 44 52 69 74 80 
0 1 6 13 26 34 41 44 52 70 78 
0 1 6 13 26 34 41 45 52 61 67 74 
0 1 6 13 26 34 41 45 52 61 67 75 
0 1 6 13 26 34 41 45 52 61 69 74 
0 1 6 13 26 34 41 45 52 61 70 75 
0 1 6 13 26 34 41 45 52 62 67 75 
0 1 6 13 26 34 41 45 52 67 74 79 
0 1 6 13 26 34 41 46 51 62 67 75 
0 1 6 13 26 34 41 46 51 67 74 80 
0 1 6 13 26 34 41 46 54 59 67 75 
0 1 6 13 26 34 41 46 54 59 69 76 
0 1 6 13 26 34 41 46 54 59 70 75 
0 1 6 13 26 34 41 46 54 62 67 75 
0 1 6 13 26 34 41 46 54 67 74 80 
0 1 6 13 26 34 41 46 54 69 74 80 
0 1 6 13 26 34 41 46 54 69 76 80 
0 1 6 13 26 34 41 47 52 61 67 74 
0 1 6 13 26 34 41 47 52 61 67 75 
0 1 6 13 26 34 41 47 52 61 69 74 
0 1 6 13 26 34 41 47 52 61 69 77 
0 1 6 13 26 34 41 47 52 61 70 75 
0 1 6 13 26 34 41 47 52 61 70 77 
0 1 6 13 26 34 41 47 52 67 74 80 
0 1 6 13 26 34 41 47 52 69 74 80 
0 1 6 13 26 34 41 47 52 69 76 80 
0 1 6 13 26 34 41 47 54 61 67 74 
0 1 6 13 26 34 41 47 54 61 67 75 
0 1 6 13 26 34 41 47 54 61 69 74 
0 1 6 13 26 34 41 47 54 67 74 80 
0 1 6 13 26 34 41 47 54 69 74 80 
0 1 6 13 26 34 41 47 54 69 76 80 
0 1 6 13 26 34 43 51 63 70 77 
0 1 6 13 26 34 43 51 63 70 78 
0 1 6 13 26 34 43 51 63 71 78 
0 1 6 13 26 34 44 51 63 70 78 
0 1 6 13 26 34 44 51 63 71 78 
0 1 6 13 26 34 44 51 63 71 79 
0 1 6 13 26 34 44 52 63 70 78 
0 1 6 13 26 34 44 52 63 71 78 
0 1 6 13 26 34 44 52 63 71 79 
0 1 6 13 26 34 45 52 61 63 68 75 
0 1 6 13 26 34 45 52 61 63 70 75 
0 1 6 13 26 34 45 52 62 63 68 75 
0 1 6 13 26 34 45 52 63 71 79 
0 1 6 13 26 34 46 51 62 63 68 75 
0 1 6 13 26 34 46 54 59 63 68 75 
0 1 6 13 26 34 46 54 59 63 68 76 
0 1 6 13 26 34 46 54 59 63 70 75 
0 1 6 13 26 34 46 54 59 63 71 76 
0 1 6 13 26 34 46 54 62 63 68 75 
0 1 6 13 26 34 46 54 63 68 76 80 
0 1 6 13 26 34 47 52 61 63 68 75 
0 1 6 13 26 34 47 52 61 63 70 75 
0 1 6 13 26 34 47 52 61 63 70 77 
0 1 6 13 26 34 47 52 63 68 76 80 
0 1 6 13 26 34 47 54 63 68 76 80 
0 1 6 14 23 30 35 40 43 51 62 68 73 
0 1 6 14 23 30 35 40 44 51 68 73 80 
0 1 6 14 23 30 35 40 44 51 69 74 80 
0 1 6 14 23 30 35 40 46 51 62 68 73 
0 1 6 14 23 30 35 40 46 51 62 68 75 
0 1 6 14 23 30 35 40 46 51 68 73 80 
0 1 6 14 23 30 35 43 51 63 70 78 
0 1 6 14 23 30 35 43 51 63 71 78 
0 1 6 14 23 30 35 43 51 64 71 78 
0 1 6 14 23 30 35 44 51 63 70 78 
0 1 6 14 23 30 35 44 51 63 71 78 
0 1 6 14 26 34 40 43 51 69 77 
0 1 6 14 26 34 40 44 51 68 73 80 
0 1 6 14 26 34 40 44 51 69 74 80 
0 1 6 14 26 34 40 44 52 68 73 80 
0 1 6 14 26 34 40 44 52 69 74 80 
0 1 6 14 26 34 40 45 52 61 68 75 
0 1 6 14 26 34 40 45 52 61 69 74 
0 1 6 14 26 34 40 45 52 62 68 73 
0 1 6 14 26 34 40 45 52 62 68 75 
0 1 6 14 26 34 40 46 51 62 68 73 
0 1 6 14 26 34 40 46 51 62 68 75 
0 1 6 14 26 34 40 46 54 59 68 75 
0 1 6 14 26 34 40 46 54 59 68 76 
0 1 6 14 26 34 40 46 54 62 68 73 
0 1 6 14 26 34 40 46 54 62 68 75 
0 1 6 14 26 34 40 46 54 68 73 80 
0 1 6 14 26 34 40 46 54 68 76 80 
0 1 6 14 26 34 40 46 54 69 74 80 
0 1 6 14 26 34 40 46 54 69 76 80 
0 1 6 14 26 34 40 47 52 61 68 75 
0 1 6 14 26 34 40 47 52 61 69 74 
0 1 6 14 26 34 40 47 52 61 69 77 
0 1 6 14 26 34 40 47 52 68 73 80 
0 1 6 14 26 34 40 47 52 68 76 80 
0 1 6 14 26 34 40 47 52 69 74 80 
0 1 6 14 26 34 40 47 52 69 76 80 
0 1 6 14 26 34 43 51 62 64 72 
0 1 6 14 26 34 43 51 63 70 77 
0 1 6 14 26 34 43 51 63 70 78 
0 1 6 14 26 34 43 51 63 71 78 
0 1 6 14 26 34 43 51 64 69 77 
0 1 6 14 26 34 43 51 64 71 78 
0 1 6 14 26 34 43 51 64 72 77 
0 1 6 14 26 34 44 51 63 70 78 
0 1 6 14 26 34 44 51 63 71 78 
0 1 6 14 26 34 44 51 63 71 79 
0 1 6 14 26 34 44 51 64 71 78 
0 1 6 14 26 34 44 51 64 71 79 
0 1 6 14 26 34 44 51 64 72 79 
0 1 6 14 26 34 44 52 63 70 78 
0 1 6 14 26 34 44 52 63 71 78 
0 1 6 14 26 34 44 52 63 71 79 
0 1 6 14 26 34 44 52 64 71 78 
0 1 6 14 26 34 44 52 64 71 79 
0 1 6 14 26 34 44 52 64 72 79 
0 1 6 14 26 34 45 52 61 63 68 75 
0 1 6 14 26 34 45 52 61 63 70 75 
0 1 6 14 26 34 45 52 62 63 68 75 
0 1 6 14 26 34 45 52 63 71 79 
0 1 6 14 26 34 45 52 64 71 79 
0 1 6 14 26 34 46 54 62 63 68 75 
0 1 6 14 26 34 46 54 63 68 76 80 
0 1 6 14 26 34 47 52 61 63 68 75 
0 1 6 14 26 34 47 52 61 63 70 75 
0 1 6 14 26 34 47 52 61 63 70 77 
0 1 6 14 26 34 47 52 61 64 69 77 
0 1 6 14 26 34 47 52 63 68 76 80 
0 1 6 14 26 34 47 52 64 69 76 80 
0 1 9 13 23 30 35 41 43 51 70 78 
0 1 9 13 23 30 35 41 44 51 67 74 80 
0 1 9 13 23 30 35 41 44 51 69 74 80 
0 1 9 13 23 30 35 41 44 51 70 78 
0 1 9 13 23 30 35 41 44 52 67 74 80 
0 1 9 13 23 30 35 41 44 52 70 78 
0 1 9 13 23 30 35 41 45 52 61 69 74 
0 1 9 13 23 30 35 41 45 52 62 67 75 
0 1 9 13 23 30 35 41 46 51 62 67 75 
0 1 9 13 23 30 35 41 46 51 69 74 80 
0 1 9 13 23 30 35 41 46 51 69 76 80 
0 1 9 13 23 30 35 43 51 63 70 78 
0 1 9 13 23 30 35 43 51 63 71 78 
0 1 9 13 23 30 35 44 51 63 70 78 
0 1 9 13 23 30 35 44 51 63 71 78 
0 1 9 13 23 30 35 44 52 63 70 78 
0 1 9 13 23 30 35 44 52 63 71 78 
0 1 9 13 23 30 35 45 52 62 63 68 75 
0 1 9 13 23 30 35 46 51 62 63 68 75 
0 1 9 13 23 30 35 46 51 63 68 76 80 
0 1 9 13 26 34 41 43 51 69 77 
0 1 9 13 26 34 41 43 51 70 77 
0 1 9 13 26 34 41 43 51 70 78 
0 1 9 13 26 34 41 44 51 70 78 
0 1 9 13 26 34 41 45 52 61 67 74 
0 1 9 13 26 34 41 45 52 61 67 75 
0 1 9 13 26 34 41 45 52 61 69 74 
0 1 9 13 26 34 41 45 52 61 70 75 
0 1 9 13 26 34 41 45 52 62 67 75 
0 1 9 13 26 34 41 47 52 61 67 74 
0 1 9 13 26 34 41 47 52 61 67 75 
0 1 9 13 26 34 41 47 52 61 69 74 
0 1 9 13 26 34 41 47 52 67 74 80 
0 1 9 13 26 34 41 47 52 69 74 80 
0 1 9 13 26 34 41 47 52 69 76 80 
0 1 9 13 26 34 43 51 63 70 77 
0 1 9 13 26 34 43 51 63 70 78 
0 1 9 13 26 34 43 51 63 71 78 
0 1 9 13 26 34 44 51 63 70 78 
0 1 9 13 26 34 44 51 63 71 78 
0 1 9 13 26 34 44 52 63 70 78 
0 1 9 13 26 34 44 52 63 71 78 
0 1 9 13 26 34 45 52 61 63 68 75 
0 1 9 13 26 34 45 52 61 63 70 75 
0 1 9 13 26 34 45 52 62 63 68 75 
0 1 9 13 26 34 47 52 63 68 76 80 
0 1 9 15 23 30 35 41 43 51 70 78 
0 1 9 15 23 30 35 43 51 62 64 72 
0 1 9 15 23 30 35 43 51 62 65 72 
0 1 9 15 23 30 35 43 51 62 65 73 
0 1 9 15 23 30 35 43 51 64 71 78 
0 1 9 15 23 30 35 43 51 65 70 78 
0 1 9 15 23 30 35 43 51 65 73 78 
0 1 9 15 23 30 35 44 51 64 71 78 
0 1 9 15 23 30 35 44 51 64 71 79 
0 1 9 15 23 30 35 44 51 64 72 79 
0 1 9 15 23 30 35 44 51 65 70 78 
0 1 9 15 23 30 35 44 51 65 72 79 
0 1 9 15 23 30 35 44 51 65 73 78 
0 1 9 15 23 30 35 44 52 64 71 78 
0 1 9 15 23 30 35 44 52 64 71 79 
0 1 9 15 23 30 35 44 52 64 72 79 
0 1 9 15 23 30 35 44 52 65 72 79 
0 1 9 15 23 30 35 44 52 65 73 78 
0 1 9 15 23 30 35 45 52 62 64 72 
0 1 9 15 23 30 35 45 52 62 65 72 
0 1 9 15 23 30 35 45 52 64 71 79 
0 1 9 15 23 30 35 45 52 64 72 79 
0 1 9 15 23 30 35 45 52 65 72 79 
0 1 9 15 23 30 35 46 51 62 65 72 
0 1 9 15 23 30 35 46 51 62 65 73 
0 1 9 15 23 30 37 41 43 51 70 78 
0 1 9 15 23 30 37 43 51 62 64 72 
0 1 9 15 23 30 37 43 51 62 65 72 
0 1 9 15 23 30 37 43 51 62 65 73 
0 1 9 15 23 30 37 43 51 64 71 78 
0 1 9 15 23 30 37 43 51 65 70 78 
0 1 9 15 23 30 37 43 51 65 73 78 
0 1 9 15 23 30 37 44 51 64 71 78 
0 1 9 15 23 30 37 44 51 64 71 79 
0 1 9 15 23 30 37 44 51 64 72 79 
0 1 9 15 23 30 37 44 51 65 70 78 
0 1 9 15 23 30 37 44 51 65 72 79 
0 1 9 15 23 30 37 44 51 65 73 78 
0 1 9 15 23 30 37 44 52 64 71 78 
0 1 9 15 23 30 37 44 52 64 71 79 
0 1 9 15 23 30 37 44 52 64 72 79 
0 1 9 15 23 30 37 44 52 65 72 79 
0 1 9 15 23 30 37 44 52 65 73 78 
0 1 9 15 23 30 37 45 52 62 64 72 
0 1 9 15 23 30 37 45 52 62 65 72 
0 1 9 15 23 30 37 45 52 62 65 73 
0 1 9 15 23 30 37 45 52 65 72 79 
0 1 9 15 23 30 37 46 51 62 65 72 
0 1 9 15 23 30 37 46 51 62 65 73 
0 1 9 15 25 30 37 43 51 62 65 72 
0 1 9 15 25 30 37 43 51 62 65 73 
0 1 9 15 25 30 37 43 51 65 70 78 
0 1 9 15 25 30 37 43 51 65 73 78 
0 1 9 15 25 30 37 44 51 65 70 78 
0 1 9 15 25 30 37 44 51 65 72 79 
0 1 9 15 25 30 37 44 51 65 73 78 
0 1 9 15 25 30 37 44 52 65 72 79 
0 1 9 15 25 30 37 44 52 65 73 78 
0 1 9 15 25 30 37 46 51 62 65 72 
0 1 9 15 25 30 37 46 51 62 65 73 
0 1 9 15 26 34 41 43 51 70 77 
0 1 9 15 26 34 41 43 51 70 78 
0 1 9 15 26 34 41 45 52 61 69 74 
0 1 9 15 26 34 43 51 64 71 78 
0 1 9 15 26 34 43 51 65 70 78 
0 1 9 15 26 34 44 51 64 71 78 
0 1 9 15 26 34 44 51 64 71 79 
0 1 9 15 26 34 44 51 64 72 79 
0 1 9 15 26 34 44 51 65 70 78 
0 1 9 15 26 34 44 51 65 73 78 
0 1 9 15 26 34 44 52 64 71 78 
0 1 9 15 26 34 44 52 64 71 79 
0 1 9 15 26 34 44 52 64 72 79 
0 1 9 15 26 34 44 52 65 72 79 
0 1 9 15 26 34 44 52 65 73 78 
0 1 9 15 26 34 45 52 62 64 72 
0 1 9 15 26 34 45 52 62 65 72 
0 1 9 15 26 34 45 52 62 65 73 
0 1 9 15 26 34 45 52 65 72 79 
0 1 9 16 23 30 35 43 51 62 65 72 
0 1 9 16 23 30 35 43 51 62 65 73 
0 1 9 16 23 30 35 43 51 62 66 73 
0 1 9 16 23 30 35 43 51 63 70 78 
0 1 9 16 23 30 35 43 51 63 71 78 
0 1 9 16 23 30 35 43 51 65 70 78 
0 1 9 16 23 30 35 43 51 65 73 78 
0 1 9 16 23 30 35 43 51 66 71 78 
0 1 9 16 23 30 35 43 51 66 73 78 
0 1 9 16 23 30 35 44 51 63 70 78 
0 1 9 16 23 30 35 44 51 63 71 78 
0 1 9 16 23 30 35 44 51 63 71 79 
0 1 9 16 23 30 35 44 51 65 70 78 
0 1 9 16 23 30 35 44 51 65 72 79 
0 1 9 16 23 30 35 44 51 65 73 78 
0 1 9 16 23 30 35 44 51 65 73 80 
0 1 9 16 23 30 35 44 51 66 71 78 
0 1 9 16 23 30 35 44 51 66 71 79 
0 1 9 16 23 30 35 44 51 66 73 78 
0 1 9 16 23 30 35 44 51 66 73 80 
0 1 9 16 23 30 35 46 51 62 65 72 
0 1 9 16 23 30 35 46 51 62 65 73 
0 1 9 16 23 30 35 46 51 62 66 73 
0 1 9 16 23 30 35 46 51 65 73 80 
0 1 9 16 23 30 35 46 51 66 73 80 
0 1 9 16 23 30 37 43 51 62 65 72 
0 1 9 16 23 30 37 43 51 62 65 73 
0 1 9 16 23 30 37 43 51 62 66 73 
0 1 9 16 23 30 37 43 51 63 70 78 
0 1 9 16 23 30 37 43 51 63 71 78 
0 1 9 16 23 30 37 43 51 65 70 78 
0 1 9 16 23 30 37 43 51 65 73 78 
0 1 9 16 23 30 37 43 51 66 71 78 
0 1 9 16 23 30 37 43 51 66 73 78 
0 1 9 16 23 30 37 44 51 63 70 78 
0 1 9 16 23 30 37 44 51 63 71 78 
0 1 9 16 23 30 37 44 51 63 71 79 
0 1 9 16 23 30 37 44 51 65 70 78 
0 1 9 16 23 30 37 44 51 65 72 79 
0 1 9 16 23 30 37 44 51 65 73 78 
0 1 9 16 23 30 37 44 51 65 73 80 
0 1 9 16 23 30 37 44 51 66 71 78 
0 1 9 16 23 30 37 44 51 66 71 79 
0 1 9 16 23 30 37 44 51 66 73 78 
0 1 9 16 23 30 37 44 51 66 73 80 
0 1 9 16 23 30 37 44 52 63 71 78 
0 1 9 16 23 30 37 44 52 63 71 79 
0 1 9 16 23 30 37 44 52 65 72 79 
0 1 9 16 23 30 37 44 52 65 73 78 
0 1 9 16 23 30 37 44 52 66 71 78 
0 1 9 16 23 30 37 46 51 62 65 72 
0 1 9 16 23 30 37 46 51 62 65 73 
0 1 9 16 23 30 37 46 51 62 66 73 
0 1 9 16 23 30 37 46 51 65 73 80 
0 1 9 16 23 30 37 46 51 66 73 80 
0 1 9 16 25 30 37 43 51 62 65 72 
0 1 9 16 25 30 37 43 51 62 65 73 
0 1 9 16 25 30 37 43 51 62 66 73 
0 1 9 16 25 30 37 43 51 63 70 78 
0 1 9 16 25 30 37 43 51 63 71 78 
0 1 9 16 25 30 37 43 51 65 70 78 
0 1 9 16 25 30 37 43 51 65 73 78 
0 1 9 16 25 30 37 43 51 66 73 78 
0 1 9 16 25 30 37 44 51 63 70 78 
0 1 9 16 25 30 37 44 51 63 71 78 
0 1 9 16 25 30 37 44 51 63 71 79 
0 1 9 16 25 30 37 44 51 65 70 78 
0 1 9 16 25 30 37 44 51 65 72 79 
0 1 9 16 25 30 37 44 51 65 73 78 
0 1 9 16 26 34 43 51 63 70 78 
0 1 9 16 26 34 44 51 63 70 78 
0 1 9 16 26 34 44 51 63 71 78 
0 1 9 16 26 34 44 51 65 70 78 
0 1 9 16 26 34 44 52 63 71 78 
0 1 9 16 26 34 44 52 63 71 79 
0 1 9 16 26 34 44 52 65 72 79 
0 1 9 16 26 34 44 52 65 73 78 
0 1 9 16 26 34 44 52 66 71 78 
0 1 14 17 23 30 35 43 51 63 70 78 
0 1 14 17 23 30 35 43 51 63 71 78 
0 1 14 17 23 30 35 43 51 64 71 78 
0 1 14 17 23 30 35 44 51 63 70 78 
0 1 14 17 23 30 35 44 51 63 71 78 
0 1 14 17 23 30 35 44 51 63 71 79 
0 1 14 17 23 30 35 44 51 64 71 78 
0 1 14 17 23 30 35 44 51 64 71 79 
0 1 14 17 23 30 35 44 51 64 72 79 
0 1 14 17 23 30 35 46 51 63 68 76 80 
0 1 14 17 23 30 37 43 51 63 70 78 
0 1 14 17 23 30 37 43 51 63 71 78 
0 1 14 17 23 30 37 43 51 64 71 78 
0 1 14 17 23 30 37 44 51 63 70 78 
0 1 14 17 23 30 37 44 51 63 71 78 
0 1 14 17 23 30 37 44 51 63 71 79 
0 1 14 17 23 30 37 44 51 64 71 78 
0 1 14 17 23 30 37 44 51 64 71 79 
0 1 14 17 23 30 37 44 51 64 72 79 
0 1 14 17 23 30 37 46 51 63 68 76 80 
0 1 14 17 25 30 37 43 51 63 70 78 
0 1 14 17 25 30 37 43 51 63 71 78 
0 1 14 17 25 30 37 43 51 64 71 78 
0 1 14 17 25 30 37 44 51 63 70 78 
0 1 14 17 25 30 37 44 51 63 71 78 
0 1 14 17 25 30 37 44 51 63 71 79 
0 1 14 17 25 30 37 44 51 64 71 78 
0 1 14 17 25 30 37 44 51 64 71 79 
0 1 14 17 25 30 37 44 51 64 72 79 
0 1 16 17 23 30 35 43 51 62 65 72 
0 1 16 17 23 30 35 43 51 62 65 73 
0 1 16 17 23 30 35 43 51 62 66 73 
0 1 16 17 23 30 35 43 51 63 70 78 
0 1 16 17 23 30 35 43 51 63 71 78 
0 1 16 17 23 30 35 43 51 65 70 78 
0 1 16 17 23 30 35 43 51 65 73 78 
0 1 16 17 23 30 35 43 51 66 71 78 
0 1 16 17 23 30 35 43 51 66 73 78 
0 1 16 17 23 30 35 44 51 63 70 78 
0 1 16 17 23 30 35 44 51 63 71 78 
0 1 16 17 23 30 35 44 51 63 71 79 
0 1 16 17 23 30 35 44 51 65 70 78 
0 1 16 17 23 30 35 44 51 65 72 79 
0 1 16 17 23 30 35 44 51 65 73 78 
0 1 16 17 23 30 35 44 51 65 73 80 
0 1 16 17 23 30 35 44 51 66 71 78 
0 1 16 17 23 30 35 44 51 66 71 79 
0 1 16 17 23 30 35 44 51 66 73 78 
0 1 16 17 23 30 35 44 51 66 73 80 
0 1 16 17 23 30 35 44 51 66 74 79 
0 1 16 17 23 30 35 44 51 66 74 80 
0 1 16 17 23 30 37 43 51 62 65 72 
0 1 16 17 23 30 37 43 51 62 65 73 
0 1 16 17 23 30 37 43 51 62 66 73 
0 1 16 17 23 30 37 43 51 63 70 78 
0 1 16 17 23 30 37 43 51 63 71 78 
0 1 16 17 23 30 37 43 51 65 70 78 
0 1 16 17 23 30 37 43 51 65 73 78 
0 1 16 17 23 30 37 43 51 66 71 78 
0 1 16 17 23 30 37 43 51 66 73 78 
0 1 16 17 23 30 37 44 51 63 70 78 
0 1 16 17 23 30 37 44 51 63 71 78 
0 1 16 17 23 30 37 44 51 63 71 79 
0 1 16 17 23 30 37 44 51 65 70 78 
0 1 16 17 23 30 37 44 51 65 72 79 
0 1 16 17 23 30 37 44 51 65 73 78 
0 1 16 17 23 30 37 44 51 66 71 78 
0 1 16 17 25 30 37 43 51 62 65 72 
0 1 16 17 25 30 37 43 51 62 65 73 
0 1 16 17 25 30 37 43 51 62 66 73 
0 1 16 17 25 30 37 43 51 63 70 78 
0 1 16 17 25 30 37 43 51 63 71 78 
0 1 16 17 25 30 37 43 51 65 70 78 
0 1 16 17 25 30 37 43 51 65 73 78 
0 1 16 17 25 30 37 43 51 66 71 78 
0 1 16 17 25 30 37 43 51 66 73 78 
0 1 17 23 30 35 38 43 51 62 64 72 
0 1 17 23 30 35 38 43 51 62 66 73 
0 1 17 23 30 35 38 43 51 64 71 78 
0 1 17 23 30 35 38 43 51 66 71 78 
0 1 17 23 30 35 38 43 51 66 73 78 
0 1 17 23 30 37 38 43 51 62 64 72 
0 1 17 23 30 37 38 43 51 62 66 73 
0 1 17 23 30 37 38 43 51 66 71 78 
0 2 7 14 23 30 35 43 51 63 70 78 
0 2 7 14 23 30 35 43 51 63 71 78 
0 2 7 14 23 30 35 43 51 64 71 78 
0 2 7 14 23 30 35 44 51 63 70 78 
0 2 7 14 23 30 35 44 51 63 71 78 
0 2 7 14 23 30 35 44 51 63 71 79 
0 2 7 14 23 30 35 44 51 64 71 78 
0 2 7 14 23 30 35 44 51 64 71 79 
0 2 7 14 23 30 35 44 51 64 72 79 
0 2 7 15 23 30 35 41 43 51 70 78 
0 2 7 15 23 30 35 43 51 62 64 72 
0 2 7 15 23 30 35 43 51 62 65 72 
0 2 7 15 23 30 35 43 51 64 71 78 
0 2 7 15 23 30 35 43 51 65 70 78 
0 2 7 15 23 30 35 44 51 64 71 78 
0 2 7 15 23 30 35 44 51 64 71 79 
0 2 7 15 23 30 35 44 51 64 72 79 
0 2 7 15 23 30 35 44 51 65 70 78 
0 2 7 15 23 30 35 44 51 65 72 79 
0 2 7 15 23 30 35 46 51 62 65 72 
0 2 10 15 20 23 30 43 51 62 64 72 
0 2 10 15 20 23 30 43 51 62 65 72 
0 2 10 15 20 23 30 43 51 62 65 73 
0 2 10 15 20 23 30 43 51 64 71 78 
0 2 10 15 20 23 30 43 51 65 70 78 
0 2 10 15 20 23 30 43 51 65 73 78 
0 2 10 15 20 23 30 44 51 64 71 78 
0 2 10 15 20 23 30 44 51 64 71 79 
0 2 10 15 20 23 30 44 51 64 72 79 
0 2 10 15 20 23 30 44 51 65 70 78 
0 2 10 15 20 23 30 44 51 65 72 79 
0 2 10 15 20 23 30 44 51 65 73 78 
0 2 10 15 20 23 30 44 52 64 71 78 
0 2 10 15 20 23 30 44 52 64 71 79 
0 2 10 15 20 23 30 44 52 64 72 79 
0 2 10 15 20 23 30 44 52 65 72 79 
0 2 10 15 20 23 30 44 52 65 73 78 
0 2 10 15 20 23 30 45 52 62 64 72 
0 2 10 15 20 23 30 45 52 62 65 72 
0 2 10 15 20 23 30 45 52 62 65 73 
0 2 10 15 20 23 30 45 52 64 71 79 
0 2 10 15 20 23 30 45 52 64 72 79 
0 2 10 15 20 23 30 45 52 65 72 79 
0 2 10 15 20 23 30 46 51 62 65 72 
0 2 10 15 20 23 30 46 51 62 65 73 
0 2 10 15 20 23 31 43 51 62 64 72 
0 2 10 15 20 23 31 43 51 62 65 72 
0 2 10 15 20 23 31 43 51 62 65 73 
0 2 10 15 20 23 31 43 51 64 71 78 
0 2 10 15 20 23 31 43 51 65 70 78 
0 2 10 15 20 23 31 43 51 65 73 78 
0 2 10 15 20 23 31 44 51 64 71 78 
0 2 10 15 20 23 31 44 51 64 71 79 
0 2 10 15 20 23 31 44 51 64 72 79 
0 2 10 15 20 23 31 44 51 65 70 78 
0 2 10 15 20 23 31 44 51 65 72 79 
0 2 10 15 20 23 31 44 51 65 73 78 
0 2 10 15 20 23 31 44 52 64 71 78 
0 2 10 15 20 23 31 44 52 64 71 79 
0 2 10 15 20 23 31 44 52 64 72 79 
0 2 10 15 20 23 31 44 52 65 72 79 
0 2 10 15 20 23 31 44 52 65 73 78 
0 2 10 15 20 23 31 45 52 62 64 72 
0 2 10 15 20 23 31 45 52 62 65 72 
0 2 10 15 20 23 31 45 52 62 65 73 
0 2 10 15 20 23 31 45 52 64 71 79 
0 2 10 15 20 23 31 45 52 64 72 79 
0 2 10 15 20 23 31 45 52 65 72 79 
0 2 10 15 20 25 30 43 51 62 64 72 
0 2 10 15 20 25 30 43 51 62 65 72 
0 2 10 15 20 25 30 43 51 62 65 73 
0 2 10 15 20 25 30 43 51 64 71 78 
0 2 10 15 20 25 30 43 51 65 70 78 
0 2 10 15 20 25 30 43 51 65 73 78 
0 2 10 15 20 25 30 44 51 64 71 78 
0 2 10 15 20 25 30 44 51 64 71 79 
0 2 10 15 20 25 30 44 51 64 72 79 
0 2 10 15 20 25 30 44 51 65 70 78 
0 2 10 15 20 25 30 44 51 65 72 79 
0 2 10 15 20 25 30 44 51 65 73 78 
0 2 10 15 20 25 30 44 52 64 71 78 
0 2 10 15 20 25 30 44 52 64 71 79 
0 2 10 15 20 25 30 44 52 65 72 79 
0 2 10 15 20 25 30 44 52 65 73 78 
0 2 10 15 20 25 30 45 52 62 65 72 
0 2 10 15 20 25 30 45 52 62 65 73 
0 2 10 15 20 25 30 45 52 65 72 79 
0 2 10 15 23 30 35 43 51 62 64 72 
0 2 10 15 23 30 35 43 51 62 65 72 
0 2 10 15 23 30 35 43 51 64 71 78 
0 2 10 15 23 30 35 43 51 65 70 78 
0 2 10 15 23 30 35 43 51 65 73 78 
0 2 10 15 23 30 35 44 51 64 71 78 
0 2 10 15 23 30 35 44 51 64 71 79 
0 2 10 15 23 30 35 44 51 64 72 79 
0 2 10 15 23 30 35 44 51 65 70 78 
0 2 10 15 23 30 35 44 51 65 72 79 
0 2 10 15 23 30 35 44 51 65 73 78 
0 2 10 20 23 30 38 43 51 62 64 72 
0 2 10 20 23 30 38 43 51 62 66 73 
0 2 10 20 23 30 38 43 51 62 67 72 
0 2 10 20 23 30 38 43 51 64 71 78 
0 2 10 20 23 30 38 43 51 66 71 78 
0 2 10 20 23 30 38 43 51 66 73 78 
0 2 10 20 23 30 38 44 51 64 71 78 
0 2 10 20 23 30 38 44 51 64 71 79 
0 2 10 20 23 30 38 44 51 64 72 79 
0 2 10 20 23 30 38 44 51 66 71 78 
0 2 10 20 23 30 38 44 51 66 71 79 
0 2 10 20 23 30 38 44 51 66 73 78 
0 2 10 20 23 30 38 44 51 66 73 80 
0 2 10 20 23 30 38 44 51 66 74 79 
0 2 10 20 23 30 38 44 51 66 74 80 
0 2 10 20 23 30 38 44 51 67 72 79 
0 2 10 20 23 30 38 44 51 67 74 79 
0 2 10 20 23 30 38 44 51 67 74 80 
0 2 10 20 23 30 38 44 52 64 71 78 
0 2 10 20 23 30 38 44 52 64 71 79 
0 2 10 20 23 30 38 44 52 66 71 78 
0 2 10 20 23 30 38 44 52 66 71 79 
0 2 10 20 23 30 38 44 52 66 73 78 
0 2 10 20 23 30 38 44 52 66 73 80 
0 2 10 20 23 30 38 44 52 66 74 79 
0 2 10 20 23 30 38 44 52 66 74 80 
0 2 10 20 23 30 38 44 52 67 72 79 
0 2 10 20 23 30 38 44 52 67 74 79 
0 2 10 20 23 30 38 44 52 67 74 80 
0 2 10 20 23 30 38 45 52 62 66 73 
0 2 10 20 23 30 38 45 52 62 67 72 
0 2 10 20 23 30 38 45 52 62 67 75 
0 2 10 20 23 30 38 45 52 66 71 79 
0 2 10 20 23 30 38 45 52 66 74 79 
0 2 10 20 23 30 38 45 52 67 72 79 
0 2 10 20 23 30 38 45 52 67 74 79 
0 2 10 20 23 30 39 43 51 62 65 72 
0 2 10 20 23 30 39 43 51 62 65 73 
0 2 10 20 23 30 39 43 51 62 67 72 
0 2 10 20 23 30 39 43 51 65 73 78 
0 2 10 20 23 30 39 44 51 65 72 79 
0 2 10 20 23 30 39 44 51 65 73 78 
0 2 10 20 23 30 39 44 51 65 73 80 
0 2 10 20 23 30 39 44 51 67 72 79 
0 2 10 20 23 30 39 44 51 67 74 79 
0 2 10 20 23 30 39 44 51 67 74 80 
0 2 10 20 23 30 39 44 52 65 72 79 
0 2 10 20 23 30 39 44 52 65 73 78 
0 2 10 20 23 30 39 44 52 65 73 80 
0 2 10 20 23 30 39 44 52 67 72 79 
0 2 10 20 23 30 39 44 52 67 74 79 
0 2 10 20 23 30 39 44 52 67 74 80 
0 2 10 20 23 30 39 45 52 62 65 72 
0 2 10 20 23 30 39 45 52 62 65 73 
0 2 10 20 23 30 39 45 52 62 67 72 
0 2 10 20 23 30 39 45 52 62 67 75 
0 2 10 20 23 30 39 45 52 65 72 79 
0 2 10 20 23 30 39 45 52 67 72 79 
0 2 10 20 23 30 39 45 52 67 74 79 
0 2 10 20 23 31 38 44 52 64 71 78 
0 2 10 20 23 31 38 44 52 64 71 79 
0 2 10 20 23 31 38 44 52 64 72 79 
0 2 10 20 23 31 38 44 52 66 71 78 
0 2 10 20 23 31 38 44 52 66 71 79 
0 2 10 20 23 31 38 44 52 66 73 78 
0 2 10 20 23 31 38 44 52 66 74 79 
0 2 10 20 23 31 38 44 52 67 72 79 
0 2 10 20 23 31 38 44 52 67 74 79 
0 2 10 20 23 31 38 44 52 67 74 80 
0 2 10 20 23 31 38 45 52 62 64 72 
0 2 10 20 23 31 38 45 52 62 66 73 
0 2 10 20 23 31 38 45 52 62 67 72 
0 2 10 20 23 31 38 45 52 62 67 75 
0 2 10 20 23 31 38 45 52 64 71 79 
0 2 10 20 23 31 38 45 52 66 71 79 
0 2 10 20 23 31 38 45 52 66 74 79 
0 2 10 20 23 31 38 45 52 67 72 79 
0 2 10 20 23 31 38 45 52 67 74 79 
0 2 10 20 23 31 38 47 52 66 73 80 
0 2 10 20 23 31 38 47 52 66 74 80 
0 2 10 20 23 31 38 47 52 67 74 80 
0 2 10 20 23 31 39 44 52 65 72 79 
0 2 10 20 23 31 39 44 52 65 73 78 
0 2 10 20 23 31 39 44 52 67 72 79 
0 2 10 20 23 31 39 44 52 67 74 79 
0 2 10 20 23 31 39 45 52 62 65 72 
0 2 10 20 23 31 39 45 52 62 65 73 
0 2 10 20 23 31 39 45 52 62 67 72 
0 2 10 20 23 31 39 45 52 62 67 75 
0 2 10 20 23 31 39 45 52 65 72 79 
0 2 10 20 23 31 39 45 52 67 72 79 
0 2 10 20 23 31 39 45 52 67 74 79 
0 2 10 20 23 31 39 47 52 67 74 80 
0 2 10 20 25 30 38 43 51 62 66 73 
0 2 10 20 25 30 38 43 51 62 67 72 
0 2 10 20 25 30 38 43 51 66 71 78 
0 2 10 20 25 30 38 43 51 66 73 78 
0 2 10 20 25 30 38 44 51 66 71 78 
0 2 10 20 25 30 38 44 51 66 71 79 
0 2 10 20 25 30 38 44 51 66 73 78 
0 2 10 20 25 30 38 44 51 66 73 80 
0 2 10 20 25 30 38 44 51 66 74 79 
0 2 10 20 25 30 38 44 51 66 74 80 
0 2 10 20 25 30 38 44 51 67 72 79 
0 2 10 20 25 30 38 44 51 67 74 79 
0 2 10 20 25 30 38 44 51 67 74 80 
0 2 10 20 25 30 38 44 52 66 71 78 
0 2 10 20 25 30 38 44 52 66 71 79 
0 2 10 20 25 30 38 44 52 66 73 78 
0 2 10 20 25 30 38 44 52 66 73 80 
0 2 10 20 25 30 38 44 52 66 74 79 
0 2 10 20 25 30 38 44 52 66 74 80 
0 2 10 20 25 30 38 44 52 67 72 79 
0 2 10 20 25 30 38 44 52 67 74 79 
0 2 10 20 25 30 38 44 52 67 74 80 
0 2 10 20 25 30 38 45 52 61 66 74 
0 2 10 20 25 30 38 45 52 61 67 74 
0 2 10 20 25 30 38 45 52 61 67 75 
0 2 10 20 25 30 38 45 52 62 66 73 
0 2 10 20 25 30 38 45 52 62 67 72 
0 2 10 20 25 30 38 45 52 62 67 75 
0 2 10 20 25 30 38 45 52 66 71 79 
0 2 10 20 25 30 38 45 52 66 74 79 
0 2 10 20 25 30 38 45 52 67 72 79 
0 2 10 20 25 30 38 45 52 67 74 79 
0 2 10 20 25 30 39 43 51 62 67 72 
0 2 10 20 25 30 39 43 51 65 73 78 
0 2 10 20 25 30 39 44 51 65 72 79 
0 2 10 20 25 30 39 44 51 65 73 78 
0 2 10 20 25 30 39 44 51 65 73 80 
0 2 10 20 25 30 39 44 51 67 72 79 
0 2 10 20 25 30 39 44 51 67 74 79 
0 2 10 20 25 30 39 44 51 67 74 80 
0 2 10 20 25 30 39 44 52 65 72 79 
0 2 10 20 25 30 39 44 52 65 73 78 
0 2 10 20 25 30 39 44 52 65 73 80 
0 2 10 20 25 30 39 44 52 67 72 79 
0 2 10 20 25 30 39 44 52 67 74 79 
0 2 10 20 25 30 39 44 52 67 74 80 
0 2 10 20 25 30 39 45 52 61 67 74 
0 2 10 20 25 30 39 45 52 61 67 75 
0 2 10 20 25 30 39 45 52 62 65 72 
0 2 10 20 25 30 39 45 52 62 65 73 
0 2 10 20 25 30 39 45 52 62 67 72 
0 2 10 20 25 30 39 45 52 62 67 75 
0 2 10 20 25 30 39 45 52 65 72 79 
0 2 10 20 25 30 39 45 52 67 72 79 
0 2 10 20 25 30 39 45 52 67 74 79 
0 2 10 20 26 31 38 44 51 64 71 78 
0 2 10 20 26 31 38 44 51 64 71 79 
0 2 10 20 26 31 38 44 51 66 71 78 
0 2 10 20 26 31 38 44 51 66 71 79 
0 2 10 20 26 31 38 44 51 66 73 78 
0 2 10 20 26 31 38 44 51 66 73 80 
0 2 10 20 26 31 38 44 51 66 74 79 
0 2 10 20 26 31 38 44 51 66 74 80 
0 2 10 20 26 31 38 44 51 67 72 79 
0 2 10 20 26 31 38 44 51 67 74 79 
0 2 10 20 26 31 38 44 51 67 74 80 
0 2 10 20 26 31 38 44 52 64 71 78 
0 2 10 20 26 31 38 44 52 64 71 79 
0 2 10 20 26 31 38 44 52 66 71 78 
0 2 10 20 26 31 38 44 52 66 71 79 
0 2 10 20 26 31 38 44 52 66 73 78 
0 2 10 20 26 31 38 44 52 66 73 80 
0 2 10 20 26 31 38 44 52 66 74 79 
0 2 10 20 26 31 38 44 52 66 74 80 
0 2 10 20 26 31 38 44 52 67 72 79 
0 2 10 20 26 31 38 44 52 67 74 79 
0 2 10 20 26 31 38 45 52 61 66 74 
0 2 10 20 26 31 38 45 52 62 66 73 
0 2 10 20 26 31 38 45 52 64 71 79 
0 2 10 20 26 31 38 45 52 66 74 79 
0 2 10 20 26 31 39 44 51 67 72 79 
0 2 10 20 26 31 39 44 51 67 74 79 
0 2 10 23 31 36 38 44 52 64 71 78 
0 2 10 23 31 36 38 44 52 64 71 79 
0 2 10 23 31 36 38 44 52 64 72 79 
0 2 10 23 31 36 38 44 52 66 71 78 
0 2 10 23 31 36 38 44 52 66 71 79 
0 2 10 23 31 36 38 44 52 66 73 78 
0 2 10 23 31 36 38 45 52 62 64 72 
0 2 10 23 31 36 38 45 52 62 66 73 
0 2 10 23 31 36 38 45 52 62 67 72 
0 2 10 23 31 36 38 45 52 62 67 75 
0 2 10 23 31 36 38 45 52 64 71 79 
0 2 10 23 31 36 38 45 52 64 72 79 
0 2 10 23 31 36 38 45 52 66 71 79 
0 2 10 23 31 36 38 45 52 66 74 79 
0 2 10 23 31 36 38 45 52 67 72 79 
0 2 10 23 31 36 38 45 52 67 74 79 
0 2 10 23 31 36 39 44 52 65 73 78 
0 2 10 23 31 36 39 45 52 62 65 72 
0 2 10 23 31 36 39 45 52 62 65 73 
0 2 10 23 31 36 39 45 52 62 67 72 
0 2 10 23 31 36 39 45 52 62 67 75 
0 2 10 23 31 36 39 45 52 65 72 79 
0 2 10 23 31 36 39 45 52 67 72 79 
0 2 10 23 31 36 39 45 52 67 74 79 
0 2 16 17 20 23 30 44 52 65 72 79 
0 2 16 17 20 23 30 44 52 65 73 78 
0 2 16 17 20 23 30 44 52 66 71 78 
0 2 16 17 20 23 30 44 52 66 71 79 
0 2 16 17 20 23 30 44 52 66 73 78 
0 2 16 17 20 23 30 44 52 66 74 79 
0 2 16 17 20 23 30 44 52 66 74 80 
0 2 16 17 20 23 30 45 52 62 65 72 
0 2 16 17 20 23 30 45 52 62 65 73 
0 2 16 17 20 23 30 45 52 62 66 73 
0 2 16 17 20 23 30 45 52 65 72 79 
0 2 16 17 20 23 30 45 52 66 71 79 
0 2 16 17 20 23 30 45 52 66 74 79 
0 2 16 17 20 23 31 44 52 65 72 79 
0 2 16 17 20 23 31 44 52 65 73 78 
0 2 16 17 20 23 31 44 52 66 71 78 
0 2 16 17 20 23 31 44 52 66 71 79 
0 2 16 17 20 23 31 44 52 66 73 78 
0 2 16 17 20 23 31 44 52 66 74 79 
0 2 16 17 20 25 30 44 52 65 72 79 
0 2 16 17 20 25 30 44 52 65 73 78 
0 2 16 17 20 25 30 44 52 65 73 80 
0 2 16 17 20 25 30 44 52 66 71 78 
0 2 16 17 20 25 30 44 52 66 71 79 
0 2 16 17 20 25 30 44 52 66 73 78 
0 2 16 17 20 25 30 45 52 62 65 72 
0 2 16 17 20 25 30 45 52 62 65 73 
0 2 17 20 23 30 38 44 52 66 71 78 
0 2 17 20 23 30 38 44 52 66 71 79 
0 2 17 20 23 30 38 44 52 66 73 78 
0 2 17 20 23 30 38 44 52 66 74 79 
0 2 17 20 23 30 38 44 52 66 74 80 
0 2 17 20 23 30 38 44 52 67 72 79 
0 2 17 20 23 30 38 44 52 67 74 79 
0 3 9 15 23 30 37 43 51 62 64 72 
0 3 9 15 23 30 37 43 51 62 65 72 
0 3 9 15 23 30 37 43 51 62 65 73 
0 3 9 15 23 30 37 43 51 64 71 78 
0 3 9 15 23 30 37 43 51 65 73 78 
0 3 9 15 23 30 37 44 51 64 71 78 
0 3 9 15 23 30 37 44 51 64 71 79 
0 3 9 15 23 30 37 44 51 64 72 79 
0 3 9 15 23 30 37 44 51 65 72 79 
0 3 9 15 23 30 37 44 51 65 73 78 
0 3 9 15 23 30 37 44 52 64 71 78 
0 3 9 15 23 30 37 44 52 64 71 79 
0 3 9 15 23 30 37 44 52 64 72 79 
0 3 9 15 23 30 37 44 52 65 72 79 
0 3 9 15 23 30 37 44 52 65 73 78 
0 3 9 15 23 30 37 45 52 62 64 72 
0 3 9 15 23 30 37 45 52 64 72 79 
0 3 9 16 23 30 37 43 51 62 65 72 
0 3 9 16 23 30 37 43 51 62 65 73 
0 3 9 16 23 30 37 43 51 62 66 73 
0 3 9 16 23 30 37 43 51 65 73 78 
0 3 9 16 23 30 37 43 51 66 73 78 
0 3 9 16 23 30 37 44 51 65 72 79 
0 3 9 16 23 30 37 44 51 65 73 78 
0 3 9 16 23 31 36 43 51 62 65 72 
0 3 9 16 23 31 36 43 51 62 65 73 
0 3 9 16 23 31 36 43 51 62 66 73 
0 3 9 16 23 31 36 43 51 63 71 78 
0 3 9 16 23 31 36 43 51 65 73 78 
0 3 9 16 23 31 36 43 51 66 73 78 
0 3 9 16 23 31 36 44 51 63 71 78 
0 3 9 16 23 31 36 44 51 65 72 79 
0 3 9 16 23 31 36 44 51 65 73 78 
0 3 10 15 23 30 37 43 51 62 64 72 
0 3 10 15 23 30 37 43 51 62 65 72 
0 3 10 15 23 30 37 43 51 62 65 73 
0 3 10 15 23 30 37 43 51 64 71 78 
0 3 10 15 23 30 37 44 51 64 71 78 
0 3 10 15 23 30 37 44 51 64 71 79 
0 3 10 15 23 30 37 44 51 64 72 79 
0 3 10 15 23 30 37 44 51 65 72 79 
0 3 10 15 23 30 37 44 52 64 71 78 
0 3 10 15 23 30 37 44 52 64 71 79 
0 3 10 15 23 30 37 44 52 64 72 79 
0 3 10 15 23 30 37 45 52 64 71 79 
0 3 10 19 23 31 38 43 51 62 66 73 
0 3 10 19 23 31 38 43 51 62 67 72 
0 3 10 19 23 31 38 44 51 66 74 79 
0 3 10 19 23 31 38 44 51 67 72 79 
0 3 10 19 23 31 38 44 51 67 74 79 
0 3 10 19 23 31 38 44 52 66 74 79 
0 3 10 19 23 31 38 44 52 67 72 79 
0 3 10 19 23 31 38 44 52 67 74 79 
0 3 10 19 23 31 38 45 52 62 66 73 
0 3 10 19 23 31 38 45 52 62 67 72 
0 3 10 19 23 31 38 45 52 67 72 79 
0 3 10 19 23 31 38 46 51 62 66 73 
0 3 10 19 23 31 38 46 51 62 67 72 
0 3 10 19 23 31 39 44 51 67 72 79 
0 3 10 19 23 31 39 44 51 67 74 79 
0 3 10 19 23 31 39 44 52 67 72 79 
0 3 10 19 23 31 39 46 51 62 67 72 
0 3 10 19 25 32 38 43 51 62 66 73 
0 3 10 19 25 32 38 43 51 62 67 72 
0 3 10 19 25 32 38 44 51 66 73 80 
0 3 10 19 25 32 38 44 51 66 74 79 
0 3 10 19 25 32 38 44 51 66 74 80 
0 3 10 19 25 32 38 44 51 67 72 79 
0 3 10 19 25 32 38 44 51 67 74 79 
0 3 10 19 25 32 38 44 51 67 74 80 
0 3 10 19 25 32 38 44 52 66 73 80 
0 3 10 19 25 32 38 44 52 66 74 79 
0 3 10 19 25 32 38 44 52 67 72 79 
0 3 10 19 25 32 38 44 52 67 74 79 
0 3 10 19 25 32 38 44 52 67 74 80 
0 3 10 19 25 32 38 45 52 61 67 74 
0 3 10 19 25 32 38 45 52 61 67 75 
0 3 10 19 25 32 38 45 52 62 66 73 
0 3 10 19 25 32 38 45 52 62 67 72 
0 3 10 19 25 32 38 45 52 62 67 75 
0 3 10 19 25 32 38 45 52 66 74 79 
0 3 10 19 25 32 38 45 52 67 72 79 
0 3 10 19 25 32 38 45 52 67 74 79 
0 3 10 19 25 32 38 46 51 62 67 72 
0 3 10 19 25 32 38 46 51 62 67 75 
0 3 10 19 25 32 38 46 51 67 74 80 
0 3 10 19 25 32 39 44 51 67 72 79 
0 3 10 19 25 32 39 44 51 67 74 79 
0 3 10 19 25 32 39 44 51 67 74 80 
0 3 10 19 25 32 39 44 52 67 72 79 
0 3 10 19 25 32 39 44 52 67 74 79 
0 3 10 19 25 32 39 44 52 67 74 80 
0 3 10 19 25 32 39 44 52 68 73 80 
0 3 10 19 25 32 39 45 52 61 67 74 
0 3 10 19 25 32 39 45 52 61 67 75 
0 3 10 19 25 32 39 45 52 62 67 72 
0 3 10 19 25 32 39 45 52 62 67 75 
0 3 10 19 25 32 39 45 52 62 68 73 
0 3 10 19 25 32 39 45 52 62 68 75 
0 3 10 19 25 32 39 45 52 67 72 79 
0 3 10 19 25 32 39 45 52 67 74 79 
0 3 10 19 25 32 39 46 51 62 67 75 
0 3 10 19 25 32 39 46 51 67 74 80 
0 3 10 23 30 37 38 44 51 64 72 79 
0 3 10 23 30 37 38 44 51 66 71 79 
0 3 10 23 30 37 38 44 51 66 73 78 
0 3 10 23 30 37 38 44 51 66 74 79 
0 3 10 23 30 37 38 44 51 67 72 79 
0 3 10 23 30 37 38 44 51 67 74 79 
0 3 10 23 30 37 39 44 51 65 72 79 
0 3 10 23 30 37 39 44 51 65 73 78 
0 3 10 23 30 37 39 44 51 67 74 79 
0 3 10 23 31 36 38 43 51 62 67 72 
0 3 10 23 31 36 38 44 51 64 71 78 
0 3 10 23 31 36 38 44 51 64 71 79 
0 3 10 23 31 36 38 44 51 64 72 79 
0 3 10 23 31 36 38 44 51 66 71 79 
0 3 10 23 31 36 39 44 51 65 73 78 
0 3 10 25 32 37 39 44 51 67 74 79 
0 3 10 25 32 37 39 46 51 62 65 72 
0 3 10 25 32 37 39 46 51 62 65 73 
0 3 11 16 25 30 37 43 51 62 65 72 
0 3 11 16 25 30 37 43 51 62 65 73 
0 3 11 16 25 30 37 43 51 62 66 73 
0 3 11 16 25 30 37 44 51 65 73 80 
0 3 11 16 25 30 37 44 51 66 73 80 
0 3 11 16 25 30 37 44 51 66 74 80 
0 4 11 16 20 25 30 43 51 62 66 73 
0 4 11 16 20 25 30 44 51 66 73 80 
0 4 11 16 20 25 30 44 51 66 74 80 
0 4 11 16 20 25 30 44 52 66 73 80 
0 4 11 16 25 30 37 43 51 62 65 73 
0 4 11 16 25 30 37 44 51 66 73 80 
0 4 11 20 25 33 40 46 51 66 74 80 
0 5 8 13 25 33 41 43 51 70 78 
0 5 8 13 25 33 43 51 63 70 78 
0 5 13 19 25 32 41 43 51 70 78 
0 5 13 19 25 32 43 51 63 70 78 
0 6 13 18 25 32 41 43 51 70 78 
0 6 13 18 25 32 43 51 63 70 78 
0 6 13 18 25 32 43 51 63 71 78 
0 6 13 18 25 32 44 51 63 70 78 
0 6 13 18 25 33 43 51 63 70 78 
0 6 13 18 25 33 43 51 63 71 78 
0 6 13 18 25 33 44 51 63 71 78 
0 6 14 18 25 32 43 51 63 70 78 
0 6 14 18 25 32 43 51 63 71 78 
0 6 14 18 25 32 43 51 64 71 78 
0 6 14 18 25 32 44 51 63 71 78 
