0 1 6 13 18 26 39 44 51 58 
0 1 6 13 18 26 39 44 52 57 
0 1 6 13 18 26 39 47 51 58 
0 1 6 13 18 26 39 47 53 58 
0 1 6 13 18 26 40 45 53 58 
0 1 8 16 23 37 44 49 57 
0 1 8 16 23 37 44 51 58 
0 1 8 16 23 37 44 52 57 
0 1 8 16 23 37 44 52 60 
0 1 8 16 23 37 45 50 57 
0 1 8 16 23 37 45 50 58 
0 1 8 16 23 37 45 52 60 
0 1 8 16 23 37 45 53 58 
0 1 8 16 23 37 45 53 60 
0 1 8 16 23 39 44 51 58 
0 1 8 16 23 39 44 52 60 
0 1 8 16 23 39 47 51 58 
0 1 8 16 23 40 45 52 60 
0 1 8 16 23 40 45 53 58 
0 1 8 16 23 40 45 53 60 
0 1 8 16 23 40 48 53 60 
0 1 8 16 23 40 52 60 61 
0 1 8 16 24 37 44 49 57 
0 1 8 16 24 37 44 51 58 
0 1 8 16 24 37 44 52 57 
0 1 8 16 24 37 44 52 60 
0 1 8 16 24 37 45 50 58 
0 1 8 16 24 37 45 52 57 
0 1 8 16 24 37 45 52 60 
0 1 8 16 24 37 45 53 58 
0 1 8 16 24 39 44 51 58 
0 1 8 16 24 39 44 52 57 
0 1 8 16 24 39 47 51 58 
0 1 8 16 24 40 45 52 57 
0 1 8 23 29 37 44 49 57 
0 1 8 23 29 37 44 51 58 
0 1 8 23 29 37 44 52 57 
0 1 8 23 29 37 44 52 60 
0 1 8 23 29 37 45 50 57 
0 1 8 23 29 37 45 50 58 
0 1 8 23 29 37 45 52 57 
0 1 8 23 29 37 45 52 60 
0 1 8 23 29 37 45 53 58 
0 1 8 23 29 37 45 53 60 
0 1 8 23 29 40 45 52 57 
0 1 8 23 29 40 45 52 60 
0 1 8 23 29 40 45 53 58 
0 1 8 23 29 40 45 53 60 
0 1 8 23 29 40 48 53 60 
0 1 8 23 29 40 52 60 61 
0 1 9 16 23 37 44 51 58 
0 1 9 16 23 37 44 52 60 
0 1 9 16 23 37 45 52 60 
0 1 9 16 23 37 45 53 58 
0 1 9 16 23 39 44 51 58 
0 1 9 16 23 39 47 51 58 
0 2 7 15 19 26 39 44 51 58 
0 2 7 15 19 26 39 44 51 59 
0 2 7 15 19 26 39 47 51 58 
0 2 7 15 19 26 39 47 51 59 
0 2 7 23 29 37 44 51 58 
0 2 7 23 29 37 44 51 59 
0 2 7 23 29 37 45 50 58 
0 2 7 23 29 39 44 51 58 
0 2 7 23 29 39 44 51 59 
0 2 7 23 29 39 44 52 59 
0 2 7 23 29 39 52 59 61 
0 2 7 23 29 40 45 52 59 
0 2 7 23 29 40 45 53 58 
0 2 7 23 29 40 52 59 61 
0 2 9 16 23 32 39 47 53 
0 2 9 16 23 37 44 51 59 
0 2 9 16 23 37 44 52 59 
0 2 9 16 23 37 45 52 59 
0 2 9 16 23 37 45 53 58 
0 2 9 16 23 39 44 51 58 
0 2 9 16 23 39 44 51 59 
0 2 10 18 23 32 40 45 53 
0 2 10 18 23 39 47 51 59 
0 3 8 16 23 40 45 52 59 
0 3 8 16 23 40 45 52 60 
0 3 8 16 23 40 48 55 60 
0 3 8 16 24 40 48 53 60 
0 3 8 23 29 40 48 55 60 
0 3 8 23 29 40 52 59 61 
0 3 10 17 24 39 47 53 60 
0 4 11 16 23 31 37 44 49 56 
0 4 11 18 23 31 37 44 51 56 
0 7 14 23 29 40 48 56 
