0 1 6 14 21 35 42 47 54 
0 1 6 14 21 35 42 47 55 
0 1 6 14 21 35 42 49 54 
0 1 6 14 21 35 42 50 55 
0 1 6 14 21 35 43 48 55 
0 1 6 14 21 35 43 50 55 
0 1 6 14 21 37 42 49 54 
0 1 6 14 21 38 43 50 55 
0 1 6 14 21 38 46 54 
0 1 6 21 27 35 42 47 54 
0 1 6 21 27 35 42 47 55 
0 1 6 21 27 35 42 49 54 
0 1 6 21 27 37 42 49 54 
0 1 6 21 27 37 42 50 55 
0 1 6 21 27 38 43 50 55 
0 1 6 21 27 38 46 54 
0 1 6 22 27 37 42 49 54 
0 1 6 22 27 37 42 50 55 
0 1 6 22 27 38 46 54 
0 1 8 14 21 35 42 47 54 
0 1 8 14 21 35 42 47 55 
0 1 8 14 21 35 42 49 54 
0 1 8 14 21 35 43 48 55 
0 1 8 14 21 35 43 50 55 
0 1 8 14 21 35 43 50 57 
0 1 8 14 21 38 43 50 55 
0 1 8 15 22 35 42 47 54 
0 1 8 15 22 35 42 47 55 
0 1 8 15 22 35 42 49 54 
0 1 8 15 22 35 42 49 57 
0 1 8 15 22 35 42 50 55 
0 1 8 15 22 35 42 50 57 
0 1 8 15 22 35 43 48 55 
0 1 8 15 22 38 46 54 
0 1 8 16 21 35 42 47 55 
0 1 8 16 21 35 42 49 57 
0 1 8 16 21 35 42 50 55 
0 1 8 16 21 35 42 50 57 
0 1 8 16 21 35 43 48 55 
0 1 8 16 21 35 43 50 55 
0 1 8 16 21 37 42 49 57 
0 1 8 16 21 37 42 50 55 
0 1 9 16 21 35 42 50 55 
0 1 9 16 21 35 43 48 55 
0 1 9 16 21 37 42 50 57 
0 2 7 15 22 37 42 49 56 
0 2 7 21 27 37 42 49 56 
0 2 7 21 27 37 44 49 56 
0 2 7 21 27 37 44 51 56 
0 2 7 22 27 37 44 49 56 
0 3 8 16 21 35 43 48 56 
0 5 10 17 22 29 35 42 47 54 
0 5 13 14 21 37 45 53 
0 5 14 21 29 37 44 51 
0 5 14 21 29 37 44 52 
0 6 14 21 28 37 44 52 
0 6 14 21 28 37 45 52 
0 6 14 21 28 37 45 53 
0 6 14 21 29 37 45 52 
0 6 21 27 28 37 45 52 
