0 1 6 13 24 32 40 47 59 64 71 
0 1 6 13 24 32 40 47 59 64 72 
0 1 6 13 24 32 40 47 59 67 71 
0 1 6 13 24 32 40 47 59 67 74 
0 1 6 13 24 32 40 47 59 72 75 
0 1 6 13 24 32 40 47 59 74 75 
0 1 6 13 24 32 40 47 60 65 72 
0 1 6 13 24 32 40 47 60 72 75 
0 1 6 13 24 32 40 47 60 74 75 
0 1 6 13 24 32 40 47 64 66 71 
0 1 6 13 24 32 40 47 64 66 72 
0 1 6 13 24 32 40 47 65 66 72 
0 1 6 13 24 32 40 48 59 64 71 
0 1 6 13 24 32 40 48 59 64 72 
0 1 6 13 24 32 40 48 59 67 71 
0 1 6 13 24 32 40 48 59 67 74 
0 1 6 13 24 32 40 48 59 72 75 
0 1 6 13 24 32 40 48 59 74 75 
0 1 6 13 24 32 40 48 60 65 72 
0 1 6 13 24 32 40 48 60 72 75 
0 1 6 13 24 32 40 48 60 74 75 
0 1 6 13 24 32 40 48 64 66 71 
0 1 6 13 24 32 40 48 64 66 72 
0 1 6 13 24 32 40 48 65 66 72 
0 1 6 13 24 32 41 48 58 59 75 
0 1 6 13 24 32 41 48 58 60 68 
0 1 6 13 24 32 41 48 58 60 75 
0 1 6 13 24 32 41 48 59 64 72 
0 1 6 13 24 32 41 48 59 67 73 
0 1 6 13 24 32 41 48 59 72 75 
0 1 6 13 24 32 41 48 60 65 72 
0 1 6 13 24 32 41 48 60 65 73 
0 1 6 13 24 32 41 48 60 68 73 
0 1 6 13 24 32 41 48 60 72 75 
0 1 6 13 24 32 41 48 64 66 72 
0 1 6 13 24 32 41 48 65 66 72 
0 1 6 13 24 32 41 48 65 66 73 
0 1 6 13 24 32 42 47 59 67 73 
0 1 6 13 24 32 42 47 59 67 74 
0 1 6 13 24 32 42 47 59 74 75 
0 1 6 13 24 32 42 47 60 65 73 
0 1 6 13 24 32 42 47 60 68 73 
0 1 6 13 24 32 42 47 60 74 75 
0 1 6 13 24 32 42 47 65 66 73 
0 1 6 13 24 32 42 50 57 60 68 
0 1 6 13 24 32 42 50 57 64 66 69 
0 1 6 13 24 32 42 50 59 67 74 
0 1 6 13 24 32 42 50 59 74 75 
0 1 6 13 24 32 42 50 60 65 73 
0 1 6 13 24 32 42 50 60 68 73 
0 1 6 13 24 32 42 50 60 74 75 
0 1 6 13 24 32 42 50 65 66 73 
0 1 6 13 24 32 43 48 58 59 75 
0 1 6 13 24 32 43 48 58 60 68 
0 1 6 13 24 32 43 48 58 60 75 
0 1 6 13 24 32 43 48 59 74 75 
0 1 6 13 24 32 43 48 60 74 75 
0 1 6 13 24 32 43 50 56 64 66 69 
0 1 6 13 24 32 43 50 56 65 66 70 
0 1 6 13 24 32 43 50 58 59 75 
0 1 6 13 24 32 43 50 58 60 68 
0 1 6 13 24 32 43 50 58 60 75 
0 1 6 13 24 32 43 50 59 67 74 
0 1 6 13 24 32 43 50 59 74 75 
0 1 6 13 24 32 43 50 60 74 75 
0 1 6 13 24 32 47 55 59 64 71 
0 1 6 13 24 32 47 55 59 67 71 
0 1 6 13 24 32 47 55 59 67 73 
0 1 6 13 24 32 47 55 60 65 73 
0 1 6 13 24 32 47 55 64 66 71 
0 1 6 13 24 32 47 55 65 66 70 
0 1 6 13 24 32 47 55 65 66 73 
0 1 6 13 25 32 40 47 59 64 71 
0 1 6 13 25 32 40 47 59 64 72 
0 1 6 13 25 32 40 47 59 67 71 
0 1 6 13 25 32 40 47 59 67 74 
0 1 6 13 25 32 40 47 59 72 75 
0 1 6 13 25 32 40 47 59 74 75 
0 1 6 13 25 32 40 47 60 65 72 
0 1 6 13 25 32 40 47 60 72 75 
0 1 6 13 25 32 40 47 60 74 75 
0 1 6 13 25 32 40 47 64 66 71 
0 1 6 13 25 32 40 47 64 66 72 
0 1 6 13 25 32 40 47 65 66 72 
0 1 6 13 25 32 40 48 59 64 71 
0 1 6 13 25 32 40 48 59 64 72 
0 1 6 13 25 32 40 48 59 67 74 
0 1 6 13 25 32 40 48 59 72 75 
0 1 6 13 25 32 40 48 59 74 75 
0 1 6 13 25 32 40 48 60 65 72 
0 1 6 13 25 32 40 48 60 72 75 
0 1 6 13 25 32 40 48 64 66 71 
0 1 6 13 25 32 40 48 64 66 72 
0 1 6 13 25 32 40 48 65 66 72 
0 1 6 13 25 32 41 48 58 60 68 
0 1 6 13 25 32 41 48 58 60 75 
0 1 6 13 25 32 41 48 59 67 73 
0 1 6 13 25 32 41 48 59 72 75 
0 1 6 13 25 32 41 48 60 65 72 
0 1 6 13 25 32 41 48 60 65 73 
0 1 6 13 25 32 41 48 60 72 75 
0 1 6 13 25 32 41 48 64 66 72 
0 1 6 13 25 32 41 48 65 66 72 
0 1 6 13 25 32 42 47 59 67 73 
0 1 6 13 25 32 42 47 60 65 73 
0 1 6 13 25 32 42 47 60 68 73 
0 1 6 13 25 32 42 47 65 66 73 
0 1 6 13 25 32 42 50 57 60 68 
0 1 6 13 25 32 42 50 57 64 66 69 
0 1 6 13 25 32 42 50 59 67 73 
0 1 6 13 25 32 42 50 59 67 74 
0 1 6 13 25 32 42 50 59 74 75 
0 1 6 13 25 32 42 50 60 65 73 
0 1 6 13 25 32 42 50 60 68 73 
0 1 6 13 25 32 42 50 60 74 75 
0 1 6 13 25 32 42 50 65 66 73 
0 1 6 13 25 32 43 48 58 59 75 
0 1 6 13 25 32 43 48 58 60 68 
0 1 6 13 25 32 43 48 58 60 75 
0 1 6 13 25 32 43 48 60 74 75 
0 1 6 13 25 32 43 50 56 64 66 69 
0 1 6 13 25 32 43 50 58 59 75 
0 1 6 13 25 32 43 50 58 60 68 
0 1 6 13 25 32 43 50 58 60 75 
0 1 6 13 25 32 43 50 60 74 75 
0 1 6 13 25 32 47 55 59 64 71 
0 1 6 13 25 32 47 55 59 67 71 
0 1 6 13 25 32 47 55 59 67 73 
0 1 6 13 25 32 47 55 60 65 73 
0 1 6 13 25 32 47 55 64 66 71 
0 1 6 13 25 32 47 55 65 66 70 
0 1 6 13 25 32 47 55 65 66 73 
0 1 6 13 25 33 40 47 59 64 71 
0 1 6 13 25 33 40 47 59 64 72 
0 1 6 13 25 33 40 47 59 67 74 
0 1 6 13 25 33 40 47 59 72 75 
0 1 6 13 25 33 40 47 59 74 75 
0 1 6 13 25 33 40 47 60 65 72 
0 1 6 13 25 33 40 47 60 72 75 
0 1 6 13 25 33 40 47 64 66 71 
0 1 6 13 25 33 40 47 64 66 72 
0 1 6 13 25 33 40 47 65 66 72 
0 1 6 13 25 33 40 48 59 64 71 
0 1 6 13 25 33 40 48 59 67 74 
0 1 6 13 25 33 40 48 59 72 75 
0 1 6 13 25 33 40 48 60 65 72 
0 1 6 13 25 33 40 48 60 72 75 
0 1 6 13 25 33 40 48 64 66 71 
0 1 6 13 25 33 40 48 64 66 72 
0 1 6 13 25 33 40 48 65 66 72 
0 1 6 13 25 33 41 48 58 60 68 
0 1 6 13 25 33 41 48 59 67 73 
0 1 6 13 25 33 41 48 59 72 75 
0 1 6 13 25 33 41 48 60 65 72 
0 1 6 13 25 33 41 48 60 65 73 
0 1 6 13 25 33 41 48 60 72 75 
0 1 6 13 25 33 41 48 64 66 72 
0 1 6 13 25 33 42 47 59 67 73 
0 1 6 13 25 33 42 47 59 67 74 
0 1 6 13 25 33 42 47 59 74 75 
0 1 6 13 25 33 42 47 60 65 73 
0 1 6 13 25 33 42 47 60 68 73 
0 1 6 13 25 33 42 47 60 74 75 
0 1 6 13 25 33 42 47 65 66 73 
0 1 6 13 25 33 42 50 57 64 66 69 
0 1 6 13 25 33 42 50 59 67 73 
0 1 6 13 25 33 42 50 59 67 74 
0 1 6 13 25 33 42 50 59 74 75 
0 1 6 13 25 33 42 50 60 65 73 
0 1 6 13 25 33 42 50 60 68 73 
0 1 6 13 25 33 42 50 60 74 75 
0 1 6 13 25 33 42 50 65 66 73 
0 1 6 13 25 33 43 48 58 60 75 
0 1 6 13 25 33 43 48 60 74 75 
0 1 6 13 25 33 47 55 59 64 71 
0 1 6 13 25 33 47 55 59 67 71 
0 1 6 13 25 33 47 55 59 67 73 
0 1 6 13 25 33 47 55 60 65 73 
0 1 6 13 25 33 47 55 64 66 71 
0 1 6 13 25 33 47 55 65 66 70 
0 1 6 13 25 33 47 55 65 66 73 
0 1 6 14 24 32 39 40 47 65 72 
0 1 6 14 24 32 39 40 47 67 71 
0 1 6 14 24 32 39 40 47 67 74 
0 1 6 14 24 32 39 40 48 65 72 
0 1 6 14 24 32 39 40 48 67 71 
0 1 6 14 24 32 39 40 48 67 74 
0 1 6 14 24 32 39 41 48 65 72 
0 1 6 14 24 32 39 41 48 65 73 
0 1 6 14 24 32 39 41 48 67 73 
0 1 6 14 24 32 39 42 47 65 73 
0 1 6 14 24 32 39 42 47 67 73 
0 1 6 14 24 32 39 42 50 65 73 
0 1 6 14 24 32 39 43 48 67 74 
0 1 6 14 24 32 39 47 55 65 70 
0 1 6 14 24 32 39 47 55 65 73 
0 1 6 14 24 32 39 47 55 67 71 
0 1 6 14 24 32 40 47 60 65 72 
0 1 6 14 24 32 40 47 60 72 75 
0 1 6 14 24 32 40 47 60 74 75 
0 1 6 14 24 32 40 47 61 67 74 
0 1 6 14 24 32 40 48 60 65 72 
0 1 6 14 24 32 40 48 60 72 75 
0 1 6 14 24 32 40 48 60 74 75 
0 1 6 14 24 32 40 48 61 67 74 
0 1 6 14 24 32 41 48 58 60 68 
0 1 6 14 24 32 41 48 58 60 75 
0 1 6 14 24 32 41 48 58 61 68 
0 1 6 14 24 32 41 48 60 65 72 
0 1 6 14 24 32 41 48 60 65 73 
0 1 6 14 24 32 41 48 60 72 75 
0 1 6 14 24 32 41 48 61 67 73 
0 1 6 14 24 32 42 47 60 65 73 
0 1 6 14 24 32 42 47 60 68 73 
0 1 6 14 24 32 42 47 61 67 73 
0 1 6 14 24 32 42 47 61 68 73 
0 1 6 14 24 32 42 50 57 61 69 
0 1 6 14 24 32 42 50 60 65 73 
0 1 6 14 24 32 42 50 60 68 73 
0 1 6 14 24 32 42 50 60 74 75 
0 1 6 14 24 32 42 50 61 68 73 
0 1 6 14 24 32 42 50 61 69 74 
0 1 6 14 24 32 43 48 58 60 68 
0 1 6 14 24 32 43 48 58 60 75 
0 1 6 14 24 32 43 48 60 74 75 
0 1 6 14 24 32 43 48 61 67 74 
0 1 6 14 24 32 43 48 61 69 74 
0 1 6 14 25 32 39 40 47 65 72 
0 1 6 14 25 32 39 40 47 67 71 
0 1 6 14 25 32 39 40 47 67 74 
0 1 6 14 25 32 39 40 48 65 72 
0 1 6 14 25 32 39 40 48 67 74 
0 1 6 14 25 32 39 41 48 65 72 
0 1 6 14 25 32 39 41 48 65 73 
0 1 6 14 25 32 39 41 48 67 73 
0 1 6 14 25 32 39 42 50 65 73 
0 1 6 14 25 32 39 43 48 67 74 
0 1 6 14 25 32 39 47 55 65 70 
0 1 6 14 25 32 39 47 55 65 73 
0 1 6 14 25 32 39 47 55 67 71 
0 1 6 14 25 32 39 47 55 67 73 
0 1 6 14 25 32 40 47 60 65 72 
0 1 6 14 25 32 40 47 60 72 75 
0 1 6 14 25 32 40 47 61 67 74 
0 1 6 14 25 32 40 48 60 65 72 
0 1 6 14 25 32 40 48 60 72 75 
0 1 6 14 25 32 41 48 58 60 68 
0 1 6 14 25 32 41 48 58 60 75 
0 1 6 14 25 32 41 48 60 65 72 
0 1 6 14 25 32 41 48 60 65 73 
0 1 6 14 25 32 41 48 60 72 75 
0 1 6 14 25 32 41 48 61 67 73 
0 1 6 14 25 32 42 50 60 65 73 
0 1 6 14 25 32 42 50 60 68 73 
0 1 6 14 25 32 42 50 60 74 75 
0 1 6 14 25 32 43 48 58 60 75 
0 1 6 14 25 32 43 48 60 74 75 
0 1 6 14 25 32 43 48 61 67 74 
0 1 6 14 25 32 43 48 61 69 74 
0 1 6 14 25 32 47 55 60 65 73 
0 1 6 14 25 32 47 55 61 67 73 
0 1 6 14 25 33 39 40 47 65 72 
0 1 6 14 25 33 39 40 47 67 74 
0 1 6 14 25 33 39 40 48 65 72 
0 1 6 14 25 33 39 41 48 65 72 
0 1 6 14 25 33 39 41 48 65 73 
0 1 6 14 25 33 39 41 48 67 73 
0 1 6 14 25 33 39 43 48 67 74 
0 1 6 14 25 33 39 47 55 65 70 
0 1 6 14 25 33 39 47 55 65 73 
0 1 6 14 25 33 39 47 55 67 71 
0 1 6 14 25 33 39 47 55 67 73 
0 1 6 14 25 33 40 47 60 65 72 
0 1 6 14 25 33 40 47 60 72 75 
0 1 6 14 25 33 40 48 60 65 72 
0 1 6 14 25 33 40 48 60 72 75 
0 1 6 14 25 33 41 48 58 60 75 
0 1 6 14 25 33 41 48 60 65 72 
0 1 6 14 25 33 41 48 60 65 73 
0 1 6 14 25 33 41 48 60 72 75 
0 1 6 14 25 33 41 48 61 67 73 
0 1 6 14 25 33 42 47 60 65 73 
0 1 6 14 25 33 42 47 60 74 75 
0 1 6 14 25 33 42 47 61 67 73 
0 1 6 14 25 33 42 47 61 67 74 
0 1 6 14 25 33 42 47 61 69 74 
0 1 6 14 25 33 43 48 60 74 75 
0 1 6 14 25 33 43 48 61 67 74 
0 1 6 14 25 33 47 55 60 65 73 
0 1 6 14 25 33 47 55 61 67 73 
0 1 8 13 25 32 40 47 59 64 71 
0 1 8 13 25 32 40 47 59 64 72 
0 1 8 13 25 32 40 47 59 72 75 
0 1 8 13 25 32 40 47 60 65 72 
0 1 8 13 25 32 40 47 60 72 75 
0 1 8 13 25 32 40 48 59 72 75 
0 1 8 13 25 32 40 48 60 65 72 
0 1 8 13 25 32 41 48 59 67 73 
0 1 8 13 25 32 41 48 59 72 75 
0 1 8 13 25 32 41 48 60 65 72 
0 1 8 13 25 32 41 48 60 65 73 
0 1 8 13 25 32 41 48 60 68 73 
0 1 8 13 25 32 41 48 60 72 75 
0 1 8 13 25 32 43 48 60 74 75 
0 1 8 13 25 32 47 55 59 64 71 
0 1 8 13 25 32 47 55 59 67 73 
0 1 8 13 25 32 47 55 60 65 73 
0 1 8 13 25 33 40 47 59 64 72 
0 1 8 13 25 33 40 47 59 72 75 
0 1 8 13 25 33 40 47 60 65 72 
0 1 8 13 25 33 40 48 60 65 72 
0 1 8 13 25 33 41 48 59 67 73 
0 1 8 13 25 33 41 48 59 72 75 
0 1 8 13 25 33 41 48 60 65 72 
0 1 8 13 25 33 41 48 60 65 73 
0 1 8 13 25 33 41 48 60 68 73 
0 1 8 13 25 33 41 48 60 72 75 
0 1 8 13 25 33 42 47 59 67 73 
0 1 8 13 25 33 42 47 59 67 74 
0 1 8 13 25 33 42 47 59 74 75 
0 1 8 13 25 33 42 47 60 65 73 
0 1 8 13 25 33 42 47 60 68 73 
0 1 8 13 25 33 42 47 60 74 75 
0 1 8 13 25 33 47 55 59 64 71 
0 1 8 13 25 33 47 55 59 67 73 
0 1 8 13 25 33 47 55 60 65 73 
0 1 8 15 24 32 40 48 61 67 74 
0 1 8 15 24 32 40 48 62 74 75 
0 1 8 15 24 32 41 48 58 61 68 
0 1 8 15 24 32 41 48 61 68 73 
0 1 8 15 24 32 47 55 62 70 
0 1 8 15 25 32 41 48 58 59 75 
0 1 8 15 25 32 41 48 58 61 68 
0 1 8 15 25 32 41 48 58 62 75 
0 1 8 15 25 32 41 48 61 67 73 
0 1 8 15 25 32 47 55 59 67 73 
0 1 8 15 25 32 47 55 61 67 73 
0 1 8 15 25 32 47 55 62 70 
0 1 8 15 25 33 42 47 59 67 73 
0 1 8 15 25 33 42 47 59 67 74 
0 1 8 15 25 33 42 47 59 74 75 
0 1 8 15 25 33 42 47 61 67 73 
0 1 8 15 25 33 42 47 61 67 74 
0 1 8 15 25 33 42 47 61 68 73 
0 1 8 15 25 33 42 47 61 69 74 
0 1 8 15 25 33 42 47 62 69 74 
0 1 8 15 25 33 42 47 62 74 75 
0 1 8 15 25 33 47 55 59 67 73 
0 1 8 15 25 33 47 55 61 67 73 
0 1 8 15 25 33 47 55 62 70 
0 1 8 24 27 32 40 47 63 71 
0 1 8 24 27 32 47 55 63 70 
0 1 8 25 27 32 40 48 63 71 
0 1 8 25 27 32 47 55 63 71 
0 1 8 25 27 33 40 47 63 71 
0 1 8 25 27 33 42 47 60 68 73 
0 1 8 25 27 33 42 47 60 74 75 
0 1 8 25 27 33 42 47 62 69 74 
0 1 8 25 27 33 42 47 62 74 75 
0 2 7 14 22 29 34 39 40 47 65 72 
0 2 7 14 22 29 34 39 40 47 67 74 
0 2 7 14 22 29 34 39 40 48 65 72 
0 2 7 14 22 29 34 39 40 48 67 74 
0 2 7 14 22 29 34 39 41 48 65 72 
0 2 7 14 22 29 34 39 43 48 67 74 
0 2 7 14 22 29 34 40 47 60 65 72 
0 2 7 14 22 29 34 40 47 60 72 75 
0 2 7 14 22 29 34 40 47 60 74 75 
0 2 7 14 22 29 34 40 47 61 67 74 
0 2 7 14 22 29 34 40 48 60 65 72 
0 2 7 14 22 29 34 40 48 60 72 75 
0 2 7 14 22 29 34 40 48 60 74 75 
0 2 7 14 22 29 34 40 48 61 67 74 
0 2 7 14 22 29 34 41 48 58 60 68 
0 2 7 14 22 29 34 41 48 58 60 75 
0 2 7 14 22 29 34 41 48 60 68 73 
0 2 7 14 22 29 34 42 47 60 65 73 
0 2 7 14 22 29 34 42 47 60 68 73 
0 2 7 14 22 29 34 42 47 60 74 75 
0 2 7 14 22 29 34 42 47 61 67 73 
0 2 7 14 22 29 34 42 47 61 67 74 
0 2 7 14 22 29 34 42 47 61 68 73 
0 2 7 14 22 29 34 47 55 60 65 73 
0 2 7 14 22 29 34 47 55 61 67 73 
0 2 7 14 25 33 39 47 55 65 70 
0 2 7 14 25 33 39 47 55 65 73 
0 2 7 14 25 33 39 47 55 67 73 
0 2 7 14 25 33 42 47 60 65 73 
0 2 7 14 25 33 42 47 60 68 73 
0 2 7 14 25 33 42 47 60 74 75 
0 2 7 14 25 33 42 47 61 67 73 
0 2 7 14 25 33 42 47 61 67 74 
0 2 7 14 25 33 42 47 61 68 73 
0 2 7 14 25 33 42 50 60 65 73 
0 2 7 14 25 33 42 50 60 68 73 
0 2 7 14 25 33 42 50 60 74 75 
0 2 7 14 25 33 42 50 61 68 73 
0 2 7 14 25 33 43 50 58 60 68 
0 2 7 14 25 33 43 50 58 61 68 
0 2 7 14 25 33 47 55 60 65 73 
0 2 7 15 22 29 34 40 47 59 67 74 
0 2 7 15 22 29 34 40 47 59 72 75 
0 2 7 15 22 29 34 40 47 59 74 75 
0 2 7 15 22 29 34 40 47 61 67 74 
0 2 7 15 22 29 34 40 47 62 74 75 
0 2 7 15 22 29 34 42 47 59 67 73 
0 2 7 15 22 29 34 42 47 59 67 74 
0 2 7 15 22 29 34 42 47 62 74 75 
0 2 7 15 25 33 42 47 59 67 73 
0 2 7 15 25 33 42 47 61 67 73 
0 2 7 15 25 33 42 50 57 61 68 
0 2 7 15 25 33 42 50 61 68 73 
0 2 7 15 25 33 47 55 62 70 
0 2 9 14 19 22 29 40 47 60 72 75 
0 2 9 14 19 22 29 40 47 60 74 75 
0 2 9 14 19 22 29 40 47 61 67 74 
0 2 9 14 19 22 29 40 48 60 72 75 
0 2 9 14 19 22 29 40 48 60 74 75 
0 2 9 14 19 22 29 40 48 61 67 74 
0 2 9 14 19 22 29 41 48 58 60 68 
0 2 9 14 19 22 29 41 48 58 60 75 
0 2 9 14 19 22 29 41 48 58 61 68 
0 2 9 14 19 22 29 41 48 60 68 73 
0 2 9 14 19 22 29 41 48 61 67 73 
0 2 9 14 19 22 29 41 48 61 68 73 
0 2 9 14 19 22 29 42 47 60 68 73 
0 2 9 14 19 22 29 42 47 60 74 75 
0 2 9 14 19 22 29 42 47 61 67 73 
0 2 9 14 19 22 29 42 47 61 67 74 
0 2 9 14 19 22 29 42 47 61 68 73 
0 2 9 14 19 22 29 42 47 61 69 74 
0 2 9 14 19 22 29 43 48 58 60 68 
0 2 9 14 19 22 29 43 48 58 61 68 
0 2 9 14 19 22 29 43 48 61 67 74 
0 2 9 14 19 22 29 47 55 61 67 73 
0 2 9 19 22 27 29 40 47 60 74 75 
0 2 9 19 22 27 29 40 47 62 74 75 
0 2 9 19 22 27 29 40 48 62 74 75 
0 2 9 19 22 27 29 41 48 58 62 75 
0 2 9 19 22 27 29 42 47 60 68 73 
0 2 9 19 22 27 29 42 47 62 69 74 
0 2 9 19 22 27 29 42 47 62 74 75 
0 2 9 19 22 29 38 42 47 61 68 73 
0 2 9 19 22 29 38 42 47 61 69 74 
0 2 9 19 24 27 29 40 47 62 74 75 
0 2 9 19 24 27 29 40 48 62 74 75 
0 2 9 19 24 27 29 41 48 58 62 75 
0 2 9 19 24 27 29 42 47 62 69 74 
0 2 9 19 24 29 38 42 47 61 68 73 
0 2 9 22 27 29 34 42 47 60 68 73 
0 2 9 22 27 29 34 42 47 60 74 75 
0 2 9 22 27 29 34 42 47 62 69 74 
0 2 9 22 29 34 38 42 47 61 68 73 
0 2 9 22 29 34 38 42 47 61 69 74 
0 2 10 15 19 22 29 40 47 61 67 74 
0 2 10 15 19 22 29 40 47 62 74 75 
0 2 10 15 19 22 29 42 47 61 67 73 
0 2 10 15 19 22 29 42 47 61 67 74 
0 2 10 15 19 22 29 42 47 61 68 73 
0 2 10 15 19 24 29 40 47 61 67 74 
0 2 10 15 19 24 29 40 47 62 74 75 
0 2 10 15 19 24 29 42 47 61 67 73 
0 2 10 15 19 24 29 42 47 61 67 74 
0 2 10 15 19 24 29 42 47 61 69 74 
0 2 10 15 19 24 29 42 47 62 69 74 
0 2 10 15 22 29 34 40 47 61 67 74 
0 3 8 15 22 29 34 40 47 59 72 75 
0 3 8 15 22 29 34 40 47 59 74 75 
0 3 8 15 22 29 34 42 47 61 68 73 
0 3 8 22 27 29 34 42 47 60 68 73 
0 3 11 18 22 29 40 47 64 66 72 
0 3 11 18 24 29 40 47 64 66 72 
0 4 11 17 22 30 39 40 47 65 72 
0 4 11 17 22 30 39 40 48 65 72 
0 4 11 17 22 30 39 41 48 65 72 
0 4 11 17 22 30 40 47 64 66 72 
0 4 11 17 22 30 40 47 65 66 72 
0 4 11 17 24 31 39 40 47 65 72 
0 4 11 17 24 31 39 40 48 65 72 
0 4 11 17 24 31 39 41 48 65 72 
0 4 11 17 24 31 40 47 64 66 72 
0 4 11 17 24 31 40 47 65 66 72 
0 4 11 17 24 31 40 48 65 66 72 
0 4 11 19 22 29 39 40 47 65 72 
0 4 11 19 22 29 40 47 64 66 72 
0 4 11 19 22 29 40 47 65 66 72 
0 4 11 19 24 31 39 40 47 65 72 
0 4 11 22 30 35 40 47 64 66 72 
0 4 12 17 22 30 39 40 47 65 72 
0 4 12 17 22 30 39 47 55 65 73 
0 4 12 17 24 31 39 40 47 65 72 
0 4 12 19 24 29 39 40 47 65 72 
0 5 12 16 24 31 39 41 48 67 73 
0 5 12 16 24 31 41 48 59 67 73 
0 5 12 16 24 31 42 47 59 67 73 
0 5 12 16 24 32 41 48 59 67 73 
0 5 12 18 22 30 39 40 47 65 72 
0 5 12 18 22 30 40 47 59 64 72 
0 6 13 17 24 31 41 48 59 67 73 
