0 1 5 9 13 17 28 37 41 45 
0 1 5 9 13 17 37 41 45 64 
0 1 5 9 14 19 23 28 38 63 
0 1 5 9 14 19 23 28 58 63 
0 1 5 9 14 19 24 28 38 43 
0 1 5 9 14 19 24 28 38 63 
0 1 5 9 14 19 28 38 45 63 
0 1 5 9 14 19 28 45 58 63 
0 1 5 9 14 19 38 45 63 64 
0 1 5 10 14 19 23 28 38 63 
0 1 5 10 14 19 28 38 45 63 
0 1 5 14 19 28 38 45 56 63 
0 2 7 16 21 25 32 51 56 60 
0 2 7 16 25 32 42 51 56 60 
0 2 7 16 32 42 46 51 56 60 
0 2 7 16 32 42 47 51 56 60 
0 2 7 18 37 42 46 51 56 60 
0 2 7 32 37 42 46 51 56 60 
0 2 7 32 37 42 47 51 56 60 
0 3 7 32 37 42 47 51 56 60 
