0 1 5 10 14 22 30 35 39 44 52 55 59 69 73 92 104 
0 1 5 10 14 22 30 35 44 52 55 59 66 73 92 97 104 
0 1 5 10 14 22 35 39 44 52 55 57 69 73 88 92 104 
0 1 5 10 14 22 35 44 52 55 57 66 73 88 92 97 104 
0 1 5 10 15 20 30 35 41 45 52 55 59 64 76 81 102 107 
0 1 5 10 15 20 30 35 41 45 52 55 59 64 76 97 102 107 
0 1 5 10 15 20 30 35 41 45 52 55 59 76 81 92 102 107 
0 1 5 10 15 20 30 35 41 45 52 55 59 76 92 97 102 107 
0 1 5 10 15 20 30 35 41 52 55 59 64 71 76 97 102 107 
0 1 5 10 15 20 30 35 41 52 55 59 71 76 92 97 102 107 
0 1 5 10 15 20 30 35 45 52 55 59 66 76 92 97 102 107 
0 1 5 10 15 20 35 41 45 52 55 57 64 76 81 88 102 107 
0 1 5 10 15 20 35 41 45 52 55 57 64 76 88 97 102 107 
0 1 5 10 15 20 35 41 45 52 55 57 76 81 88 92 102 107 
0 1 5 10 15 20 35 41 45 52 55 57 76 88 92 97 102 107 
0 1 5 10 15 20 35 41 52 55 57 64 71 76 88 97 102 107 
0 1 5 10 15 20 35 41 52 55 57 71 76 88 92 97 102 107 
0 1 5 10 15 20 35 45 52 55 57 66 76 88 92 97 102 107 
0 1 5 10 15 20 35 52 55 57 66 71 76 88 92 97 102 107 
0 1 5 10 15 22 30 35 41 44 52 55 59 64 73 97 104 
0 1 5 10 15 22 30 35 41 44 52 55 59 73 92 97 104 
0 1 5 10 15 22 30 35 41 45 52 55 59 64 73 81 104 
0 1 5 10 15 22 30 35 41 45 52 55 59 64 73 97 104 
0 1 5 10 15 22 30 35 41 45 52 55 59 64 74 81 104 
0 1 5 10 15 22 30 35 41 45 52 55 59 64 74 81 105 
0 1 5 10 15 22 30 35 41 45 52 55 59 64 74 97 104 
0 1 5 10 15 22 30 35 41 45 52 55 59 64 74 97 105 
0 1 5 10 15 22 30 35 41 45 52 55 59 73 81 92 104 
0 1 5 10 15 22 30 35 41 45 52 55 59 73 92 97 104 
0 1 5 10 15 22 30 35 41 45 52 55 59 74 81 92 104 
0 1 5 10 15 22 30 35 41 45 52 55 59 74 81 92 105 
0 1 5 10 15 22 30 35 41 45 52 55 59 74 92 97 105 
0 1 5 10 15 22 30 35 41 47 52 55 59 64 71 76 97 102 
0 1 5 10 15 22 30 35 41 47 52 55 59 71 76 92 97 102 
0 1 5 10 15 22 30 35 44 52 55 59 66 73 92 97 104 
0 1 5 10 15 22 30 35 45 52 55 59 66 73 92 97 104 
0 1 5 10 15 22 30 35 45 52 55 59 66 74 92 97 104 
0 1 5 10 15 22 30 35 45 52 55 59 66 74 92 97 105 
0 1 5 10 15 22 30 35 47 52 55 59 66 71 76 92 97 102 
0 1 5 10 15 22 35 41 44 52 55 57 64 73 88 97 104 
0 1 5 10 15 22 35 41 44 52 55 57 73 88 92 97 104 
0 1 5 10 15 22 35 41 45 52 55 57 64 73 81 88 104 
0 1 5 10 15 22 35 41 45 52 55 57 64 73 88 97 104 
0 1 5 10 15 22 35 41 45 52 55 57 64 74 81 88 104 
0 1 5 10 15 22 35 41 45 52 55 57 64 74 81 88 105 
0 1 5 10 15 22 35 41 45 52 55 57 64 74 88 97 104 
0 1 5 10 15 22 35 41 45 52 55 57 64 74 88 97 105 
0 1 5 10 15 22 35 41 45 52 55 57 73 81 88 92 104 
0 1 5 10 15 22 35 41 45 52 55 57 73 88 92 97 104 
0 1 5 10 15 22 35 41 45 52 55 57 74 81 88 92 104 
0 1 5 10 15 22 35 41 45 52 55 57 74 81 88 92 105 
0 1 5 10 15 22 35 41 45 52 55 57 74 88 92 97 105 
0 1 5 10 15 22 35 41 47 52 55 57 64 71 76 88 97 102 
0 1 5 10 15 22 35 41 47 52 55 57 71 76 88 92 97 102 
0 1 5 10 15 22 35 44 52 55 57 66 73 88 92 97 104 
0 1 5 10 15 22 35 45 52 55 57 66 73 88 92 97 104 
0 1 5 10 15 22 35 45 52 55 57 66 74 88 92 97 104 
0 1 5 10 15 22 35 45 52 55 57 66 74 88 92 97 105 
0 1 5 10 15 23 30 35 41 45 52 55 59 64 74 81 105 
0 1 5 10 15 23 30 35 41 45 52 55 59 64 74 97 105 
0 1 5 10 15 23 30 35 45 52 55 59 66 74 92 97 105 
0 1 5 10 15 23 35 41 45 52 55 57 64 74 81 88 105 
0 1 5 10 15 23 35 41 45 52 55 57 64 74 88 97 105 
0 1 5 10 15 23 35 45 52 55 57 66 74 88 92 97 105 
0 1 5 10 15 30 35 41 47 52 55 59 64 71 76 97 102 107 
0 1 5 10 15 35 41 47 52 55 57 71 76 88 92 97 102 107 
0 1 5 10 16 22 30 35 41 46 52 55 59 64 69 74 99 105 
0 1 5 10 16 22 35 41 46 52 55 57 64 69 74 88 99 105 
0 1 5 10 16 23 30 35 41 46 52 55 59 64 69 74 99 105 
0 1 5 10 16 23 30 35 41 46 52 55 59 69 75 92 99 105 
0 1 5 10 16 23 35 41 46 52 55 57 64 69 74 88 99 105 
0 1 5 10 16 23 35 41 46 52 55 57 64 69 75 88 99 105 
0 1 5 10 17 22 30 35 39 47 52 55 59 69 76 92 99 
0 1 5 10 17 22 30 35 39 47 52 55 59 69 92 99 104 
0 1 5 10 17 22 30 35 39 52 55 59 69 73 92 99 104 
0 1 5 10 17 22 30 35 41 47 52 55 59 64 69 76 99 
0 1 5 10 17 22 30 35 41 47 52 55 59 64 69 99 104 
0 1 5 10 17 22 30 35 41 47 52 55 59 64 76 81 99 
0 1 5 10 17 22 30 35 41 47 52 55 59 64 76 81 100 
0 1 5 10 17 22 30 35 41 47 52 55 59 64 81 99 104 
0 1 5 10 17 22 30 35 41 47 52 55 59 64 81 100 104 
0 1 5 10 17 22 30 35 41 47 52 55 59 69 76 92 99 
0 1 5 10 17 22 30 35 41 47 52 55 59 69 92 99 104 
0 1 5 10 17 22 30 35 41 47 52 55 59 76 81 92 100 
0 1 5 10 17 22 30 35 41 47 52 55 59 81 92 99 104 
0 1 5 10 17 22 30 35 41 47 52 55 59 81 92 100 104 
0 1 5 10 17 22 30 35 41 52 55 59 64 69 73 99 104 
0 1 5 10 17 22 30 35 41 52 55 59 64 73 81 99 104 
0 1 5 10 17 22 30 35 42 47 52 55 59 66 71 76 92 97 
0 1 5 10 17 22 30 35 42 47 52 55 59 66 71 92 97 104 
0 1 5 10 17 22 35 39 47 52 55 57 69 76 88 92 99 
0 1 5 10 17 22 35 39 47 52 55 57 69 88 92 99 104 
0 1 5 10 17 22 35 41 47 52 55 57 64 69 76 88 99 
0 1 5 10 17 22 35 41 47 52 55 57 64 69 88 99 104 
0 1 5 10 17 22 35 41 47 52 55 57 64 76 81 88 99 
0 1 5 10 17 22 35 41 47 52 55 57 64 81 88 99 104 
0 1 5 10 17 22 35 41 47 52 55 57 64 81 88 100 104 
0 1 5 10 17 22 35 41 47 52 55 57 69 76 88 92 99 
0 1 5 10 17 22 35 41 47 52 55 57 69 88 92 99 104 
0 1 5 10 17 22 35 41 47 52 55 57 76 81 88 92 100 
0 1 5 10 17 22 35 41 47 52 55 57 81 88 92 99 104 
0 1 5 10 17 22 35 41 47 52 55 57 81 88 92 100 104 
0 1 5 10 17 22 35 41 52 55 57 64 69 73 88 99 104 
0 1 5 10 17 22 35 41 52 55 57 64 73 81 88 99 104 
0 1 5 10 17 22 35 42 47 52 55 57 66 71 88 92 97 104 
0 1 5 10 17 23 30 35 39 46 52 55 59 69 75 92 99 105 
0 1 5 10 17 23 30 35 41 46 52 55 59 64 69 75 99 105 
0 1 5 10 17 23 30 35 41 46 52 55 59 64 75 81 99 105 
0 1 5 10 17 23 35 41 46 52 55 57 64 69 75 88 99 105 
0 1 5 10 17 23 35 41 46 52 55 57 64 75 81 88 99 105 
0 1 5 10 17 30 35 39 47 52 55 59 69 76 92 99 107 
0 1 5 10 17 30 35 41 47 52 55 59 64 69 76 99 107 
0 1 5 10 17 30 35 41 47 52 55 59 64 76 81 99 107 
0 1 5 10 17 30 35 41 47 52 55 59 64 76 81 100 107 
0 1 5 10 17 35 41 47 52 55 57 64 69 76 88 99 107 
0 1 5 10 18 22 30 35 41 47 52 55 59 64 76 81 100 
0 1 5 10 18 22 30 35 41 47 52 55 59 76 81 92 100 
0 1 5 10 18 22 30 35 41 52 55 59 64 74 81 100 105 
0 1 5 10 18 22 35 41 52 55 57 64 74 81 88 100 105 
0 1 5 10 18 23 30 35 41 48 52 55 59 64 81 100 105 
0 1 5 10 18 23 30 35 41 52 55 59 64 74 81 100 105 
0 1 5 10 18 23 35 41 48 52 55 57 64 81 88 100 105 
0 1 5 10 18 23 35 41 52 55 57 64 74 81 88 100 105 
0 1 5 10 18 30 35 41 47 52 55 59 64 76 81 100 107 
0 1 5 10 18 30 35 41 47 52 55 59 76 81 92 100 107 
0 1 5 10 18 30 35 41 48 52 55 59 64 76 81 100 107 
0 1 5 10 22 30 35 41 44 52 55 59 64 69 73 99 104 
0 1 5 10 22 30 35 41 45 52 55 59 64 74 81 100 104 
0 1 5 10 22 30 35 41 45 52 55 59 64 74 81 100 105 
0 1 5 10 22 35 41 44 52 55 57 64 69 73 88 99 104 
0 1 5 10 22 35 41 45 52 55 57 64 74 81 88 100 104 
0 1 5 10 22 35 41 45 52 55 57 64 74 81 88 100 105 
0 1 5 10 23 30 35 41 45 52 55 59 64 74 81 100 105 
0 1 5 10 23 35 41 45 52 55 57 64 74 81 88 100 105 
0 1 5 11 16 22 30 35 45 52 53 55 59 63 74 94 98 104 
0 1 5 11 16 22 30 35 45 52 53 55 59 63 74 94 98 105 
0 1 5 11 16 22 30 35 46 52 53 55 59 63 70 74 94 105 
0 1 5 11 16 22 30 35 46 52 53 55 59 63 74 94 98 105 
0 1 5 11 16 22 35 45 52 53 55 57 63 74 88 94 98 104 
0 1 5 11 16 22 35 45 52 53 55 57 63 74 88 94 98 105 
0 1 5 11 16 22 35 46 52 53 55 57 63 70 74 88 94 105 
0 1 5 11 16 22 35 46 52 53 55 57 63 74 88 94 98 105 
0 1 5 11 16 23 30 35 45 52 53 55 59 63 74 94 98 105 
0 1 5 11 16 23 30 35 46 52 53 55 59 63 70 74 94 105 
0 1 5 11 16 23 30 35 46 52 53 55 59 63 70 75 94 105 
0 1 5 11 16 23 30 35 46 52 53 55 59 63 74 94 98 105 
0 1 5 11 16 23 30 35 46 52 53 55 59 63 75 94 98 105 
0 1 5 11 16 23 35 46 52 53 55 57 63 70 74 88 94 105 
0 1 5 11 16 23 35 46 52 53 55 57 63 70 75 88 94 105 
0 1 5 11 16 23 35 46 52 53 55 57 63 74 88 94 98 105 
0 1 5 11 16 23 35 46 52 53 55 57 63 75 88 94 98 105 
0 1 5 11 17 22 30 35 47 52 53 55 59 63 81 94 100 104 
0 1 5 11 17 22 35 47 52 53 55 57 63 81 88 94 100 104 
0 1 5 11 18 22 30 35 52 53 55 59 63 70 74 94 100 105 
0 1 5 11 18 22 35 52 53 55 57 63 70 74 88 94 100 105 
0 1 5 11 18 22 35 52 53 55 57 63 74 81 88 94 100 105 
0 1 5 11 22 35 45 52 53 55 57 63 74 81 88 94 100 104 
0 1 5 11 22 35 45 52 53 55 57 63 74 81 88 94 100 105 
0 1 5 13 16 22 30 35 46 52 53 55 59 63 70 74 94 105 
0 1 5 13 16 22 35 46 52 53 55 57 63 70 74 88 94 105 
0 1 5 13 16 22 35 46 52 55 57 63 69 74 88 94 99 105 
0 1 5 13 16 23 30 35 46 52 53 55 59 64 70 75 94 105 
0 1 5 13 17 22 30 35 42 47 52 55 59 63 71 76 94 
0 1 5 13 17 22 30 35 42 47 52 55 59 63 71 94 104 
0 1 5 13 17 22 30 35 42 47 52 55 59 63 76 94 99 
0 1 5 13 17 22 30 35 42 47 52 55 59 63 94 99 104 
0 1 5 13 17 22 30 35 42 47 52 55 59 64 71 76 94 
0 1 5 13 17 22 30 35 42 47 52 55 59 64 71 76 95 
0 1 5 13 17 22 30 35 42 47 52 55 59 64 71 94 104 
0 1 5 13 17 22 30 35 42 47 52 55 59 64 71 95 104 
0 1 5 13 17 22 30 35 42 47 52 55 59 64 76 94 99 
0 1 5 13 17 22 30 35 42 47 52 55 59 64 76 95 99 
0 1 5 13 17 22 30 35 42 47 52 55 59 64 94 99 104 
0 1 5 13 17 22 30 35 42 47 52 55 59 64 95 99 104 
0 1 5 13 17 22 30 35 42 52 55 59 63 73 94 99 104 
0 1 5 13 17 22 30 35 42 52 55 59 64 73 94 99 104 
0 1 5 13 17 22 30 35 42 52 55 59 64 73 95 99 104 
0 1 5 13 17 22 30 35 47 52 55 59 64 69 76 94 99 
0 1 5 13 17 22 30 35 47 52 55 59 64 69 94 99 104 
0 1 5 13 17 22 30 35 52 55 59 64 69 73 94 99 104 
0 1 5 13 17 22 35 42 47 52 55 57 64 71 88 94 104 
0 1 5 13 17 22 35 42 47 52 55 57 64 71 88 95 104 
0 1 5 13 17 22 35 42 47 52 55 57 64 88 94 99 104 
0 1 5 13 17 22 35 42 47 52 55 57 64 88 95 99 104 
0 1 5 13 17 22 35 42 52 55 57 64 73 88 94 99 104 
0 1 5 13 17 22 35 42 52 55 57 64 73 88 95 99 104 
0 1 5 13 17 22 35 47 52 55 57 64 69 88 94 99 104 
0 1 5 13 17 22 35 52 55 57 64 69 73 88 94 99 104 
0 1 5 13 17 23 30 35 42 46 52 55 59 64 75 94 99 105 
0 1 5 13 17 23 30 35 46 52 55 59 64 69 75 94 99 105 
0 1 5 13 17 30 35 42 47 52 55 59 63 71 76 94 107 
0 1 5 13 17 30 35 42 47 52 55 59 63 76 94 99 107 
0 1 5 13 17 30 35 42 47 52 55 59 64 71 76 94 107 
0 1 5 13 17 30 35 42 47 52 55 59 64 71 76 95 107 
0 1 5 13 17 30 35 42 47 52 55 59 64 76 94 99 107 
0 1 5 13 17 30 35 42 47 52 55 59 64 76 95 99 107 
0 1 5 13 17 30 35 47 52 55 59 64 69 76 94 99 107 
0 1 5 13 18 23 30 35 48 52 53 55 59 64 70 94 100 105 
0 1 5 13 18 23 30 35 52 53 55 59 64 70 74 94 100 105 
0 1 5 13 18 23 35 48 52 53 55 57 64 70 88 94 100 105 
0 1 5 13 18 23 35 48 52 53 55 57 64 70 88 94 101 105 
0 1 5 13 18 30 35 47 52 53 55 59 64 70 76 94 100 107 
0 1 5 13 22 30 35 42 47 52 55 59 63 71 76 94 102 
0 1 5 13 22 30 35 42 47 52 55 59 64 71 76 94 102 
0 1 5 13 22 30 35 42 47 52 55 59 64 71 76 95 102 
0 1 5 13 22 30 35 44 52 55 59 64 69 73 94 99 104 
0 1 5 13 23 30 35 46 52 53 55 59 64 70 75 94 101 105 
0 1 5 15 22 30 35 41 45 52 55 59 64 73 81 95 104 
0 1 5 15 22 30 35 41 45 52 55 59 64 74 81 95 104 
0 1 5 15 22 30 35 41 45 52 55 59 64 74 81 95 105 
0 1 5 15 22 35 41 45 52 55 57 64 73 81 88 95 104 
0 1 5 15 23 30 35 41 45 52 55 59 64 74 81 95 105 
0 1 5 17 22 25 30 35 42 47 52 55 59 64 71 76 95 
0 1 5 17 22 25 30 35 42 47 52 55 59 64 71 95 104 
0 1 5 17 22 25 30 35 47 52 55 59 64 76 81 95 100 
0 1 5 17 22 25 35 47 52 55 57 64 81 88 95 100 104 
0 1 5 17 22 30 35 41 47 52 55 59 64 76 81 95 99 
0 1 5 17 22 30 35 41 47 52 55 59 64 76 81 95 100 
0 1 5 17 22 30 35 41 47 52 55 59 64 81 95 99 104 
0 1 5 17 22 30 35 41 47 52 55 59 64 81 95 100 104 
0 1 5 17 22 35 41 47 52 55 57 64 81 88 95 99 104 
0 1 5 17 23 30 35 41 46 52 55 59 64 75 81 95 99 105 
0 1 5 17 25 30 35 42 47 52 55 59 64 71 76 95 107 
0 1 5 18 22 25 30 35 47 52 55 59 64 76 81 95 100 
0 1 5 18 22 25 30 35 52 55 59 64 74 81 95 100 105 
0 1 5 18 22 30 35 41 47 52 55 59 64 76 81 95 100 
0 1 5 18 22 30 35 41 52 55 59 64 74 81 95 100 105 
0 1 5 18 23 25 30 35 43 52 55 59 64 74 95 100 105 
0 1 5 18 23 25 30 35 48 52 55 59 64 81 95 100 105 
0 1 5 18 23 25 30 35 52 55 59 64 74 81 95 100 105 
0 1 5 18 23 30 35 41 52 55 59 64 74 81 95 100 105 
0 1 5 22 25 30 35 42 47 52 55 59 64 71 76 95 102 
0 1 5 22 25 30 35 43 47 52 55 59 64 71 76 95 102 
0 1 5 22 25 30 35 45 52 55 59 64 74 81 95 100 105 
0 1 5 22 30 35 41 45 52 55 59 64 74 81 95 100 104 
0 1 5 22 30 35 41 45 52 55 59 64 74 81 95 100 105 
0 1 5 23 25 30 35 45 52 55 59 64 74 81 95 100 105 
0 1 5 23 30 35 41 45 52 55 59 64 74 81 95 100 105 
0 1 6 10 15 22 35 41 45 52 55 57 64 73 81 88 104 
0 1 6 10 15 22 35 41 45 52 55 57 64 74 81 88 104 
0 1 6 10 15 22 35 41 45 52 55 57 64 74 81 88 105 
0 1 6 10 15 22 41 45 52 55 57 62 74 81 88 93 104 
0 1 6 10 15 22 41 45 52 55 57 62 74 81 88 93 105 
0 1 6 10 17 22 35 41 47 52 55 57 64 76 81 88 99 
0 1 6 10 17 22 35 41 47 52 55 57 64 76 81 88 100 
0 1 6 10 17 22 35 41 47 52 55 57 64 81 88 100 104 
0 1 6 10 17 22 35 41 52 55 57 64 73 81 88 99 104 
0 1 6 10 17 22 41 47 52 55 57 62 81 88 93 99 104 
0 1 6 10 17 22 41 47 52 55 57 62 81 88 93 100 104 
0 1 6 10 17 22 41 52 55 57 62 73 81 88 93 99 104 
0 1 6 10 22 35 41 45 52 55 57 64 74 81 88 100 104 
0 1 6 11 15 22 31 41 45 52 55 62 74 81 88 93 104 
0 1 6 11 15 22 31 41 45 52 55 62 74 81 88 93 105 
0 1 6 11 15 22 31 45 52 55 62 67 74 88 93 98 104 
0 1 6 11 15 22 31 45 52 55 62 67 74 88 93 98 105 
0 1 6 11 15 22 41 45 52 55 57 62 74 81 88 93 104 
0 1 6 11 15 22 41 45 52 55 57 62 74 81 88 93 105 
0 1 6 11 15 22 45 52 55 57 62 67 74 88 93 98 104 
0 1 6 11 15 23 31 41 45 52 55 62 74 81 88 93 105 
0 1 6 11 15 23 31 45 52 55 62 67 74 88 93 98 105 
0 1 6 11 16 22 31 36 45 52 53 55 60 74 93 98 105 
0 1 6 11 16 22 31 36 45 52 53 55 74 88 93 98 105 
0 1 6 11 16 22 31 36 45 52 55 60 67 74 93 98 104 
0 1 6 11 16 22 31 36 45 52 55 60 67 74 93 98 105 
0 1 6 11 16 22 31 36 45 52 55 67 74 88 93 98 104 
0 1 6 11 16 22 31 36 45 52 55 67 74 88 93 98 105 
0 1 6 11 16 22 31 36 45 52 56 60 67 74 93 98 104 
0 1 6 11 16 22 31 36 45 52 56 60 67 74 93 98 105 
0 1 6 11 16 22 31 36 46 52 53 55 60 65 74 98 105 
0 1 6 11 16 22 31 36 46 52 53 55 60 74 93 98 105 
0 1 6 11 16 22 31 36 46 52 53 56 60 74 93 98 105 
0 1 6 11 16 22 31 36 46 52 53 56 65 74 88 98 105 
0 1 6 11 16 22 31 36 46 52 53 56 74 88 93 98 105 
0 1 6 11 16 22 31 36 46 52 55 60 67 74 93 98 105 
0 1 6 11 16 22 31 36 46 52 55 67 74 88 93 98 105 
0 1 6 11 16 22 31 36 46 52 56 60 67 74 93 98 105 
0 1 6 11 16 22 31 36 46 52 56 67 74 88 93 98 105 
0 1 6 11 16 23 28 31 36 46 53 56 60 65 75 98 106 
0 1 6 11 16 23 28 31 36 46 53 56 60 75 93 98 106 
0 1 6 11 16 23 28 31 36 46 56 60 67 75 93 98 106 
0 1 6 11 16 23 31 36 46 52 55 60 67 75 93 98 105 
0 1 6 11 16 23 31 36 46 52 56 67 75 88 93 98 105 
0 1 6 11 17 22 31 36 41 47 52 55 76 81 88 93 100 
0 1 6 11 17 22 31 36 47 52 53 55 60 76 81 93 100 
0 1 6 11 17 22 31 36 47 52 53 55 76 81 88 93 100 
0 1 6 11 17 22 31 36 47 52 53 56 60 76 81 93 100 
0 1 6 11 17 22 31 36 47 52 53 56 76 81 88 93 100 
0 1 6 11 17 22 31 47 52 53 55 62 76 81 88 93 100 
0 1 6 11 17 22 36 41 47 52 55 57 76 81 88 93 100 
0 1 6 11 17 22 36 47 52 53 55 57 76 81 88 93 100 
0 1 6 11 17 22 41 47 52 55 57 62 76 81 88 93 99 
0 1 6 11 17 22 41 47 52 55 57 62 76 81 88 93 100 
0 1 6 11 17 22 41 47 52 55 57 62 81 88 93 100 104 
0 1 6 11 17 22 47 52 53 55 57 62 76 81 88 93 100 
0 1 6 11 17 23 28 31 36 47 53 56 60 75 81 93 100 106 
0 1 6 11 17 31 36 47 52 53 55 60 76 81 93 100 107 
0 1 6 11 17 31 36 47 52 53 55 76 81 88 93 100 107 
0 1 6 11 17 31 47 52 53 55 62 76 81 88 93 100 107 
0 1 6 11 18 23 31 36 52 53 55 60 65 70 74 100 105 
0 1 6 11 18 23 31 36 52 53 56 60 65 70 74 100 105 
0 1 6 11 18 26 31 36 48 53 56 60 70 76 93 101 107 
0 1 6 14 22 31 36 44 52 55 60 65 73 96 104 
0 1 6 14 22 31 36 44 52 55 65 73 88 96 104 
0 1 6 14 22 31 36 44 52 56 65 73 88 96 104 
0 1 6 17 22 25 31 35 47 52 55 64 76 81 88 95 100 
0 1 6 17 22 25 31 36 47 52 55 64 76 81 88 95 100 
0 1 6 17 22 25 31 36 47 52 56 64 76 81 88 95 100 
0 1 7 14 22 30 36 44 52 55 59 65 73 89 96 104 
0 1 7 14 22 30 37 44 52 55 59 65 73 89 96 104 
0 1 7 14 22 30 37 44 52 55 59 65 73 90 96 104 
0 1 7 14 22 30 37 44 52 55 59 66 73 89 96 104 
0 1 7 14 22 30 37 44 52 55 59 66 73 89 97 104 
0 1 7 14 22 30 37 44 52 55 59 66 73 90 96 104 
0 1 7 14 22 30 37 44 52 55 59 66 73 90 97 104 
0 1 7 14 22 31 37 44 52 55 59 66 73 90 96 104 
0 1 7 14 22 31 37 44 52 55 59 66 73 90 97 104 
0 1 7 15 22 30 37 44 52 55 59 66 73 89 97 104 
0 1 7 15 22 30 37 44 52 55 59 66 73 90 97 104 
0 1 7 15 22 30 37 45 52 55 59 66 73 90 97 104 
0 1 8 14 22 30 37 44 52 55 59 66 73 90 96 104 
0 1 8 14 22 30 37 44 52 55 59 66 73 90 97 104 
0 1 8 14 22 30 38 44 52 55 59 66 73 90 97 104 
0 1 8 14 22 31 37 44 52 55 59 66 73 90 97 104 
0 1 8 15 22 30 37 44 52 55 59 66 73 90 97 104 
0 1 8 15 22 30 37 45 52 55 59 66 73 90 97 104 
0 1 8 15 22 30 37 45 52 55 59 66 74 90 97 104 
0 1 8 15 22 30 38 44 52 55 59 66 73 90 97 104 
0 1 8 15 22 30 38 44 52 55 59 67 73 90 97 104 
0 1 8 15 22 30 38 45 52 55 59 66 73 90 97 104 
0 1 8 15 22 31 37 44 52 55 59 66 73 90 97 104 
0 1 8 15 22 31 37 45 52 55 59 66 73 90 97 104 
0 1 8 15 22 31 38 44 52 55 59 66 73 90 97 104 
0 1 8 15 22 31 38 45 52 55 59 66 73 90 97 104 
0 1 8 15 22 31 38 45 52 55 59 66 74 90 97 104 
0 1 8 15 22 31 38 45 52 55 59 67 73 90 97 104 
0 1 8 15 22 31 38 45 52 55 60 67 74 90 97 104 
0 1 9 14 22 31 39 44 52 55 60 69 73 91 104 
0 1 9 14 22 31 39 44 52 56 60 73 91 96 104 
0 1 9 14 22 31 44 52 56 60 65 73 91 96 104 
