0 2 9 15 22 32 39 45 52 56 60 67 74 83 91 97 104 
0 2 9 15 22 32 39 45 52 56 60 67 74 83 91 98 104 
0 2 9 15 22 32 39 45 52 56 60 67 74 84 91 97 104 
0 2 9 15 22 32 39 45 52 56 61 67 74 83 91 98 104 
0 2 9 15 22 32 39 45 52 60 67 74 83 85 91 98 104 
0 2 9 15 22 32 39 45 52 61 67 74 83 85 91 98 104 
0 2 9 16 22 32 39 45 52 61 67 74 83 85 91 98 104 
0 2 9 16 22 32 39 45 52 61 67 74 83 85 91 98 105 
0 5 13 19 33 40 41 47 54 60 67 74 84 89 96 103 
0 2 9 15 22 32 39 45 52 56 60 67 74 83 91 97 104 
0 2 9 15 22 32 39 45 52 56 60 67 74 83 91 98 104 
0 2 9 15 22 32 39 45 52 56 60 67 74 84 91 97 104 
0 2 9 15 22 32 39 45 52 56 61 67 74 83 91 98 104 
0 2 9 15 22 32 39 45 52 60 67 74 83 85 91 98 104 
0 2 9 15 22 32 39 45 52 61 67 74 83 85 91 98 104 
0 2 9 16 22 32 39 45 52 61 67 74 83 85 91 98 104 
0 2 9 16 22 32 39 45 52 61 67 74 83 85 91 98 105 
0 5 13 19 33 40 41 47 54 60 67 74 84 89 96 103 
