0 1 5 8 17 24 25 33 45 50 57 64 71 76 97 104 109 
0 1 5 8 18 24 25 33 45 50 57 64 71 76 97 104 109 
0 1 5 8 18 24 25 33 45 50 57 64 71 76 98 104 109 
0 1 5 8 18 24 25 33 45 50 64 71 76 93 97 104 109 
0 1 5 8 18 24 25 33 45 50 64 71 76 93 98 104 109 
0 1 5 10 17 24 33 49 57 64 71 76 85 90 97 104 109 
0 1 5 10 17 24 33 50 57 64 71 76 85 90 97 104 109 
0 1 5 10 17 25 33 38 50 57 64 76 81 85 97 102 109 
0 1 5 10 17 25 38 40 50 57 64 76 81 85 97 102 109 
0 1 5 10 17 33 38 42 49 57 64 81 85 90 97 102 109 
0 1 5 10 17 33 38 49 57 64 76 81 85 90 97 102 109 
0 1 5 10 17 33 38 50 57 64 76 81 85 90 97 102 109 
0 1 5 10 17 38 40 42 49 57 64 81 85 90 97 102 109 
0 1 5 10 17 38 40 42 50 57 64 81 85 90 97 102 109 
0 1 5 10 17 38 40 49 57 64 76 81 85 90 97 102 109 
0 1 5 10 17 38 40 50 57 64 76 81 85 90 97 102 109 
0 1 5 10 18 24 25 33 50 57 64 71 76 85 97 104 109 
0 1 5 10 18 24 25 33 50 57 64 71 76 85 98 104 109 
0 1 5 10 18 24 33 50 57 64 71 76 85 90 97 104 109 
0 1 5 10 18 24 33 50 57 64 71 76 85 90 98 104 109 
0 1 5 10 18 25 33 38 50 57 64 76 81 85 97 102 109 
0 1 5 10 18 25 33 38 50 57 64 76 81 85 98 102 109 
0 1 5 10 18 33 38 42 50 57 64 81 85 90 97 102 109 
0 1 5 10 18 33 38 42 50 57 64 81 85 90 98 102 109 
0 1 5 10 18 33 38 50 57 64 76 81 85 90 97 102 109 
0 1 5 10 18 33 38 50 57 64 76 81 85 90 98 102 109 
0 1 5 17 24 25 33 45 50 57 64 71 76 85 97 104 109 
0 1 5 17 24 33 45 49 57 64 71 76 85 90 97 104 109 
0 1 5 17 24 33 45 50 57 64 71 76 85 90 97 104 109 
0 1 5 17 25 33 38 45 50 57 64 76 81 85 97 102 109 
0 1 5 17 33 38 45 50 57 64 76 81 85 90 97 102 109 
0 1 5 18 24 25 33 45 50 57 64 71 76 85 97 104 109 
0 1 5 18 24 25 33 45 50 57 64 71 76 85 98 104 109 
0 1 5 18 24 25 33 45 50 64 71 76 85 93 97 104 109 
0 1 5 18 24 25 33 45 50 64 71 76 85 93 98 104 109 
0 1 5 18 24 33 45 50 57 64 71 76 85 90 97 104 109 
0 1 5 18 24 33 45 50 57 64 71 76 85 90 98 104 109 
0 1 5 18 24 33 45 50 64 71 76 85 90 93 98 104 109 
0 1 5 18 25 33 38 45 50 57 64 76 81 85 97 102 109 
0 1 5 18 25 33 38 45 50 57 64 76 81 85 98 102 109 
0 1 5 18 25 33 38 45 50 64 76 81 85 93 97 102 109 
0 1 5 18 33 38 42 45 50 57 64 81 85 90 97 102 109 
0 1 5 18 33 38 42 45 50 57 64 81 85 90 98 102 109 
0 1 5 18 33 38 45 50 57 64 76 81 85 90 97 102 109 
0 1 5 18 33 38 45 50 64 76 81 85 90 93 97 102 109 
0 1 6 10 18 33 38 43 50 57 64 74 81 90 98 102 107 
0 1 6 11 17 26 33 38 43 50 57 64 74 81 86 91 97 
0 1 6 11 17 33 38 43 50 57 64 74 81 86 91 97 102 
0 1 6 11 17 33 38 43 50 57 64 74 81 90 97 102 107 
0 1 6 11 17 33 38 43 50 57 64 74 81 91 97 102 107 
0 1 6 11 17 38 40 43 49 57 64 74 81 90 97 102 107 
0 1 6 11 17 38 40 43 50 57 64 81 84 86 91 97 102 
0 1 6 11 17 38 40 43 50 57 64 81 84 91 97 102 107 
0 1 6 11 18 26 33 38 43 50 57 64 74 81 86 91 98 
0 1 6 11 18 26 33 38 43 50 58 64 81 84 86 91 98 
0 1 6 11 18 33 38 43 50 58 64 81 84 86 91 97 102 
0 1 6 17 33 38 45 50 57 64 76 81 85 90 97 102 109 
0 2 6 18 25 34 39 45 50 57 65 70 76 84 86 98 103 
0 2 10 18 34 42 50 54 57 65 73 90 98 106 
0 4 11 12 17 23 32 43 49 56 57 63 70 74 90 97 103 108 
