0 1 6 9 14 33 38 45 54 57 76 81 89 94 101 106 
0 1 6 9 14 33 38 45 54 57 76 81 89 94 102 106 
0 1 6 9 14 33 38 45 54 68 76 81 89 94 101 106 
0 1 6 9 25 33 38 45 54 57 76 81 89 94 101 106 
0 1 6 9 25 33 38 45 54 68 69 76 89 94 101 106 
0 1 6 9 25 33 38 45 54 68 76 81 89 94 101 106 
0 1 6 14 18 30 33 38 50 54 61 68 69 94 101 106 
0 1 6 14 18 30 38 50 54 61 68 69 73 94 101 106 
0 1 6 14 18 33 38 45 50 54 61 68 69 94 101 106 
0 1 6 14 18 33 38 45 50 54 61 68 81 94 101 106 
0 1 6 14 18 38 45 50 54 61 68 73 81 94 101 106 
0 1 6 14 33 38 45 50 54 61 68 69 89 94 101 106 
0 1 6 14 33 38 45 50 54 61 68 81 89 94 101 106 
0 1 6 14 33 38 45 50 54 68 69 76 89 94 101 106 
0 1 6 18 25 26 33 38 45 50 61 68 69 94 101 106 
0 1 6 25 33 38 45 50 54 61 68 69 89 94 101 106 
0 1 7 14 20 32 38 45 51 54 62 68 69 75 88 94 101 107 
0 1 7 14 20 32 38 45 51 54 62 68 75 81 88 94 101 107 
