0 1 5 18 22 31 35 48 52 60 64 77 87 91 104 108 
0 2 7 13 17 22 28 31 36 53 58 71 76 84 90 95 100 105 
0 2 14 19 24 28 31 36 48 58 63 69 92 97 102 
0 2 14 19 24 28 31 36 48 58 63 69 93 98 103 
0 3 6 16 21 39 44 49 54 58 61 71 76 95 100 105 
0 3 6 16 21 39 44 49 54 58 71 76 84 87 100 105 
0 3 6 16 21 39 44 49 54 58 71 76 84 95 100 105 
0 3 6 16 21 39 44 49 54 66 71 76 84 87 100 105 
0 3 6 16 21 39 44 49 54 66 71 76 84 95 100 105 
0 3 8 18 21 31 36 40 49 58 63 69 87 92 97 102 
0 3 8 18 23 25 31 36 40 53 58 63 69 92 97 102 
0 3 8 18 23 25 31 36 46 53 58 63 69 92 97 102 
0 3 8 18 25 31 36 40 49 58 63 69 84 87 92 97 
0 3 8 18 25 31 36 40 53 58 63 69 84 87 92 97 
0 3 8 18 25 31 36 40 53 58 63 69 87 92 97 102 
0 3 8 21 31 36 40 49 54 58 63 76 84 87 92 105 
0 3 8 21 31 36 40 53 54 58 63 76 84 87 92 97 
0 4 7 10 38 43 48 56 57 75 78 83 87 90 108 
0 4 9 12 25 30 39 43 54 59 64 69 82 86 95 99 
0 4 9 12 25 30 39 43 54 59 69 72 82 86 95 99 
0 4 9 12 25 30 39 43 54 69 72 82 86 95 99 108 
0 4 12 17 21 30 43 47 59 69 72 82 86 90 99 103 
0 4 12 17 25 30 39 43 54 59 69 72 82 86 95 99 
0 4 12 17 25 30 39 43 54 59 69 72 82 86 99 103 
0 1 5 18 22 31 35 48 52 60 64 77 87 91 104 108 
0 2 7 13 17 22 28 31 36 53 58 71 76 84 90 95 100 105 
0 2 14 19 24 28 31 36 48 58 63 69 92 97 102 
0 2 14 19 24 28 31 36 48 58 63 69 93 98 103 
0 3 6 16 21 39 44 49 54 58 61 71 76 95 100 105 
0 3 6 16 21 39 44 49 54 58 71 76 84 87 100 105 
0 3 6 16 21 39 44 49 54 58 71 76 84 95 100 105 
0 3 6 16 21 39 44 49 54 66 71 76 84 87 100 105 
0 3 6 16 21 39 44 49 54 66 71 76 84 95 100 105 
0 3 8 18 21 31 36 40 49 58 63 69 87 92 97 102 
0 3 8 18 23 25 31 36 40 53 58 63 69 92 97 102 
0 3 8 18 23 25 31 36 46 53 58 63 69 92 97 102 
0 3 8 18 25 31 36 40 49 58 63 69 84 87 92 97 
0 3 8 18 25 31 36 40 53 58 63 69 84 87 92 97 
0 3 8 18 25 31 36 40 53 58 63 69 87 92 97 102 
0 3 8 21 31 36 40 49 54 58 63 76 84 87 92 105 
0 3 8 21 31 36 40 53 54 58 63 76 84 87 92 97 
0 4 7 10 38 43 48 56 57 75 78 83 87 90 108 
0 4 9 12 25 30 39 43 54 59 64 69 82 86 95 99 
0 4 9 12 25 30 39 43 54 59 69 72 82 86 95 99 
0 4 9 12 25 30 39 43 54 69 72 82 86 95 99 108 
0 4 12 17 21 30 43 47 59 69 72 82 86 90 99 103 
0 4 12 17 25 30 39 43 54 59 69 72 82 86 95 99 
0 4 12 17 25 30 39 43 54 59 69 72 82 86 99 103 
