0 1 4 11 22 37 42 48 57 62 73 89 96 99 108 
0 1 5 10 16 21 26 32 37 53 60 65 68 71 76 88 97 106 
0 1 5 10 16 21 26 32 50 53 60 65 68 71 76 88 97 106 
0 1 5 10 16 21 32 37 53 54 60 65 68 71 76 88 93 97 
0 1 5 10 16 21 32 37 53 54 60 65 68 71 76 88 97 106 
0 1 5 10 16 21 32 50 53 54 60 65 68 71 76 88 97 106 
0 1 5 10 21 26 30 37 46 53 60 65 68 76 86 97 102 106 
0 1 5 10 21 26 30 46 50 53 60 65 68 76 86 97 102 106 
0 1 5 10 21 30 37 46 53 54 60 65 68 76 86 93 97 102 
0 1 5 10 21 30 37 46 53 54 60 65 68 76 86 97 102 106 
0 1 5 10 21 37 42 46 54 61 65 68 72 76 86 93 97 102 
0 1 5 10 21 42 46 50 54 61 65 68 72 76 86 93 97 102 
0 1 5 10 21 46 50 53 54 61 65 68 72 76 86 93 97 102 
0 1 5 21 28 42 46 50 54 61 65 68 72 76 86 93 97 102 
0 1 6 10 17 35 42 46 51 54 61 65 68 72 91 98 102 107 
0 2 10 18 34 42 50 54 57 65 73 90 98 106 
0 3 7 11 27 30 34 38 56 60 64 68 88 92 96 
0 3 7 11 27 30 34 51 56 60 64 68 88 92 109 
