0 2 7 11 16 22 33 38 42 48 55 63 68 74 88 97 101 108 
0 2 7 11 16 22 33 38 42 49 55 63 68 74 88 97 101 108 
0 2 7 11 16 22 33 38 42 49 55 63 68 74 88 97 102 108 
0 2 7 11 16 22 33 38 49 55 63 68 70 74 88 97 102 108 
0 2 7 11 16 22 33 42 48 55 65 68 74 88 92 97 101 108 
0 2 7 11 16 22 33 42 49 55 65 68 74 88 92 97 101 108 
0 2 7 11 16 22 33 42 49 55 65 68 74 88 92 97 102 108 
0 2 7 11 16 22 33 49 55 65 68 70 74 88 92 97 102 108 
0 2 7 11 16 23 33 38 42 49 55 63 68 74 88 97 101 108 
0 2 7 11 16 23 33 38 42 49 55 63 68 74 88 97 102 108 
0 2 7 11 16 23 33 38 42 49 55 63 68 75 88 97 102 108 
0 2 7 11 16 23 33 38 49 55 63 68 70 74 88 97 102 108 
0 2 7 11 16 23 33 38 49 55 63 68 70 75 88 97 102 108 
0 2 7 11 16 23 33 42 49 55 65 68 74 88 92 97 101 108 
0 2 7 11 16 23 33 42 49 55 65 68 74 88 92 97 102 108 
0 2 7 11 16 23 33 42 49 55 65 68 75 88 92 97 102 108 
0 2 7 11 16 23 33 49 55 65 68 70 74 88 92 97 102 108 
0 2 7 11 16 23 33 49 55 65 68 70 75 88 92 97 102 108 
0 2 7 11 17 22 33 38 44 48 55 63 68 81 88 97 103 108 
0 2 7 11 17 22 33 38 44 55 63 68 76 81 88 97 103 108 
0 2 7 11 17 22 33 44 48 55 65 68 81 88 92 97 103 108 
0 2 7 11 17 22 33 44 55 65 68 76 81 88 92 97 103 108 
0 2 7 11 17 33 38 44 51 55 63 68 76 81 88 97 103 108 
0 2 7 11 18 22 33 38 44 49 55 63 68 70 74 88 97 108 
0 2 7 11 18 22 33 38 44 49 55 63 68 74 81 88 97 108 
0 2 7 11 18 22 33 38 44 55 63 68 70 76 88 97 103 108 
0 2 7 11 18 22 33 38 44 55 63 68 76 81 88 97 103 108 
0 2 7 11 18 22 33 44 49 55 65 68 70 74 88 92 97 108 
0 2 7 11 18 22 33 44 49 55 65 68 74 81 88 92 97 108 
0 2 7 11 18 22 33 44 55 65 68 70 76 88 92 97 103 108 
0 2 7 11 18 22 33 44 55 65 68 76 81 88 92 97 103 108 
0 2 7 11 18 23 33 44 49 55 65 68 70 74 88 92 97 108 
0 2 7 11 18 23 33 44 49 55 65 68 70 88 92 97 104 108 
0 2 7 11 18 23 33 44 49 55 65 68 74 81 88 92 97 108 
0 2 7 11 18 23 33 44 49 55 65 68 81 88 92 97 104 108 
0 2 7 11 18 33 38 44 51 55 63 68 70 76 88 97 103 108 
0 2 7 11 18 33 38 44 51 55 63 68 70 76 88 97 104 108 
0 2 7 11 18 33 38 44 51 55 63 68 76 81 88 97 103 108 
0 2 7 11 18 33 38 44 51 55 63 68 76 81 88 97 104 108 
0 2 7 11 22 33 38 44 48 55 63 68 74 81 88 97 101 108 
0 2 7 11 22 33 38 44 49 55 63 68 74 81 88 97 101 108 
0 2 7 11 22 33 44 48 55 65 68 74 81 88 92 97 101 108 
0 2 7 11 22 33 44 49 55 65 68 74 81 88 92 97 101 108 
0 2 7 11 23 33 38 44 49 55 63 68 74 81 88 97 101 108 
0 2 7 11 23 33 44 49 55 65 68 74 81 88 92 97 101 108 
0 2 7 11 23 33 45 49 55 65 68 70 75 88 92 97 102 108 
0 2 7 13 16 22 33 38 43 49 55 63 68 69 74 88 102 108 
0 2 7 13 16 22 33 38 43 49 55 68 69 74 88 93 102 108 
0 2 7 13 16 22 33 38 49 55 63 68 70 74 88 97 102 108 
0 2 7 13 16 22 33 38 49 55 68 70 74 88 93 97 102 108 
0 2 7 13 16 22 38 43 49 55 61 68 69 74 88 93 102 108 
0 2 7 13 16 22 38 49 55 61 68 70 74 88 93 97 102 108 
0 2 7 13 16 23 33 38 43 49 55 68 69 74 88 93 102 108 
0 2 7 13 16 23 33 38 43 49 55 68 69 75 88 93 102 108 
0 2 7 13 16 23 33 38 49 55 68 70 74 88 93 97 102 108 
0 2 7 13 16 23 33 38 49 55 68 70 75 88 93 97 102 108 
0 2 7 13 16 23 38 49 55 61 68 70 74 88 93 97 102 108 
0 2 7 13 16 23 38 49 55 61 68 70 75 88 93 97 102 108 
0 2 7 13 17 22 33 38 43 48 55 63 68 69 73 88 108 
0 2 7 13 17 22 33 38 43 48 55 63 68 69 88 103 108 
0 2 7 13 17 22 33 38 43 48 55 63 68 73 88 98 108 
0 2 7 13 17 22 33 38 43 48 55 63 68 88 98 103 108 
0 2 7 13 17 22 33 38 43 48 55 68 69 73 88 93 108 
0 2 7 13 17 22 33 38 43 48 55 68 69 88 93 103 108 
0 2 7 13 17 22 33 38 43 48 55 68 73 88 93 98 108 
0 2 7 13 17 22 33 38 43 48 55 68 88 93 98 103 108 
0 2 7 13 17 22 33 38 43 55 63 68 69 76 88 103 108 
0 2 7 13 17 22 33 38 43 55 68 69 76 88 93 103 108 
0 2 7 13 17 22 33 38 43 55 68 76 88 93 98 103 108 
0 2 7 13 17 22 33 38 48 55 68 71 88 93 98 103 108 
0 2 7 13 17 22 33 43 48 55 66 68 73 88 93 98 108 
0 2 7 13 17 22 33 43 48 55 66 68 88 93 98 103 108 
0 2 7 13 17 22 38 43 48 55 61 68 73 88 93 98 108 
0 2 7 13 17 22 38 43 48 55 61 68 88 93 98 103 108 
0 2 7 13 17 22 38 43 55 61 68 76 88 93 98 103 108 
0 2 7 13 17 22 38 48 55 61 68 71 88 93 98 103 108 
0 2 7 13 17 22 43 48 55 61 66 68 88 93 98 103 108 
0 2 7 13 17 22 48 55 61 66 68 71 88 93 98 103 108 
0 2 7 13 17 22 55 61 66 68 71 76 88 93 98 103 108 
0 2 7 13 17 23 33 38 43 49 55 68 75 88 93 98 102 108 
0 2 7 13 17 23 33 43 49 55 66 68 75 88 93 98 102 108 
0 2 7 13 17 23 38 43 49 55 61 68 75 88 93 98 102 108 
0 2 7 13 17 23 43 49 55 61 66 68 75 88 93 98 102 108 
0 2 7 13 17 33 38 43 51 55 63 68 69 76 88 103 108 
0 2 7 13 17 33 38 43 51 55 63 68 76 88 98 103 108 
0 2 7 13 17 33 38 43 51 55 68 69 76 88 93 103 108 
0 2 7 13 17 38 43 51 55 61 68 69 76 88 93 103 108 
0 2 7 13 18 22 33 38 44 49 55 68 70 74 88 93 97 108 
0 2 7 13 18 22 33 38 44 55 68 70 76 88 93 97 103 108 
0 2 7 13 18 22 38 44 49 55 61 68 70 74 88 93 97 108 
0 2 7 13 18 23 33 38 44 49 55 68 70 74 88 93 97 108 
0 2 7 13 18 23 38 44 49 55 61 68 70 74 88 93 97 108 
0 2 7 13 18 23 45 49 55 61 66 68 70 88 93 98 104 108 
0 2 7 13 18 33 38 44 51 55 63 68 70 76 88 97 103 108 
0 2 7 13 20 33 38 46 51 55 63 68 71 76 88 98 108 
0 2 7 13 23 33 38 45 49 55 68 70 75 88 93 97 102 108 
0 2 7 13 23 33 38 45 49 55 68 70 75 88 93 98 102 108 
0 2 7 13 23 33 45 49 55 66 68 70 75 88 93 98 102 108 
0 2 7 13 23 45 49 55 61 66 68 70 75 88 93 98 102 108 
0 2 7 14 18 23 41 45 49 55 61 65 68 70 88 93 104 108 
0 2 7 14 18 23 41 45 49 55 61 66 68 70 88 93 104 108 
0 2 7 14 18 23 41 49 55 61 65 68 72 88 93 99 104 108 
0 2 7 14 18 23 41 49 55 61 66 68 72 88 93 99 104 108 
0 2 7 14 22 33 41 48 55 65 68 73 88 92 100 108 
0 2 7 14 22 33 41 48 55 65 68 73 88 93 100 108 
0 2 7 14 22 33 41 48 55 66 68 73 88 93 100 108 
0 2 7 14 22 33 48 53 55 66 68 73 88 93 100 108 
0 2 7 14 22 41 48 55 61 65 68 73 88 93 100 108 
0 2 7 14 22 41 48 55 61 66 68 73 88 93 100 108 
0 2 7 14 22 48 53 55 61 66 68 73 88 93 100 108 
0 2 7 14 23 33 41 45 49 55 65 68 70 75 88 92 102 108 
0 2 7 14 23 33 41 45 49 55 65 68 70 75 88 93 102 108 
0 2 7 14 23 33 41 45 49 55 66 68 70 75 88 93 102 108 
0 2 7 14 23 41 45 49 55 61 65 68 70 75 88 93 102 108 
0 2 7 14 23 41 45 49 55 61 66 68 70 75 88 93 102 108 
0 2 7 15 22 33 48 53 55 66 68 73 88 93 100 108 
0 2 7 15 22 48 53 55 61 66 68 73 88 93 100 108 
0 2 7 15 22 48 53 55 61 66 68 73 88 93 101 108 
0 2 7 15 22 48 53 55 61 66 68 74 88 93 101 108 
0 2 7 15 22 49 53 55 61 66 68 74 88 93 101 108 
0 2 7 15 23 49 53 55 61 66 68 74 88 93 101 108 
0 2 7 16 22 33 41 49 55 65 68 70 74 88 92 97 102 108 
0 2 7 16 22 33 41 49 55 65 68 70 74 88 93 97 102 108 
0 2 7 16 22 41 49 55 61 65 68 70 74 88 93 97 102 108 
0 2 7 16 23 33 41 49 55 65 68 70 74 88 92 97 102 108 
0 2 7 16 23 33 41 49 55 65 68 70 74 88 93 97 102 108 
0 2 7 16 23 33 41 49 55 65 68 70 75 88 92 97 102 108 
0 2 7 16 23 33 41 49 55 65 68 70 75 88 93 97 102 108 
0 2 7 16 23 41 49 55 61 65 68 70 74 88 93 97 102 108 
0 2 7 16 23 41 49 55 61 65 68 70 75 88 93 97 102 108 
0 2 7 18 22 25 33 39 44 49 55 65 68 74 81 88 92 108 
0 2 7 18 22 25 41 44 49 55 61 65 68 74 88 93 99 108 
0 2 7 18 22 25 41 44 55 61 65 68 76 88 93 99 103 108 
0 2 7 18 22 33 41 44 49 55 65 68 70 74 88 92 97 108 
0 2 7 18 22 33 41 44 49 55 65 68 70 74 88 93 97 108 
0 2 7 18 22 41 44 49 55 61 65 68 70 74 88 93 97 108 
0 2 7 18 23 25 33 39 44 49 55 65 68 74 81 88 92 108 
0 2 7 18 23 25 41 44 49 55 61 65 68 74 88 93 99 108 
0 2 7 18 23 25 41 44 49 55 61 65 68 88 93 99 104 108 
0 2 7 18 23 25 41 49 55 61 65 68 72 88 93 99 104 108 
0 2 7 18 23 33 41 44 49 55 65 68 70 74 88 92 97 108 
0 2 7 18 23 41 44 49 55 61 65 68 70 74 88 93 97 108 
0 2 7 18 23 41 44 49 55 61 65 68 70 88 93 97 104 108 
0 2 7 18 23 41 45 49 55 61 65 68 70 88 93 97 104 108 
0 2 7 23 41 45 49 55 61 65 68 70 75 88 93 97 102 108 
0 2 8 14 22 35 48 53 55 60 66 68 73 88 94 100 108 
0 2 8 15 22 35 42 48 55 60 67 68 73 88 94 101 108 
0 2 8 15 22 35 42 48 55 60 67 68 74 88 94 101 108 
0 2 8 15 22 35 42 49 55 60 67 68 74 88 94 101 108 
0 2 8 15 22 35 48 53 55 60 66 68 73 88 94 100 108 
0 2 8 15 22 35 48 53 55 60 66 68 73 88 94 101 108 
0 2 8 15 22 35 48 53 55 60 66 68 74 88 94 101 108 
0 2 8 15 22 35 48 53 55 60 67 68 73 88 94 100 108 
0 2 8 15 22 35 48 53 55 60 67 68 73 88 94 101 108 
0 2 8 15 22 35 48 53 55 60 67 68 74 88 94 101 108 
0 2 8 15 22 35 49 53 55 60 66 68 74 88 94 101 108 
0 2 8 15 22 35 49 53 55 60 67 68 74 88 94 101 108 
0 2 8 15 23 35 42 49 55 60 67 68 74 88 94 101 108 
0 2 8 15 23 35 49 53 55 60 66 68 74 88 94 101 108 
0 2 8 15 23 35 49 53 55 60 67 68 74 88 94 101 108 
0 2 8 16 22 35 42 48 55 60 67 68 74 88 94 101 108 
0 2 8 16 22 35 42 49 55 60 67 68 74 88 94 101 108 
0 2 8 16 22 35 42 49 55 60 67 68 74 88 94 102 108 
0 2 8 16 23 35 42 49 55 60 67 68 74 88 94 101 108 
0 2 8 16 23 35 42 49 55 60 67 68 74 88 94 102 108 
0 2 8 16 23 35 42 49 55 60 67 68 75 88 94 102 108 
0 2 8 17 22 25 35 39 44 48 55 60 68 81 88 94 103 108 
0 2 8 17 22 25 35 39 48 55 60 68 71 88 94 98 103 108 
0 2 8 18 23 25 35 39 44 49 55 60 68 88 94 99 104 108 
0 2 8 18 23 25 35 39 49 55 60 68 72 88 94 99 104 108 
0 2 9 14 18 23 35 41 45 49 55 60 65 68 70 88 104 108 
0 2 9 14 18 23 35 41 45 49 55 60 68 70 88 95 104 108 
0 2 9 14 18 23 35 41 45 49 55 61 65 68 70 88 104 108 
0 2 9 14 18 23 35 41 45 49 55 61 68 70 88 95 104 108 
0 2 9 14 18 23 35 41 49 55 60 65 68 72 88 99 104 108 
0 2 9 14 18 23 35 41 49 55 60 68 72 88 95 99 104 108 
0 2 9 14 18 23 35 41 49 55 61 65 68 72 88 99 104 108 
0 2 9 14 18 23 35 41 49 55 61 68 72 88 95 99 104 108 
0 2 9 14 18 23 36 41 49 55 61 68 72 88 95 99 104 108 
0 2 9 14 22 35 41 48 55 60 65 68 73 88 100 108 
0 2 9 14 22 35 41 48 55 60 68 73 88 95 100 108 
0 2 9 14 22 35 41 48 55 61 65 68 73 88 100 108 
0 2 9 14 22 35 41 48 55 61 68 73 88 95 100 108 
0 2 9 14 22 35 48 55 60 68 69 73 88 95 100 108 
0 2 9 14 22 35 48 55 61 68 69 73 88 95 100 108 
0 2 9 14 22 36 41 48 55 61 68 73 88 95 100 108 
0 2 9 14 22 36 48 55 61 68 69 73 88 95 100 108 
0 2 9 15 22 35 42 48 55 60 67 68 73 88 94 101 108 
0 2 9 15 22 35 42 48 55 60 67 68 73 88 95 101 108 
0 2 9 15 22 35 42 48 55 60 67 68 74 88 94 101 108 
0 2 9 15 22 35 42 48 55 60 67 68 74 88 95 101 108 
0 2 9 15 22 35 42 48 55 61 67 68 73 88 94 101 108 
0 2 9 15 22 35 42 48 55 61 67 68 73 88 95 101 108 
0 2 9 15 22 35 42 48 55 61 67 68 74 88 94 101 108 
0 2 9 15 22 35 42 48 55 61 67 68 74 88 95 101 108 
0 2 9 15 22 35 42 49 55 60 67 68 74 88 94 101 108 
0 2 9 15 22 35 42 49 55 60 67 68 74 88 95 101 108 
0 2 9 15 22 35 42 49 55 61 67 68 74 88 94 101 108 
0 2 9 15 22 35 42 49 55 61 67 68 74 88 95 101 108 
0 2 9 15 22 35 48 53 55 60 67 68 73 88 94 100 108 
0 2 9 15 22 35 48 53 55 60 67 68 73 88 94 101 108 
0 2 9 15 22 35 48 53 55 60 67 68 74 88 94 101 108 
0 2 9 15 22 35 48 53 55 61 67 68 73 88 94 100 108 
0 2 9 15 22 35 48 53 55 61 67 68 73 88 94 101 108 
0 2 9 15 22 35 48 53 55 61 67 68 74 88 94 101 108 
0 2 9 15 22 35 49 53 55 60 67 68 74 88 94 101 108 
0 2 9 15 22 35 49 53 55 61 67 68 74 88 94 101 108 
0 2 9 15 22 36 42 48 55 61 67 68 73 88 95 101 108 
0 2 9 15 22 36 42 48 55 61 67 68 74 88 95 101 108 
0 2 9 15 22 36 42 49 55 61 67 68 74 88 95 101 108 
0 2 9 15 23 35 42 49 55 60 67 68 74 88 94 101 108 
0 2 9 15 23 35 42 49 55 60 67 68 74 88 95 101 108 
0 2 9 15 23 35 42 49 55 61 67 68 74 88 94 101 108 
0 2 9 15 23 35 42 49 55 61 67 68 74 88 95 101 108 
0 2 9 15 23 35 49 53 55 60 67 68 74 88 94 101 108 
0 2 9 15 23 35 49 53 55 61 67 68 74 88 94 101 108 
0 2 9 15 23 36 42 49 55 61 67 68 74 88 95 101 108 
0 2 9 16 22 35 42 48 55 60 67 68 74 88 94 101 108 
0 2 9 16 22 35 42 48 55 60 67 68 74 88 95 101 108 
0 2 9 16 22 35 42 48 55 61 67 68 74 88 94 101 108 
0 2 9 16 22 35 42 48 55 61 67 68 74 88 95 101 108 
0 2 9 16 22 35 42 49 55 60 67 68 74 88 94 101 108 
0 2 9 16 22 35 42 49 55 60 67 68 74 88 94 102 108 
0 2 9 16 22 35 42 49 55 60 67 68 74 88 95 101 108 
0 2 9 16 22 35 42 49 55 60 67 68 74 88 95 102 108 
0 2 9 16 22 35 42 49 55 61 67 68 74 88 94 101 108 
0 2 9 16 22 35 42 49 55 61 67 68 74 88 94 102 108 
0 2 9 16 22 35 42 49 55 61 67 68 74 88 95 101 108 
0 2 9 16 22 36 42 48 55 61 67 68 74 88 95 101 108 
0 2 9 16 23 35 42 49 55 60 67 68 74 88 94 101 108 
0 2 9 16 23 35 42 49 55 60 67 68 74 88 94 102 108 
0 2 9 16 23 35 42 49 55 60 67 68 74 88 95 101 108 
0 2 9 17 22 35 43 48 55 60 68 69 73 88 95 108 
0 2 9 17 22 35 43 48 55 60 68 69 88 95 103 108 
0 2 9 17 22 35 43 48 55 61 68 69 73 88 95 108 
0 2 9 17 22 35 43 48 55 61 68 69 88 95 103 108 
0 2 9 17 22 36 43 48 55 61 68 69 73 88 95 108 
0 2 9 17 22 36 43 48 55 61 68 69 88 95 103 108 
0 2 9 18 22 25 35 41 44 49 55 60 65 68 74 88 99 108 
0 2 9 18 22 25 35 41 44 49 55 61 65 68 74 88 99 108 
0 2 9 18 22 35 41 44 49 55 60 65 68 70 74 88 97 108 
0 2 9 18 23 25 35 41 44 49 55 60 65 68 74 88 99 108 
0 2 9 18 23 25 35 41 44 49 55 60 65 68 88 99 104 108 
0 2 9 18 23 25 35 41 44 49 55 61 65 68 88 99 104 108 
0 2 9 18 23 25 35 41 49 55 61 65 68 72 88 99 104 108 
0 2 9 22 35 43 48 55 60 68 69 73 88 95 100 108 
0 2 9 22 35 43 48 55 61 68 69 73 88 95 100 108 
0 2 9 22 36 43 48 55 61 68 69 73 88 95 100 108 
0 2 10 14 22 36 48 53 55 61 66 68 73 88 100 108 
0 2 10 14 22 36 48 55 61 68 69 73 88 95 100 108 
0 2 10 15 22 36 48 53 55 61 66 68 73 88 100 108 
0 2 10 15 22 36 48 53 55 61 66 68 73 88 101 108 
0 2 10 15 22 36 48 53 55 61 68 73 88 96 100 108 
0 2 10 15 22 36 48 53 55 61 68 73 88 96 101 108 
0 2 10 17 22 36 43 48 55 61 68 69 88 95 103 108 
0 2 10 17 22 36 43 48 55 61 68 69 88 96 103 108 
0 2 10 17 22 36 43 48 55 61 68 81 88 96 103 108 
0 2 10 17 22 36 44 48 55 61 68 81 88 96 103 108 
0 2 10 18 23 36 44 49 55 61 68 81 88 96 104 108 
0 2 14 18 23 35 41 45 49 55 60 65 68 70 88 92 104 108 
0 2 14 18 23 36 41 45 49 55 61 66 68 70 88 93 104 108 
0 2 18 23 25 35 39 44 49 55 60 65 68 88 92 99 104 108 
0 2 18 23 25 35 41 44 49 55 60 65 68 88 92 99 104 108 
0 4 8 14 22 27 30 48 53 62 66 73 85 89 94 100 108 
0 4 8 14 22 30 35 48 53 55 60 66 68 73 94 100 108 
0 4 8 14 22 30 48 53 55 62 66 68 73 89 94 100 108 
0 4 8 15 22 27 30 42 48 62 67 73 85 89 94 101 108 
0 4 8 15 22 27 30 42 48 62 67 74 85 89 94 101 108 
0 4 8 15 22 27 30 42 49 62 67 74 85 89 94 101 108 
0 4 8 15 22 27 30 48 53 62 66 73 85 89 94 100 108 
0 4 8 15 22 27 30 48 53 62 66 73 85 89 94 101 108 
0 4 8 15 22 27 30 48 53 62 67 73 85 89 94 100 108 
0 4 8 15 22 27 30 48 53 62 67 73 85 89 94 101 108 
0 4 8 15 22 27 30 48 53 62 67 74 85 89 94 101 108 
0 4 8 15 22 27 30 49 53 62 67 74 85 89 94 101 108 
0 4 8 15 22 30 35 42 48 55 60 67 68 73 94 101 108 
0 4 8 15 22 30 35 48 53 55 60 66 68 73 94 100 108 
0 4 8 15 22 30 35 48 53 55 60 66 68 73 94 101 108 
0 4 8 15 22 30 35 48 53 55 60 66 68 74 94 101 108 
0 4 8 15 22 30 35 48 53 55 60 67 68 73 94 100 108 
0 4 8 15 22 30 35 48 53 55 60 67 68 73 94 101 108 
0 4 8 15 22 30 35 49 53 55 60 66 68 74 94 101 108 
0 4 8 15 22 30 42 48 55 62 67 68 73 89 94 101 108 
0 4 8 15 22 30 42 48 55 62 67 68 74 89 94 101 108 
0 4 8 15 22 30 42 49 55 62 67 68 74 89 94 101 108 
0 4 8 15 22 30 48 53 55 62 66 68 73 89 94 100 108 
0 4 8 15 22 30 48 53 55 62 66 68 73 89 94 101 108 
0 4 8 15 22 30 48 53 55 62 66 68 74 89 94 101 108 
0 4 8 15 22 30 48 53 55 62 67 68 73 89 94 100 108 
0 4 8 15 22 30 48 53 55 62 67 68 73 89 94 101 108 
0 4 8 15 22 30 49 53 55 62 66 68 74 89 94 101 108 
0 4 8 15 22 30 49 53 55 62 67 68 74 89 94 101 108 
0 4 8 15 23 30 49 53 55 62 66 68 74 89 94 101 108 
0 4 8 17 22 25 30 35 39 55 60 68 71 76 94 98 103 108 
0 4 8 18 22 25 30 35 39 44 55 60 68 76 94 99 103 108 
0 4 9 12 14 22 31 35 41 48 68 73 90 95 100 108 
0 4 9 12 14 22 31 35 48 68 69 73 90 95 100 108 
0 4 9 12 14 22 31 48 63 68 69 73 90 95 100 108 
0 4 9 12 14 22 48 58 63 69 73 85 90 95 100 108 
0 4 9 12 15 22 31 35 42 48 67 68 73 90 95 101 108 
0 4 9 12 15 22 31 35 42 48 67 68 74 90 95 101 108 
0 4 9 12 15 22 31 35 42 49 67 68 74 90 95 101 108 
0 4 9 12 15 22 31 42 48 63 67 68 73 90 95 101 108 
0 4 9 12 15 22 31 42 48 63 67 68 74 90 95 101 108 
0 4 9 12 15 22 31 42 49 63 67 68 74 90 95 101 108 
0 4 9 12 15 22 42 48 58 63 67 73 85 90 95 101 108 
0 4 9 12 15 22 42 48 58 63 67 74 85 90 95 101 108 
0 4 9 12 15 22 42 49 58 63 67 74 85 90 95 101 108 
0 4 9 12 15 23 31 35 42 49 67 68 74 90 95 101 108 
0 4 9 12 15 23 31 42 49 63 67 68 74 90 95 101 108 
0 4 9 12 15 23 31 42 49 63 67 68 74 90 95 101 109 
0 4 9 12 15 23 42 49 58 63 67 74 85 90 95 101 108 
0 4 9 12 15 23 42 49 58 63 67 74 85 90 95 101 109 
0 4 9 12 16 22 31 35 42 48 67 68 74 90 95 101 108 
0 4 9 12 16 22 31 35 42 48 68 69 74 90 95 101 108 
0 4 9 12 16 22 31 35 42 49 67 68 74 90 95 101 108 
0 4 9 12 16 22 31 35 42 49 67 68 74 90 95 102 108 
0 4 9 12 16 22 31 35 42 49 68 69 74 90 95 101 108 
0 4 9 12 16 22 31 42 48 63 67 68 74 90 95 101 108 
0 4 9 12 16 22 31 42 48 63 68 69 74 90 95 101 108 
0 4 9 12 16 22 31 42 49 63 67 68 74 90 95 101 108 
0 4 9 12 16 22 31 42 49 63 67 68 74 90 95 102 108 
0 4 9 12 16 22 31 42 49 63 68 69 74 90 95 101 108 
0 4 9 12 16 22 31 42 49 63 68 69 74 90 95 102 108 
0 4 9 12 16 22 31 43 49 63 68 69 74 90 95 102 108 
0 4 9 12 16 22 42 48 58 63 67 74 85 90 95 101 108 
0 4 9 12 16 22 42 48 58 63 69 74 85 90 95 101 108 
0 4 9 12 16 22 42 49 58 63 67 74 85 90 95 101 108 
0 4 9 12 16 22 42 49 58 63 67 74 85 90 95 102 108 
0 4 9 12 16 22 42 49 58 63 69 74 85 90 95 101 108 
0 4 9 12 16 22 42 49 58 63 69 74 85 90 95 102 108 
0 4 9 12 16 22 43 49 58 63 69 74 85 90 95 102 108 
0 4 9 12 16 23 31 35 42 49 67 68 74 90 95 101 108 
0 4 9 12 16 23 31 42 49 63 67 68 74 90 95 101 108 
0 4 9 12 16 23 31 42 49 63 67 68 74 90 95 101 109 
0 4 9 12 16 23 31 42 49 63 67 68 74 90 95 102 108 
0 4 9 12 16 23 31 42 49 63 67 68 74 90 95 102 109 
0 4 9 12 16 23 31 42 49 63 67 68 75 90 95 102 108 
0 4 9 12 16 23 31 42 49 63 67 68 75 90 95 102 109 
0 4 9 12 16 23 31 42 49 63 68 69 74 90 95 101 108 
0 4 9 12 16 23 31 42 49 63 68 69 74 90 95 101 109 
0 4 9 12 16 23 31 42 49 63 68 69 74 90 95 102 108 
0 4 9 12 16 23 31 42 49 63 68 69 74 90 95 102 109 
0 4 9 12 16 23 31 42 49 63 68 69 75 90 95 102 108 
0 4 9 12 16 23 31 42 49 63 68 69 75 90 95 102 109 
0 4 9 12 16 23 31 42 50 63 67 68 75 90 95 102 109 
0 4 9 12 16 23 31 42 50 63 68 69 75 90 95 102 109 
0 4 9 12 16 23 31 43 49 63 68 69 74 90 95 102 108 
0 4 9 12 16 23 31 43 49 63 68 69 74 90 95 102 109 
0 4 9 12 16 23 31 43 49 63 68 69 75 90 95 102 108 
0 4 9 12 16 23 31 43 49 63 68 69 75 90 95 102 109 
0 4 9 12 16 23 31 43 50 63 68 69 75 90 95 102 109 
0 4 9 12 16 23 42 49 58 63 67 74 85 90 95 101 108 
0 4 9 12 16 23 42 49 58 63 69 74 85 90 95 101 108 
0 4 9 12 16 23 42 49 58 63 69 74 85 90 95 101 109 
0 4 9 12 16 23 42 49 58 63 69 74 85 90 95 102 108 
0 4 9 12 16 23 42 49 58 63 69 74 85 90 95 102 109 
0 4 9 12 16 23 42 49 58 63 69 75 85 90 95 102 108 
0 4 9 12 16 23 42 49 58 63 69 75 85 90 95 102 109 
0 4 9 12 16 23 42 50 58 63 69 75 85 90 95 102 109 
0 4 9 12 16 23 43 49 58 63 69 74 85 90 95 102 108 
0 4 9 12 16 23 43 49 58 63 69 74 85 90 95 102 109 
0 4 9 12 16 23 43 49 58 63 69 75 85 90 95 102 108 
0 4 9 12 16 23 43 49 58 63 69 75 85 90 95 102 109 
0 4 9 12 16 23 43 50 58 63 69 75 85 90 95 102 109 
0 4 9 12 17 22 31 35 43 48 68 69 73 90 95 108 
0 4 9 12 17 22 31 35 43 48 68 69 90 95 103 108 
0 4 9 12 17 22 31 43 48 63 68 69 73 90 95 108 
0 4 9 12 17 22 31 43 48 63 68 69 90 95 103 108 
0 4 9 12 17 22 31 43 63 68 69 76 90 95 103 108 
0 4 9 12 17 22 43 48 58 63 69 73 85 90 95 108 
0 4 9 12 17 22 43 48 58 63 69 85 90 95 103 108 
0 4 9 12 17 22 43 58 63 69 76 85 90 95 103 108 
0 4 9 12 17 23 31 43 49 63 68 69 75 90 95 102 108 
0 4 9 12 17 23 31 43 49 63 68 69 75 90 95 102 109 
0 4 9 12 17 23 31 43 50 63 68 69 75 90 95 102 109 
0 4 9 12 17 23 31 43 50 63 68 69 75 90 95 103 109 
0 4 9 12 17 23 43 49 58 63 69 75 85 90 95 102 108 
0 4 9 12 17 23 43 49 58 63 69 75 85 90 95 102 109 
0 4 9 12 17 23 43 50 58 63 69 75 85 90 95 102 109 
0 4 9 12 17 23 43 50 58 63 69 75 85 90 95 103 109 
0 4 9 12 17 31 43 51 63 68 69 76 90 95 103 108 
0 4 9 12 22 31 43 48 63 68 69 73 90 95 100 108 
0 4 9 12 22 43 48 58 63 69 73 85 90 95 100 108 
0 4 9 14 22 27 30 48 63 69 73 85 90 95 100 108 
0 4 9 14 22 27 48 58 63 69 73 85 90 95 100 108 
0 4 9 14 22 30 48 55 63 68 69 73 90 95 100 108 
0 4 9 14 22 31 48 55 63 68 69 73 90 95 100 108 
0 4 9 15 22 27 30 42 48 63 67 73 85 90 95 101 108 
0 4 9 15 22 27 30 42 48 63 67 74 85 90 95 101 108 
0 4 9 15 22 27 30 42 49 63 67 74 85 90 95 101 108 
0 4 9 15 22 30 42 48 55 63 67 68 73 90 95 101 108 
0 4 9 15 22 30 42 48 55 63 67 68 74 90 95 101 108 
0 4 9 15 22 30 42 49 55 63 67 68 74 90 95 101 108 
0 4 9 15 22 31 42 48 55 63 67 68 73 90 95 101 108 
0 4 9 15 22 31 42 48 55 63 67 68 74 90 95 101 108 
0 4 9 15 22 31 42 49 55 63 67 68 74 90 95 101 108 
0 4 9 15 23 27 30 42 49 63 67 74 85 90 95 101 108 
0 4 9 15 23 30 42 49 55 63 67 68 74 90 95 101 108 
0 4 9 15 23 31 42 49 55 63 67 68 74 90 95 101 108 
0 4 9 16 22 27 30 42 48 63 67 74 85 90 95 101 108 
0 4 9 16 22 27 30 42 48 63 69 74 85 90 95 101 108 
0 4 9 16 22 27 30 42 49 63 67 74 85 90 95 101 108 
0 4 9 16 22 27 30 42 49 63 69 74 85 90 95 101 108 
0 4 9 16 22 27 30 42 49 63 69 74 85 90 95 102 108 
0 4 9 16 22 27 30 43 49 63 69 74 85 90 95 102 108 
0 4 9 16 22 27 42 48 58 63 69 74 85 90 95 101 108 
0 4 9 16 22 27 42 49 58 63 69 74 85 90 95 101 108 
0 4 9 16 22 27 42 49 58 63 69 74 85 90 95 102 108 
0 4 9 16 22 27 43 49 58 63 69 74 85 90 95 102 108 
0 4 9 16 22 30 42 48 55 63 67 68 74 90 95 101 108 
0 4 9 16 22 30 42 48 55 63 68 69 74 90 95 101 108 
0 4 9 16 22 30 42 49 55 63 67 68 74 90 95 101 108 
0 4 9 16 22 30 42 49 55 63 67 68 74 90 95 102 108 
0 4 9 16 22 30 42 49 55 63 68 69 74 90 95 101 108 
0 4 9 16 22 30 42 49 55 63 68 69 74 90 95 102 108 
0 4 9 16 22 30 43 49 55 63 68 69 74 90 95 102 108 
0 4 9 16 22 31 42 48 55 63 67 68 74 90 95 101 108 
0 4 9 16 22 31 42 48 55 63 68 69 74 90 95 101 108 
0 4 9 16 22 31 42 49 55 63 67 68 74 90 95 101 108 
0 4 9 16 22 31 42 49 55 63 67 68 74 90 95 102 108 
0 4 9 16 22 31 42 49 55 63 68 69 74 90 95 101 108 
0 4 9 16 23 27 30 42 49 63 69 74 85 90 95 101 108 
0 4 9 16 23 27 30 42 49 63 69 74 85 90 95 102 108 
0 4 9 16 23 27 30 42 49 63 69 75 85 90 95 102 108 
0 4 9 16 23 27 30 43 49 63 69 74 85 90 95 102 108 
0 4 9 16 23 27 30 43 49 63 69 75 85 90 95 102 108 
0 4 9 16 23 27 42 49 58 63 69 74 85 90 95 101 108 
0 4 9 16 23 27 43 49 58 63 69 74 85 90 95 102 108 
0 4 9 16 23 27 43 49 58 63 69 75 85 90 95 102 108 
0 4 9 16 23 30 42 49 55 63 67 68 74 90 95 101 108 
0 4 9 16 23 30 42 49 55 63 67 68 74 90 95 102 108 
0 4 9 16 23 30 42 49 55 63 67 68 75 90 95 102 108 
0 4 9 16 23 30 42 49 55 63 68 69 74 90 95 101 108 
0 4 9 16 23 30 42 49 55 63 68 69 74 90 95 102 108 
0 4 9 16 23 30 42 49 55 63 68 69 75 90 95 102 108 
0 4 9 16 23 30 43 49 55 63 68 69 74 90 95 102 108 
0 4 9 16 23 30 43 49 55 63 68 69 75 90 95 102 108 
0 4 9 16 23 31 42 49 55 63 67 68 74 90 95 101 108 
0 4 9 17 22 27 30 43 48 63 69 73 85 90 95 108 
0 4 9 17 22 27 30 43 48 63 69 85 90 95 103 108 
0 4 9 17 22 27 43 48 58 63 69 73 85 90 95 108 
0 4 9 17 22 27 43 48 58 63 69 85 90 95 103 108 
0 4 9 17 22 30 43 48 55 63 68 69 73 90 95 108 
0 4 9 17 22 31 43 48 55 63 68 69 73 90 95 108 
0 4 9 17 22 31 43 48 55 63 68 69 90 95 103 108 
0 4 9 17 23 27 30 43 49 63 69 75 85 90 95 102 108 
0 4 9 17 23 27 43 49 58 63 69 75 85 90 95 102 108 
0 4 9 17 23 30 43 49 55 63 68 69 75 90 95 102 108 
0 4 9 22 27 30 43 48 63 69 73 85 90 95 100 108 
0 4 9 22 27 43 48 58 63 69 73 85 90 95 100 108 
0 4 9 22 30 43 48 55 63 68 69 73 90 95 100 108 
0 4 10 12 15 22 31 37 48 53 62 68 73 90 96 100 108 
0 4 10 12 15 22 31 37 48 53 62 68 73 90 96 101 108 
0 4 10 12 15 22 31 37 48 53 62 68 74 90 96 101 108 
0 4 10 12 15 22 31 37 48 62 68 73 81 90 96 101 108 
0 4 10 12 15 22 31 37 48 62 68 74 81 90 96 101 108 
0 4 10 12 15 22 31 37 49 62 68 74 81 90 96 101 108 
0 4 10 12 15 22 37 48 58 62 73 81 85 90 96 101 108 
0 4 10 12 15 22 37 48 58 62 74 81 85 90 96 101 108 
0 4 10 12 15 22 37 49 58 62 74 81 85 90 96 101 108 
0 4 10 12 15 23 31 37 49 62 68 74 81 90 96 101 108 
0 4 10 12 15 23 31 37 49 62 68 74 81 90 96 101 109 
0 4 10 12 15 23 37 49 58 62 74 81 85 90 96 101 108 
0 4 10 12 15 23 37 49 58 62 74 81 85 90 96 101 109 
0 4 10 12 16 22 31 37 43 49 62 68 69 74 90 96 102 108 
0 4 10 12 16 22 37 43 49 58 62 69 74 85 90 96 102 108 
0 4 10 12 16 23 31 37 43 49 62 68 69 74 90 96 102 108 
0 4 10 12 16 23 31 37 43 49 62 68 69 75 90 96 102 108 
0 4 10 12 16 23 31 37 43 49 62 68 69 75 90 96 102 109 
0 4 10 12 16 23 31 37 43 50 62 68 69 75 90 96 102 109 
0 4 10 12 16 23 37 43 49 58 62 69 75 85 90 96 102 108 
0 4 10 12 16 23 37 43 49 58 62 69 75 85 90 96 102 109 
0 4 10 12 16 23 37 43 50 58 62 69 75 85 90 96 102 109 
0 4 10 12 17 22 31 37 43 48 62 68 69 73 90 96 108 
0 4 10 12 17 22 31 37 43 48 62 68 69 90 96 103 108 
0 4 10 12 17 22 31 37 43 48 62 68 73 81 90 96 108 
0 4 10 12 17 22 31 37 43 48 62 68 81 90 96 103 108 
0 4 10 12 17 22 31 37 44 48 62 68 81 90 96 103 108 
0 4 10 12 17 22 37 43 48 58 62 69 85 90 96 103 108 
0 4 10 12 17 22 37 43 48 58 62 73 81 85 90 96 108 
0 4 10 12 17 22 37 43 48 58 62 81 85 90 96 103 108 
0 4 10 12 17 22 37 44 48 58 62 81 85 90 96 103 108 
0 4 10 12 17 23 31 37 43 49 62 68 69 75 90 96 102 108 
0 4 10 12 17 23 31 37 43 49 62 68 75 81 90 96 102 108 
0 4 10 12 17 23 31 37 43 49 62 68 75 81 90 96 102 109 
0 4 10 12 17 23 31 37 43 50 62 68 75 81 90 96 102 109 
0 4 10 12 17 23 31 37 43 50 62 68 75 81 90 96 103 109 
0 4 10 12 17 23 37 43 49 58 62 75 81 85 90 96 102 108 
0 4 10 12 17 23 37 43 49 58 62 75 81 85 90 96 102 109 
0 4 10 12 18 22 37 44 49 58 62 74 81 85 90 96 108 
0 4 10 12 18 23 37 44 49 58 62 74 81 85 90 96 108 
0 4 10 12 18 23 37 44 49 58 62 74 81 85 90 96 109 
0 4 10 12 18 23 37 44 49 58 62 81 85 90 96 104 108 
0 4 10 12 22 31 37 43 48 62 68 69 73 90 96 100 108 
0 4 10 12 22 31 37 44 48 62 68 74 81 90 96 101 108 
0 4 10 12 22 31 37 44 49 62 68 74 81 90 96 101 108 
0 4 10 12 22 37 44 48 58 62 74 81 85 90 96 101 108 
0 4 10 12 22 37 44 49 58 62 74 81 85 90 96 101 108 
0 4 10 12 23 31 37 44 49 62 68 74 81 90 96 101 108 
0 4 10 12 23 37 44 49 58 62 74 81 85 90 96 101 108 
0 4 10 15 22 27 30 37 48 53 62 73 85 89 96 100 108 
0 4 10 15 22 27 30 37 48 53 62 73 85 89 96 101 108 
0 4 10 15 22 27 30 37 48 53 62 73 85 90 96 101 108 
0 4 10 15 22 27 30 37 48 53 62 74 85 89 96 101 108 
0 4 10 15 22 27 30 37 48 53 62 74 85 90 96 101 108 
0 4 10 15 22 27 30 37 48 62 73 81 85 89 96 101 108 
0 4 10 15 22 27 30 37 48 62 73 81 85 90 96 101 108 
0 4 10 15 22 27 30 37 48 62 74 81 85 89 96 101 108 
0 4 10 15 22 27 30 37 48 62 74 81 85 90 96 101 108 
0 4 10 15 22 27 30 37 49 53 62 74 85 89 96 101 108 
0 4 10 15 22 27 30 37 49 53 62 74 85 90 96 101 108 
0 4 10 15 22 27 30 37 49 62 74 81 85 89 96 101 108 
0 4 10 15 22 27 30 37 49 62 74 81 85 90 96 101 108 
0 4 10 15 22 27 37 48 58 62 74 81 85 90 96 101 108 
0 4 10 15 22 27 37 49 58 62 74 81 85 90 96 101 108 
0 4 10 15 22 30 37 48 53 55 62 68 73 89 96 100 108 
0 4 10 15 22 30 37 48 53 55 62 68 73 89 96 101 108 
0 4 10 15 22 30 37 48 53 55 62 68 73 90 96 101 108 
0 4 10 15 22 30 37 48 53 55 62 68 74 89 96 101 108 
0 4 10 15 22 30 37 48 55 62 68 73 81 89 96 101 108 
0 4 10 15 22 30 37 48 55 62 68 73 81 90 96 101 108 
0 4 10 15 22 30 37 48 55 62 68 74 81 89 96 101 108 
0 4 10 15 22 30 37 48 55 62 68 74 81 90 96 101 108 
0 4 10 15 22 30 37 49 55 62 68 74 81 89 96 101 108 
0 4 10 15 22 30 37 49 55 62 68 74 81 90 96 101 108 
0 4 10 15 22 31 37 48 55 62 68 73 81 90 96 101 108 
0 4 10 15 22 31 37 48 55 62 68 74 81 90 96 101 108 
0 4 10 15 23 27 30 37 49 53 62 74 85 90 96 101 108 
0 4 10 15 23 27 30 37 49 62 74 81 85 90 96 101 108 
0 4 10 15 23 27 37 49 58 62 74 81 85 90 96 101 108 
0 4 10 15 23 30 37 49 55 62 68 74 81 90 96 101 108 
0 4 10 16 22 27 30 37 43 49 62 69 74 85 89 96 102 108 
0 4 10 16 22 27 30 37 43 49 62 69 74 85 90 96 102 108 
0 4 10 16 22 30 37 43 49 55 62 68 69 74 89 96 102 108 
0 4 10 16 22 31 37 43 49 55 62 68 69 74 90 96 102 108 
0 4 10 17 22 27 30 37 43 48 62 73 81 85 89 96 108 
0 4 10 17 22 27 37 44 48 58 62 81 85 90 96 103 108 
0 4 10 17 22 30 37 43 48 55 62 68 69 73 89 96 108 
0 4 10 17 22 30 37 43 48 55 62 68 69 73 90 96 108 
0 4 10 17 22 30 37 43 48 55 62 68 73 81 89 96 108 
0 4 10 17 22 30 37 43 48 55 62 68 73 81 90 96 108 
0 4 10 17 22 31 37 43 48 55 62 68 69 73 90 96 108 
0 4 10 17 22 31 37 43 48 55 62 68 69 90 96 103 108 
0 4 10 17 22 31 37 43 48 55 62 68 81 90 96 103 108 
0 4 10 18 22 27 30 37 44 49 62 74 81 85 90 96 108 
0 4 10 18 22 27 37 44 49 58 62 74 81 85 90 96 108 
0 4 10 22 27 30 37 44 48 62 74 81 85 89 96 101 108 
0 4 10 22 27 30 37 44 48 62 74 81 85 90 96 101 108 
0 4 10 22 27 30 37 44 49 62 74 81 85 90 96 101 108 
0 4 10 22 27 37 44 48 58 62 74 81 85 90 96 101 108 
0 4 10 22 27 37 44 49 58 62 74 81 85 90 96 101 108 
0 4 10 22 30 37 43 48 55 62 68 69 73 89 96 100 108 
0 4 10 23 27 30 37 44 49 62 74 81 85 90 96 101 108 
0 4 11 12 16 22 31 37 42 48 62 67 68 74 90 101 108 
0 4 11 12 16 22 31 37 42 48 62 68 74 90 97 101 108 
0 4 11 12 16 22 31 37 42 49 62 67 68 74 90 101 108 
0 4 11 12 16 22 31 37 42 49 62 67 68 74 90 102 108 
0 4 11 12 16 22 31 37 42 49 62 68 74 90 97 101 108 
0 4 11 12 16 22 31 37 42 49 62 68 74 90 97 102 108 
0 4 11 12 16 22 31 37 42 49 63 67 68 74 90 101 108 
0 4 11 12 16 22 31 37 42 49 63 67 68 74 90 102 108 
0 4 11 12 16 22 31 37 42 49 63 68 74 90 97 101 108 
0 4 11 12 16 22 31 37 42 49 63 68 74 90 97 102 108 
0 4 11 12 16 22 37 49 58 62 70 74 85 90 97 102 108 
0 4 11 12 16 22 37 49 58 63 70 74 85 90 97 102 108 
0 4 11 12 16 23 31 37 42 49 63 67 68 74 90 101 108 
0 4 11 12 16 23 31 37 42 49 63 68 74 90 97 101 108 
0 4 11 12 16 23 31 37 42 49 63 68 74 90 97 102 108 
0 4 11 12 16 23 31 38 42 49 63 68 74 90 97 101 108 
0 4 11 12 16 23 31 38 42 49 63 68 74 90 97 101 109 
0 4 11 12 16 23 31 38 42 49 63 68 74 90 97 102 108 
0 4 11 12 16 23 37 49 58 63 70 74 85 90 97 102 108 
0 4 11 12 17 22 31 37 44 48 62 68 81 90 97 103 108 
0 4 11 16 22 31 37 42 48 55 62 67 68 74 90 101 108 
0 4 11 16 22 31 37 42 49 55 62 67 68 74 90 101 108 
0 4 11 17 22 31 37 43 48 55 62 68 81 90 96 103 108 
0 4 12 13 17 22 31 38 43 48 63 68 69 73 90 108 
0 4 12 13 17 22 31 38 43 48 63 68 69 90 103 108 
0 4 12 13 17 22 31 38 43 48 63 68 90 98 103 108 
0 4 13 17 22 27 38 43 48 58 63 69 73 85 90 108 
0 4 13 17 22 27 38 43 48 58 63 69 85 90 103 108 
0 4 13 17 22 27 38 43 48 58 63 85 90 98 103 108 
0 4 13 17 22 31 38 43 48 55 63 68 69 90 103 108 
0 4 13 17 22 31 38 43 48 55 63 68 90 98 103 108 
0 4 17 22 27 38 43 48 58 63 69 85 90 95 103 108 
0 5 10 12 15 22 31 36 48 53 61 66 68 73 101 108 
0 5 10 12 15 22 31 36 48 53 61 66 68 74 101 108 
0 5 10 12 15 22 31 36 48 53 61 68 74 96 101 108 
0 5 10 12 15 22 31 36 48 53 68 74 91 96 101 108 
0 5 10 12 15 22 31 36 49 61 68 74 81 96 101 108 
0 5 10 12 15 22 31 36 49 68 74 81 91 96 101 108 
0 5 10 12 16 22 31 36 43 49 61 68 69 74 96 102 108 
0 6 12 14 22 32 41 48 58 65 73 85 92 100 108 
0 6 12 14 22 33 41 48 58 65 73 85 92 100 108 
0 6 14 22 27 33 41 48 58 65 73 85 92 100 108 
0 7 12 14 22 33 41 48 58 65 73 85 93 100 108 
0 7 12 14 22 33 41 48 58 66 73 85 93 100 108 
0 7 12 14 22 33 48 53 58 66 73 85 93 100 108 
