0 1 4 9 20 25 28 30 42 58 63 74 81 92 103 108 
0 1 8 20 24 25 28 30 53 58 62 73 81 87 92 103 
0 2 9 14 20 26 28 31 42 58 63 70 74 88 92 104 
0 2 9 14 20 26 31 40 42 58 63 70 74 88 92 104 
0 2 9 14 21 26 31 40 42 58 63 70 74 88 92 104 
0 2 9 14 21 26 31 40 42 58 63 70 74 88 93 104 
0 2 9 14 21 26 31 40 42 59 63 70 74 88 93 104 
0 2 9 14 26 31 40 42 58 63 70 74 88 92 97 104 
0 2 9 14 26 31 40 42 58 63 70 74 88 93 97 104 
0 2 9 18 25 26 31 35 42 58 63 74 92 97 104 108 
0 2 9 20 25 26 28 30 35 42 58 62 74 92 104 108 
0 2 9 20 25 26 28 30 42 58 62 70 74 92 104 108 
0 2 9 20 25 26 28 30 42 58 70 74 88 92 99 104 
0 3 6 11 16 21 34 44 49 66 71 76 84 85 95 100 
0 3 6 11 16 21 34 44 49 66 71 76 84 95 100 105 
0 3 6 11 16 21 40 44 49 58 66 71 76 84 100 105 
0 3 6 11 16 21 40 44 49 66 71 76 84 95 100 105 
0 3 6 16 21 33 36 44 49 66 76 84 85 88 95 100 
0 3 6 16 21 34 44 49 66 71 76 84 87 95 100 105 
0 3 6 16 21 36 40 44 49 58 66 76 84 87 100 105 
0 3 6 16 21 40 44 49 58 66 71 76 84 87 100 105 
0 3 6 16 36 40 44 49 58 66 76 84 87 97 100 105 
0 3 8 11 16 21 40 49 54 58 63 66 71 76 84 105 
0 3 8 16 21 31 36 40 49 54 58 63 69 76 84 87 
0 3 8 16 21 31 36 40 49 54 58 63 76 84 87 105 
0 3 8 16 21 31 36 40 49 54 58 69 76 84 87 100 
0 3 8 16 21 31 36 40 49 54 58 76 84 87 100 105 
0 3 8 16 21 31 40 49 54 58 63 71 76 84 87 105 
0 3 8 16 31 36 40 49 54 58 63 76 84 87 97 105 
0 3 8 21 31 36 40 49 54 58 63 76 84 87 92 105 
