0 1 7 11 15 28 30 34 44 48 54 62 66 71 86 90 105 109 
0 1 7 11 15 28 30 34 44 48 62 66 70 86 90 94 104 109 
0 1 7 11 15 28 30 34 44 48 62 66 70 86 90 94 105 109 
0 1 7 11 15 28 30 34 44 48 62 66 71 86 90 94 105 109 
0 1 7 11 15 28 30 34 44 49 54 62 66 71 86 90 105 109 
0 1 7 11 16 20 24 28 30 34 49 68 71 86 90 95 105 109 
0 1 7 11 16 20 24 28 34 49 68 71 86 90 95 99 105 109 
0 1 7 11 16 20 28 30 34 45 49 67 71 86 91 95 105 109 
0 1 7 11 16 20 28 30 34 49 54 66 68 71 86 90 105 109 
0 1 7 11 16 20 28 30 34 49 67 68 71 86 91 95 105 109 
0 1 7 11 16 28 30 34 45 49 54 62 66 71 86 90 105 109 
0 1 7 11 16 28 30 34 49 54 62 66 68 71 86 90 105 109 
0 1 7 11 28 30 34 44 49 54 58 62 66 71 86 90 105 109 
0 1 8 15 22 29 36 43 50 60 67 74 84 89 96 103 
0 1 8 15 29 36 40 43 54 60 63 74 84 89 92 103 
0 1 8 19 29 36 40 47 54 63 68 74 84 85 92 103 
