0 1 5 9 14 18 22 28 30 54 60 64 68 69 73 77 86 109 
0 1 5 9 14 18 22 28 30 54 60 64 68 73 77 81 86 109 
0 1 5 9 17 22 33 49 54 60 64 68 72 77 89 105 
0 1 5 9 17 22 33 49 54 60 65 68 72 77 89 105 
0 1 5 9 17 25 30 34 41 54 60 64 68 69 72 86 90 96 
0 1 5 9 17 33 41 49 54 60 64 68 72 89 96 105 
0 1 5 9 17 33 41 49 54 60 64 72 82 89 96 105 
0 1 5 9 17 33 41 49 54 60 65 72 82 89 96 105 
0 1 5 9 22 28 32 36 49 54 60 64 68 77 88 92 105 109 
0 1 5 10 15 22 31 36 54 60 65 68 70 77 87 92 
0 1 5 10 15 22 36 50 54 60 65 68 70 77 92 106 
0 1 5 10 15 31 36 41 54 60 65 68 70 87 92 96 
0 1 5 10 15 36 41 50 54 60 65 68 70 92 96 106 
0 1 5 10 17 22 31 52 54 60 65 68 72 77 87 108 
0 1 5 10 17 22 33 49 54 60 65 68 72 77 89 105 
0 1 5 10 17 22 33 49 54 60 65 68 72 77 89 106 
0 1 5 10 17 22 33 50 54 60 65 68 72 77 89 106 
0 1 5 10 17 31 41 52 54 60 65 68 72 87 96 108 
0 1 5 10 17 31 41 52 54 60 65 72 82 87 96 108 
0 1 5 10 17 33 41 49 54 60 64 72 82 89 96 105 
0 1 5 10 17 33 41 49 54 60 65 68 72 89 96 105 
0 1 5 10 17 33 41 49 54 60 65 68 72 89 96 106 
0 1 5 10 17 33 41 49 54 60 65 72 82 89 96 105 
0 1 5 10 17 33 41 49 54 60 65 72 82 89 96 106 
0 1 5 10 17 33 41 50 54 60 65 68 72 89 96 106 
0 1 5 10 17 33 41 50 54 60 65 68 72 90 96 106 
0 1 5 10 17 33 41 50 54 60 65 72 82 89 96 105 
0 1 5 10 17 33 41 50 54 60 65 72 82 89 96 106 
0 1 5 10 17 33 41 50 54 60 65 72 82 90 96 106 
0 1 5 10 17 34 41 50 54 60 65 68 72 90 96 106 
0 1 5 10 22 31 36 52 54 60 65 68 77 87 92 108 
0 1 5 13 17 33 41 47 54 60 67 68 72 89 96 103 
0 1 5 13 17 33 41 47 54 60 67 72 82 89 96 103 
0 1 5 13 17 41 47 52 54 60 67 68 72 96 103 108 
0 1 5 13 17 41 47 52 54 60 67 72 82 96 103 108 
0 1 5 17 31 41 47 52 54 60 68 72 87 96 103 108 
0 2 9 14 18 26 28 30 42 57 64 69 73 86 98 109 
0 2 9 14 18 26 28 30 42 57 64 73 81 86 98 109 
0 2 9 14 18 26 30 35 42 57 64 73 81 86 91 98 
0 2 9 14 18 26 30 35 42 57 64 74 81 86 91 98 
0 2 9 14 18 28 30 42 54 57 64 69 73 86 98 109 
0 2 9 14 18 28 30 42 54 57 64 73 81 86 98 109 
0 2 9 14 18 30 35 42 54 57 64 73 81 86 91 98 
0 2 9 14 19 26 30 35 42 57 64 73 81 86 91 98 
0 2 9 14 19 26 30 35 42 57 64 74 81 86 91 98 
0 2 9 14 19 26 30 40 42 57 64 74 81 84 86 98 
0 2 9 14 19 26 35 42 49 57 64 74 81 91 98 105 
0 2 9 14 19 26 40 42 49 57 64 74 81 84 98 105 
0 2 9 14 19 30 35 42 54 57 64 74 81 86 91 98 
0 2 9 14 19 30 40 42 54 57 64 74 81 84 86 98 
0 2 9 14 19 35 42 49 54 57 64 74 81 91 98 105 
0 2 9 14 26 28 30 37 42 57 64 69 86 93 98 109 
0 2 9 14 26 28 30 37 42 57 64 81 84 86 93 98 
0 2 9 14 26 28 30 37 42 57 64 81 86 93 98 109 
0 2 9 14 26 28 37 42 49 57 64 81 84 93 98 105 
0 2 9 14 26 28 37 42 49 57 64 81 93 98 105 109 
0 2 9 14 26 30 37 40 42 57 64 81 84 86 93 98 
0 2 9 14 28 30 37 42 54 57 64 69 86 93 98 109 
0 2 9 14 28 30 37 42 54 57 64 81 86 93 98 109 
0 2 9 14 28 37 42 49 54 57 64 81 84 93 98 105 
0 2 9 14 28 37 42 49 54 57 64 81 93 98 105 109 
0 2 9 14 28 37 42 49 54 57 65 81 84 93 98 105 
0 2 9 14 28 37 42 49 54 57 65 81 93 98 105 109 
0 2 9 14 30 37 40 42 54 57 64 81 84 86 93 98 
0 2 9 14 37 40 42 49 54 57 64 81 84 93 98 105 
0 2 9 16 26 32 37 42 48 57 64 71 88 93 98 105 
0 2 9 16 32 37 42 49 54 57 64 71 88 93 98 105 
0 2 9 18 25 28 30 42 54 57 64 69 73 86 98 109 
0 2 9 25 26 28 30 37 42 57 64 81 86 93 98 109 
0 2 9 25 28 30 37 42 54 57 64 69 86 93 98 109 
0 2 9 26 28 32 37 42 48 57 64 88 93 98 105 109 
0 2 9 28 32 37 42 49 54 57 64 88 93 98 105 109 
0 2 10 14 31 37 40 42 54 57 65 81 84 87 93 98 
0 2 10 18 34 42 50 54 57 65 73 90 98 106 
0 2 14 28 30 37 42 47 54 57 81 86 93 98 103 109 
0 2 14 28 31 37 42 47 54 57 81 84 86 93 98 103 
0 3 9 14 19 40 42 49 54 58 64 74 81 84 98 105 
0 3 10 15 31 38 40 43 54 58 65 70 84 87 94 99 
0 3 10 17 31 38 43 52 54 58 65 72 87 94 99 108 
0 3 13 33 38 40 42 47 54 58 67 84 89 94 98 103 
0 5 13 19 33 40 41 47 54 60 67 74 84 89 96 103 
