0 1 4 11 16 23 35 40 48 57 76 81 89 92 95 101 
0 1 6 11 16 21 29 39 44 49 61 66 71 90 95 100 
0 1 6 11 16 21 39 40 44 49 66 71 76 90 95 100 
0 1 6 11 16 21 39 44 49 61 66 71 76 90 95 100 
0 1 6 11 16 29 39 44 49 61 66 71 85 90 95 100 
0 1 6 11 16 39 40 44 49 66 71 76 85 90 95 100 
0 1 11 16 21 29 39 44 49 61 66 71 84 90 95 100 
0 3 6 11 16 21 39 40 44 49 54 71 76 95 100 105 
0 3 6 11 16 21 39 44 49 54 61 71 76 95 100 105 
0 3 6 16 21 39 44 49 54 58 61 71 76 95 100 105 
0 3 7 14 20 24 28 31 42 48 57 63 74 86 92 99 103 109 
0 3 7 14 20 26 28 31 42 48 57 63 74 86 92 99 103 109 
0 3 8 14 21 26 28 31 36 42 49 58 64 75 84 87 93 104 
0 3 8 14 21 26 28 31 36 42 58 64 75 84 87 93 97 104 
0 3 8 14 21 26 28 32 36 42 49 58 64 75 84 87 93 104 
0 3 8 14 26 28 31 36 42 57 64 69 74 84 86 93 97 103 
0 3 8 14 26 28 31 36 42 57 64 69 74 84 86 93 97 104 
0 3 8 16 21 31 36 40 44 49 54 58 76 84 87 105 
0 3 8 16 21 31 36 40 49 54 58 76 84 87 92 105 
0 3 8 16 21 31 40 49 54 58 76 84 87 92 100 105 
0 3 8 16 31 36 40 49 54 58 69 76 84 87 92 105 
0 3 8 21 31 36 40 49 54 58 63 76 84 87 92 105 
0 3 8 21 31 36 40 53 54 58 63 76 84 87 92 97 
0 4 9 12 17 25 30 39 43 52 54 69 82 86 95 99 
0 4 9 12 17 25 30 39 43 54 59 69 82 86 95 99 
0 4 9 12 25 30 35 39 43 52 54 64 69 82 86 95 
0 4 9 12 25 30 39 43 54 59 64 69 82 86 95 99 
0 4 12 17 21 25 30 43 47 59 72 82 86 90 99 103 
0 4 12 17 25 30 39 43 47 54 59 69 72 82 86 99 
0 4 12 17 25 30 39 43 54 59 69 72 82 86 95 99 
