0 1 7 11 15 21 30 34 41 48 58 62 66 86 94 100 104 109 
0 1 7 11 15 21 30 34 41 48 58 66 74 86 94 100 104 108 
0 1 7 11 15 21 30 34 41 48 58 66 74 86 94 100 104 109 
0 1 7 11 15 28 30 34 48 62 66 70 86 90 94 100 104 109 
0 1 7 11 15 28 30 34 48 66 70 74 86 90 94 100 104 108 
0 1 7 11 15 28 30 34 48 66 70 74 86 90 94 100 104 109 
0 1 7 11 15 28 30 34 49 58 66 75 86 90 94 100 105 109 
0 1 7 11 15 28 30 34 49 62 66 70 86 90 94 100 104 109 
0 1 7 11 15 28 30 34 49 66 70 74 86 90 94 100 104 108 
0 1 7 11 15 28 30 34 49 66 70 75 86 90 94 100 104 109 
0 1 7 11 15 28 30 34 49 66 70 75 86 90 94 100 105 109 
0 1 7 11 16 28 30 34 49 54 62 66 68 71 86 90 105 109 
0 1 7 11 16 28 30 34 49 54 62 66 71 86 90 101 105 109 
0 1 7 11 16 28 30 34 49 54 62 67 71 86 90 101 105 109 
0 1 7 11 16 28 30 34 49 54 66 68 71 75 86 90 105 109 
0 1 7 11 17 21 30 36 41 46 56 58 64 74 83 94 100 104 
0 1 8 19 29 36 40 47 54 63 68 74 84 85 92 103 
0 1 16 20 23 34 41 43 49 59 62 66 86 94 101 109 
0 2 7 13 17 22 31 36 53 58 76 84 95 100 105 
0 2 7 13 22 31 48 53 58 66 76 85 95 100 105 
0 3 7 11 21 26 30 41 44 48 58 62 66 76 86 96 100 104 
0 3 7 11 21 30 41 44 48 54 58 62 66 76 86 96 100 104 
0 7 12 14 22 33 48 53 58 66 73 85 93 100 108 
