0 1 8 15 33 41 47 50 54 63 68 70 89 96 103 106 
0 1 13 15 33 36 47 50 54 67 68 70 89 92 103 106 
0 2 6 10 16 20 26 30 34 44 48 66 68 70 91 95 105 109 
0 2 6 10 16 21 26 30 34 44 48 66 68 70 91 95 105 109 
0 2 6 10 20 26 30 34 44 48 66 68 70 91 95 99 105 109 
0 2 6 10 21 26 30 34 44 48 66 68 70 91 95 99 105 109 
0 2 6 11 15 21 26 30 34 38 48 68 71 75 91 95 99 109 
0 2 6 11 15 21 26 30 34 38 48 68 71 91 95 99 105 109 
0 2 6 11 21 26 30 34 38 44 48 68 71 75 91 95 99 109 
0 2 6 11 21 26 30 34 38 44 48 68 71 91 95 99 105 109 
0 2 6 11 21 26 30 34 44 48 67 68 71 75 91 95 99 109 
0 2 6 11 21 26 30 34 44 48 67 68 71 91 95 99 105 109 
0 2 6 13 16 21 26 30 41 44 48 62 66 87 91 101 105 109 
0 2 6 13 16 21 30 40 41 44 48 62 66 87 91 101 105 109 
0 2 6 16 21 30 40 41 44 48 62 66 87 91 95 101 105 109 
0 2 10 18 34 42 50 54 57 65 73 90 98 106 
