0 1 5 10 15 19 26 30 37 44 50 59 65 76 83 91 97 102 
0 1 5 10 15 19 26 30 37 46 50 65 76 83 86 91 97 102 
0 1 5 10 15 19 26 30 44 50 59 65 76 83 91 97 102 106 
0 1 5 10 15 19 26 30 46 50 65 76 83 86 91 97 102 106 
0 1 5 10 15 19 26 32 37 44 50 59 65 71 76 83 91 97 
0 1 5 10 15 19 26 32 37 46 50 65 71 76 83 86 91 97 
0 1 5 10 15 19 26 32 44 50 59 65 71 76 83 91 97 106 
0 1 5 10 15 19 26 32 46 50 65 71 76 83 86 91 97 106 
0 1 5 10 15 19 30 37 44 51 54 59 65 76 83 91 97 102 
0 1 5 10 15 19 30 37 46 51 54 65 76 83 86 91 97 102 
0 1 5 10 15 19 30 44 50 54 59 65 76 83 91 97 102 106 
0 1 5 10 15 19 30 46 50 54 65 76 83 86 91 97 102 106 
0 1 5 10 15 19 32 37 44 51 54 59 65 71 76 83 91 97 
0 1 5 10 15 19 32 44 50 54 59 65 71 76 83 91 97 106 
0 1 5 10 15 20 26 30 37 42 47 52 76 87 92 97 102 
0 1 5 10 15 20 26 30 37 42 47 64 76 87 92 97 102 
0 1 5 10 15 20 26 30 37 42 49 59 64 76 87 97 102 
0 1 5 10 15 20 26 30 37 42 52 59 76 87 92 97 102 
0 1 5 10 15 20 26 30 37 42 59 64 76 87 92 97 102 
0 1 5 10 15 20 26 30 37 44 49 59 64 76 83 97 102 
0 1 5 10 15 20 26 30 37 44 52 59 76 83 92 97 102 
0 1 5 10 15 20 26 30 37 44 59 64 76 83 92 97 102 
0 1 5 10 15 20 26 30 37 47 52 76 83 87 92 97 102 
0 1 5 10 15 20 26 30 37 47 64 76 83 87 92 97 102 
0 1 5 10 15 20 26 30 37 49 59 64 76 83 87 97 102 
0 1 5 10 15 20 26 30 37 52 59 76 83 87 92 97 102 
0 1 5 10 15 20 26 30 37 59 64 76 83 87 92 97 102 
0 1 5 10 15 20 26 30 42 47 52 76 87 92 97 102 106 
0 1 5 10 15 20 26 30 42 47 64 76 87 92 97 102 106 
0 1 5 10 15 20 26 30 42 49 59 64 76 87 97 102 106 
0 1 5 10 15 20 26 30 42 52 59 76 87 92 97 102 106 
0 1 5 10 15 20 26 30 44 49 59 64 76 83 97 102 106 
0 1 5 10 15 20 26 30 44 52 59 76 83 92 97 102 106 
0 1 5 10 15 20 26 30 44 59 64 76 83 92 97 102 106 
0 1 5 10 15 20 26 30 47 52 76 83 87 92 97 102 106 
0 1 5 10 15 20 26 30 49 59 64 76 83 87 97 102 106 
0 1 5 10 15 20 26 32 37 42 47 64 71 76 87 92 97 
0 1 5 10 15 20 26 32 37 42 49 59 64 71 76 87 97 
0 1 5 10 15 20 26 32 37 42 52 59 71 76 87 92 97 
0 1 5 10 15 20 26 32 37 42 59 64 71 76 87 92 97 
0 1 5 10 15 20 26 32 37 44 49 59 64 71 76 83 97 
0 1 5 10 15 20 26 32 37 44 52 59 71 76 83 92 97 
0 1 5 10 15 20 26 32 37 44 59 64 71 76 83 92 97 
0 1 5 10 15 20 26 32 37 47 52 71 76 83 87 92 97 
0 1 5 10 15 20 26 32 37 47 64 71 76 83 87 92 97 
0 1 5 10 15 20 26 32 37 49 59 64 71 76 83 87 97 
0 1 5 10 15 20 26 32 37 52 59 71 76 83 87 92 97 
0 1 5 10 15 20 26 32 37 59 64 71 76 83 87 92 97 
0 1 5 10 15 20 26 32 42 47 52 71 76 87 92 97 106 
0 1 5 10 15 20 26 32 42 47 64 71 76 87 92 97 106 
0 1 5 10 15 20 26 32 42 49 59 64 71 76 87 97 106 
0 1 5 10 15 20 26 32 42 52 59 71 76 87 92 97 106 
0 1 5 10 15 20 26 32 42 59 64 71 76 87 92 97 106 
0 1 5 10 15 20 26 32 44 49 59 64 71 76 83 97 106 
0 1 5 10 15 20 26 32 44 52 59 71 76 83 92 97 106 
0 1 5 10 15 20 26 32 44 59 64 71 76 83 92 97 106 
0 1 5 10 15 20 26 32 47 52 71 76 83 87 92 97 106 
0 1 5 10 15 20 26 32 47 64 71 76 83 87 92 97 106 
0 1 5 10 15 20 26 32 49 59 64 71 76 83 87 97 106 
0 1 5 10 15 20 26 32 52 59 71 76 83 87 92 97 106 
0 1 5 10 15 20 26 32 59 64 71 76 83 87 92 97 106 
0 1 5 10 15 20 30 37 42 51 54 59 65 76 87 91 97 102 
0 1 5 10 15 20 30 37 42 52 59 67 76 87 92 97 102 
0 1 5 10 15 20 30 37 44 51 54 59 65 76 83 91 97 102 
0 1 5 10 15 20 30 37 44 52 59 67 76 83 92 97 102 
0 1 5 10 15 20 30 37 47 52 67 76 83 87 92 97 102 
0 1 5 10 15 20 30 37 51 54 59 65 76 83 87 91 97 102 
0 1 5 10 15 20 30 37 52 59 67 76 83 87 92 97 102 
0 1 5 10 15 20 30 42 47 52 67 76 87 92 97 102 106 
0 1 5 10 15 20 30 42 51 54 59 65 76 87 91 97 102 106 
0 1 5 10 15 20 30 42 52 59 67 76 87 92 97 102 106 
0 1 5 10 15 20 30 44 51 54 59 65 76 83 91 97 102 106 
0 1 5 10 15 20 30 44 52 59 67 76 83 92 97 102 106 
0 1 5 10 15 20 30 47 52 67 76 83 87 92 97 102 106 
0 1 5 10 15 20 30 51 54 59 65 76 83 87 91 97 102 106 
0 1 5 10 15 20 30 52 59 67 76 83 87 92 97 102 106 
0 1 5 10 15 20 32 37 42 51 54 59 65 71 76 87 91 97 
0 1 5 10 15 20 32 37 44 51 54 59 65 71 76 83 91 97 
0 1 5 10 15 20 32 37 44 52 59 67 71 76 83 92 97 
0 1 5 10 15 20 32 37 51 54 59 65 71 76 83 87 91 97 
0 1 5 10 15 20 32 42 51 54 59 65 71 76 87 91 97 106 
0 1 5 10 15 20 32 42 52 59 67 71 76 87 92 97 106 
0 1 5 10 15 20 32 44 51 54 59 65 71 76 83 91 97 106 
0 1 5 10 15 20 32 44 52 59 67 71 76 83 92 97 106 
0 1 5 10 15 20 32 47 52 67 71 76 83 87 92 97 106 
0 1 5 10 15 20 32 52 59 67 71 76 83 87 92 97 106 
0 1 5 10 15 21 26 30 37 46 50 60 65 76 83 86 97 102 
0 1 5 10 15 21 26 30 37 46 52 60 76 83 86 92 97 102 
0 1 5 10 15 21 26 30 46 50 60 65 76 83 86 97 102 106 
0 1 5 10 15 21 26 30 46 52 60 76 83 86 92 97 102 106 
0 1 5 10 15 21 26 32 37 46 50 60 65 71 76 83 86 97 
0 1 5 10 15 21 26 32 37 46 52 60 71 76 83 86 92 97 
0 1 5 10 15 21 26 32 46 50 60 65 71 76 83 86 97 106 
0 1 5 10 15 21 26 32 46 52 60 71 76 83 86 92 97 106 
0 1 5 10 15 21 30 37 42 46 52 61 67 76 87 93 97 102 
0 1 5 10 15 21 30 37 42 46 54 61 65 76 87 93 97 102 
0 1 5 10 15 21 30 37 46 50 54 60 65 76 83 86 97 102 
0 1 5 10 15 21 30 37 46 52 60 67 76 83 86 92 97 102 
0 1 5 10 15 21 30 37 46 52 60 67 76 83 86 93 97 102 
0 1 5 10 15 21 30 37 46 52 61 67 76 83 86 93 97 102 
0 1 5 10 15 21 30 37 46 52 61 67 76 83 87 93 97 102 
0 1 5 10 15 21 30 37 46 54 60 65 76 83 86 93 97 102 
0 1 5 10 15 21 30 37 46 54 61 65 76 83 86 93 97 102 
0 1 5 10 15 21 30 37 46 54 61 65 76 83 87 93 97 102 
0 1 5 10 15 21 30 42 46 52 61 67 76 87 93 97 102 106 
0 1 5 10 15 21 30 42 46 54 61 65 76 87 93 97 102 106 
0 1 5 10 15 21 30 46 50 54 60 65 76 83 86 97 102 106 
0 1 5 10 15 21 30 46 52 60 67 76 83 86 92 97 102 106 
0 1 5 10 15 21 30 46 52 61 67 76 83 87 93 97 102 106 
0 1 5 10 15 21 30 46 54 61 65 76 83 86 93 97 102 106 
0 1 5 10 15 21 30 46 54 61 65 76 83 87 93 97 102 106 
0 1 5 10 15 21 32 37 42 46 54 61 65 71 76 87 93 97 
0 1 5 10 15 21 32 37 46 54 61 65 71 76 83 87 93 97 
0 1 5 10 15 21 32 42 46 52 61 67 71 76 87 93 97 106 
0 1 5 10 15 21 32 42 46 54 61 65 71 76 87 93 97 106 
0 1 5 10 15 21 32 46 52 61 67 71 76 83 87 93 97 106 
0 1 5 10 15 21 32 46 54 61 65 71 76 83 87 93 97 106 
0 1 5 10 15 23 30 37 42 47 52 62 67 76 87 97 102 
0 1 5 10 15 23 30 37 47 52 62 67 76 83 87 97 102 
0 1 5 10 15 23 30 42 47 52 62 67 76 87 97 102 106 
0 1 5 10 15 23 30 47 52 62 67 76 83 87 97 102 106 
0 1 5 10 15 23 32 42 47 52 62 67 71 76 87 97 106 
0 1 5 10 15 23 32 47 52 62 67 71 76 83 87 97 106 
0 1 5 10 15 26 30 37 44 49 59 64 76 83 89 97 102 
0 1 5 10 15 26 30 37 47 52 62 76 83 87 92 97 102 
0 1 5 10 15 26 32 37 44 49 59 64 71 76 83 89 97 
0 1 5 10 15 26 32 44 49 59 64 71 76 83 89 97 106 
0 1 5 10 15 26 32 47 52 62 71 76 83 87 92 97 106 
0 1 5 10 15 30 37 42 46 51 54 61 65 76 87 91 97 102 
0 1 5 10 15 30 37 46 51 54 61 65 76 83 86 91 97 102 
0 1 5 10 15 30 37 46 51 54 61 65 76 83 87 91 97 102 
0 1 5 10 15 30 42 46 51 54 61 65 76 87 91 97 102 106 
0 1 5 10 15 30 46 51 54 61 65 76 83 86 91 97 102 106 
0 1 5 10 15 30 47 52 62 67 76 83 87 92 97 102 106 
0 1 5 10 16 21 26 30 37 50 53 60 65 68 76 88 97 102 
0 1 5 10 16 21 26 32 37 50 53 60 65 68 71 76 88 97 
0 1 5 10 16 21 26 32 37 52 53 60 68 71 76 88 92 97 
0 1 5 10 16 21 26 32 50 53 60 65 68 71 76 88 97 106 
0 1 5 10 16 21 26 32 52 53 60 68 71 76 88 92 97 106 
0 1 5 10 16 21 30 37 52 53 60 67 68 76 88 93 97 102 
0 1 5 10 16 21 32 37 53 54 60 65 68 71 76 88 93 97 
0 1 5 10 16 21 32 48 53 54 65 68 71 76 88 93 97 106 
0 1 5 10 16 21 32 50 53 54 60 65 68 71 76 88 97 106 
0 1 5 10 16 21 32 52 53 60 67 68 71 76 88 92 97 106 
0 1 5 10 16 23 30 37 47 52 53 62 67 68 76 88 97 102 
0 1 5 10 16 23 32 47 52 53 62 67 68 71 76 88 97 106 
0 1 5 10 17 21 30 37 42 46 52 61 67 68 76 93 97 102 
0 1 5 10 17 21 30 37 42 46 54 61 65 68 76 93 97 102 
0 1 5 10 17 21 30 37 42 48 52 67 68 76 88 93 97 102 
0 1 5 10 17 21 30 37 42 48 54 65 68 76 88 93 97 102 
0 1 5 10 17 21 30 37 46 53 54 61 65 68 76 93 97 102 
0 1 5 10 17 21 30 42 46 52 61 67 68 76 93 97 102 106 
0 1 5 10 17 21 30 42 46 54 61 65 68 76 93 97 102 106 
0 1 5 10 17 21 30 42 48 52 67 68 76 88 93 97 102 106 
0 1 5 10 17 21 30 42 48 54 65 68 76 88 93 97 102 106 
0 1 5 10 17 21 32 37 42 48 54 65 68 71 76 88 93 97 
0 1 5 10 17 21 32 42 48 52 67 68 71 76 88 93 97 106 
0 1 5 10 17 21 32 42 48 54 65 68 71 76 88 93 97 106 
0 1 5 10 17 23 30 37 42 48 52 62 67 68 76 88 97 102 
0 1 5 10 17 23 30 42 48 52 62 67 68 76 88 97 102 106 
0 1 5 10 17 23 32 42 48 52 62 67 68 71 76 88 97 106 
0 1 5 10 17 26 30 37 42 49 57 64 76 89 97 102 
0 1 5 10 17 26 30 37 42 49 64 68 76 89 97 102 
0 1 5 10 17 26 30 37 49 53 64 68 76 89 97 102 
0 1 5 10 17 26 30 42 49 57 64 76 89 97 102 106 
0 1 5 10 17 26 30 42 49 64 68 76 89 97 102 106 
0 1 5 10 17 26 30 49 53 64 68 76 89 97 102 106 
0 1 5 10 17 26 32 37 42 49 57 64 71 76 89 97 
0 1 5 10 17 26 32 37 42 49 64 68 71 76 89 97 
0 1 5 10 17 26 32 37 49 53 64 68 71 76 89 97 
0 1 5 10 17 26 32 42 49 57 64 71 76 89 97 106 
0 1 5 10 17 26 32 42 49 64 68 71 76 89 97 106 
0 1 5 10 17 26 32 49 53 64 68 71 76 89 97 106 
0 1 5 10 17 30 42 46 51 54 61 65 68 76 91 97 102 106 
0 1 5 10 17 32 42 46 51 54 61 65 68 71 76 91 97 106 
0 1 5 10 17 32 46 51 53 54 61 65 68 71 76 91 97 106 
0 1 5 10 18 23 30 37 42 47 52 57 62 67 76 97 102 
0 1 5 10 18 23 30 37 42 52 57 62 67 76 90 97 102 
0 1 5 10 18 23 30 42 47 52 57 62 67 76 97 102 106 
0 1 5 10 18 23 30 42 52 57 62 67 76 90 97 102 106 
0 1 5 10 18 23 32 42 52 57 62 67 71 76 90 97 106 
0 1 5 10 18 26 30 37 42 49 57 64 76 89 97 102 
0 1 5 10 18 26 30 37 42 49 57 64 76 90 97 102 
0 1 5 10 18 26 30 37 42 50 57 64 76 90 97 102 
0 1 5 10 18 26 30 37 42 50 57 65 76 90 97 102 
0 1 5 10 18 26 30 42 49 57 64 76 89 97 102 106 
0 1 5 10 18 26 32 37 42 49 57 64 71 76 89 97 
0 1 5 10 18 26 32 37 42 49 57 64 71 76 90 97 
0 1 5 10 18 26 32 37 42 50 57 64 71 76 90 97 
0 1 5 10 18 26 32 37 42 50 57 65 71 76 90 97 
0 1 5 10 18 26 32 42 49 57 64 71 76 89 97 106 
0 1 5 10 18 26 32 42 49 57 64 71 76 90 97 106 
0 1 5 10 18 26 32 42 50 57 64 71 76 90 97 106 
0 1 5 10 18 26 32 42 50 57 65 71 76 90 97 106 
0 1 5 10 18 30 42 50 54 57 65 76 90 97 102 106 
0 1 5 10 18 32 42 50 54 57 65 71 76 90 97 106 
0 1 5 10 20 26 30 37 42 47 57 64 76 87 92 97 102 
0 1 5 10 20 26 32 37 42 47 57 64 71 76 87 92 97 
0 1 5 10 20 26 32 42 47 57 64 71 76 87 92 97 106 
0 1 5 10 21 26 30 46 50 53 60 65 68 76 86 97 102 106 
0 1 5 10 21 30 37 46 53 54 60 65 68 76 86 93 97 102 
0 1 5 10 23 30 37 42 47 52 57 62 67 76 87 97 102 
0 1 5 10 23 30 42 47 52 57 62 67 76 87 97 102 106 
0 1 5 15 20 26 30 37 42 47 64 76 87 92 97 102 109 
0 1 5 15 20 26 30 37 42 49 59 64 76 87 97 102 109 
0 1 5 15 20 26 30 37 42 59 64 76 87 92 97 102 109 
0 1 5 15 20 26 32 37 42 49 59 64 71 76 87 97 109 
0 1 5 15 20 26 32 37 42 59 64 71 76 87 92 97 109 
0 1 5 15 20 32 37 42 51 54 59 65 71 76 87 91 97 109 
0 1 5 15 23 30 37 42 47 52 62 67 76 87 97 102 109 
0 1 5 17 21 30 37 42 48 52 67 68 76 88 93 97 102 109 
0 1 5 17 21 32 37 42 48 54 65 68 71 76 88 93 97 109 
0 1 5 17 23 30 37 42 48 52 62 67 68 76 88 97 102 109 
0 1 5 17 26 30 37 42 49 57 64 76 89 97 102 109 
0 1 5 17 26 30 37 42 49 64 68 76 89 97 102 109 
0 1 5 17 26 32 37 42 49 57 64 71 76 89 97 109 
0 1 5 17 26 32 37 42 49 64 68 71 76 89 97 109 
0 1 5 18 23 30 37 42 47 52 57 62 67 76 97 102 109 
0 1 5 18 23 30 37 42 52 57 62 67 76 90 97 102 109 
0 1 5 18 26 30 37 42 49 57 64 76 89 97 102 109 
0 1 5 18 26 30 37 42 49 57 64 76 90 97 102 109 
0 1 5 18 26 30 37 42 50 57 64 76 90 97 102 109 
0 1 5 18 26 32 37 42 49 57 64 71 76 89 97 109 
0 1 5 18 26 32 37 42 49 57 64 71 76 90 97 109 
0 1 5 18 26 32 37 42 50 57 64 71 76 90 97 109 
0 1 5 23 30 37 42 47 52 57 62 67 76 87 97 102 109 
0 1 6 10 15 20 37 44 51 54 59 66 72 76 83 92 98 102 
0 1 6 10 16 23 35 47 52 53 62 67 68 72 88 102 107 110 
0 1 6 10 16 23 35 47 53 62 67 68 72 88 95 102 107 110 
0 1 6 10 18 23 35 42 47 52 57 62 67 72 102 107 110 
0 1 6 10 18 23 35 42 47 57 62 67 72 95 102 107 110 
0 1 6 10 18 23 35 42 50 57 67 72 90 95 102 107 110 
0 1 6 10 18 23 35 42 52 57 62 67 72 90 102 107 110 
0 1 6 10 18 23 35 42 57 62 67 72 90 95 102 107 110 
0 1 6 10 18 35 42 47 52 57 62 67 72 92 102 107 110 
0 1 6 10 18 35 42 50 54 57 65 72 90 98 102 107 
0 1 6 11 17 23 35 42 48 62 67 68 72 88 95 102 107 110 
0 1 6 11 17 26 30 35 42 49 57 64 89 97 102 107 
0 1 6 11 17 26 30 35 42 49 64 68 89 97 102 107 
0 1 6 11 17 26 35 42 49 64 68 72 89 97 102 107 
0 1 6 11 18 23 30 35 42 47 52 57 62 67 97 102 107 
0 1 6 11 18 23 30 35 42 52 57 62 67 90 97 102 107 
0 1 6 11 18 23 35 42 47 52 57 62 67 72 97 102 107 
0 1 6 11 18 23 35 42 47 52 57 62 67 72 102 107 110 
0 1 6 11 18 23 35 42 47 57 62 67 72 95 102 107 110 
0 1 6 11 18 23 35 42 50 57 67 72 90 95 102 107 110 
0 1 6 11 18 23 35 42 52 57 62 67 72 90 97 102 107 
0 1 6 11 18 23 35 42 52 57 62 67 72 90 102 107 110 
0 1 6 11 18 23 35 42 57 62 67 72 90 95 102 107 110 
0 1 6 11 18 26 30 35 42 47 52 57 62 92 97 102 107 
0 1 6 11 18 26 30 35 42 49 57 64 89 97 102 107 
0 1 6 11 18 26 30 35 42 49 57 64 90 97 102 107 
0 1 6 11 18 26 30 35 42 50 57 64 90 97 102 107 
0 1 6 11 18 26 30 35 42 50 57 65 90 97 102 107 
0 1 6 11 18 26 35 42 47 52 57 62 72 92 97 102 107 
0 1 6 11 18 26 35 42 49 57 64 72 89 97 102 107 
0 1 6 11 18 26 35 42 49 57 64 72 90 97 102 107 
0 1 6 11 18 26 35 42 50 57 64 72 90 97 102 107 
0 1 6 11 18 26 35 42 50 57 65 72 90 97 102 107 
0 1 6 11 18 30 35 42 47 52 57 62 67 92 97 102 107 
0 1 6 11 18 35 42 47 52 57 62 67 72 92 97 102 107 
0 1 6 11 18 35 42 47 52 57 62 67 72 92 102 107 110 
0 1 6 11 18 35 42 50 54 57 65 72 90 97 102 107 
0 1 6 11 20 26 30 35 42 47 52 57 87 92 97 102 107 
0 1 6 11 20 26 30 35 42 47 57 64 87 92 97 102 107 
0 1 6 11 20 26 35 42 47 52 57 72 87 92 97 102 107 
0 1 6 11 20 26 35 42 47 57 64 72 87 92 97 102 107 
0 1 6 11 20 30 35 42 47 52 57 67 87 92 97 102 107 
0 1 6 11 23 30 35 42 47 52 57 62 67 87 97 102 107 
0 1 6 11 23 35 42 47 52 57 62 67 72 87 97 102 107 
0 1 6 11 23 35 42 47 52 57 62 67 72 87 102 107 110 
0 1 6 11 23 35 42 47 57 62 67 72 87 95 102 107 110 
0 1 6 11 26 30 35 42 47 52 57 62 87 92 97 102 107 
0 1 6 17 26 30 37 42 49 57 64 76 89 97 102 109 
0 1 6 18 26 30 37 42 49 57 64 76 89 97 102 109 
0 1 6 18 26 30 37 42 49 57 64 76 90 97 102 109 
0 1 8 15 20 26 32 37 42 47 64 71 87 92 97 104 109 
0 1 8 15 20 26 32 37 42 49 59 64 71 87 97 104 109 
0 1 8 15 20 26 32 37 42 52 59 71 87 92 97 104 109 
0 1 8 15 20 26 32 37 42 59 64 71 87 92 97 104 109 
0 1 8 18 26 32 37 42 49 57 64 71 89 97 104 109 
0 1 8 18 26 32 37 42 49 57 64 71 90 97 104 109 
0 1 8 18 26 32 37 42 50 57 64 71 90 97 104 109 
0 1 8 18 26 32 37 42 50 57 65 71 90 97 104 109 
0 1 8 18 32 37 42 50 54 57 65 71 90 97 104 109 
0 2 10 15 20 34 42 52 59 67 73 87 92 99 106 111 
0 2 10 15 20 34 44 52 59 66 73 83 92 99 106 111 
0 2 10 15 20 34 44 52 59 67 73 83 92 99 106 111 
0 2 10 15 20 34 52 59 66 73 83 87 92 99 106 111 
0 2 10 15 22 28 29 34 46 61 69 73 83 86 94 106 
0 2 10 15 22 28 29 34 46 61 69 73 83 87 94 106 
0 2 10 15 22 28 34 46 61 69 73 83 86 94 98 106 
0 2 10 15 22 29 34 40 46 61 69 73 83 86 94 106 
0 2 10 15 22 34 40 42 46 61 73 87 94 99 106 111 
0 2 10 15 22 34 40 46 61 73 83 86 94 99 106 111 
0 2 10 15 22 34 40 46 61 73 83 87 94 99 106 111 
0 2 10 15 22 34 46 61 66 73 83 87 94 99 106 111 
0 2 10 18 34 42 50 54 57 65 73 90 98 106 
0 3 8 15 20 26 30 37 40 42 47 64 74 81 87 92 104 109 
0 3 8 15 20 26 30 37 40 42 49 59 64 74 81 87 104 109 
0 3 8 15 20 26 30 37 40 42 59 64 74 81 87 92 104 109 
0 3 8 15 20 26 30 37 42 49 59 64 74 81 87 97 104 109 
0 3 8 15 20 26 32 37 40 42 59 64 81 87 92 99 104 109 
0 3 10 15 20 34 42 47 52 67 74 87 92 99 106 110 
0 3 10 15 20 34 42 47 52 67 74 87 92 99 106 111 
0 3 10 15 20 34 42 52 59 67 74 87 92 99 106 111 
0 3 10 15 20 34 47 52 66 73 83 87 92 99 106 111 
0 3 10 15 20 34 47 52 66 74 83 87 92 99 106 111 
0 3 10 15 20 34 47 52 67 74 83 87 92 99 106 111 
0 3 10 15 20 34 52 59 66 74 83 87 92 99 106 111 
0 3 10 15 22 30 34 40 42 47 62 74 81 87 94 106 
0 3 10 15 22 30 35 40 42 47 62 74 81 87 94 106 
0 3 10 15 22 30 35 40 42 47 62 74 81 87 94 107 
0 3 10 15 22 34 40 42 47 61 74 81 87 94 99 106 
0 3 10 15 22 34 40 47 61 74 83 87 94 99 106 111 
0 3 10 15 23 35 42 47 52 62 67 74 87 99 106 111 
0 3 10 15 23 35 42 47 52 62 67 74 87 99 107 110 
