0 2 5 9 18 23 31 35 41 44 65 68 72 88 94 104 108 
0 2 5 9 18 23 31 35 41 44 65 68 72 94 99 104 108 
0 2 7 23 35 40 41 44 49 55 60 65 68 74 88 92 97 
0 2 7 23 35 40 41 44 49 55 60 65 68 74 88 97 104 
0 2 7 23 35 40 41 44 49 55 61 65 68 74 88 97 104 
0 2 9 18 22 30 35 41 44 49 55 60 65 68 92 99 108 
0 2 9 18 22 31 35 41 44 49 55 60 65 68 92 99 108 
0 2 9 18 22 35 41 44 49 55 60 65 68 74 92 99 108 
0 2 9 18 23 30 35 41 44 49 55 60 65 68 88 92 108 
0 2 9 18 23 30 35 41 44 49 55 60 65 68 88 104 108 
0 2 9 18 23 30 35 41 44 49 55 60 65 68 92 99 108 
0 2 9 18 23 30 35 41 44 49 55 60 65 68 99 104 108 
0 2 9 18 23 31 35 41 44 49 55 60 65 68 88 92 108 
0 2 9 18 23 31 35 41 44 49 55 60 65 68 88 104 108 
0 2 9 18 23 31 35 41 44 49 55 60 65 68 92 99 108 
0 2 9 18 23 31 35 41 44 49 55 60 65 68 99 104 108 
0 2 9 18 23 31 35 41 44 49 55 61 65 68 88 97 104 
0 2 9 18 23 31 35 41 44 49 55 61 65 68 88 104 108 
0 2 9 18 23 31 35 41 44 49 55 61 65 68 88 104 109 
0 2 9 18 23 31 35 41 44 49 55 61 65 68 99 104 108 
0 2 9 18 23 31 35 41 44 49 55 65 68 72 88 104 108 
0 2 9 18 23 35 41 44 49 55 60 65 68 74 88 92 108 
0 3 8 17 24 27 30 39 46 60 67 76 89 94 98 103 108 
0 4 7 23 25 35 40 41 44 55 60 65 68 74 88 97 104 
0 4 8 17 22 25 27 30 35 39 60 67 76 94 99 103 108 
0 4 8 17 22 25 27 30 35 39 60 68 76 94 99 103 108 
0 4 8 17 22 25 27 30 35 39 60 76 82 94 98 103 108 
0 4 8 17 22 25 27 30 35 39 60 76 82 94 99 103 108 
0 4 8 17 22 25 30 35 39 44 60 64 82 87 94 103 108 
0 4 8 17 22 25 30 35 39 44 60 65 68 87 94 103 108 
0 4 8 17 22 25 30 35 39 44 60 65 68 94 99 103 108 
0 4 8 17 22 25 30 35 39 44 60 65 82 87 94 103 108 
0 4 8 17 24 27 30 39 46 60 67 76 89 94 98 103 108 
0 4 8 17 24 27 30 39 46 60 67 76 89 94 99 103 108 
0 4 8 17 25 27 30 39 46 60 67 76 89 94 98 103 108 
0 4 8 17 25 27 30 39 46 60 67 76 89 94 99 103 108 
0 4 8 17 25 27 30 39 46 60 67 76 90 94 99 103 108 
0 4 8 18 22 25 27 30 35 39 55 60 67 76 99 103 108 
0 4 8 18 22 25 27 30 35 39 55 60 68 76 99 103 108 
0 4 8 18 22 25 27 30 35 39 55 60 76 82 99 103 108 
0 4 8 18 22 25 27 30 35 39 60 67 76 94 99 103 108 
0 4 8 18 22 25 27 30 35 39 60 68 76 94 99 103 108 
0 4 8 18 22 25 27 30 35 39 60 76 82 94 99 103 108 
0 4 8 18 22 25 30 35 39 44 55 60 68 76 99 103 108 
0 4 8 18 22 25 30 35 39 44 60 76 82 94 99 103 108 
0 4 8 18 24 27 30 39 46 60 67 76 89 94 99 103 108 
0 4 8 18 25 27 30 35 39 55 60 67 76 89 99 103 108 
0 4 8 18 25 27 30 35 39 55 60 67 76 90 99 103 108 
0 4 8 18 25 27 30 35 39 60 67 76 89 94 99 103 108 
0 4 8 18 25 27 30 35 39 60 67 76 90 94 99 103 108 
0 4 8 18 25 27 30 39 46 55 60 67 76 89 99 103 108 
0 4 8 18 25 27 30 39 46 55 60 67 76 90 99 103 108 
0 4 8 18 25 27 30 39 46 60 67 76 89 94 99 103 108 
0 4 8 18 25 27 30 39 46 60 67 76 90 94 99 103 108 
0 5 13 19 33 40 41 47 54 60 67 74 84 89 96 103 
