0 1 5 9 20 24 31 42 46 56 57 61 66 77 95 99 103 
0 1 5 9 20 24 31 42 46 56 57 62 66 77 84 95 99 
0 1 5 9 20 24 31 42 46 56 57 62 66 77 95 99 103 
0 1 5 9 20 24 31 42 46 56 57 62 66 77 95 99 104 
0 1 5 9 20 24 31 42 46 56 58 62 66 77 95 99 104 
0 1 5 9 20 24 31 42 46 56 58 62 66 77 95 100 104 
0 1 5 9 20 24 31 42 46 56 62 66 77 95 99 104 108 
0 1 5 9 20 24 31 42 46 57 62 66 77 84 91 95 99 
0 1 5 9 20 24 31 42 46 58 62 66 77 85 89 100 104 
0 1 5 9 20 24 31 42 46 58 62 66 77 85 95 100 104 
0 1 5 9 20 24 31 42 46 58 62 66 77 85 96 100 104 
0 1 5 9 20 24 31 42 46 58 62 66 77 91 95 100 104 
0 1 5 9 20 24 31 42 46 62 66 77 85 89 100 104 108 
0 1 5 9 20 24 37 42 46 56 57 61 66 77 95 99 103 
0 1 5 9 20 24 37 42 46 56 57 61 72 76 84 95 99 
0 1 5 9 20 24 37 42 46 56 57 61 72 76 95 99 103 
0 1 5 9 20 24 37 42 46 56 57 61 72 77 84 95 99 
0 1 5 9 20 24 37 42 46 56 57 62 66 77 84 95 99 
0 1 5 9 20 24 37 42 46 56 57 62 66 77 95 99 103 
0 1 5 9 20 24 37 42 46 56 57 62 66 77 95 99 104 
0 1 5 9 20 24 37 42 46 56 57 62 72 77 84 95 99 
0 1 5 9 20 24 37 42 46 56 57 62 73 77 84 95 99 
0 1 5 9 20 24 37 42 46 56 57 69 72 77 84 95 99 
0 1 5 9 20 24 37 42 46 56 58 62 66 77 95 99 104 
0 1 5 9 20 24 37 42 46 56 58 62 73 77 95 100 104 
0 1 5 9 20 24 37 42 46 56 62 66 77 95 99 104 108 
0 1 5 9 20 24 37 42 46 57 61 72 77 84 91 95 99 
0 1 5 9 20 24 37 42 46 57 62 66 77 84 91 95 99 
0 1 5 9 20 24 37 42 46 57 62 72 77 84 91 95 99 
0 1 5 9 20 24 37 42 46 57 62 73 77 84 91 95 99 
0 1 5 9 20 24 37 42 46 57 69 72 77 84 91 95 99 
0 1 5 9 20 24 37 42 46 57 69 72 77 84 91 95 106 
0 1 5 9 20 24 37 42 46 58 62 73 77 83 91 95 100 
0 1 5 9 20 24 37 42 46 58 62 73 77 84 91 95 99 
0 1 5 9 20 24 37 42 46 58 62 73 77 84 91 95 100 
0 1 5 9 20 24 37 42 46 58 62 73 77 84 91 95 106 
0 1 5 9 20 24 37 42 46 58 62 73 77 85 89 100 104 
0 1 5 9 20 24 37 42 46 58 62 73 77 85 95 100 104 
0 1 5 9 20 24 37 42 46 58 62 73 77 85 96 100 104 
0 1 5 9 20 24 37 42 46 58 62 73 77 91 95 100 104 
0 1 5 9 20 24 37 42 46 62 66 77 85 89 100 104 108 
0 1 5 9 20 24 37 46 53 56 57 61 72 76 95 99 103 
0 1 5 9 20 24 37 46 53 56 57 61 72 77 84 95 99 
0 1 5 9 20 24 37 46 53 56 57 62 66 77 84 95 99 
0 1 5 9 20 24 37 46 53 56 57 62 66 77 95 99 103 
0 1 5 9 20 24 37 46 53 56 57 62 66 77 95 99 104 
0 1 5 9 20 24 37 46 53 56 57 62 72 77 84 95 99 
0 1 5 9 20 24 37 46 53 56 57 62 73 77 84 95 99 
0 1 5 9 20 24 37 46 53 56 57 69 72 77 84 95 99 
0 1 5 9 20 24 37 46 53 56 62 66 77 95 99 104 108 
0 1 5 9 20 24 37 46 53 57 62 66 77 84 91 95 99 
0 1 5 9 20 24 37 46 53 57 62 72 77 84 91 95 99 
0 1 5 9 20 24 37 46 53 57 69 72 77 84 91 95 99 
0 1 5 9 20 24 37 46 53 57 69 72 77 84 91 95 106 
0 1 5 9 20 24 37 46 53 58 62 66 77 85 89 100 104 
0 1 5 9 20 24 37 46 53 58 62 66 77 85 95 100 104 
0 1 5 9 20 24 37 46 53 58 62 66 77 91 95 100 104 
0 1 5 9 20 24 37 46 53 62 66 77 85 89 100 104 108 
0 1 5 10 14 26 31 42 46 62 66 77 85 89 100 104 108 
0 1 5 10 14 26 37 42 46 57 61 72 76 85 90 94 105 109 
0 1 5 10 14 26 37 42 46 57 61 72 77 85 90 94 105 109 
0 1 5 10 14 26 37 42 46 57 69 72 77 84 85 90 94 105 
0 1 5 10 14 26 37 42 46 57 69 72 77 84 85 90 101 105 
0 1 5 10 14 26 37 42 46 57 69 72 77 85 90 94 105 109 
0 1 5 10 14 26 37 42 46 62 66 77 85 89 100 104 108 
0 1 5 10 14 26 37 42 46 62 72 77 83 85 90 100 108 
0 1 5 10 14 26 37 46 53 57 61 72 77 85 90 94 105 109 
0 1 5 10 14 26 37 46 53 58 62 66 77 85 89 100 104 
0 1 5 10 14 26 37 46 53 58 62 66 77 85 96 100 104 
0 1 5 10 14 26 37 46 53 62 66 77 85 89 100 104 108 
0 1 5 10 14 26 37 46 53 62 72 77 83 85 90 100 108 
0 1 5 10 20 26 37 46 53 58 62 66 77 85 96 100 104 
0 2 17 22 25 30 34 40 45 49 54 66 70 82 93 97 108 
0 2 17 22 25 30 34 40 45 49 66 70 82 88 93 97 108 
0 2 17 22 25 30 35 39 40 50 54 66 70 82 93 97 108 
0 2 17 22 25 30 35 39 40 50 66 70 82 88 93 97 108 
0 2 17 25 30 34 40 45 49 56 66 70 82 88 93 97 108 
0 2 17 25 30 34 40 45 49 56 66 70 82 88 93 103 108 
0 2 17 25 30 34 40 45 49 56 66 70 82 88 99 103 108 
0 3 7 18 22 30 35 39 40 50 66 70 82 89 93 97 108 
0 3 14 18 27 31 35 46 50 62 66 71 85 89 93 104 108 
0 3 14 18 27 31 35 46 50 62 66 71 85 89 100 104 108 
0 4 8 12 19 23 30 45 53 56 57 61 66 76 94 99 103 
0 4 8 12 19 23 30 45 53 56 57 61 72 76 94 99 103 
0 4 8 12 19 23 30 45 53 57 61 72 76 90 94 99 103 
0 4 8 12 19 23 36 45 53 56 57 61 72 76 94 99 103 
0 1 5 9 20 24 31 42 46 56 57 61 66 77 95 99 103 
0 1 5 9 20 24 31 42 46 56 57 62 66 77 84 95 99 
0 1 5 9 20 24 31 42 46 56 57 62 66 77 95 99 103 
0 1 5 9 20 24 31 42 46 56 57 62 66 77 95 99 104 
0 1 5 9 20 24 31 42 46 56 58 62 66 77 95 99 104 
0 1 5 9 20 24 31 42 46 56 58 62 66 77 95 100 104 
0 1 5 9 20 24 31 42 46 56 62 66 77 95 99 104 108 
0 1 5 9 20 24 31 42 46 57 62 66 77 84 91 95 99 
0 1 5 9 20 24 31 42 46 58 62 66 77 85 89 100 104 
0 1 5 9 20 24 31 42 46 58 62 66 77 85 95 100 104 
0 1 5 9 20 24 31 42 46 58 62 66 77 85 96 100 104 
0 1 5 9 20 24 31 42 46 58 62 66 77 91 95 100 104 
0 1 5 9 20 24 31 42 46 62 66 77 85 89 100 104 108 
0 1 5 9 20 24 37 42 46 56 57 61 66 77 95 99 103 
0 1 5 9 20 24 37 42 46 56 57 61 72 76 84 95 99 
0 1 5 9 20 24 37 42 46 56 57 61 72 76 95 99 103 
0 1 5 9 20 24 37 42 46 56 57 61 72 77 84 95 99 
0 1 5 9 20 24 37 42 46 56 57 62 66 77 84 95 99 
0 1 5 9 20 24 37 42 46 56 57 62 66 77 95 99 103 
0 1 5 9 20 24 37 42 46 56 57 62 66 77 95 99 104 
0 1 5 9 20 24 37 42 46 56 57 62 72 77 84 95 99 
0 1 5 9 20 24 37 42 46 56 57 62 73 77 84 95 99 
0 1 5 9 20 24 37 42 46 56 57 69 72 77 84 95 99 
0 1 5 9 20 24 37 42 46 56 58 62 66 77 95 99 104 
0 1 5 9 20 24 37 42 46 56 58 62 73 77 95 100 104 
0 1 5 9 20 24 37 42 46 56 62 66 77 95 99 104 108 
0 1 5 9 20 24 37 42 46 57 61 72 77 84 91 95 99 
0 1 5 9 20 24 37 42 46 57 62 66 77 84 91 95 99 
0 1 5 9 20 24 37 42 46 57 62 72 77 84 91 95 99 
0 1 5 9 20 24 37 42 46 57 62 73 77 84 91 95 99 
0 1 5 9 20 24 37 42 46 57 69 72 77 84 91 95 99 
0 1 5 9 20 24 37 42 46 57 69 72 77 84 91 95 106 
0 1 5 9 20 24 37 42 46 58 62 73 77 83 91 95 100 
0 1 5 9 20 24 37 42 46 58 62 73 77 84 91 95 99 
0 1 5 9 20 24 37 42 46 58 62 73 77 84 91 95 100 
0 1 5 9 20 24 37 42 46 58 62 73 77 84 91 95 106 
0 1 5 9 20 24 37 42 46 58 62 73 77 85 89 100 104 
0 1 5 9 20 24 37 42 46 58 62 73 77 85 95 100 104 
0 1 5 9 20 24 37 42 46 58 62 73 77 85 96 100 104 
0 1 5 9 20 24 37 42 46 58 62 73 77 91 95 100 104 
0 1 5 9 20 24 37 42 46 62 66 77 85 89 100 104 108 
0 1 5 9 20 24 37 46 53 56 57 61 72 76 95 99 103 
0 1 5 9 20 24 37 46 53 56 57 61 72 77 84 95 99 
0 1 5 9 20 24 37 46 53 56 57 62 66 77 84 95 99 
0 1 5 9 20 24 37 46 53 56 57 62 66 77 95 99 103 
0 1 5 9 20 24 37 46 53 56 57 62 66 77 95 99 104 
0 1 5 9 20 24 37 46 53 56 57 62 72 77 84 95 99 
0 1 5 9 20 24 37 46 53 56 57 62 73 77 84 95 99 
0 1 5 9 20 24 37 46 53 56 57 69 72 77 84 95 99 
0 1 5 9 20 24 37 46 53 56 62 66 77 95 99 104 108 
0 1 5 9 20 24 37 46 53 57 62 66 77 84 91 95 99 
0 1 5 9 20 24 37 46 53 57 62 72 77 84 91 95 99 
0 1 5 9 20 24 37 46 53 57 69 72 77 84 91 95 99 
0 1 5 9 20 24 37 46 53 57 69 72 77 84 91 95 106 
0 1 5 9 20 24 37 46 53 58 62 66 77 85 89 100 104 
0 1 5 9 20 24 37 46 53 58 62 66 77 85 95 100 104 
0 1 5 9 20 24 37 46 53 58 62 66 77 91 95 100 104 
0 1 5 9 20 24 37 46 53 62 66 77 85 89 100 104 108 
0 1 5 10 14 26 31 42 46 62 66 77 85 89 100 104 108 
0 1 5 10 14 26 37 42 46 57 61 72 76 85 90 94 105 109 
0 1 5 10 14 26 37 42 46 57 61 72 77 85 90 94 105 109 
0 1 5 10 14 26 37 42 46 57 69 72 77 84 85 90 94 105 
0 1 5 10 14 26 37 42 46 57 69 72 77 84 85 90 101 105 
0 1 5 10 14 26 37 42 46 57 69 72 77 85 90 94 105 109 
0 1 5 10 14 26 37 42 46 62 66 77 85 89 100 104 108 
0 1 5 10 14 26 37 42 46 62 72 77 83 85 90 100 108 
0 1 5 10 14 26 37 46 53 57 61 72 77 85 90 94 105 109 
0 1 5 10 14 26 37 46 53 58 62 66 77 85 89 100 104 
0 1 5 10 14 26 37 46 53 58 62 66 77 85 96 100 104 
0 1 5 10 14 26 37 46 53 62 66 77 85 89 100 104 108 
0 1 5 10 14 26 37 46 53 62 72 77 83 85 90 100 108 
0 1 5 10 20 26 37 46 53 58 62 66 77 85 96 100 104 
0 2 17 22 25 30 34 40 45 49 54 66 70 82 93 97 108 
0 2 17 22 25 30 34 40 45 49 66 70 82 88 93 97 108 
0 2 17 22 25 30 35 39 40 50 54 66 70 82 93 97 108 
0 2 17 22 25 30 35 39 40 50 66 70 82 88 93 97 108 
0 2 17 25 30 34 40 45 49 56 66 70 82 88 93 97 108 
0 2 17 25 30 34 40 45 49 56 66 70 82 88 93 103 108 
0 2 17 25 30 34 40 45 49 56 66 70 82 88 99 103 108 
0 3 7 18 22 30 35 39 40 50 66 70 82 89 93 97 108 
0 3 14 18 27 31 35 46 50 62 66 71 85 89 93 104 108 
0 3 14 18 27 31 35 46 50 62 66 71 85 89 100 104 108 
0 4 8 12 19 23 30 45 53 56 57 61 66 76 94 99 103 
0 4 8 12 19 23 30 45 53 56 57 61 72 76 94 99 103 
0 4 8 12 19 23 30 45 53 57 61 72 76 90 94 99 103 
0 4 8 12 19 23 36 45 53 56 57 61 72 76 94 99 103 
