0 1 4 15 24 28 35 46 49 56 58 77 83 103 107 
0 1 6 9 14 21 26 33 38 45 50 68 69 89 94 101 
0 1 6 9 14 21 33 38 45 50 54 57 69 89 94 101 
0 1 6 9 14 21 33 38 45 50 54 57 81 89 94 101 
0 1 6 9 14 21 33 38 45 50 54 68 81 89 94 101 
0 1 6 9 21 25 26 33 38 45 50 68 69 89 94 101 
0 1 6 9 21 25 33 38 45 50 54 68 69 89 94 101 
0 1 6 9 21 25 33 38 45 50 54 68 81 89 94 101 
0 1 6 14 18 38 45 50 54 61 68 69 73 94 101 106 
0 1 6 14 18 38 45 50 54 61 68 69 89 94 101 106 
0 1 6 14 18 38 45 50 54 61 68 73 81 94 101 106 
0 1 6 14 18 38 50 54 61 68 69 73 86 94 101 106 
0 1 6 14 21 33 38 45 50 54 68 69 89 94 101 106 
0 1 6 14 21 33 38 45 50 54 68 81 89 94 101 106 
0 1 6 14 33 38 45 50 54 61 68 81 89 94 101 106 
0 1 6 25 33 38 45 50 54 61 68 69 89 94 101 106 
0 1 7 14 20 32 38 45 51 54 62 68 69 75 88 94 101 107 
0 1 7 14 20 32 38 45 51 54 62 68 75 81 88 94 101 107 
