0 1 4 11 19 22 30 33 49 53 63 70 93 101 109 
0 1 4 11 19 22 30 38 46 49 63 70 90 98 109 
0 1 4 11 19 22 30 38 46 63 70 90 98 106 109 
0 1 4 11 19 22 30 38 49 53 63 70 90 101 109 
0 1 4 11 19 22 30 38 49 63 70 90 98 101 109 
0 1 4 11 19 22 30 49 53 63 70 90 93 101 109 
0 1 4 11 19 22 33 49 53 63 70 85 93 101 109 
0 1 4 11 19 30 33 49 53 63 70 78 93 101 109 
0 1 4 11 19 30 38 46 49 63 70 78 90 98 109 
0 1 4 11 19 30 38 46 63 70 78 90 98 106 109 
0 1 4 11 19 30 38 49 53 63 70 78 90 101 109 
0 1 4 11 19 30 38 49 63 70 78 90 98 101 109 
0 1 4 11 19 30 49 53 63 70 78 90 93 101 109 
0 1 4 11 22 30 33 49 53 63 70 73 93 101 109 
0 1 4 11 22 30 38 46 49 63 70 73 90 98 109 
0 1 4 11 22 30 38 46 63 70 73 90 98 106 109 
0 1 4 11 22 30 38 49 53 63 70 73 90 101 109 
0 1 4 13 15 22 30 38 46 49 63 74 90 98 109 
0 1 4 13 15 22 30 38 46 63 74 90 98 106 109 
0 1 4 13 15 22 30 38 49 53 63 74 90 101 109 
0 1 4 13 15 22 30 38 49 63 74 90 98 101 109 
0 1 4 13 15 23 30 38 46 49 63 74 90 98 109 
0 1 4 13 15 23 30 38 46 63 74 90 98 106 109 
0 1 4 13 15 23 30 38 49 53 63 74 90 101 109 
0 1 4 13 15 23 30 38 49 63 74 90 98 101 109 
0 1 4 13 15 23 30 49 53 63 74 90 93 101 109 
0 1 4 13 19 30 33 49 53 63 70 78 93 101 109 
0 1 4 13 19 30 38 49 53 63 70 78 90 101 109 
0 1 4 13 23 30 38 46 49 63 71 74 90 98 109 
0 1 4 13 23 30 38 46 63 71 74 90 98 106 109 
0 1 4 13 23 30 38 49 63 71 74 90 98 101 109 
0 1 4 15 22 30 38 46 49 63 66 73 90 98 109 
0 1 4 15 22 30 38 46 49 63 66 74 90 98 109 
0 1 4 15 22 30 38 46 63 66 73 90 98 106 109 
0 1 4 15 22 30 38 46 63 66 74 90 98 106 109 
0 1 4 15 22 30 38 49 53 63 66 73 90 101 109 
0 1 4 15 22 30 38 49 53 63 66 74 90 101 109 
0 1 4 15 22 30 38 49 63 66 73 90 98 101 109 
0 1 4 15 22 30 38 49 63 66 74 90 98 101 109 
0 1 4 15 22 30 49 53 63 66 73 90 93 101 109 
0 1 4 15 22 30 49 53 63 66 74 90 93 101 109 
0 1 4 15 23 30 38 46 49 63 66 74 90 98 109 
0 1 4 15 23 30 38 46 63 66 74 90 98 106 109 
0 1 4 15 23 30 38 49 53 63 66 74 90 101 109 
0 1 4 15 23 30 38 49 63 66 74 90 98 101 109 
0 1 4 15 23 30 49 53 63 66 74 90 93 101 109 
0 1 8 15 22 29 36 40 43 60 67 74 89 96 103 106 
0 1 8 15 22 29 36 40 47 60 67 74 89 96 99 106 
0 1 8 15 22 29 36 43 50 60 67 74 84 89 96 103 
0 1 8 15 22 29 40 41 43 60 67 74 89 92 103 106 
0 1 8 15 22 29 40 41 47 60 67 74 89 92 99 106 
0 1 8 15 22 30 38 49 53 59 66 73 90 101 109 
0 1 8 15 22 30 38 49 53 59 66 74 90 101 109 
0 1 8 15 22 30 38 49 59 67 74 90 98 101 109 
0 1 8 15 22 33 36 40 43 60 67 74 85 96 103 106 
0 1 8 15 22 33 36 40 47 60 67 74 85 96 99 106 
0 1 8 15 22 33 40 41 47 60 67 74 85 92 99 106 
0 1 8 15 23 30 38 49 53 59 66 74 90 101 109 
0 1 8 15 23 30 38 49 53 59 67 74 90 101 109 
0 1 8 15 23 30 49 53 59 66 74 90 93 101 109 
0 1 8 19 22 29 36 40 47 60 67 70 89 96 99 106 
0 1 8 19 22 29 36 47 50 60 67 70 84 89 96 99 
0 1 8 19 22 29 40 41 47 60 67 70 89 92 99 106 
0 1 13 19 22 29 41 47 50 60 63 70 84 89 92 99 
0 3 6 14 22 29 36 44 52 65 73 83 89 96 104 
0 3 6 14 22 33 36 44 52 65 73 83 85 96 104 
0 3 11 12 14 22 29 37 41 48 62 73 89 100 108 
0 3 11 12 14 22 29 37 48 62 73 89 97 100 108 
0 3 11 12 14 22 30 33 41 48 62 73 93 100 108 
0 3 11 12 14 22 30 37 48 62 73 89 97 100 108 
0 3 11 12 19 22 30 37 45 62 70 89 97 105 108 
0 3 11 12 22 29 37 48 62 70 73 89 97 100 108 
0 6 14 22 30 38 40 46 57 65 73 90 98 106 
