0 1 4 11 19 22 33 49 53 63 70 85 93 101 109 
0 1 4 11 19 22 33 49 53 63 70 86 93 101 109 
0 1 4 11 19 22 34 42 49 63 70 86 94 101 109 
0 1 4 11 19 22 34 42 49 63 70 86 94 102 109 
0 1 4 11 19 22 34 42 50 63 70 86 94 102 109 
0 1 4 11 19 22 34 49 53 63 70 86 93 101 109 
0 1 4 11 19 22 34 49 53 63 70 86 94 101 109 
0 1 4 11 19 33 49 53 63 70 78 86 93 101 109 
0 1 4 11 19 34 42 49 63 70 78 86 94 101 109 
0 1 4 11 19 34 42 50 63 70 78 86 94 102 109 
0 1 4 11 19 34 49 53 63 70 78 86 93 101 109 
0 1 4 11 19 34 49 53 63 70 78 86 94 101 109 
0 1 4 11 22 34 42 50 63 70 73 86 94 102 109 
0 1 4 11 22 34 49 53 63 70 73 86 93 101 109 
0 1 4 13 15 22 33 49 53 63 74 85 93 101 109 
0 1 4 13 15 22 33 49 53 63 74 86 93 101 109 
0 1 4 13 15 22 34 42 49 63 74 86 94 101 109 
0 1 4 13 15 22 34 42 49 63 74 86 94 102 109 
0 1 4 13 15 22 34 42 50 63 74 86 94 102 109 
0 1 4 13 15 22 34 49 53 63 74 86 93 101 109 
0 1 4 13 15 22 34 49 53 63 74 86 94 101 109 
0 1 4 13 15 23 33 49 53 63 74 86 93 101 109 
0 1 4 13 15 23 34 42 49 63 74 86 94 101 109 
0 1 4 13 15 23 34 42 49 63 74 86 94 102 109 
0 1 4 13 15 23 34 49 53 63 74 86 93 101 109 
0 1 4 13 15 23 34 49 53 63 74 86 94 101 109 
0 1 4 13 19 34 42 49 63 70 78 86 94 101 109 
0 1 4 13 19 34 42 49 63 70 78 86 94 102 109 
0 1 4 13 23 33 49 53 63 71 74 86 93 101 109 
0 1 4 13 23 34 42 49 63 71 74 86 94 101 109 
0 1 4 13 23 34 42 49 63 71 74 86 94 102 109 
0 1 4 13 23 34 42 50 63 71 74 86 94 102 109 
0 1 4 13 23 34 49 53 63 71 74 86 94 101 109 
0 1 4 15 22 33 49 53 63 66 74 85 93 101 109 
0 1 4 15 22 34 42 49 63 66 73 86 94 101 109 
0 1 4 15 22 34 42 49 63 66 73 86 94 102 109 
0 1 4 15 22 34 42 49 63 66 74 86 94 101 109 
0 1 4 15 22 34 42 49 63 66 74 86 94 102 109 
0 1 4 15 22 34 42 50 63 66 73 86 94 102 109 
0 1 4 15 22 34 49 53 63 66 73 86 93 101 109 
0 1 4 15 22 34 49 53 63 66 73 86 94 101 109 
0 1 4 15 22 34 49 53 63 66 74 86 93 101 109 
0 1 4 15 22 34 49 53 63 66 74 86 94 101 109 
0 1 4 15 23 33 49 53 63 66 74 86 93 101 109 
0 1 4 15 23 34 42 49 63 66 74 86 94 101 109 
0 1 4 15 23 34 49 53 63 66 74 86 93 101 109 
0 1 4 15 23 34 49 53 63 66 74 86 94 101 109 
0 1 8 11 22 34 42 50 59 70 73 86 94 102 109 
0 1 8 15 22 29 36 40 43 60 67 74 89 96 103 106 
0 1 8 15 22 29 36 40 47 60 67 74 89 96 99 106 
0 1 8 15 22 29 36 43 50 60 67 74 84 89 96 103 
0 1 8 15 22 29 36 47 50 60 67 74 84 89 96 99 
0 1 8 15 22 29 40 41 43 60 67 74 89 92 103 106 
0 1 8 15 22 33 49 53 59 66 73 85 93 101 109 
0 1 8 15 22 33 49 53 59 66 73 86 93 101 109 
0 1 8 15 22 33 49 53 59 66 74 85 93 101 109 
0 1 8 15 22 33 49 53 59 66 74 86 93 101 109 
0 1 8 15 22 33 49 53 59 67 74 86 93 101 109 
0 1 8 15 22 33 49 53 60 67 74 85 93 101 109 
0 1 8 15 22 34 42 49 59 66 74 86 94 101 109 
0 1 8 15 22 34 42 49 59 67 74 86 94 101 109 
0 1 8 15 22 34 42 49 60 67 74 86 94 101 109 
0 1 8 15 22 34 49 53 59 66 74 86 94 101 109 
0 1 8 15 23 33 49 53 59 66 74 86 93 101 109 
0 1 8 15 23 34 42 49 59 66 74 86 94 101 109 
0 1 8 15 23 34 42 49 59 67 74 86 94 101 109 
0 1 8 15 23 34 42 49 59 67 74 86 94 102 109 
0 1 8 15 23 34 49 53 59 66 74 86 93 101 109 
0 1 8 15 23 34 49 53 59 66 74 86 94 101 109 
0 1 8 19 22 33 36 40 43 60 67 70 85 96 103 106 
0 3 6 14 22 29 36 44 52 65 73 83 89 96 104 
0 3 6 14 22 29 41 48 65 73 83 89 92 100 108 
0 3 6 14 22 33 36 44 52 65 73 83 85 96 104 
0 3 6 14 22 33 41 48 65 73 83 85 92 100 108 
0 3 11 12 14 22 29 37 41 48 62 73 89 100 108 
0 3 11 12 14 22 29 37 48 62 73 89 97 100 108 
0 3 11 12 14 22 33 41 48 62 73 85 93 100 108 
0 3 11 12 14 22 33 41 48 62 73 86 93 100 108 
0 3 11 12 14 22 33 48 53 62 73 85 93 100 108 
0 3 11 12 14 22 37 41 48 62 73 86 89 100 108 
0 3 11 12 19 22 33 48 53 62 70 85 93 101 108 
0 3 11 12 19 22 33 48 53 62 70 86 93 101 108 
0 3 11 12 22 33 48 53 62 70 73 85 93 100 108 
0 3 11 14 22 33 44 52 53 62 73 82 85 93 104 
0 3 11 14 22 33 44 52 53 62 73 82 86 93 104 
0 3 11 14 22 33 44 52 62 73 82 86 93 96 104 
