0 1 4 9 13 22 31 34 39 69 76 82 86 91 99 104 
0 1 4 9 13 22 34 39 47 69 76 82 86 91 99 104 
0 1 4 9 14 22 31 34 39 52 60 69 82 91 99 104 
0 1 4 9 14 22 31 36 39 55 60 69 73 82 91 104 
0 1 4 9 14 22 31 36 55 60 69 73 78 82 91 104 
0 1 4 9 14 22 31 36 55 60 69 73 78 91 96 104 
0 1 4 9 14 22 31 36 55 69 73 78 82 91 101 104 
0 1 4 9 14 22 31 36 55 69 73 78 91 96 101 104 
0 1 4 9 14 22 31 39 52 55 60 69 73 82 91 104 
0 1 4 9 14 22 31 39 52 55 60 69 73 91 96 104 
0 1 4 9 14 22 31 39 52 60 69 73 82 91 99 104 
0 1 4 9 14 22 31 39 52 60 69 73 91 96 99 104 
0 1 4 9 14 22 31 52 55 60 69 73 78 82 91 104 
0 1 4 9 14 22 31 52 55 60 69 73 78 91 96 104 
0 1 4 9 14 22 31 52 60 69 73 78 91 96 99 104 
0 1 4 9 14 22 34 39 47 52 60 69 82 91 99 104 
0 1 4 9 14 22 34 47 52 60 69 78 82 91 99 104 
0 1 4 9 14 22 36 39 47 55 60 69 73 82 91 104 
0 1 4 9 14 22 36 47 55 60 69 73 78 82 91 104 
0 1 4 9 14 22 36 47 55 69 73 78 82 91 101 104 
0 1 4 9 14 22 39 47 52 60 69 73 82 91 99 104 
0 1 4 9 14 36 39 47 55 60 69 73 82 91 94 104 
0 1 4 9 14 36 47 55 69 73 78 82 91 94 101 104 
0 1 4 9 22 31 34 39 52 60 69 82 86 91 99 104 
0 1 4 9 22 31 39 52 60 69 73 82 86 91 99 104 
0 1 8 19 29 36 40 47 54 63 68 74 84 85 92 103 
0 1 9 14 22 31 39 44 52 55 60 69 73 82 91 104 
