0 1 5 16 20 32 36 47 51 54 61 66 76 82 87 93 97 108 
0 1 5 16 20 32 36 47 51 54 62 66 76 82 87 93 97 108 
0 1 5 16 20 32 36 47 51 54 62 66 77 82 87 93 97 108 
0 1 5 16 20 32 36 47 51 54 66 70 76 82 87 93 97 108 
0 1 5 16 20 32 36 47 51 55 66 70 76 82 87 97 102 108 
0 1 5 16 20 32 36 47 51 55 66 70 76 82 87 98 102 108 
0 1 5 16 20 32 36 47 51 66 70 76 82 87 91 97 102 108 
0 1 6 13 16 32 36 47 51 55 62 66 76 82 87 93 98 108 
0 1 6 13 16 32 36 47 51 55 62 66 76 87 93 98 104 108 
0 1 7 11 22 30 33 37 52 54 61 66 82 93 97 108 
0 1 13 15 29 40 41 43 54 67 68 70 84 85 96 99 
0 3 7 18 22 33 37 48 52 62 66 77 89 93 104 108 
0 4 11 12 15 30 45 53 54 59 66 70 82 86 97 101 
0 4 11 12 15 30 45 53 54 59 70 74 82 86 97 101 
0 1 5 16 20 32 36 47 51 54 61 66 76 82 87 93 97 108 
0 1 5 16 20 32 36 47 51 54 62 66 76 82 87 93 97 108 
0 1 5 16 20 32 36 47 51 54 62 66 77 82 87 93 97 108 
0 1 5 16 20 32 36 47 51 54 66 70 76 82 87 93 97 108 
0 1 5 16 20 32 36 47 51 55 66 70 76 82 87 97 102 108 
0 1 5 16 20 32 36 47 51 55 66 70 76 82 87 98 102 108 
0 1 5 16 20 32 36 47 51 66 70 76 82 87 91 97 102 108 
0 1 6 13 16 32 36 47 51 55 62 66 76 82 87 93 98 108 
0 1 6 13 16 32 36 47 51 55 62 66 76 87 93 98 104 108 
0 1 7 11 22 30 33 37 52 54 61 66 82 93 97 108 
0 1 13 15 29 40 41 43 54 67 68 70 84 85 96 99 
0 3 7 18 22 33 37 48 52 62 66 77 89 93 104 108 
0 4 11 12 15 30 45 53 54 59 66 70 82 86 97 101 
0 4 11 12 15 30 45 53 54 59 70 74 82 86 97 101 
