0 1 5 8 11 23 30 44 49 63 69 76 97 102 111 
0 1 5 9 15 19 23 29 43 57 63 67 71 77 92 106 
0 1 5 9 15 19 23 29 43 57 63 67 77 92 102 106 
0 1 5 9 15 19 23 29 43 63 67 77 88 92 102 106 
0 1 5 9 15 19 28 29 43 57 63 67 77 92 102 106 
0 1 5 9 15 19 28 29 43 63 67 77 88 92 102 106 
0 1 5 9 19 23 30 34 38 44 48 57 71 93 97 107 
0 1 5 9 19 23 30 38 44 48 57 63 71 93 97 107 
0 1 5 11 19 30 40 41 44 63 67 77 89 97 103 107 
0 1 5 13 19 23 33 41 45 48 54 67 88 91 96 103 
0 1 5 15 19 28 29 39 43 63 67 77 88 92 102 106 
0 5 13 19 33 40 41 47 54 60 67 74 84 89 96 103 
