0 1 13 15 29 40 41 43 54 67 68 70 84 85 96 99 
0 2 5 10 15 22 31 46 51 53 61 66 68 71 76 86 98 103 
0 2 5 10 15 22 31 46 51 53 61 66 68 71 76 98 103 108 
0 2 5 10 15 22 31 46 51 53 61 66 71 76 86 91 98 103 
0 2 5 10 15 22 31 46 51 53 61 66 71 76 91 98 103 108 
0 2 5 10 15 22 31 46 51 53 61 66 71 83 86 91 98 103 
0 2 5 10 15 22 31 46 51 53 61 66 71 83 91 98 103 108 
0 2 5 10 15 22 31 46 51 61 66 71 74 83 86 91 98 103 
0 2 5 10 17 22 28 33 46 53 61 68 71 76 86 93 98 103 
0 2 5 10 17 22 28 33 46 53 61 68 71 76 93 98 103 108 
0 2 5 10 17 22 28 46 53 61 66 68 71 76 93 98 103 108 
0 2 5 10 17 22 31 46 53 61 66 68 71 76 86 93 98 103 
0 2 5 10 17 22 31 46 53 61 66 68 71 76 93 98 103 108 
0 2 5 10 22 31 46 51 53 61 66 68 71 76 86 93 98 103 
0 2 5 10 22 31 46 51 53 61 66 68 71 76 93 98 103 108 
0 2 5 13 15 22 31 51 53 61 66 68 71 76 88 98 103 108 
0 2 5 13 17 22 31 53 61 66 68 71 76 88 93 98 103 108 
0 2 5 13 22 31 51 53 61 66 68 71 76 88 93 98 103 108 
0 2 5 15 22 31 46 51 53 61 66 68 71 76 88 98 103 108 
0 2 5 15 22 31 46 51 53 61 66 71 76 88 91 98 103 108 
0 2 5 17 22 31 46 53 61 66 68 71 76 88 93 98 103 108 
0 2 7 13 17 22 28 33 38 43 55 61 68 69 73 88 93 98 
0 2 7 13 17 22 28 33 38 43 55 61 68 69 88 93 98 108 
0 2 7 13 17 22 28 33 38 43 55 61 68 73 88 93 98 103 
0 2 7 13 17 22 28 33 38 43 55 61 68 88 93 98 103 108 
0 2 7 13 17 22 28 33 38 43 61 68 69 73 88 93 98 105 
0 2 7 13 17 22 28 33 38 55 61 68 76 88 93 98 103 108 
0 2 7 13 17 22 28 33 43 55 61 68 71 88 93 98 103 108 
0 2 7 13 17 22 28 38 43 55 61 66 68 88 93 98 103 108 
0 2 7 13 17 22 28 43 55 61 66 68 71 88 93 98 103 108 
0 2 7 13 17 22 28 55 61 66 68 71 76 88 93 98 103 108 
