0 1 6 9 14 18 23 28 48 59 66 71 76 83 101 106 
0 1 6 9 14 18 23 33 48 59 66 71 76 83 87 101 
0 1 6 9 14 18 23 33 48 59 66 71 76 83 101 106 
0 1 6 9 14 18 23 48 52 59 66 71 76 83 101 106 
0 1 6 9 18 23 25 48 52 59 66 71 76 83 101 106 
0 1 6 9 18 23 35 48 52 59 66 76 83 89 101 106 
0 1 6 9 18 23 48 52 59 66 71 76 83 89 101 106 
0 1 6 9 23 35 41 48 52 59 66 83 89 94 101 106 
0 1 6 9 23 35 48 52 59 66 76 83 89 94 101 106 
0 1 6 11 15 24 30 35 39 56 57 60 64 69 84 88 93 
0 1 6 11 16 23 30 35 41 56 59 63 69 73 89 94 
0 1 6 11 16 23 30 35 41 56 59 63 69 83 89 94 
0 1 6 11 16 23 30 35 41 56 59 64 69 73 89 94 
0 1 6 11 16 23 30 35 41 56 59 64 69 83 89 94 
0 1 6 11 16 23 30 35 41 56 59 69 73 89 94 101 
0 1 6 11 16 23 30 35 41 56 59 69 83 89 94 101 
0 1 6 11 16 23 30 35 56 59 63 69 76 83 89 94 
0 1 6 11 16 23 30 35 56 59 69 76 83 89 94 101 
0 1 6 11 16 23 31 35 41 56 59 64 73 81 89 94 
0 1 6 11 16 23 31 35 41 56 59 64 73 89 94 106 
0 1 6 11 16 23 31 35 41 56 59 64 81 83 89 94 
0 1 6 11 16 23 31 35 41 56 59 64 83 89 94 106 
0 1 6 11 16 23 31 35 56 59 64 76 81 83 89 94 
0 1 6 11 16 23 31 35 56 59 64 76 83 89 94 106 
0 1 6 11 16 23 31 36 41 56 59 64 81 83 89 94 
0 1 6 11 16 23 31 36 56 59 64 76 81 83 89 94 
0 1 6 11 16 23 35 41 50 56 59 64 69 73 94 108 
0 1 6 11 16 30 35 41 56 59 64 69 73 89 94 99 
0 1 6 11 16 30 35 41 56 59 64 69 83 89 94 99 
0 1 6 11 16 31 35 41 56 59 64 69 73 89 94 99 
0 1 6 11 16 31 35 41 56 59 64 69 83 89 94 99 
0 1 6 11 16 31 35 41 56 59 64 73 89 94 99 106 
0 1 6 11 16 31 35 41 56 59 64 81 83 89 94 99 
0 1 6 11 16 31 36 41 56 59 64 81 83 89 94 99 
0 1 6 11 16 35 41 50 56 59 64 69 73 94 99 108 
0 1 6 11 16 35 41 50 56 59 64 69 83 89 94 99 
0 1 6 11 23 28 31 35 56 59 64 76 83 89 94 106 
0 1 6 11 23 28 31 36 41 56 59 64 81 83 89 94 
0 1 6 11 24 30 35 39 52 56 57 60 64 69 84 88 93 
0 1 6 11 24 30 35 39 52 56 57 60 64 69 84 89 93 
0 1 13 15 29 40 41 43 54 67 68 70 84 85 96 99 
0 2 6 11 15 19 23 30 34 56 59 63 69 72 76 82 88 
0 2 6 11 15 19 23 30 34 56 59 63 69 72 76 88 92 
0 2 6 11 15 19 23 30 34 56 59 64 69 72 76 82 88 
0 2 6 11 15 19 23 30 34 56 59 64 69 72 76 88 92 
0 2 6 11 15 19 23 30 34 56 59 69 72 76 82 88 101 
0 2 6 11 15 19 23 30 34 56 59 69 72 76 88 92 101 
0 2 6 11 15 19 23 30 40 56 59 63 69 72 76 82 108 
0 2 6 11 15 19 23 30 40 56 59 69 72 76 82 88 101 
0 2 6 11 15 19 23 30 40 56 59 69 72 76 82 101 108 
0 2 6 11 15 19 23 40 50 56 59 64 69 72 76 82 108 
0 2 6 11 15 19 30 34 53 56 59 64 69 72 82 88 99 
0 2 6 11 15 19 30 40 53 56 59 64 69 72 82 88 99 
0 2 6 11 15 19 30 40 53 56 59 64 69 72 82 99 108 
0 2 6 11 15 19 40 50 53 56 59 64 69 72 82 99 108 
0 2 6 11 15 19 40 50 56 59 64 69 72 76 82 99 108 
0 2 6 11 15 30 37 40 53 56 59 64 69 82 95 99 108 
0 2 6 11 15 30 40 53 56 59 64 69 72 82 88 95 99 
0 2 6 11 15 30 40 53 56 59 64 69 72 82 95 99 108 
0 2 6 11 15 37 40 50 53 56 59 64 69 82 95 99 108 
0 2 6 11 15 40 50 53 56 59 64 69 72 82 95 99 108 
0 2 6 11 37 40 50 53 56 59 64 69 82 91 95 99 108 
