0 2 5 9 17 28 33 38 46 61 68 69 85 93 98 105 
0 2 5 9 17 28 33 46 61 68 69 76 85 93 98 105 
0 2 5 9 28 33 38 46 61 68 69 85 90 93 98 105 
0 2 5 10 17 26 28 29 34 61 68 76 81 86 93 106 
0 2 5 10 17 26 28 33 46 61 68 69 76 85 93 105 
0 2 5 10 17 26 28 33 46 61 68 69 76 86 93 105 
0 2 5 10 17 26 28 33 46 61 68 69 76 86 93 106 
0 2 5 10 17 26 28 33 46 61 68 76 81 86 93 106 
0 2 5 10 17 26 28 34 46 61 68 76 81 86 93 106 
0 2 5 10 17 28 33 46 61 68 69 76 85 93 98 105 
0 2 5 10 17 28 33 46 61 68 69 76 86 93 98 105 
0 2 5 10 17 28 33 46 61 68 69 76 86 93 98 106 
0 2 7 14 22 30 38 50 55 61 66 73 84 90 98 103 
0 2 7 14 22 31 38 50 55 61 66 73 84 90 98 103 
0 2 7 14 22 31 38 51 55 61 66 73 84 90 98 103 
0 2 7 15 22 31 38 51 55 61 66 73 83 91 98 103 
0 2 7 15 22 31 38 51 55 61 66 73 84 91 98 103 
0 2 9 16 22 32 39 45 52 61 67 74 83 85 91 98 105 
0 3 13 17 31 40 41 45 54 58 67 72 84 87 96 101 
