0 1 4 7 17 22 37 52 54 61 72 76 92 95 98 103 
0 1 7 11 18 22 29 35 39 46 50 58 64 75 84 87 93 104 
0 1 7 11 18 22 29 35 41 46 50 58 64 75 84 87 93 104 
0 1 7 11 18 22 29 35 41 46 58 64 75 83 87 93 100 104 
0 1 7 11 18 22 29 35 41 46 58 64 75 84 87 93 100 104 
0 1 7 11 18 22 35 39 46 50 58 64 75 84 87 93 104 110 
0 1 7 11 18 24 29 35 39 46 52 64 70 75 84 93 99 104 
0 1 7 11 18 24 29 35 46 52 64 70 75 84 89 93 99 104 
0 2 7 13 15 26 28 30 35 48 66 71 90 95 100 105 
0 2 7 13 15 26 28 30 35 66 71 84 90 95 100 105 
0 2 7 13 15 26 28 30 48 66 71 85 90 95 100 105 
0 2 7 13 17 22 26 30 35 41 45 58 76 84 100 105 
0 2 7 13 17 22 26 30 35 41 58 76 84 95 100 105 
0 2 7 13 17 22 30 35 41 45 50 58 76 84 87 105 
0 2 7 13 17 22 30 35 41 45 58 76 84 87 100 105 
0 2 7 13 17 22 30 35 41 50 58 76 84 87 95 105 
0 2 7 13 17 22 30 35 41 58 76 84 87 95 100 105 
0 2 7 13 17 22 35 41 45 58 76 84 87 92 100 105 
0 2 7 13 17 26 35 41 45 58 71 76 84 92 100 105 
0 2 7 13 17 30 35 41 45 58 71 76 84 87 100 105 
0 2 7 13 22 30 35 41 50 58 66 76 84 87 95 105 
0 6 14 22 30 38 40 46 57 65 73 90 98 106 
