0 1 6 9 14 21 33 38 45 50 54 68 76 81 89 94 101 106 
0 1 6 9 14 21 33 49 53 54 68 76 81 89 97 105 
0 1 6 9 14 21 34 42 49 54 68 76 81 90 98 105 
0 1 6 9 14 21 34 42 49 68 76 81 85 90 98 105 
0 1 6 9 14 21 34 42 50 54 68 76 81 90 98 106 
0 1 6 9 14 21 34 42 50 68 76 81 85 90 98 106 
0 1 6 9 14 21 34 49 53 54 68 76 81 90 97 105 
0 1 6 14 19 31 38 43 50 54 61 68 74 81 87 94 99 106 
0 1 6 14 19 31 38 45 50 54 61 68 74 81 87 94 101 106 
0 1 6 14 19 33 40 49 53 54 61 74 81 89 97 105 
0 1 6 14 19 33 49 53 54 61 68 74 81 89 97 105 
0 1 6 14 19 34 40 42 49 54 61 74 81 90 98 105 
0 1 6 14 19 34 40 49 53 54 61 74 81 90 97 105 
0 1 6 14 19 34 42 49 54 61 68 74 81 90 98 105 
0 1 6 14 19 34 42 50 54 61 68 74 81 90 98 106 
0 1 6 14 19 34 49 53 54 61 68 74 81 90 97 105 
0 1 6 14 21 33 38 45 50 54 61 68 76 81 89 94 101 106 
0 1 6 14 21 33 40 49 53 54 61 76 81 89 97 105 
0 1 6 14 21 33 49 53 54 61 68 76 81 89 97 105 
0 1 6 14 21 34 40 42 49 54 61 76 81 90 98 105 
0 1 6 14 21 34 40 42 49 61 76 81 85 90 98 105 
0 1 6 14 21 34 40 49 53 54 61 76 81 90 97 105 
0 1 6 14 21 34 40 49 53 61 76 81 85 90 97 105 
0 1 6 14 21 34 42 49 54 61 68 76 81 90 98 105 
0 1 6 14 21 34 42 49 61 68 76 81 85 90 98 105 
0 1 6 14 21 34 42 50 54 61 68 76 81 90 98 106 
0 1 6 14 21 34 42 50 61 68 76 81 85 90 98 106 
0 1 6 14 21 34 49 53 54 61 68 76 81 90 97 105 
0 1 6 14 21 34 49 53 61 68 76 81 85 90 97 105 
0 1 6 18 21 25 33 40 49 53 54 61 69 89 97 105 
0 1 6 18 21 25 34 40 49 53 54 61 69 90 97 105 
0 1 6 18 25 33 49 53 54 61 68 69 73 89 97 105 
0 1 6 18 25 34 42 50 54 61 68 69 73 90 98 106 
0 1 6 18 25 34 49 53 54 61 68 69 73 90 97 105 
0 1 6 19 33 40 49 53 54 61 66 74 81 89 97 105 
0 1 6 19 34 40 42 49 54 61 66 74 81 90 98 105 
0 1 6 19 34 40 49 53 54 61 66 74 81 90 97 105 
0 2 5 10 18 28 31 34 39 46 54 65 73 95 102 109 
0 2 5 10 18 28 31 38 45 54 65 73 87 94 101 109 
0 2 5 10 18 28 31 38 45 65 73 78 87 94 101 109 
0 2 5 10 18 28 31 38 46 54 65 73 87 94 102 109 
0 2 5 10 18 28 31 38 46 65 73 78 87 94 102 109 
0 2 5 10 18 28 31 39 46 54 65 73 87 95 102 109 
0 2 5 10 18 28 34 39 46 54 65 73 90 95 102 109 
0 2 5 10 18 28 39 46 54 65 73 87 90 95 102 109 
0 2 7 14 21 34 42 50 54 57 62 76 81 90 98 106 
0 2 10 18 28 31 38 45 54 57 65 73 87 94 101 109 
0 2 10 18 28 31 38 46 54 57 65 73 87 94 102 109 
0 2 10 18 34 42 50 54 57 65 73 90 98 106 
0 3 6 11 18 31 34 39 40 46 54 66 73 84 95 102 
0 3 6 11 18 31 34 39 40 47 54 66 73 84 95 103 
0 3 6 11 18 33 38 40 46 53 54 66 73 84 89 102 
0 3 6 11 18 33 40 41 47 54 66 73 84 89 96 103 
0 3 6 11 18 33 40 46 53 54 66 73 84 89 97 102 
0 3 6 11 19 33 38 40 46 53 54 66 74 84 89 102 
0 3 6 11 19 33 40 41 47 54 66 74 84 89 96 103 
0 3 6 11 19 33 40 46 53 54 66 74 84 89 97 102 
0 3 6 11 19 33 40 53 54 66 74 84 89 97 102 105 
0 3 10 18 31 38 40 46 54 58 65 73 84 87 94 102 
0 3 10 18 31 38 45 52 54 58 65 73 87 94 101 108 
0 3 10 18 31 39 40 46 54 58 65 73 84 87 95 102 
0 3 10 18 31 39 40 47 54 58 65 73 84 87 95 103 
0 3 10 18 31 39 44 47 52 54 58 65 73 87 95 108 
0 3 10 18 31 39 44 52 54 58 65 73 87 95 100 108 
0 3 10 18 31 39 47 52 54 58 65 73 87 95 103 108 
0 3 10 18 33 38 40 46 54 58 65 73 84 89 94 102 
0 3 10 18 33 38 45 52 54 58 65 73 89 94 101 108 
0 3 10 18 33 41 45 52 54 58 65 73 89 96 101 108 
0 3 11 18 31 38 45 52 54 58 66 73 87 94 101 108 
0 3 11 18 31 39 40 46 54 58 66 73 84 87 95 102 
0 3 11 18 31 39 44 52 54 58 66 73 87 95 100 108 
0 3 11 18 31 39 47 52 54 58 66 73 87 95 103 108 
0 3 11 18 33 38 45 52 54 58 66 73 89 94 101 108 
0 3 11 18 33 41 45 52 54 58 66 73 89 96 101 108 
0 4 7 13 19 27 33 48 53 54 67 74 83 89 97 104 
0 4 11 18 27 33 41 47 54 59 66 73 83 89 96 103 
0 4 11 18 27 33 41 48 54 59 66 73 83 89 96 104 
0 4 11 18 28 31 38 46 54 59 66 73 87 94 102 109 
0 4 11 18 28 31 39 46 54 59 66 73 87 95 102 109 
0 4 11 18 28 33 38 45 54 59 66 73 89 94 101 109 
0 4 11 18 28 33 41 48 54 59 66 73 89 96 104 109 
0 4 11 18 31 39 47 52 54 59 66 73 87 95 103 108 
0 5 13 19 33 40 41 47 54 60 67 74 84 89 96 103 
