0 1 5 9 16 20 24 28 30 34 56 58 77 83 103 107 
0 1 5 9 16 20 28 30 34 56 58 70 77 96 103 107 
0 1 5 9 16 20 28 30 34 56 58 77 83 96 103 107 
0 1 5 9 16 24 28 30 34 56 58 66 77 83 92 103 
0 1 5 9 16 24 28 30 34 56 58 77 83 92 103 107 
0 1 5 9 16 28 30 34 56 58 66 77 83 92 96 103 
0 1 5 9 16 28 30 34 56 58 70 77 92 96 103 107 
0 1 5 9 16 28 34 46 56 58 66 70 77 92 96 103 
0 1 5 9 20 24 28 30 34 38 56 58 62 83 88 107 
0 1 5 9 20 24 28 30 34 56 58 62 77 83 88 107 
0 1 5 9 20 28 30 34 38 56 58 62 70 88 96 107 
0 1 5 9 20 28 30 34 38 56 58 62 83 88 96 107 
0 1 5 9 24 28 30 34 38 56 58 62 66 83 88 92 
0 1 5 13 16 24 30 37 49 61 66 73 83 92 99 103 
0 3 8 11 12 22 29 34 37 59 62 70 86 89 97 108 
0 3 8 11 12 22 34 37 45 59 62 70 86 89 97 108 
0 3 11 12 14 22 26 29 37 48 62 73 83 89 100 108 
0 3 11 12 14 22 29 37 48 62 70 73 89 97 100 108 
0 5 13 19 33 40 41 47 54 60 67 74 84 89 96 103 
