0 3 6 11 16 21 24 34 39 40 44 68 76 95 100 105 
0 3 6 11 16 21 24 34 39 44 52 61 68 85 95 105 
0 3 6 11 16 21 24 34 39 44 61 68 76 95 100 105 
0 3 6 11 16 21 34 39 40 44 49 71 76 95 100 105 
0 3 6 11 16 21 34 39 40 44 68 71 76 95 100 105 
0 3 6 11 16 21 34 39 44 49 52 61 71 85 95 105 
0 3 6 11 16 21 34 39 44 49 61 71 76 95 100 105 
0 3 6 11 16 21 34 39 44 49 61 71 85 95 100 105 
0 3 6 11 16 21 34 39 44 52 61 68 71 85 95 105 
0 3 6 11 16 21 34 39 44 61 68 71 76 95 100 105 
0 3 6 11 16 21 34 39 44 61 68 71 85 95 100 105 
0 3 6 11 16 21 34 40 44 49 71 76 87 95 100 105 
0 3 6 11 16 21 34 40 44 68 71 76 87 95 100 105 
0 3 6 11 16 21 39 40 44 49 54 71 76 95 100 105 
0 3 6 11 16 21 39 44 49 54 61 71 76 95 100 105 
0 3 6 11 16 21 39 44 49 54 61 71 85 95 100 105 
0 3 6 11 21 24 34 40 44 53 63 68 76 87 95 100 
0 3 6 11 21 24 34 40 44 63 68 76 87 95 100 105 
0 3 6 11 21 34 40 44 63 68 71 76 87 95 100 105 
0 3 6 16 21 34 39 44 52 61 68 71 74 85 95 105 
0 3 6 16 21 39 44 49 54 58 61 71 76 95 100 105 
0 3 8 16 21 31 36 40 44 49 54 58 76 84 87 105 
0 3 8 16 21 31 36 40 44 54 58 76 84 87 97 105 
0 3 8 16 21 31 36 40 49 54 58 76 84 87 92 105 
0 3 8 16 21 31 36 40 54 58 76 84 87 92 97 105 
0 3 8 16 31 36 40 46 54 58 69 76 87 92 97 105 
0 3 8 16 31 36 40 49 54 58 69 76 84 87 92 105 
0 3 8 21 31 36 40 49 54 58 63 76 84 87 92 105 
0 3 8 21 31 36 40 53 54 58 63 76 84 87 92 97 
0 4 8 12 17 21 25 30 34 39 43 47 59 72 86 99 
0 4 8 12 17 21 25 30 34 43 47 59 72 86 99 103 
0 4 8 12 17 21 25 34 39 43 47 59 72 86 94 99 
0 4 8 12 17 21 25 34 43 47 59 72 86 94 99 103 
0 4 8 12 17 21 26 30 34 43 47 51 59 76 86 103 
0 4 8 12 17 21 26 34 43 51 59 76 83 86 94 103 
0 4 8 12 17 21 30 34 43 47 51 59 72 76 86 103 
0 4 8 12 17 21 30 34 43 47 59 72 76 86 99 103 
0 4 8 12 17 21 34 43 47 59 72 76 86 94 99 103 
0 4 9 12 17 25 30 39 43 52 54 69 82 86 95 99 
0 4 9 12 17 25 30 39 43 54 59 69 82 86 95 99 
0 4 9 12 25 30 35 39 43 52 54 64 69 82 86 95 
0 4 9 12 25 30 39 43 54 59 64 69 82 86 95 99 
0 4 12 17 21 25 30 34 43 47 59 72 82 86 99 103 
0 4 12 17 25 30 34 43 47 59 69 72 82 86 99 103 
0 4 12 17 25 30 39 43 54 59 69 72 82 86 95 99 
