0 1 5 17 22 33 38 40 50 57 64 76 81 85 90 97 102 109 
0 1 5 17 22 33 38 45 50 57 64 76 81 85 90 97 102 109 
0 1 6 17 22 33 38 45 50 57 64 76 81 85 90 97 102 109 
0 2 5 8 19 31 34 47 60 67 74 84 88 91 96 103 
0 2 9 14 26 28 30 37 42 57 64 81 84 86 93 98 
0 2 9 14 26 28 30 37 42 57 64 81 86 93 97 109 
0 2 9 14 26 28 30 37 42 57 64 81 86 93 98 109 
0 2 9 14 26 30 37 40 42 57 64 81 84 86 93 98 
0 2 9 14 26 30 37 40 42 57 64 81 86 93 97 109 
0 2 9 14 28 30 37 42 54 57 64 81 86 93 98 109 
0 2 9 14 30 37 40 42 54 57 64 81 84 86 93 98 
0 2 9 25 26 28 30 37 42 57 64 81 86 93 98 109 
0 3 10 15 31 38 40 43 54 58 65 70 84 87 94 99 
0 5 13 19 33 40 41 47 54 60 67 74 84 89 96 103 
0 1 5 17 22 33 38 40 50 57 64 76 81 85 90 97 102 109 
0 1 5 17 22 33 38 45 50 57 64 76 81 85 90 97 102 109 
0 1 6 17 22 33 38 45 50 57 64 76 81 85 90 97 102 109 
0 2 5 8 19 31 34 47 60 67 74 84 88 91 96 103 
0 2 9 14 26 28 30 37 42 57 64 81 84 86 93 98 
0 2 9 14 26 28 30 37 42 57 64 81 86 93 97 109 
0 2 9 14 26 28 30 37 42 57 64 81 86 93 98 109 
0 2 9 14 26 30 37 40 42 57 64 81 84 86 93 98 
0 2 9 14 26 30 37 40 42 57 64 81 86 93 97 109 
0 2 9 14 28 30 37 42 54 57 64 81 86 93 98 109 
0 2 9 14 30 37 40 42 54 57 64 81 84 86 93 98 
0 2 9 25 26 28 30 37 42 57 64 81 86 93 98 109 
0 3 10 15 31 38 40 43 54 58 65 70 84 87 94 99 
0 5 13 19 33 40 41 47 54 60 67 74 84 89 96 103 
