0 1 5 13 16 21 32 36 52 53 61 66 77 87 98 102 107 
0 1 5 13 16 21 32 36 52 53 61 66 77 87 98 103 107 
0 1 5 13 16 21 32 37 52 53 61 66 77 87 98 102 107 
0 1 5 13 17 21 32 36 52 53 61 66 77 87 98 102 107 
0 1 5 13 17 21 32 36 52 53 61 66 77 87 98 103 107 
0 1 5 13 17 21 32 37 52 53 61 66 77 87 98 102 107 
0 1 5 13 17 21 32 37 52 53 61 66 77 87 98 103 107 
0 1 5 16 20 26 32 36 52 53 61 65 70 87 98 102 107 
0 1 5 16 20 26 32 36 52 53 61 65 70 87 98 103 107 
0 1 5 16 20 26 32 37 52 53 61 65 70 87 98 102 107 
0 1 5 16 20 26 32 37 52 53 61 65 70 87 98 103 107 
0 1 5 16 20 26 32 37 52 53 61 66 70 87 98 102 107 
0 1 5 16 20 26 32 37 52 53 61 66 70 87 98 103 107 
0 1 5 16 20 26 36 52 53 61 65 70 86 91 98 102 107 
0 1 5 16 20 26 36 52 53 61 65 70 87 91 98 102 107 
0 1 5 16 21 26 32 37 52 53 61 66 70 87 98 103 107 
0 1 6 10 15 32 36 53 71 76 82 98 103 107 111 
0 1 8 20 25 26 28 32 36 48 53 57 62 74 81 87 98 103 
0 1 8 20 25 26 28 32 37 48 53 57 62 74 81 87 98 103 
0 1 8 20 25 26 28 32 37 48 57 62 74 81 87 94 98 103 
0 1 8 20 25 26 28 32 37 48 57 62 74 81 87 94 99 103 
0 1 8 20 25 26 28 36 48 53 57 62 74 81 86 91 98 103 
0 1 8 20 25 26 28 36 48 53 57 62 74 81 87 91 98 103 
0 1 8 20 25 26 32 37 48 52 53 57 62 74 81 87 98 103 
0 1 8 20 25 26 32 37 48 52 57 62 74 81 87 94 99 103 
0 1 8 20 25 26 36 48 52 53 57 62 74 81 87 91 98 103 
0 2 5 15 32 37 40 49 59 72 76 81 94 99 104 111 
0 3 8 15 20 26 32 37 40 42 64 81 87 99 104 109 
0 3 8 15 20 26 37 40 42 64 81 87 92 99 104 109 
0 3 8 15 20 26 37 42 47 57 64 81 87 92 104 109 
0 3 8 15 20 27 31 36 43 48 64 76 81 84 93 98 105 111 
0 3 8 15 20 27 32 36 43 48 64 76 81 84 93 98 105 111 
0 3 13 17 31 40 41 45 54 58 67 72 84 87 96 101 
0 5 10 19 24 33 38 47 52 58 67 72 84 87 96 101 
