0 1 5 8 20 24 31 45 49 73 77 81 83 94 99 103 107 
0 1 5 9 17 24 30 34 38 42 58 62 66 83 88 92 96 
0 1 5 9 17 25 30 34 38 42 58 62 66 83 88 92 96 
0 1 5 9 24 28 30 34 38 56 58 62 66 83 88 92 96 
0 1 5 9 24 28 30 34 38 56 58 62 77 83 88 92 96 
0 2 10 18 34 42 50 54 57 65 73 90 98 106 
0 3 13 17 31 40 41 45 54 58 67 72 84 87 96 101 
0 1 5 8 20 24 31 45 49 73 77 81 83 94 99 103 107 
0 1 5 9 17 24 30 34 38 42 58 62 66 83 88 92 96 
0 1 5 9 17 25 30 34 38 42 58 62 66 83 88 92 96 
0 1 5 9 24 28 30 34 38 56 58 62 66 83 88 92 96 
0 1 5 9 24 28 30 34 38 56 58 62 77 83 88 92 96 
0 2 10 18 34 42 50 54 57 65 73 90 98 106 
0 3 13 17 31 40 41 45 54 58 67 72 84 87 96 101 
