0 3 8 11 16 21 39 40 44 49 54 66 71 76 84 105 
0 3 8 11 16 21 39 40 44 49 54 71 76 84 87 105 
0 3 8 11 16 21 39 40 44 49 54 76 84 87 92 105 
0 3 8 11 16 21 39 40 44 49 61 66 71 76 84 105 
0 3 8 11 16 21 40 44 49 54 58 66 71 76 84 105 
0 3 8 11 16 21 40 44 49 54 58 71 76 84 87 105 
0 3 8 11 16 21 40 44 49 58 61 66 71 76 84 105 
0 3 8 11 16 21 40 49 54 58 63 66 71 76 84 105 
0 3 8 11 16 21 54 58 63 69 73 76 84 87 92 105 
0 3 8 16 21 31 39 40 44 49 54 66 71 76 84 105 
0 3 8 16 21 31 39 40 44 49 54 71 76 84 87 105 
0 3 8 16 21 31 39 40 44 49 54 84 87 92 97 105 
0 3 8 16 21 31 40 44 49 54 58 66 71 76 84 105 
0 3 8 16 21 31 40 44 49 54 58 71 76 84 87 105 
0 3 8 16 21 31 40 44 49 54 58 76 84 87 92 105 
0 3 8 16 21 31 40 49 54 58 63 71 76 84 87 105 
0 3 8 21 31 36 40 49 54 58 63 76 84 87 92 105 
