0 1 9 18 35 44 48 52 58 62 71 83 89 97 102 106 
0 1 9 18 35 44 48 52 58 62 71 84 89 97 102 106 
0 1 9 18 35 44 48 52 58 62 83 89 93 97 102 106 
0 1 9 18 35 44 48 52 58 62 84 89 93 97 102 106 
0 1 9 24 35 39 43 48 52 56 84 89 93 97 102 106 
0 1 9 24 35 39 43 48 52 62 84 89 93 97 102 106 
0 1 9 24 35 39 44 48 52 62 84 89 93 97 102 106 
0 1 9 35 39 44 48 52 58 62 71 84 89 97 102 106 
0 1 9 35 39 44 48 52 58 62 84 89 93 97 102 106 
0 2 6 10 15 19 23 28 30 34 49 59 63 67 72 76 
0 2 6 10 15 19 23 30 34 43 56 59 69 72 76 88 
0 2 6 10 15 19 23 30 34 49 59 63 67 72 76 88 
0 2 6 10 15 19 23 30 34 56 59 63 69 72 76 88 
0 2 6 11 15 19 23 28 30 34 49 59 63 67 72 76 
0 2 6 11 15 19 23 28 30 49 59 63 67 72 76 82 
0 2 6 11 15 19 23 30 34 43 56 59 69 72 76 88 
0 2 6 11 15 19 23 30 34 49 59 63 67 72 76 88 
0 2 6 11 15 19 23 30 34 49 59 63 69 72 76 88 
0 2 6 11 15 19 23 30 34 56 59 63 69 72 76 88 
0 2 6 11 15 19 23 30 49 59 63 67 72 76 82 88 
0 2 6 11 15 19 23 30 49 59 63 69 72 76 82 88 
0 2 6 11 15 19 24 30 34 39 43 56 69 72 76 88 
0 2 6 11 15 19 24 30 34 43 56 59 69 72 76 88 
0 2 6 11 15 19 24 30 39 40 56 64 69 72 82 99 
0 2 6 11 15 19 24 30 39 43 56 69 72 76 82 88 
0 2 6 11 15 19 24 30 40 56 59 64 69 72 82 99 
0 2 6 11 15 19 28 30 45 49 59 63 72 76 82 90 
0 2 6 11 15 19 28 30 45 49 59 63 72 82 90 99 
0 2 6 11 15 19 28 45 49 59 63 72 82 90 99 108 
0 2 6 11 15 19 30 40 45 49 59 63 72 82 90 99 
0 2 6 11 15 19 30 40 45 56 59 63 69 72 82 99 
0 2 6 11 15 19 30 40 45 56 59 64 69 72 82 99 
0 2 6 11 15 19 40 45 49 59 63 72 82 90 99 108 
0 2 6 11 15 19 40 45 56 59 63 69 72 82 99 108 
0 2 6 11 15 19 40 45 56 59 64 69 72 82 99 108 
0 2 6 11 15 20 24 30 39 40 56 64 69 72 82 99 
0 2 6 11 15 20 24 35 40 50 60 64 69 72 99 108 
0 2 6 11 15 24 40 50 53 60 64 69 72 82 99 108 
0 2 6 11 16 20 24 35 40 50 60 64 69 72 99 108 
0 2 10 18 34 42 50 54 57 65 73 90 98 106 
0 3 7 11 15 24 34 44 51 53 60 73 77 81 89 108 
