0 2 5 8 13 19 24 39 40 42 47 55 60 74 96 103 
0 3 6 11 18 34 39 40 46 54 61 66 73 84 95 102 
0 3 6 11 18 34 39 40 46 54 66 73 84 87 95 102 
0 3 6 11 18 39 40 46 54 58 61 66 73 84 95 102 
0 3 6 11 18 39 40 46 54 58 66 73 84 87 95 102 
0 3 6 11 18 39 46 54 58 66 73 78 84 87 95 102 
0 3 6 11 19 34 39 40 47 54 61 66 74 81 84 103 
0 3 6 11 19 34 39 40 47 54 66 74 81 84 87 103 
0 3 10 18 31 38 40 46 54 58 65 73 84 87 94 102 
0 3 11 18 31 39 40 46 54 58 66 73 84 87 95 102 
0 5 13 19 33 40 41 47 54 60 67 74 84 89 96 103 
