0 1 4 9 29 32 39 42 44 62 67 74 79 91 94 98 110 115 
0 1 6 13 17 32 44 48 59 62 74 79 88 94 101 106 
0 1 6 13 18 32 44 48 59 62 74 79 88 94 101 106 
0 1 6 13 20 28 30 33 44 57 62 65 72 92 95 108 
0 2 6 10 14 31 44 48 57 65 69 82 91 104 108 112 
0 2 6 10 23 31 44 48 57 61 65 69 82 91 104 108 
0 2 6 10 23 31 44 48 57 61 65 69 82 100 104 108 
0 2 9 14 21 29 32 39 42 44 62 67 74 79 93 98 105 110 
0 2 9 14 21 29 32 39 42 44 62 67 74 79 98 110 115 116 
0 2 9 14 21 29 32 39 42 44 62 69 74 93 98 102 105 110 
