0 1 5 9 13 17 21 49 53 57 60 64 68 73 76 113 
0 1 5 9 13 17 21 53 57 60 64 68 73 76 80 113 
0 1 5 9 13 17 21 54 57 60 64 68 73 76 80 114 
0 1 5 9 13 17 23 45 49 57 60 64 68 73 82 109 
0 1 5 9 13 17 23 49 57 60 64 68 73 76 82 109 
0 1 5 9 13 17 23 50 57 60 64 68 73 76 82 110 
0 1 5 9 13 17 23 50 57 60 64 68 73 76 110 114 
0 1 5 9 13 17 45 49 53 57 60 64 68 73 109 113 
0 1 5 9 13 17 49 53 57 60 64 68 73 76 109 113 
0 1 5 9 13 19 23 41 45 57 60 64 68 78 82 105 
0 1 5 9 13 19 23 45 57 60 64 68 73 78 82 105 
0 1 5 9 13 19 23 46 57 60 64 68 73 78 82 106 
0 1 5 9 13 19 23 46 57 60 64 68 73 82 106 110 
0 1 5 9 13 20 46 53 57 60 64 68 73 79 106 113 
0 1 5 9 13 23 41 45 49 57 60 64 68 82 105 109 
0 1 5 9 13 23 45 49 57 60 64 68 73 82 105 109 
0 1 5 9 13 23 46 50 57 60 64 68 73 82 106 110 
0 1 5 9 13 41 45 49 53 57 60 64 68 105 109 113 
0 1 5 9 13 45 49 53 57 60 64 68 73 105 109 113 
0 1 5 9 15 21 37 41 47 53 57 60 64 74 80 101 107 113 
0 1 5 9 15 21 37 41 47 54 57 60 64 74 80 101 107 114 
0 1 5 9 15 21 37 41 48 54 57 60 64 74 80 101 108 114 
0 1 5 9 15 21 41 47 53 57 60 64 68 74 80 101 107 113 
0 1 5 9 15 21 41 47 54 57 60 64 68 74 80 101 107 114 
0 1 5 9 15 21 41 48 54 57 60 64 68 74 80 101 108 114 
0 1 5 9 15 21 43 48 54 57 60 64 68 74 80 103 108 114 
0 1 5 9 16 20 43 53 57 60 64 68 75 79 103 113 
0 1 5 9 16 23 43 49 57 60 64 68 75 82 103 109 
0 1 5 9 19 23 37 41 45 57 60 64 78 82 101 105 
0 1 5 9 19 23 41 45 57 60 64 68 78 82 101 105 
0 1 5 9 23 41 45 49 57 60 64 68 82 101 105 109 
0 1 5 10 14 18 33 37 50 54 57 60 77 86 97 101 110 114 
0 1 5 10 14 20 33 37 47 53 57 60 79 86 97 101 107 113 
0 1 5 10 14 21 33 37 47 53 57 60 80 86 97 101 107 113 
0 1 5 10 14 33 37 50 54 57 60 77 82 86 97 101 106 110 
0 1 5 10 14 33 37 50 54 57 60 77 86 97 101 106 110 114 
0 1 5 11 15 21 33 37 47 53 56 57 60 70 80 97 107 113 
0 1 5 11 15 21 33 37 47 53 57 60 70 74 80 97 107 113 
0 1 5 11 15 21 33 37 47 54 57 60 70 74 80 97 107 114 
0 1 5 11 15 21 33 37 48 54 57 60 70 74 80 97 108 114 
0 1 5 11 15 21 37 47 53 56 57 60 64 70 80 97 107 113 
0 1 5 11 15 21 37 47 53 57 60 64 70 74 80 97 107 113 
0 1 5 11 15 21 37 47 54 56 57 60 64 70 80 97 107 114 
0 1 5 11 15 21 37 47 54 57 60 64 70 74 80 97 107 114 
0 1 5 11 15 21 37 48 54 57 60 64 70 74 80 97 108 114 
0 1 5 11 15 21 38 47 53 57 60 64 70 74 80 98 107 113 
0 1 5 11 15 21 38 47 54 57 60 64 70 74 80 98 107 114 
0 1 5 11 17 21 33 37 44 53 57 60 70 76 80 97 104 113 
0 1 5 11 17 21 33 37 44 54 57 60 70 76 80 97 104 114 
0 1 5 11 17 21 33 37 44 54 57 60 70 80 97 104 108 114 
0 1 5 11 17 21 33 37 49 53 56 57 60 70 76 97 113 116 
0 1 5 11 17 21 33 37 54 56 57 60 70 76 80 97 114 116 
0 1 5 11 17 21 37 44 53 57 60 64 70 76 80 97 104 113 
0 1 5 11 17 21 37 44 54 57 60 64 70 76 80 97 104 114 
0 1 5 11 17 21 37 49 53 56 57 60 64 70 76 97 113 116 
0 1 5 11 17 21 37 53 56 57 60 64 70 76 80 97 113 116 
0 1 5 11 17 21 37 54 56 57 60 64 70 76 80 97 114 116 
0 1 5 11 17 21 38 44 53 57 60 64 70 76 80 98 104 113 
0 1 5 11 17 23 33 37 44 50 57 60 70 76 97 104 110 114 
0 1 5 11 17 23 37 44 50 57 60 64 70 76 82 97 104 110 
0 1 5 11 17 23 37 49 56 57 60 64 70 76 82 97 109 116 
0 1 5 11 17 37 49 53 56 57 60 64 70 76 97 109 113 116 
0 1 5 11 18 33 37 44 50 54 57 60 70 77 97 104 110 114 
0 1 5 11 18 37 44 50 54 57 60 64 70 77 97 104 110 114 
0 1 5 11 20 37 47 53 56 57 60 64 70 79 97 107 113 116 
0 1 5 11 21 37 47 53 56 57 60 64 70 80 97 107 113 116 
0 1 5 12 16 23 38 49 57 60 64 71 75 82 98 109 
0 1 5 12 23 38 45 49 57 60 64 71 82 98 105 109 
0 1 5 14 18 33 37 41 50 54 57 60 77 86 97 101 110 114 
0 1 5 14 18 37 41 50 54 57 60 64 77 86 97 101 110 114 
0 1 5 14 20 33 37 41 47 53 57 60 79 86 97 101 107 113 
0 1 5 14 20 37 41 47 53 57 60 64 79 86 97 101 107 113 
0 1 5 14 21 33 37 41 47 53 57 60 80 86 97 101 107 113 
0 1 5 14 21 33 37 41 47 54 57 60 80 86 97 101 107 114 
0 1 5 14 21 37 41 47 53 57 60 64 80 86 97 101 107 113 
0 1 5 14 21 37 41 47 54 57 60 64 80 86 97 101 107 114 
0 1 5 15 21 37 41 47 53 57 60 64 74 80 97 101 107 113 
0 1 5 15 21 37 41 47 54 57 60 64 74 80 97 101 107 114 
0 1 7 11 15 21 34 47 53 57 60 66 70 74 80 94 107 113 
0 1 7 11 15 21 34 47 54 57 60 66 70 74 80 94 107 114 
0 1 7 11 20 34 47 53 56 57 60 66 70 79 94 107 113 116 
0 1 7 13 20 33 39 46 53 57 60 66 73 79 93 99 106 113 
0 1 7 13 20 33 40 46 53 57 60 66 73 79 93 100 106 113 
0 1 7 14 20 33 40 46 53 57 60 66 79 86 93 100 106 113 
0 1 10 14 18 33 37 46 50 54 57 60 69 86 93 97 110 114 
0 1 10 14 18 33 37 50 54 57 60 69 77 86 93 97 110 114 
0 1 10 14 33 37 46 50 54 57 60 69 86 93 97 106 110 114 
0 1 10 14 33 37 50 54 57 60 77 86 93 97 101 106 110 114 
