0 1 6 18 23 32 37 43 55 58 63 68 86 100 105 110 
0 1 6 18 23 32 37 43 55 58 63 68 86 101 106 111 
0 1 6 18 23 32 37 43 55 58 64 69 74 101 106 111 
0 1 6 18 23 32 37 50 55 58 63 68 86 100 105 110 
0 1 6 18 23 32 37 50 55 58 63 68 86 101 106 111 
0 1 13 18 23 32 37 50 55 58 63 68 86 100 105 110 
0 2 5 8 39 42 44 49 59 66 71 76 81 92 104 109 114 
0 2 7 12 17 22 39 44 49 57 61 66 71 76 81 99 104 109 
0 2 7 12 17 22 39 44 49 57 64 72 76 81 99 104 109 114 
0 2 7 12 17 22 39 44 49 57 66 71 76 81 99 104 109 114 
0 2 7 12 17 22 39 44 49 57 71 72 76 81 99 104 109 114 
0 2 7 12 17 22 39 44 49 66 71 76 81 94 99 104 109 114 
0 2 7 12 17 22 39 44 49 71 72 76 81 94 99 104 109 114 
0 5 10 15 20 26 32 37 43 47 64 69 72 74 92 97 103 107 
0 5 10 15 20 26 32 37 43 54 64 69 72 74 92 97 103 107 
0 5 10 15 26 32 37 43 47 57 64 69 72 74 92 97 103 107 
