0 1 5 9 17 20 36 40 44 48 52 60 69 89 96 104 108 112 
0 1 5 9 17 20 36 44 48 52 60 69 76 89 96 104 108 112 
0 1 5 17 20 36 40 44 48 52 60 69 89 92 96 104 108 112 
0 1 9 17 20 36 40 44 48 52 58 60 69 89 96 104 108 112 
0 3 7 11 15 19 23 27 31 43 46 62 66 70 74 88 110 114 
0 3 7 11 15 19 23 27 31 43 46 66 70 74 88 99 110 114 
0 3 7 11 15 19 23 27 31 43 62 66 70 74 82 88 110 114 
0 3 7 11 15 19 23 27 31 43 62 66 70 74 82 95 110 114 
0 3 7 11 15 19 23 27 31 43 66 70 74 82 88 99 110 114 
0 3 7 11 15 19 23 27 31 46 57 62 66 70 74 78 88 114 
0 3 7 11 15 19 23 27 31 46 57 66 70 74 78 88 99 114 
0 3 7 11 15 19 23 27 31 46 62 66 70 74 78 88 110 114 
0 3 7 11 15 19 23 27 31 57 62 66 70 74 78 82 88 91 
0 3 7 11 15 19 23 27 31 57 62 66 70 74 78 82 88 114 
0 3 7 11 15 19 23 27 31 57 62 66 70 74 78 82 95 114 
0 3 7 11 15 19 23 27 31 57 66 70 74 78 82 88 91 99 
0 3 7 11 15 19 23 27 31 57 66 70 74 78 82 91 95 99 
0 3 7 11 15 19 23 27 31 66 70 74 78 82 88 91 99 110 
0 3 7 11 15 19 23 35 54 57 62 66 70 74 78 82 95 114 
