0 1 4 11 15 20 25 32 39 44 49 53 67 77 89 92 106 
0 1 4 12 15 23 30 38 41 42 49 52 67 78 89 94 105 
0 1 6 10 15 20 34 39 44 48 55 57 62 67 73 92 101 
0 1 6 10 15 20 34 39 44 48 57 62 67 73 92 101 106 
0 1 6 10 15 20 34 39 44 48 62 67 73 76 92 101 106 
0 1 6 10 15 20 34 39 44 48 62 67 73 77 92 101 106 
0 1 6 10 15 30 34 39 44 55 57 62 67 73 92 101 102 
0 1 6 10 15 30 34 39 44 57 62 67 73 92 101 102 106 
0 1 6 11 15 20 25 39 44 48 53 67 73 77 92 101 106 
0 1 6 11 15 20 34 39 44 48 53 67 73 77 92 101 106 
0 1 6 11 15 20 34 39 44 48 62 67 73 77 92 101 106 
0 1 6 11 15 20 34 39 44 48 63 67 73 77 92 101 106 
0 1 6 20 28 32 35 44 48 57 62 65 72 73 90 93 
0 1 10 15 20 24 28 38 48 56 62 73 76 91 101 105 115 
0 1 10 15 20 24 38 48 56 62 67 73 76 91 101 105 115 
0 1 10 15 20 34 38 48 55 56 62 67 73 76 91 101 115 
0 1 10 15 20 34 38 48 56 62 67 73 76 91 101 105 115 
0 1 10 15 20 34 38 48 56 62 67 73 76 91 101 106 115 
0 1 10 15 20 34 39 44 48 62 67 73 76 92 101 106 115 
0 1 10 15 20 34 39 48 56 62 67 73 76 91 101 106 115 
0 1 10 15 20 34 39 48 56 62 67 73 76 92 101 106 115 
0 2 6 10 19 23 31 40 44 48 57 61 65 82 104 108 
0 2 6 10 19 23 40 44 48 57 61 65 82 100 104 108 
0 2 6 10 23 31 44 48 57 61 65 69 82 91 104 108 
0 3 7 12 24 28 31 36 41 52 59 64 69 72 94 98 115 
0 3 7 12 24 28 31 36 41 59 64 69 72 94 98 115 116 
0 3 8 12 22 28 36 41 46 50 59 64 69 74 94 99 116 
0 3 8 12 22 28 36 41 46 59 60 64 69 74 94 99 116 
0 3 8 12 24 28 31 36 41 48 59 60 64 69 94 115 116 
0 3 8 12 24 28 31 36 41 52 59 64 69 72 94 98 115 
0 3 8 12 24 28 31 36 41 59 60 64 69 94 98 115 116 
0 3 8 12 24 28 31 36 41 59 60 64 69 94 99 115 116 
0 3 8 12 24 28 31 36 41 59 64 69 72 94 98 115 116 
0 3 8 13 20 24 27 31 36 41 48 53 59 60 65 94 115 
0 3 8 13 20 24 27 32 36 41 48 53 59 60 65 94 115 
0 3 8 13 20 24 27 32 36 41 53 59 60 65 94 99 115 
0 3 8 13 20 25 27 32 36 41 48 53 59 60 65 94 115 
0 3 8 13 20 25 27 32 36 41 53 59 60 65 94 99 115 
0 3 8 13 20 25 27 32 37 41 48 59 60 65 94 104 115 
0 3 8 13 20 25 27 32 37 41 48 60 65 79 94 104 115 
0 3 8 13 20 25 27 32 37 41 48 60 65 90 94 104 115 
0 3 8 13 20 25 27 32 37 41 53 59 60 65 94 99 115 
0 3 8 13 20 25 27 32 37 41 53 60 65 90 94 99 115 
0 3 8 13 20 25 27 32 37 41 59 60 65 94 99 104 115 
0 3 8 13 20 25 27 32 37 41 60 65 79 94 99 104 115 
0 3 8 13 20 25 27 32 37 41 60 65 90 94 99 104 115 
0 3 8 13 20 27 32 36 41 53 59 60 65 74 94 99 115 
0 3 8 13 20 27 32 36 41 59 60 65 74 94 99 104 115 
0 3 8 13 20 27 32 37 41 59 60 65 74 94 99 104 115 
0 3 8 13 24 27 31 36 41 53 59 60 65 69 94 99 115 
0 3 8 13 24 27 32 36 41 53 59 60 65 69 94 99 115 
0 3 8 13 24 27 32 36 41 53 59 60 65 70 94 99 115 
0 3 8 13 24 28 31 36 41 53 59 60 65 69 94 99 115 
0 3 8 13 24 28 31 36 41 59 60 64 69 94 99 115 116 
0 3 8 13 25 27 32 36 41 53 59 60 65 70 94 99 115 
0 3 8 13 25 27 32 37 41 53 59 60 65 70 94 99 115 
0 3 8 13 25 27 32 37 41 53 60 65 70 90 94 99 115 
0 3 8 13 27 32 36 41 53 59 60 65 69 74 94 99 115 
0 3 8 13 27 32 36 41 53 59 60 65 70 74 94 99 115 
