0 1 4 9 14 32 50 55 68 78 86 92 97 105 110 115 
0 1 4 10 17 24 41 48 55 66 72 80 91 98 104 107 112 
0 1 5 9 13 17 21 25 29 44 48 62 66 70 74 88 114 
0 1 5 9 13 17 21 25 29 44 62 66 70 74 82 88 114 
0 1 5 9 13 17 21 25 29 48 59 62 66 70 74 78 88 
0 1 5 9 13 17 21 25 29 48 62 66 70 74 78 88 114 
0 1 5 9 13 17 21 25 29 59 62 66 70 74 78 82 88 
0 1 5 9 13 17 21 25 29 59 62 66 70 74 78 82 93 
0 1 5 9 13 17 21 25 29 59 66 70 74 78 82 93 97 
0 1 5 9 13 17 21 25 31 44 48 62 66 70 74 88 114 
0 1 5 9 13 17 21 25 31 44 62 66 70 74 82 88 114 
0 1 5 9 13 17 21 25 31 44 62 70 74 82 88 101 114 
0 1 5 9 13 17 21 25 31 48 62 66 70 74 78 88 114 
0 1 5 9 13 17 21 25 31 62 70 74 78 82 93 101 114 
0 1 5 9 13 17 21 25 31 70 74 78 82 93 97 101 114 
0 1 5 9 13 17 21 29 48 59 62 66 70 74 78 88 110 
0 1 5 9 13 17 21 31 48 59 62 66 70 74 78 88 110 
0 1 9 14 19 32 37 50 55 68 78 86 92 97 110 115 
0 1 9 14 19 32 37 50 55 78 86 92 97 103 110 115 
0 2 9 14 21 25 31 38 50 67 74 78 92 97 104 115 
0 2 9 16 23 33 40 47 54 64 71 78 88 90 97 104 110 
0 2 9 16 23 33 40 47 54 64 71 78 88 90 97 104 111 
0 2 9 16 23 33 40 47 54 64 71 78 88 90 97 110 116 
0 2 9 16 23 33 40 47 54 64 71 78 88 90 97 111 116 
0 2 9 16 23 33 40 47 54 64 71 79 88 90 97 104 111 
0 2 9 16 23 33 40 47 54 64 71 79 88 90 97 111 116 
0 2 9 16 23 33 40 47 54 64 73 78 88 90 97 104 110 
0 2 9 16 23 33 40 47 54 64 73 78 88 90 97 104 111 
0 2 9 16 23 33 40 47 54 65 71 78 88 90 97 104 110 
0 2 9 16 23 33 40 47 54 65 71 78 88 90 97 104 111 
0 2 9 16 23 33 40 47 54 65 73 78 88 90 97 104 111 
0 2 9 16 23 33 40 47 54 65 73 79 88 90 97 104 111 
0 4 9 14 22 32 45 50 57 63 68 81 86 92 105 110 
