0 1 4 15 20 34 43 45 53 67 73 83 93 96 101 106 111 114 
0 2 5 10 13 18 21 30 35 56 60 68 81 86 91 99 107 112 
0 2 5 10 13 18 21 30 35 56 60 68 81 86 99 107 112 115 
0 2 5 10 13 18 21 30 35 60 68 78 81 86 91 99 107 112 
0 2 5 10 13 18 23 29 30 35 56 60 68 81 86 91 99 112 
0 2 5 10 13 18 23 29 30 35 56 60 68 81 86 99 112 115 
0 2 5 10 13 18 23 29 30 35 56 60 81 86 91 99 104 112 
0 2 5 10 13 18 23 29 30 35 56 60 81 86 99 104 112 115 
0 2 5 10 13 18 23 29 30 35 60 68 78 81 86 91 99 112 
0 2 5 10 13 18 23 29 30 35 60 78 81 86 91 99 104 112 
0 2 5 10 13 18 23 29 30 56 60 70 81 86 91 99 104 112 
0 2 5 10 13 18 23 29 30 56 60 70 81 86 99 104 112 115 
0 2 5 10 13 18 23 29 35 56 60 65 68 81 86 91 99 112 
0 2 5 10 13 18 23 29 35 56 60 65 68 81 86 99 112 115 
0 2 5 10 13 18 23 29 35 56 60 65 81 86 91 99 104 112 
0 2 5 10 13 18 23 29 35 56 60 65 81 86 99 104 112 115 
0 2 5 10 13 18 23 29 35 60 65 68 78 81 86 91 99 112 
0 2 5 10 13 18 23 29 35 60 65 78 81 86 91 99 104 112 
0 2 5 10 13 18 23 29 56 60 65 70 81 86 91 99 104 112 
0 2 5 10 13 18 23 29 56 60 65 70 81 86 99 104 112 115 
0 2 5 10 13 18 23 29 60 65 70 78 81 86 91 99 104 112 
0 2 5 10 13 18 23 32 35 56 60 65 81 86 91 99 104 112 
0 2 5 10 13 18 23 32 35 56 60 65 81 86 99 104 112 115 
0 2 5 10 13 18 23 32 35 60 65 78 81 86 91 99 104 112 
0 2 5 10 13 18 23 32 56 60 65 70 81 86 91 99 104 112 
0 2 5 10 13 18 23 32 56 60 65 70 81 86 99 104 112 115 
0 2 5 10 13 18 23 32 60 65 70 78 81 86 91 99 104 112 
0 2 5 10 13 18 29 30 35 56 60 68 81 86 91 99 107 112 
0 2 5 10 13 18 29 30 35 56 60 68 81 86 99 107 112 115 
0 2 5 10 13 18 29 30 35 56 60 81 86 91 99 104 107 112 
0 2 5 10 13 18 29 30 35 56 60 81 86 99 104 107 112 115 
0 2 5 10 13 18 29 35 56 60 65 68 81 86 91 99 107 112 
0 2 5 10 13 18 29 35 56 60 65 68 81 86 99 107 112 115 
0 2 5 10 13 20 23 32 53 56 60 65 70 81 86 91 99 112 
0 2 5 10 13 20 23 32 53 56 60 65 70 81 86 99 112 115 
0 2 5 10 13 20 23 32 53 60 65 70 78 81 86 91 99 112 
0 2 5 10 13 23 29 35 53 56 60 65 81 86 91 99 104 112 
0 2 5 10 13 23 29 35 53 56 60 65 81 86 99 104 112 115 
0 2 5 10 13 23 29 53 56 60 65 70 81 86 99 104 112 115 
0 2 5 10 13 23 32 35 53 56 60 65 81 86 91 99 104 112 
0 2 5 10 13 23 32 35 53 56 60 65 81 86 99 104 112 115 
0 2 5 10 13 23 32 35 53 60 65 78 81 86 91 99 104 112 
0 2 5 10 13 23 32 53 56 60 65 70 81 86 91 99 104 112 
0 2 5 10 13 23 32 53 56 60 65 70 81 86 99 104 112 115 
0 2 5 10 13 23 32 53 60 65 70 78 81 86 91 99 104 112 
0 2 5 10 15 18 23 29 35 48 56 60 65 68 81 86 91 112 
0 2 5 10 15 18 23 29 35 48 56 60 65 68 81 86 112 115 
0 2 5 10 15 18 23 29 35 48 56 60 65 81 86 91 104 112 
0 2 5 10 15 18 23 29 35 48 56 60 65 81 86 104 112 115 
0 2 5 10 15 18 23 29 35 48 56 60 65 86 91 102 104 112 
0 2 5 10 15 18 23 29 35 48 56 65 68 81 86 91 96 112 
0 2 5 10 15 18 23 29 35 48 56 65 68 81 86 96 112 115 
0 2 5 10 15 18 23 29 35 48 56 65 68 86 91 96 102 112 
0 2 5 10 15 18 23 29 35 48 56 65 81 86 91 96 104 112 
0 2 5 10 15 18 23 29 35 48 56 65 81 86 96 104 112 115 
0 2 5 10 15 18 23 29 35 48 60 65 68 78 81 86 91 112 
0 2 5 10 15 18 23 29 35 48 60 65 78 81 86 91 104 112 
0 2 5 10 15 18 23 29 35 48 65 68 78 81 86 91 96 112 
0 2 5 10 15 18 23 29 35 48 65 68 78 86 91 96 102 112 
0 2 5 10 15 18 23 29 35 56 65 68 83 86 91 96 102 112 
0 2 5 10 15 18 23 29 35 65 68 78 83 86 91 96 102 112 
0 2 5 10 15 18 23 32 35 48 56 60 65 81 86 91 104 112 
0 2 5 10 15 18 23 32 35 48 56 60 65 81 86 104 112 115 
0 2 5 10 15 18 23 32 35 48 56 60 65 86 91 102 104 112 
0 2 5 10 15 18 23 32 35 48 56 65 81 86 91 96 104 112 
0 2 5 10 15 18 23 32 35 48 56 65 81 86 96 104 112 115 
0 2 5 10 15 18 23 32 35 48 56 65 86 91 96 102 104 112 
0 2 5 10 15 18 23 32 35 48 60 65 78 81 86 91 104 112 
0 2 5 10 15 18 23 32 35 48 60 65 78 86 91 102 104 112 
0 2 5 10 15 18 23 32 35 48 65 78 86 91 96 102 104 112 
0 2 5 10 15 18 23 32 48 56 60 65 70 81 86 91 104 112 
0 2 5 10 15 18 23 32 48 56 60 65 70 81 86 104 112 115 
0 2 5 10 15 18 23 32 48 56 60 65 70 86 91 102 104 112 
0 2 5 10 15 18 23 32 48 56 65 70 81 86 91 96 104 112 
0 2 5 10 15 18 23 32 48 56 65 70 81 86 96 104 112 115 
0 2 5 10 15 18 23 32 48 56 65 70 86 91 96 102 104 112 
0 2 5 10 15 18 23 32 48 60 65 70 78 81 86 91 104 112 
0 2 5 10 15 18 23 32 48 65 70 78 86 91 96 102 104 112 
0 2 5 10 15 18 23 32 56 65 70 83 86 91 96 102 104 112 
0 2 5 10 15 20 23 32 48 53 56 60 65 70 81 86 91 112 
0 2 5 10 15 20 23 32 48 53 56 60 65 70 81 86 112 115 
0 2 5 10 15 20 23 32 48 53 56 60 70 81 86 91 101 112 
0 2 5 10 15 20 23 32 48 53 56 60 70 81 86 101 112 115 
0 2 5 10 15 20 23 32 48 53 56 60 70 86 91 101 102 112 
0 2 5 10 15 20 23 32 48 53 56 65 70 81 86 91 96 112 
0 2 5 10 15 20 23 32 48 53 56 65 70 81 86 96 112 115 
0 2 5 10 15 20 23 32 48 53 56 65 70 86 91 96 102 112 
0 2 5 10 15 20 23 32 48 53 56 70 81 86 91 96 101 112 
0 2 5 10 15 20 23 32 48 53 56 70 81 86 96 101 112 115 
0 2 5 10 15 20 23 32 48 53 56 70 86 91 96 101 102 112 
0 2 5 10 15 20 23 32 48 53 60 65 70 78 81 86 91 112 
0 2 5 10 15 20 23 32 48 53 60 70 78 81 86 91 101 112 
0 2 5 10 15 20 23 32 48 53 60 70 78 86 91 101 102 112 
0 2 5 10 15 20 23 32 48 53 65 70 78 86 91 96 102 112 
0 2 5 10 15 23 29 35 48 53 56 60 65 81 86 91 104 112 
0 2 5 10 15 23 29 35 48 53 56 60 65 81 86 104 112 115 
0 2 5 10 15 23 29 35 48 53 56 60 65 86 91 102 104 112 
0 2 5 10 15 23 29 35 48 53 56 65 81 86 91 96 104 112 
0 2 5 10 15 23 29 35 48 53 56 65 81 86 96 104 112 115 
0 2 5 10 15 23 29 35 53 56 65 83 86 91 96 102 104 112 
0 2 5 10 15 23 29 48 53 56 60 65 70 81 86 91 104 112 
0 2 5 10 15 23 29 48 53 56 65 70 81 86 91 96 104 112 
0 2 5 10 15 23 29 48 53 56 65 70 81 86 96 104 112 115 
0 2 5 10 15 23 29 48 53 56 65 70 86 91 96 102 104 112 
0 2 5 10 15 23 29 53 56 65 70 83 86 91 96 102 104 112 
0 2 5 10 15 23 32 35 48 53 56 60 65 81 86 91 104 112 
0 2 5 10 15 23 32 35 48 53 56 60 65 81 86 104 112 115 
0 2 5 10 15 23 32 35 48 53 56 60 65 86 91 102 104 112 
0 2 5 10 15 23 32 35 48 53 56 60 81 86 91 101 104 112 
0 2 5 10 15 23 32 35 48 53 56 60 81 86 101 104 112 115 
0 2 5 10 15 23 32 35 48 53 56 60 86 91 101 102 104 112 
0 2 5 10 15 23 32 35 48 53 56 65 86 91 96 102 104 112 
0 2 5 10 15 23 32 35 48 53 56 86 91 96 101 102 104 112 
0 2 5 10 15 23 32 35 48 53 60 65 78 86 91 102 104 112 
0 2 5 10 15 23 32 35 48 53 60 78 86 91 101 102 104 112 
0 2 5 10 15 23 32 35 48 53 65 78 86 91 96 102 104 112 
0 2 5 10 15 23 32 35 48 53 78 86 91 96 101 102 104 112 
0 2 5 10 15 23 32 48 53 56 60 65 70 81 86 91 104 112 
0 2 5 10 15 23 32 48 53 56 60 70 81 86 91 101 104 112 
0 2 5 10 15 23 32 48 53 56 60 70 81 86 101 104 112 115 
0 2 5 10 15 23 32 48 53 56 60 70 86 91 101 102 104 112 
0 2 5 10 15 23 32 48 53 56 65 70 81 86 91 96 104 112 
0 2 5 10 15 23 32 48 53 56 65 70 81 86 96 104 112 115 
0 2 5 10 15 23 32 48 53 56 65 70 86 91 96 102 104 112 
0 2 5 10 15 23 32 48 53 56 70 81 86 91 96 101 104 112 
0 2 5 10 15 23 32 48 53 56 70 81 86 96 101 104 112 115 
0 2 5 10 15 23 32 48 53 56 70 86 91 96 101 102 104 112 
0 2 5 10 15 23 32 48 53 60 70 78 81 86 91 101 104 112 
0 2 5 10 15 23 32 48 53 60 70 78 86 91 101 102 104 112 
0 2 5 10 15 23 32 48 53 65 70 78 86 91 96 102 104 112 
0 2 5 10 15 23 32 53 56 65 70 83 86 91 96 102 104 112 
0 2 5 10 15 23 32 53 56 70 83 86 91 96 101 102 104 112 
0 2 5 10 18 21 30 35 48 56 60 68 81 86 91 99 107 112 
0 2 5 10 18 21 30 35 48 56 60 68 81 86 99 107 112 115 
0 2 5 10 18 21 30 35 48 56 68 81 86 91 96 99 107 112 
0 2 5 10 18 21 30 35 48 56 68 81 86 96 99 107 112 115 
0 2 5 10 18 21 30 35 48 56 68 86 91 96 99 102 107 112 
0 2 5 10 18 21 30 35 48 68 78 86 91 96 99 102 107 112 
0 2 5 10 18 23 29 30 35 48 56 60 68 81 86 91 99 112 
0 2 5 10 18 23 29 30 35 48 56 60 68 81 86 99 112 115 
0 2 5 10 18 23 29 30 35 48 56 60 68 86 91 99 102 112 
0 2 5 10 18 23 29 30 35 48 56 60 81 86 91 99 104 112 
0 2 5 10 18 23 29 30 35 48 56 60 81 86 99 104 112 115 
0 2 5 10 18 23 29 30 35 48 56 60 86 91 99 102 104 112 
0 2 5 10 18 23 29 30 35 48 56 68 81 86 96 99 112 115 
0 2 5 10 18 23 29 30 35 48 56 68 86 91 96 99 102 112 
0 2 5 10 18 23 29 30 35 48 56 81 86 91 96 99 104 112 
0 2 5 10 18 23 29 30 35 48 60 68 78 86 91 99 102 112 
0 2 5 10 18 23 29 30 35 48 60 78 86 91 99 102 104 112 
0 2 5 10 18 23 29 30 35 48 68 78 86 91 96 99 102 112 
0 2 5 10 18 23 29 30 48 56 60 70 86 91 99 102 104 112 
0 2 5 10 18 23 29 30 48 60 70 78 86 91 99 102 104 112 
0 2 5 10 18 23 29 35 48 56 60 65 68 81 86 91 99 112 
0 2 5 10 18 23 29 35 48 56 60 65 81 86 91 99 104 112 
0 2 5 10 18 23 29 35 48 60 65 78 81 86 91 99 104 112 
0 2 5 10 18 23 29 35 48 65 78 81 86 91 96 99 104 112 
0 2 5 10 18 29 30 35 48 68 78 86 91 96 99 102 107 112 
0 2 5 10 20 23 32 48 53 56 65 70 81 86 96 99 112 115 
0 2 5 13 18 23 32 35 56 60 65 81 86 91 94 99 104 112 
0 2 5 13 18 23 32 56 60 65 70 81 86 91 94 99 104 112 
0 2 5 13 20 23 32 53 56 60 65 70 81 86 91 94 99 112 
0 2 5 13 20 23 32 53 56 60 65 70 81 86 94 99 112 115 
0 2 5 13 23 32 35 53 56 60 65 81 86 91 94 99 104 112 
0 2 5 13 23 32 35 53 56 60 65 81 86 94 99 104 112 115 
0 2 5 13 23 32 53 56 60 65 70 81 86 94 99 104 112 115 
0 2 5 15 18 23 29 35 45 48 65 78 86 91 96 102 104 112 
0 2 5 15 18 23 32 35 45 48 65 78 86 91 96 102 104 112 
0 2 5 15 18 23 32 35 48 56 60 65 81 86 91 94 104 112 
0 2 5 15 20 23 32 48 53 56 60 70 81 86 91 94 101 112 
0 2 5 15 20 23 32 48 53 56 60 70 81 86 94 101 112 115 
0 2 5 15 23 29 35 48 53 56 60 65 81 86 94 104 112 115 
0 2 5 15 23 32 35 48 53 56 60 65 81 86 91 94 104 112 
0 2 5 15 23 32 35 48 53 56 60 65 81 86 94 104 112 115 
0 2 5 15 23 32 35 48 53 56 60 81 86 91 94 101 104 112 
0 2 5 15 23 32 35 48 53 56 60 81 86 94 101 104 112 115 
0 2 5 15 23 32 48 53 56 60 70 81 86 91 94 101 104 112 
0 2 5 15 29 35 48 53 56 60 65 81 86 94 104 107 112 115 
0 2 5 18 23 32 35 48 56 60 65 81 86 91 94 99 104 112 
0 2 7 10 15 18 23 29 35 48 58 65 68 75 78 96 102 109 
