0 1 5 9 13 18 23 31 35 57 60 64 68 73 77 82 91 95 
0 1 5 9 13 18 23 31 55 57 60 64 68 73 77 82 91 115 
0 1 5 9 13 18 23 31 55 57 60 64 68 77 82 86 91 115 
0 1 5 9 13 18 31 35 43 57 60 64 68 73 77 91 95 103 
0 1 5 9 13 18 31 35 43 57 64 68 72 73 77 91 95 103 
0 1 5 9 13 18 31 43 55 57 60 64 68 73 77 91 103 115 
0 1 5 9 13 18 31 43 55 57 60 64 68 77 86 91 103 115 
0 1 5 9 13 18 31 43 55 57 64 68 72 73 77 91 103 115 
0 1 5 9 13 18 31 43 55 57 64 68 72 77 86 91 103 115 
0 1 5 9 13 23 31 38 55 57 60 64 68 73 82 91 98 115 
0 1 5 9 13 23 31 38 55 57 60 64 68 82 86 91 98 115 
0 1 5 9 13 31 38 43 55 57 60 64 68 73 91 98 103 115 
0 1 5 9 13 31 38 43 55 57 60 64 68 86 91 98 103 115 
0 1 5 9 14 18 23 31 36 57 60 64 68 77 82 86 91 96 
0 1 5 9 14 18 23 36 51 57 60 64 68 77 82 86 96 111 
0 1 5 9 14 18 23 36 51 57 60 64 68 78 82 86 96 111 
0 1 5 9 14 18 23 36 51 57 60 64 69 77 82 86 96 111 
0 1 5 9 14 18 23 36 51 57 60 64 69 78 82 86 96 111 
0 1 5 9 14 18 23 51 55 57 60 64 68 77 82 86 111 115 
0 1 5 9 14 18 23 51 55 57 60 64 69 77 82 86 111 115 
0 1 5 9 14 18 31 36 43 57 60 64 68 77 86 91 96 103 
0 1 5 9 14 18 31 43 55 57 60 64 68 77 86 91 103 115 
0 1 5 9 14 18 31 43 55 57 64 68 72 73 77 91 103 115 
0 1 5 9 14 18 31 43 55 57 64 68 72 77 86 91 103 115 
0 1 5 9 14 18 36 43 51 57 60 64 68 77 86 96 103 111 
0 1 5 9 14 18 36 43 51 57 60 64 69 77 86 96 103 111 
0 1 5 9 14 18 43 51 55 57 60 64 68 77 86 103 111 115 
0 1 5 9 14 18 43 51 55 57 64 69 72 77 86 103 111 115 
0 1 5 9 14 19 23 36 51 57 60 64 68 78 82 86 96 111 
0 1 5 9 14 23 31 38 55 57 60 64 68 82 86 91 98 115 
0 1 5 9 14 23 38 51 55 57 60 64 68 82 86 98 111 115 
0 1 5 9 14 23 38 51 55 57 60 64 69 82 86 98 111 115 
0 1 5 9 14 31 38 43 55 57 60 64 68 86 91 98 103 115 
0 1 5 9 16 23 31 38 53 57 60 64 68 75 82 91 98 113 
0 1 5 9 16 23 33 38 51 57 60 64 68 75 82 93 98 111 
0 1 5 9 16 23 33 38 51 57 60 64 68 75 82 94 98 111 
0 1 5 9 16 23 33 38 51 57 60 64 69 75 82 94 98 111 
0 1 5 9 16 23 34 38 51 57 60 64 68 75 82 94 98 111 
0 1 5 9 16 23 34 38 51 57 60 64 69 75 82 94 98 111 
0 1 5 9 16 31 38 43 53 57 60 64 68 75 91 98 103 113 
0 1 5 9 16 33 38 43 51 57 60 64 68 75 93 98 103 111 
0 1 5 9 16 33 38 43 51 57 60 64 68 75 94 98 103 111 
0 1 5 9 16 33 38 43 51 57 60 64 69 75 94 98 103 111 
0 1 5 9 16 34 38 43 51 57 60 64 68 75 94 98 103 111 
0 1 5 9 18 23 33 51 55 57 60 64 68 77 82 93 111 115 
0 1 5 9 23 33 38 51 55 57 60 64 68 82 93 98 111 115 
0 1 5 10 14 23 38 51 55 57 60 64 69 82 86 98 111 115 
0 1 5 10 16 23 34 38 51 57 60 64 69 75 82 94 98 111 
0 1 5 10 18 23 35 52 57 60 64 69 77 82 95 112 
0 1 5 10 18 35 43 52 57 60 64 69 77 95 103 112 
0 1 5 10 18 35 43 52 57 64 69 72 77 95 103 112 
0 1 5 12 16 23 34 38 49 57 60 64 71 75 82 94 98 109 
0 1 5 12 18 36 43 49 53 57 60 64 71 77 96 103 109 113 
0 1 5 14 18 31 36 43 49 57 60 64 77 86 91 96 103 109 
0 1 5 14 18 31 36 43 49 57 60 64 77 86 92 96 103 109 
0 1 5 14 18 32 36 43 49 57 60 64 77 86 92 96 103 109 
0 2 9 13 20 31 37 42 44 55 61 68 73 79 91 97 104 115 
0 2 9 13 20 31 37 44 55 57 61 68 73 79 91 97 104 115 
0 2 9 13 20 31 37 44 55 57 62 68 73 79 91 97 104 115 
0 2 9 13 20 31 38 44 55 57 62 68 73 79 91 97 104 115 
0 2 9 14 19 29 31 42 44 61 68 78 86 89 91 104 
0 2 9 14 19 29 31 44 57 61 68 78 86 89 91 104 
0 2 9 14 19 29 42 44 51 61 68 78 86 89 104 111 
0 2 9 14 19 29 44 51 57 61 68 78 86 89 104 111 
0 2 9 14 19 29 44 51 57 61 69 78 86 89 104 111 
0 2 9 14 19 31 36 44 57 61 68 78 86 91 96 104 
0 2 9 14 19 36 42 44 51 61 68 78 86 96 104 111 
0 2 9 14 19 36 44 51 57 61 68 78 86 96 104 111 
0 2 9 14 20 31 38 44 55 57 62 68 73 79 91 97 104 115 
0 2 9 14 29 31 39 42 44 61 68 86 89 91 99 104 
0 2 9 14 29 31 39 44 57 61 68 86 89 91 99 104 
0 2 9 14 29 39 42 44 51 61 68 86 89 99 104 111 
0 2 9 14 29 39 44 51 57 61 68 86 89 99 104 111 
0 2 9 17 34 39 44 51 57 61 68 76 94 99 104 111 
0 2 9 17 34 39 44 51 57 61 69 76 94 99 104 111 
0 2 9 20 33 37 42 44 50 55 61 68 79 93 97 104 111 115 
0 2 9 20 33 37 44 51 55 57 61 68 79 93 97 104 111 115 
0 2 9 29 34 39 44 51 57 61 68 89 94 99 104 111 
0 2 10 14 19 29 32 44 57 61 69 74 78 89 92 104 
0 2 10 14 19 29 32 44 57 61 69 78 86 89 92 104 
0 2 10 15 29 32 39 44 57 61 69 74 89 92 99 104 
0 2 10 17 32 39 44 54 57 61 69 76 92 99 104 114 
0 2 12 17 34 39 44 49 57 61 71 76 94 99 104 109 
0 2 12 29 34 39 44 49 57 61 71 89 94 99 104 109 
0 3 9 13 20 31 37 42 44 55 61 68 79 86 91 98 104 115 
0 3 9 14 20 31 38 44 55 57 62 68 79 86 91 98 104 115 
0 5 10 15 20 32 37 43 57 64 69 74 79 92 97 103 
0 5 10 15 26 32 37 43 57 64 69 72 74 92 97 103 
