0 1 6 11 16 21 30 40 42 45 50 66 69 89 91 96 106 111 
0 1 6 11 16 21 30 40 42 45 50 66 89 91 96 101 106 111 
0 1 6 11 16 21 30 40 42 50 66 76 89 91 96 101 106 111 
0 1 6 11 16 21 30 42 45 50 66 71 89 91 96 101 106 111 
0 1 6 11 16 21 40 42 45 50 61 66 89 91 96 101 106 111 
0 1 6 11 16 21 40 42 45 61 66 81 89 91 96 101 106 111 
0 1 6 11 16 21 40 42 50 61 66 76 89 91 96 101 106 111 
0 1 6 11 16 21 42 45 50 61 66 71 89 91 96 101 106 111 
0 1 6 11 16 21 42 50 61 66 71 76 89 91 96 101 106 111 
0 1 6 11 16 21 42 61 66 71 76 81 89 91 96 101 106 111 
0 2 7 11 15 19 25 31 35 49 53 73 76 93 97 101 111 115 
0 2 7 11 15 19 28 31 35 49 53 73 76 93 97 101 111 115 
0 2 7 11 15 19 28 31 35 53 73 76 80 93 97 101 111 115 
0 2 7 11 15 25 31 35 49 53 73 76 93 97 101 107 111 115 
0 2 7 15 19 25 31 35 49 53 56 73 76 93 97 101 111 115 
0 2 8 12 16 25 31 35 45 49 53 69 86 93 97 107 111 115 
0 2 8 12 16 28 31 35 45 49 53 69 86 93 97 107 111 115 
0 2 8 12 16 28 31 35 49 53 69 77 86 93 97 107 111 115 
0 2 8 12 25 31 35 45 49 53 69 86 93 97 107 111 115 116 
0 2 8 12 28 31 35 45 49 53 69 86 93 97 107 111 115 116 
0 2 8 12 28 31 35 49 53 69 77 86 93 97 107 111 115 116 
0 2 11 15 19 25 31 35 39 49 53 73 76 93 97 101 111 115 
0 2 11 15 19 28 31 35 39 49 53 73 76 93 97 101 111 115 
0 2 11 15 25 31 35 39 49 53 73 76 93 97 101 107 111 115 
0 2 11 15 28 31 35 39 49 53 73 76 93 97 101 107 111 115 
0 2 12 16 25 31 35 39 45 49 53 69 86 93 97 107 111 115 
0 2 12 16 28 31 35 39 45 49 53 69 86 93 97 107 111 115 
0 2 12 16 28 35 39 45 49 53 63 69 86 93 97 107 111 115 
0 3 7 11 15 19 25 31 48 52 59 60 64 68 73 76 110 114 
0 3 7 11 15 19 25 31 48 52 59 64 68 73 76 93 110 114 
0 3 7 11 15 21 25 31 44 48 59 60 64 68 73 82 106 110 
0 3 7 11 15 21 25 31 44 48 59 64 68 73 82 93 106 110 
0 3 7 11 15 21 25 31 45 49 59 60 64 68 73 82 107 111 
0 3 7 11 15 25 31 44 48 52 59 60 64 68 73 82 106 110 
0 3 7 11 15 25 31 44 48 52 59 64 68 73 82 93 106 110 
0 3 7 11 15 25 31 45 49 53 59 64 68 73 82 93 107 111 
0 3 7 11 21 25 31 40 44 48 59 60 64 68 82 103 106 110 
