0 1 5 15 20 34 38 42 49 53 60 67 71 82 89 90 101 105 
0 1 5 15 20 34 38 42 49 53 67 71 82 89 90 101 105 112 
0 1 5 16 20 30 34 42 49 54 62 67 82 89 91 97 101 112 
0 1 5 16 20 34 38 42 49 53 60 67 71 82 89 90 101 105 
0 1 5 16 20 34 38 42 49 53 60 67 71 82 89 91 101 105 
0 1 5 16 20 34 38 42 49 53 67 71 82 89 90 101 105 112 
0 1 5 16 20 34 38 42 49 53 67 71 82 89 91 97 101 112 
0 1 5 16 20 34 38 42 49 53 67 71 82 89 91 101 105 112 
0 1 5 16 20 34 38 42 49 53 67 71 82 89 91 101 106 112 
0 1 5 16 20 34 38 49 53 67 71 82 89 91 95 101 106 112 
0 2 8 13 19 23 28 31 43 46 60 64 75 79 94 98 105 109 
0 2 9 13 24 28 31 43 46 58 60 64 71 75 94 99 105 109 
0 2 9 13 24 28 31 43 46 58 60 64 75 79 94 99 109 114 
