0 1 5 11 17 23 33 39 51 56 58 67 72 75 79 96 108 115 
0 1 5 11 17 23 33 39 51 56 58 67 75 79 96 104 108 115 
0 1 5 11 17 24 33 39 51 56 58 67 72 75 79 96 108 115 
0 1 5 11 17 24 33 39 51 56 58 67 75 79 96 104 108 115 
0 1 5 11 23 33 39 51 56 58 67 72 75 79 92 96 108 115 
0 1 5 11 23 33 39 51 56 58 67 75 79 92 96 104 108 115 
0 1 5 11 23 39 47 51 56 58 63 67 72 75 79 92 96 115 
0 1 5 11 23 39 47 51 56 58 63 67 75 79 92 96 104 115 
0 1 5 11 23 39 47 51 56 58 67 72 75 79 92 96 108 115 
0 1 5 11 23 39 47 51 56 58 67 75 79 92 96 104 108 115 
0 1 5 11 24 31 39 48 52 56 58 63 67 72 80 92 96 115 
0 1 5 11 24 33 39 44 52 58 67 72 76 80 92 96 109 115 
0 1 5 11 24 33 39 51 56 58 67 72 75 79 92 96 108 115 
0 1 5 11 24 33 39 51 56 58 67 75 79 92 96 104 108 115 
0 1 5 11 24 33 39 52 56 58 63 67 72 75 80 92 96 115 
0 1 5 11 24 33 39 52 56 58 63 67 75 80 92 96 104 115 
0 1 5 11 24 33 39 52 56 58 67 72 75 79 92 96 108 115 
0 1 5 11 24 33 39 52 56 58 67 72 75 80 92 96 108 115 
0 1 5 11 24 33 39 52 56 58 67 72 76 80 92 96 109 115 
0 1 5 11 24 33 39 52 56 58 67 75 79 92 96 104 108 115 
0 1 5 11 24 33 39 52 56 58 67 75 80 92 96 104 108 115 
0 1 5 11 24 33 39 52 56 58 67 75 80 92 96 104 109 115 
0 1 5 11 24 35 39 47 52 56 58 63 67 72 75 92 96 115 
0 1 5 11 24 35 39 47 52 56 58 63 67 75 92 96 104 115 
0 1 5 11 24 39 44 48 52 58 63 67 72 76 80 92 96 115 
0 1 5 11 24 39 44 48 52 58 67 72 76 80 92 96 109 115 
0 1 5 11 24 39 47 51 56 58 63 67 72 75 79 92 96 115 
0 1 5 11 24 39 47 51 56 58 63 67 75 79 92 96 104 115 
0 1 5 11 24 39 47 51 56 58 67 72 75 79 92 96 108 115 
0 1 5 11 24 39 47 51 56 58 67 75 79 92 96 104 108 115 
0 1 5 11 24 39 47 52 56 58 63 67 72 75 79 92 96 115 
0 1 5 11 24 39 47 52 56 58 63 67 72 75 80 92 96 115 
0 1 5 11 24 39 47 52 56 58 63 67 75 79 92 96 104 115 
0 1 5 11 24 39 47 52 56 58 63 67 75 80 92 96 104 115 
0 1 5 11 24 39 47 52 56 58 67 72 75 79 92 96 108 115 
0 1 5 11 24 39 47 52 56 58 67 75 79 92 96 104 108 115 
0 1 5 11 24 39 48 52 56 58 63 67 72 75 80 92 96 115 
0 1 5 11 24 39 48 52 56 58 63 67 72 76 80 92 96 115 
0 1 5 11 24 39 48 52 56 58 63 67 75 80 92 96 104 115 
0 1 5 11 24 39 48 52 56 58 67 72 76 80 92 96 109 115 
0 1 5 12 24 39 44 48 52 58 63 67 72 76 80 92 96 115 
0 1 5 12 24 39 44 48 52 58 67 72 76 80 92 96 109 115 
0 1 5 12 24 40 44 48 52 58 63 67 72 76 80 92 96 115 
0 1 5 12 24 40 44 48 52 58 63 68 72 76 80 92 96 115 
0 1 5 12 24 40 44 48 52 58 67 72 76 80 92 96 109 115 
0 1 5 12 24 40 44 48 52 58 68 72 76 80 92 96 109 115 
0 1 5 12 24 40 44 48 52 58 68 72 76 80 92 97 109 115 
0 1 5 24 29 39 44 48 52 58 63 67 72 76 80 92 96 115 
0 1 5 24 29 39 44 48 52 58 67 72 76 80 92 96 109 115 
0 1 6 12 24 40 44 48 52 58 68 72 76 80 92 97 109 115 
0 1 7 11 19 23 35 39 47 56 58 63 67 72 75 92 110 115 
0 1 7 11 19 24 35 39 47 56 58 63 67 72 75 92 96 115 
0 1 7 11 19 24 35 39 47 56 58 63 67 72 75 92 110 115 
0 1 7 11 19 24 35 39 47 56 58 63 67 72 75 92 111 115 
0 1 7 11 19 35 39 47 56 58 63 67 72 75 92 98 110 115 
0 1 7 11 20 24 31 35 39 48 56 58 63 67 72 92 111 115 
0 1 7 11 20 24 35 39 44 48 58 63 67 72 76 92 111 115 
0 1 7 11 20 24 35 39 47 56 58 63 67 72 75 92 111 115 
0 1 7 11 20 24 35 39 48 56 58 63 67 72 75 92 111 115 
0 1 7 11 20 24 35 39 48 56 58 63 67 72 76 92 111 115 
0 1 7 12 20 24 35 39 44 48 58 63 67 72 76 92 111 115 
0 1 7 12 20 24 35 39 44 48 63 67 72 76 92 111 115 116 
0 1 7 20 24 29 35 39 44 48 58 63 67 72 76 92 111 115 
0 1 8 12 20 24 36 40 44 48 58 63 68 72 76 92 111 115 
0 1 8 12 20 24 36 40 44 48 58 64 68 72 76 92 111 115 
0 1 8 12 20 24 36 40 44 48 63 68 72 76 92 111 115 116 
0 1 8 12 20 24 36 40 44 48 64 68 72 76 92 111 115 116 
0 1 11 19 23 35 39 47 51 56 58 63 67 72 75 92 96 115 
0 1 11 19 23 35 39 47 51 56 58 63 67 72 75 92 110 115 
0 1 11 19 23 35 39 47 51 56 58 63 67 75 92 96 104 115 
0 1 11 19 24 35 39 47 51 56 58 63 67 72 75 92 96 115 
0 1 11 19 24 35 39 47 51 56 58 63 67 75 92 96 104 115 
0 1 11 19 24 35 39 47 52 56 58 63 67 72 75 92 96 115 
0 1 11 19 24 35 39 47 52 56 58 63 67 75 92 96 104 115 
0 1 11 20 24 31 35 39 48 52 56 58 63 67 72 92 96 115 
0 1 11 20 24 31 35 39 48 52 56 58 63 67 72 92 111 115 
0 1 11 20 24 35 39 44 48 52 58 63 67 72 76 92 96 115 
0 1 11 20 24 35 39 44 48 52 58 63 67 72 76 92 111 115 
0 1 11 20 24 35 39 47 52 56 58 63 67 72 75 92 96 115 
0 1 11 20 24 35 39 47 52 56 58 63 67 72 75 92 111 115 
0 1 11 20 24 35 39 48 52 56 58 63 67 72 75 92 96 115 
0 1 11 20 24 35 39 48 52 56 58 63 67 72 75 92 111 115 
0 3 7 11 15 19 23 27 31 35 39 63 67 72 103 106 110 114 
0 3 7 11 15 19 23 27 31 35 39 63 67 72 103 106 110 115 
0 3 7 11 15 19 23 27 31 35 39 63 67 86 103 106 110 114 
0 3 7 11 15 19 23 27 31 35 39 63 67 86 103 106 110 115 
0 3 7 11 15 19 23 27 31 35 39 63 72 81 103 106 110 114 
0 3 7 11 15 19 23 27 31 35 39 63 81 86 103 106 110 114 
0 3 7 11 15 19 23 27 31 35 39 67 72 77 103 106 110 115 
0 3 7 11 15 19 23 27 31 35 39 67 77 86 103 106 110 115 
0 3 7 11 15 19 23 31 35 39 56 58 63 67 72 106 110 115 
0 3 7 11 15 19 23 31 35 39 56 58 67 72 77 106 110 115 
0 3 7 11 15 19 23 31 35 39 56 63 67 72 103 106 110 114 
0 3 7 11 15 19 23 31 35 39 56 63 67 72 103 106 110 115 
0 3 7 11 15 19 23 31 35 39 56 63 72 81 103 106 110 114 
0 3 7 11 15 19 23 31 35 39 56 67 72 77 103 106 110 114 
0 3 7 11 15 19 23 31 35 39 56 67 72 77 103 106 110 115 
0 3 7 11 15 19 23 31 35 39 56 72 77 81 103 106 110 114 
0 3 7 11 15 19 24 27 31 35 39 63 67 72 103 106 110 115 
0 3 7 11 15 19 24 27 31 35 39 63 67 72 103 106 111 115 
0 3 7 11 15 19 24 27 31 35 39 63 67 86 103 106 110 115 
0 3 7 11 15 19 24 27 31 35 39 63 67 86 103 106 111 115 
0 3 7 11 15 19 24 27 31 35 39 67 72 77 103 106 110 115 
0 3 7 11 15 19 24 27 31 35 39 67 77 86 103 106 110 115 
0 3 7 11 15 19 24 31 35 39 56 58 63 67 72 106 110 115 
0 3 7 11 15 19 24 31 35 39 56 58 63 67 72 106 111 115 
0 3 7 11 15 19 24 31 35 39 56 58 67 72 77 106 110 115 
0 3 7 11 15 19 24 31 35 39 56 63 67 72 103 106 110 115 
0 3 7 11 15 19 24 31 35 39 56 67 72 77 103 106 110 115 
0 3 7 11 15 19 27 31 35 39 63 67 72 98 103 106 110 115 
0 3 7 11 15 19 27 31 35 39 63 67 86 98 103 106 110 115 
0 3 7 11 15 19 27 31 35 39 63 69 72 81 98 103 106 110 
0 3 7 11 15 19 27 31 35 39 63 72 81 98 103 106 110 115 
0 3 7 11 15 19 27 31 35 39 63 81 86 98 103 106 110 115 
0 3 7 11 15 19 27 31 35 39 67 72 77 98 103 106 110 115 
0 3 7 11 15 19 27 31 35 39 72 77 81 98 103 106 110 115 
0 3 7 11 15 19 31 35 39 56 58 63 67 72 98 106 110 115 
0 3 7 11 15 19 31 35 39 56 58 67 72 77 98 106 110 115 
0 3 7 11 15 19 31 35 39 56 63 67 72 98 103 106 110 115 
0 3 7 11 15 19 31 35 54 56 63 72 82 98 103 106 110 115 
0 3 7 11 15 19 31 35 54 56 63 72 82 98 103 106 111 115 
0 3 7 11 15 19 31 35 54 56 72 77 82 98 103 106 110 115 
0 3 7 11 15 20 24 27 31 35 39 63 67 72 103 106 111 115 
0 3 7 11 15 20 24 27 31 35 39 63 67 86 103 106 111 115 
0 3 7 11 15 20 24 27 31 35 39 67 72 78 103 107 111 115 
0 3 7 11 15 20 31 35 54 56 63 72 82 92 98 103 111 115 
0 3 7 11 15 20 31 35 54 56 63 72 82 98 103 106 111 115 
0 3 7 11 15 31 35 54 56 63 72 82 94 98 103 106 111 115 
0 3 7 11 15 31 39 49 56 58 72 77 81 94 98 106 110 115 
0 3 7 11 15 31 39 50 56 58 72 78 82 94 98 106 111 115 
0 3 7 11 15 31 39 50 56 58 72 78 82 94 98 107 111 115 
0 3 7 11 15 31 39 50 56 72 78 82 94 98 103 106 111 115 
0 3 7 11 15 31 39 50 56 72 78 82 94 98 103 107 111 115 
0 3 7 11 15 31 49 54 56 65 72 77 82 94 98 103 106 115 
0 3 7 11 15 31 50 54 56 65 72 77 82 94 98 103 106 115 
0 4 11 16 23 27 31 39 51 66 72 78 95 103 107 114 
0 5 11 17 23 27 33 39 45 51 61 67 79 86 90 96 103 108 114 
