0 1 5 9 13 17 21 25 59 62 66 70 74 78 82 
0 1 5 9 13 18 22 44 53 59 62 66 70 79 106 115 
0 1 5 9 13 18 22 44 55 59 62 66 70 79 106 113 
0 1 5 9 13 18 22 46 53 59 62 66 70 79 104 115 
0 1 5 9 13 18 22 46 55 59 62 66 70 79 104 113 
0 1 5 9 13 18 25 44 51 59 62 66 70 79 106 113 
0 1 5 9 13 18 25 44 51 62 66 70 79 88 106 113 
0 1 5 9 13 18 25 44 53 59 62 66 70 79 106 111 
0 1 5 9 13 18 25 44 53 62 66 70 79 88 106 111 
0 1 5 9 13 18 25 46 51 59 62 66 70 79 104 113 
0 1 5 9 13 18 25 46 51 62 66 70 79 88 104 113 
0 1 5 9 13 18 25 46 53 59 62 66 70 79 104 111 
0 1 5 9 13 18 25 46 53 62 66 70 79 88 104 111 
0 1 5 9 13 18 44 53 59 62 66 70 79 106 111 115 
0 1 5 9 13 18 46 51 55 59 62 66 70 79 104 113 
0 1 5 9 13 18 46 53 59 62 66 70 79 104 111 115 
0 1 5 9 13 20 25 44 51 59 62 66 70 77 106 113 
0 1 5 9 13 20 25 44 53 59 62 66 70 77 106 111 
0 1 5 9 13 20 25 44 53 62 66 70 77 88 106 111 
0 1 5 9 13 20 25 46 51 59 62 66 70 77 104 113 
0 1 5 9 13 20 25 46 51 62 66 70 77 88 104 113 
0 1 5 9 13 20 25 46 53 59 62 66 70 77 104 111 
0 1 5 9 13 20 25 46 53 62 66 70 77 88 104 111 
0 1 5 9 13 20 44 53 59 62 66 70 77 81 106 115 
0 1 5 9 13 20 46 51 55 59 62 66 70 77 104 113 
0 1 5 9 13 20 46 53 59 62 66 70 77 81 104 115 
0 1 5 9 13 20 46 53 59 62 66 70 77 104 111 115 
0 1 5 9 13 20 46 53 59 62 66 70 81 104 108 115 
0 1 5 9 13 20 46 55 59 62 66 70 77 81 104 113 
0 1 5 9 13 20 46 55 59 62 66 70 81 104 108 113 
0 1 5 9 13 22 46 53 59 62 66 70 79 104 108 115 
0 1 5 9 13 22 46 55 59 62 66 70 79 104 108 113 
0 1 5 9 14 18 22 40 53 59 62 66 75 79 103 115 
0 1 5 9 14 18 22 40 55 59 62 66 75 79 103 113 
0 1 5 9 14 18 22 43 53 59 62 66 75 79 100 115 
0 1 5 9 14 18 22 43 55 59 62 66 75 79 100 113 
0 1 5 9 14 18 25 40 49 53 59 62 66 75 103 111 
0 1 5 9 14 18 25 40 49 53 62 66 75 88 103 111 
0 1 5 9 14 18 25 40 49 59 62 66 75 82 103 111 
0 1 5 9 14 18 25 40 49 62 66 75 82 88 103 111 
0 1 5 9 14 18 25 40 51 59 62 66 75 79 103 113 
0 1 5 9 14 18 25 40 51 59 62 66 75 82 103 109 
0 1 5 9 14 18 25 40 51 59 62 66 75 103 109 113 
0 1 5 9 14 18 25 40 51 62 66 75 79 88 103 113 
0 1 5 9 14 18 25 40 51 62 66 75 82 88 103 109 
0 1 5 9 14 18 25 40 51 62 66 75 88 103 109 113 
0 1 5 9 14 18 25 40 53 59 62 66 75 79 103 111 
0 1 5 9 14 18 25 40 53 62 66 75 79 88 103 111 
0 1 5 9 14 18 25 43 49 53 59 62 66 75 100 111 
0 1 5 9 14 18 25 43 49 53 62 66 75 88 100 111 
0 1 5 9 14 18 25 43 49 59 62 66 75 82 100 111 
0 1 5 9 14 18 25 43 49 62 66 75 82 88 100 111 
0 1 5 9 14 18 25 43 51 59 62 66 75 79 100 113 
0 1 5 9 14 18 25 43 51 59 62 66 75 82 100 109 
0 1 5 9 14 18 25 43 51 59 62 66 75 100 109 113 
0 1 5 9 14 18 25 43 51 62 66 75 79 88 100 113 
0 1 5 9 14 18 25 43 51 62 66 75 82 88 100 109 
0 1 5 9 14 18 25 43 51 62 66 75 88 100 109 113 
0 1 5 9 14 18 25 43 53 59 62 66 75 79 100 111 
0 1 5 9 14 18 25 43 53 62 66 75 79 88 100 111 
0 1 5 9 14 18 40 49 53 59 62 66 75 103 111 115 
0 1 5 9 14 18 40 51 55 59 62 66 75 79 103 113 
0 1 5 9 14 18 40 53 59 62 66 75 79 103 111 115 
0 1 5 9 14 18 43 49 53 59 62 66 75 100 111 115 
0 1 5 9 14 18 43 51 55 59 62 66 75 79 100 113 
0 1 5 9 14 18 43 51 55 59 62 66 75 100 109 113 
0 1 5 9 14 18 43 53 59 62 66 75 79 100 111 115 
0 1 5 9 14 21 25 40 47 59 62 66 75 82 103 109 
0 1 5 9 14 21 25 40 47 62 66 75 82 88 103 109 
0 1 5 9 14 21 25 40 49 59 62 66 75 82 103 107 
0 1 5 9 14 21 25 40 49 62 66 75 82 88 103 107 
0 1 5 9 14 21 25 43 47 59 62 66 75 82 100 109 
0 1 5 9 14 21 25 43 47 62 66 75 82 88 100 109 
0 1 5 9 14 21 25 43 49 59 62 66 75 82 100 107 
0 1 5 9 14 21 25 43 49 62 66 75 82 88 100 107 
0 1 5 9 14 25 40 47 51 59 62 66 75 82 103 109 
0 1 5 9 14 25 40 47 51 59 62 66 75 103 109 113 
0 1 5 9 14 25 40 47 51 62 66 75 82 88 103 109 
0 1 5 9 14 25 40 49 53 59 62 66 75 103 107 111 
0 1 5 9 14 25 40 49 53 62 66 75 88 103 107 111 
0 1 5 9 14 25 40 49 59 62 66 75 82 103 107 111 
0 1 5 9 14 25 40 49 62 66 75 82 88 103 107 111 
0 1 5 9 14 25 43 47 51 59 62 66 75 82 100 109 
0 1 5 9 14 25 43 47 51 59 62 66 75 100 109 113 
0 1 5 9 14 25 43 47 51 62 66 75 82 88 100 109 
0 1 5 9 14 25 43 47 51 62 66 75 88 100 109 113 
0 1 5 9 14 25 43 49 53 59 62 66 75 100 107 111 
0 1 5 9 14 25 43 49 53 62 66 75 88 100 107 111 
0 1 5 9 14 25 43 49 59 62 66 75 82 100 107 111 
0 1 5 9 14 25 43 49 62 66 75 82 88 100 107 111 
0 1 5 9 14 40 49 53 59 62 66 75 103 107 111 115 
0 1 5 9 14 43 47 51 55 59 62 66 75 100 109 113 
0 1 5 9 14 43 49 53 59 62 66 75 100 107 111 115 
0 1 5 9 16 20 25 40 44 51 59 62 66 77 103 113 
0 1 5 9 16 20 25 40 44 53 59 62 66 77 103 111 
0 1 5 9 16 20 25 40 44 53 62 66 77 88 103 111 
0 1 5 9 16 20 25 40 51 59 62 66 77 86 103 113 
0 1 5 9 16 20 25 40 53 59 62 66 77 86 103 111 
0 1 5 9 16 20 25 40 53 62 66 77 86 88 103 111 
0 1 5 9 16 20 25 43 51 59 62 66 70 77 104 113 
0 1 5 9 16 20 25 43 51 59 62 66 77 86 100 113 
0 1 5 9 16 20 25 43 51 59 62 66 77 100 104 113 
0 1 5 9 16 20 25 43 51 62 66 77 86 88 100 113 
0 1 5 9 16 20 25 43 51 62 66 77 88 100 104 113 
0 1 5 9 16 20 25 43 53 59 62 66 70 77 104 111 
0 1 5 9 16 20 25 43 53 59 62 66 77 86 100 111 
0 1 5 9 16 20 25 43 53 59 62 66 77 100 104 111 
0 1 5 9 16 20 25 43 53 62 66 77 86 88 100 111 
0 1 5 9 16 20 25 43 53 62 66 77 88 100 104 111 
0 1 5 9 16 20 25 44 51 59 62 66 70 77 103 113 
0 1 5 9 16 20 25 44 53 59 62 66 70 77 103 111 
0 1 5 9 16 20 40 44 53 59 62 66 77 81 103 115 
0 1 5 9 16 20 40 44 53 59 62 66 77 103 111 115 
0 1 5 9 16 20 40 53 59 62 66 77 81 86 103 115 
0 1 5 9 16 20 40 53 59 62 66 77 86 103 111 115 
0 1 5 9 16 20 43 51 55 59 62 66 70 77 104 113 
0 1 5 9 16 20 43 51 55 59 62 66 77 86 100 113 
0 1 5 9 16 20 43 51 55 59 62 66 77 100 104 113 
0 1 5 9 16 20 43 53 59 62 66 70 77 104 111 115 
0 1 5 9 16 20 43 53 59 62 66 77 81 100 104 115 
0 1 5 9 16 20 43 53 59 62 66 77 86 100 111 115 
0 1 5 9 16 20 43 53 59 62 66 77 100 104 111 115 
0 1 5 9 16 20 43 55 59 62 66 77 81 100 104 113 
0 1 5 9 16 20 44 53 59 62 66 70 77 103 111 115 
0 1 5 9 16 21 25 40 47 62 66 82 86 88 103 109 
0 1 5 9 16 21 25 40 49 62 66 82 86 88 103 107 
0 1 5 9 16 21 25 43 47 62 66 82 86 88 100 109 
0 1 5 9 16 21 25 43 49 62 66 82 86 88 100 107 
0 1 5 9 16 25 40 44 49 59 62 66 77 82 103 111 
0 1 5 9 16 25 40 44 49 62 66 77 82 88 103 111 
0 1 5 9 16 25 40 44 51 59 62 66 77 82 103 109 
0 1 5 9 16 25 40 44 51 59 62 66 77 103 109 113 
0 1 5 9 16 25 40 44 51 62 66 77 82 88 103 109 
0 1 5 9 16 25 40 47 51 59 62 66 82 86 103 109 
0 1 5 9 16 25 40 47 51 59 62 66 86 103 109 113 
0 1 5 9 16 25 40 47 51 62 66 82 86 88 103 109 
0 1 5 9 16 25 40 49 59 62 66 77 82 86 103 111 
0 1 5 9 16 25 40 49 59 62 66 82 86 103 107 111 
0 1 5 9 16 25 40 51 59 62 66 77 82 86 103 109 
0 1 5 9 16 25 40 51 59 62 66 77 86 103 109 113 
0 1 5 9 16 25 43 47 51 59 62 66 82 86 100 109 
0 1 5 9 16 25 43 47 51 59 62 66 86 100 109 113 
0 1 5 9 16 25 43 47 51 62 66 82 86 88 100 109 
0 1 5 9 16 25 43 47 51 62 66 86 88 100 109 113 
0 1 5 9 16 25 43 49 53 59 62 66 70 77 104 111 
0 1 5 9 16 25 43 49 53 59 62 66 77 86 100 111 
0 1 5 9 16 25 43 49 53 59 62 66 77 100 104 111 
0 1 5 9 16 25 43 49 53 59 62 66 86 100 107 111 
0 1 5 9 16 25 43 49 53 62 66 77 88 100 104 111 
0 1 5 9 16 25 43 49 53 62 66 86 88 100 107 111 
0 1 5 9 16 25 43 49 59 62 66 77 82 86 100 111 
0 1 5 9 16 25 43 49 59 62 66 77 82 100 104 111 
0 1 5 9 16 25 43 49 59 62 66 82 86 100 107 111 
0 1 5 9 16 25 43 49 62 66 77 82 88 100 104 111 
0 1 5 9 16 25 43 51 59 62 66 77 82 86 100 109 
0 1 5 9 16 25 43 51 59 62 66 77 82 100 104 109 
0 1 5 9 16 25 43 51 59 62 66 77 86 100 109 113 
0 1 5 9 16 25 43 51 59 62 66 77 100 104 109 113 
0 1 5 9 16 25 43 51 62 66 77 82 88 100 104 109 
0 1 5 9 16 25 43 51 62 66 77 88 100 104 109 113 
0 1 5 9 16 43 49 53 59 62 66 77 86 100 111 115 
0 1 5 9 16 43 49 53 59 62 66 77 100 104 111 115 
0 1 5 9 16 43 49 53 59 62 66 86 100 107 111 115 
0 1 5 9 16 43 51 55 59 62 66 77 86 100 109 113 
0 1 5 9 16 43 51 55 59 62 66 77 100 104 109 113 
0 1 5 9 18 22 43 46 53 59 62 66 70 79 104 115 
0 1 5 9 18 22 43 46 53 59 62 66 79 100 104 115 
0 1 5 9 18 22 43 46 55 59 62 66 70 79 104 113 
0 1 5 9 18 22 43 46 55 59 62 66 79 100 104 113 
0 1 5 9 18 22 43 53 59 62 66 75 79 100 104 115 
0 1 5 9 18 22 43 55 59 62 66 75 79 100 104 113 
0 1 5 9 18 25 40 44 49 59 62 66 75 82 103 111 
0 1 5 9 18 25 40 44 51 59 62 66 75 79 103 113 
0 1 5 9 18 25 40 44 51 59 62 66 75 82 103 109 
0 1 5 9 18 25 40 44 51 62 66 75 82 88 103 109 
0 1 5 9 18 25 43 46 51 59 62 66 70 79 104 113 
0 1 5 9 18 25 43 46 51 59 62 66 79 100 104 113 
0 1 5 9 18 25 43 46 51 62 66 79 88 100 104 113 
0 1 5 9 18 25 43 46 53 59 62 66 70 79 104 111 
0 1 5 9 18 25 43 46 53 59 62 66 79 100 104 111 
0 1 5 9 18 25 43 46 53 62 66 79 88 100 104 111 
0 1 5 9 18 25 43 49 53 59 62 66 75 100 104 111 
0 1 5 9 18 25 43 49 53 62 66 75 88 100 104 111 
0 1 5 9 18 25 43 49 59 62 66 75 82 100 104 111 
0 1 5 9 18 25 43 51 59 62 66 75 79 100 104 113 
0 1 5 9 18 25 43 51 59 62 66 75 82 100 104 109 
0 1 5 9 18 25 43 51 59 62 66 75 100 104 109 113 
0 1 5 9 18 25 43 51 62 66 75 88 100 104 109 113 
0 1 5 9 18 25 43 53 59 62 66 75 79 100 104 111 
0 1 5 9 18 43 46 51 55 59 62 66 79 100 104 113 
0 1 5 9 18 43 46 53 59 62 66 79 100 104 111 115 
0 1 5 9 18 43 49 53 59 62 66 75 100 104 111 115 
0 1 5 9 18 43 51 55 59 62 66 75 79 100 104 113 
0 1 5 9 18 43 51 55 59 62 66 75 100 104 109 113 
0 1 5 9 18 43 53 59 62 66 75 79 100 104 111 115 
0 1 5 9 20 25 43 46 51 59 62 66 77 100 104 113 
0 1 5 9 20 25 43 46 51 62 66 77 88 100 104 113 
0 1 5 9 20 25 43 46 53 59 62 66 77 100 104 111 
0 1 5 9 20 25 43 46 53 62 66 77 88 100 104 111 
0 1 5 9 20 43 46 51 55 59 62 66 77 100 104 113 
0 1 5 9 20 43 46 53 59 62 66 77 81 100 104 115 
0 1 5 9 20 43 46 53 59 62 66 77 100 104 111 115 
0 1 5 9 20 43 46 53 59 62 66 81 100 104 108 115 
0 1 5 9 20 43 46 55 59 62 66 77 81 100 104 113 
0 1 5 9 20 43 46 55 59 62 66 81 100 104 108 113 
0 1 5 9 22 43 46 53 59 62 66 79 100 104 108 115 
0 1 5 9 22 43 46 55 59 62 66 79 100 104 108 113 
0 1 5 10 14 18 22 38 55 59 62 71 75 79 96 113 
0 1 5 10 14 18 25 38 51 59 62 71 75 79 96 113 
0 1 5 10 14 18 25 38 51 59 62 71 75 82 96 109 
0 1 5 10 14 18 25 38 51 59 62 71 75 96 109 113 
0 1 5 10 14 18 25 38 51 62 71 75 79 88 96 113 
0 1 5 10 14 18 25 38 51 62 71 75 82 88 96 109 
0 1 5 10 14 18 25 38 51 62 71 75 88 96 109 113 
0 1 5 10 14 18 38 51 55 59 62 71 75 79 96 113 
0 1 5 10 14 18 38 51 55 59 62 71 75 96 109 113 
0 1 5 10 14 21 25 36 45 49 62 71 82 88 98 107 
0 1 5 10 14 21 25 36 47 62 71 75 82 88 98 109 
0 1 5 10 14 21 25 36 47 62 71 82 88 98 105 109 
0 1 5 10 14 21 25 36 49 62 71 75 82 88 98 107 
0 1 5 10 14 21 25 38 45 49 62 71 82 88 96 107 
0 1 5 10 14 21 25 38 47 62 71 75 82 88 96 109 
0 1 5 10 14 21 25 38 47 62 71 82 88 96 105 109 
0 1 5 10 14 21 25 38 49 62 71 75 82 88 96 107 
0 1 5 10 14 25 36 45 49 59 62 71 82 98 107 111 
0 1 5 10 14 25 36 45 49 62 71 82 88 98 107 111 
0 1 5 10 14 25 36 47 51 59 62 71 75 82 98 109 
0 1 5 10 14 25 36 47 51 59 62 71 75 98 109 113 
0 1 5 10 14 25 36 47 51 59 62 71 82 98 105 109 
0 1 5 10 14 25 36 47 51 62 71 75 82 88 98 109 
0 1 5 10 14 25 36 47 51 62 71 75 88 98 109 113 
0 1 5 10 14 25 36 47 51 62 71 82 88 98 105 109 
0 1 5 10 14 25 36 49 62 71 75 82 88 98 107 111 
0 1 5 10 14 25 38 45 49 59 62 71 82 96 107 111 
0 1 5 10 14 25 38 45 49 62 71 82 88 96 107 111 
0 1 5 10 14 25 38 47 51 59 62 71 75 82 96 109 
0 1 5 10 14 25 38 47 51 59 62 71 75 96 109 113 
0 1 5 10 14 25 38 47 51 59 62 71 82 96 105 109 
0 1 5 10 14 25 38 47 51 62 71 75 82 88 96 109 
0 1 5 10 14 25 38 47 51 62 71 75 88 96 109 113 
0 1 5 10 14 25 38 47 51 62 71 82 88 96 105 109 
0 1 5 10 14 25 38 49 62 71 75 82 88 96 107 111 
0 1 5 10 21 25 36 45 49 62 71 82 88 98 107 116 
0 1 5 10 21 25 36 47 56 62 71 82 88 98 105 109 
0 1 5 10 21 25 38 45 49 62 71 82 88 96 107 116 
0 1 5 10 21 25 38 47 56 62 71 82 88 96 105 109 
0 1 5 12 16 20 25 36 40 53 62 77 86 88 98 111 
0 1 5 12 16 20 25 36 53 62 69 77 86 88 98 111 
0 1 5 12 16 20 36 40 53 59 62 77 81 86 98 115 
0 1 5 12 16 20 36 40 53 59 62 77 86 98 111 115 
0 1 5 12 16 20 36 53 59 62 69 77 81 86 98 115 
0 1 5 12 16 20 36 53 59 62 69 77 86 98 111 115 
0 1 5 12 16 20 40 53 59 62 66 77 86 98 111 115 
0 1 5 12 16 25 36 40 47 51 59 62 82 86 98 109 
0 1 5 12 16 25 36 40 47 51 59 62 86 98 109 113 
0 1 5 12 16 25 36 40 49 53 59 62 77 86 98 111 
0 1 5 12 16 25 36 40 49 53 62 77 86 88 98 111 
0 1 5 12 16 25 36 40 49 53 62 86 88 98 107 111 
0 1 5 12 16 25 36 40 49 59 62 82 86 98 107 111 
0 1 5 12 16 25 36 40 49 62 82 86 88 98 107 111 
0 1 5 12 16 25 36 40 51 59 62 77 86 98 109 113 
0 1 5 12 16 25 36 47 51 59 62 69 82 86 98 109 
0 1 5 12 16 25 36 47 51 59 62 69 86 98 109 113 
0 1 5 12 16 25 36 47 51 62 69 82 86 88 98 109 
0 1 5 12 16 25 36 49 53 59 62 69 77 86 98 111 
0 1 5 12 16 25 36 49 53 59 62 69 86 98 107 111 
0 1 5 12 16 25 36 49 53 62 69 86 88 98 107 111 
0 1 5 12 16 25 36 49 59 62 69 82 86 98 107 111 
0 1 5 12 16 25 38 47 51 59 62 69 82 86 96 109 
0 1 5 12 16 25 38 47 51 59 62 69 86 96 109 113 
0 1 5 12 16 25 38 49 53 59 62 66 77 86 100 111 
0 1 5 12 16 25 38 49 53 59 62 66 86 100 107 111 
0 1 5 12 16 25 38 49 53 59 62 69 86 96 107 111 
0 1 5 12 16 25 38 49 53 59 62 77 86 96 100 111 
0 1 5 12 16 25 38 49 53 59 62 86 96 100 107 111 
0 1 5 12 16 25 38 49 53 62 69 86 88 96 107 111 
0 1 5 12 16 25 38 49 53 62 77 86 88 96 100 111 
0 1 5 12 16 25 38 49 53 62 86 88 96 100 107 111 
0 1 5 12 16 25 38 49 59 62 66 82 86 100 107 111 
0 1 5 12 16 25 38 49 59 62 69 82 86 96 107 111 
0 1 5 12 16 25 38 49 62 82 86 88 96 100 107 111 
0 1 5 12 16 25 40 49 59 62 66 82 86 98 107 111 
0 1 5 12 16 36 49 53 59 62 69 77 86 98 111 115 
0 1 5 12 16 38 49 53 59 62 66 86 100 107 111 115 
0 1 5 12 16 38 49 53 59 62 69 86 96 107 111 115 
0 1 5 12 16 38 49 53 59 62 77 86 96 100 111 115 
0 1 5 12 16 38 49 53 59 62 86 96 100 107 111 115 
0 1 5 12 21 25 36 40 47 62 82 86 88 98 105 109 
0 1 5 12 21 25 36 45 49 62 69 82 88 98 107 116 
0 1 5 12 21 25 36 47 56 62 69 82 88 98 105 109 
0 1 5 12 21 25 38 45 49 62 69 82 88 96 107 116 
0 1 5 12 21 25 38 45 49 62 82 86 88 96 100 107 
0 1 5 12 25 36 45 49 59 62 69 82 86 98 107 111 
0 1 5 12 25 36 45 49 59 62 69 82 98 107 111 116 
0 1 5 12 25 38 45 49 53 59 62 66 86 100 107 111 
0 1 5 12 25 38 45 49 53 59 62 69 86 96 107 111 
0 1 5 12 25 38 45 49 53 59 62 69 96 107 111 116 
0 1 5 12 25 38 45 49 53 62 69 88 96 107 111 116 
0 1 5 12 25 38 45 49 53 62 86 88 96 100 107 111 
0 1 5 12 25 38 45 49 59 62 69 82 86 96 107 111 
0 1 5 12 25 38 45 49 59 62 69 82 96 107 111 116 
0 1 5 12 25 38 45 49 62 82 86 88 96 100 107 111 
0 1 5 12 38 45 49 53 59 62 69 86 96 107 111 115 
0 1 5 12 38 45 49 53 59 62 69 96 107 111 115 116 
0 1 5 12 38 45 49 53 59 62 86 96 100 107 111 115 
0 1 5 14 18 22 38 43 55 59 62 66 75 79 100 113 
0 1 5 14 18 22 38 43 55 59 62 75 79 96 100 113 
0 1 5 14 18 22 38 55 59 62 71 75 79 96 100 113 
0 1 5 14 18 25 38 43 51 62 75 79 88 96 100 113 
0 1 5 14 18 25 38 43 51 62 75 88 96 100 109 113 
0 1 5 14 18 25 38 43 53 62 75 79 88 96 100 111 
0 1 5 14 18 25 38 51 62 71 75 88 96 100 109 113 
0 1 5 14 18 38 43 51 55 59 62 66 75 100 109 113 
0 1 5 14 18 38 43 51 55 59 62 75 79 96 100 113 
0 1 5 14 18 38 51 55 59 62 71 75 79 96 100 113 
0 1 5 14 25 38 45 49 59 62 71 82 96 100 107 111 
0 1 5 16 25 38 43 49 53 62 86 88 96 100 107 111 
0 1 5 18 22 38 43 46 53 59 62 66 79 100 104 115 
0 1 5 18 22 38 43 46 53 59 62 79 96 100 104 115 
0 1 5 18 22 38 43 46 55 59 62 66 79 100 104 113 
0 1 5 18 22 38 43 46 55 59 62 79 96 100 104 113 
0 1 5 18 22 38 43 55 59 62 75 79 96 100 104 113 
0 1 5 18 25 38 43 46 51 62 79 88 96 100 104 113 
0 1 5 18 25 38 43 46 53 62 79 88 96 100 104 111 
0 1 5 22 38 43 46 53 59 62 79 96 100 104 108 115 
0 1 5 22 38 43 46 55 59 62 79 96 100 104 108 113 
0 1 6 10 14 18 25 34 51 67 71 75 79 88 92 113 
0 1 8 12 16 20 36 53 59 62 69 77 86 94 111 115 
0 1 8 12 16 25 32 49 53 65 69 86 88 94 107 111 
0 1 8 12 16 36 49 53 59 62 69 86 94 107 111 115 
0 1 8 25 34 41 45 49 53 65 88 92 99 107 111 116 
0 3 7 11 15 20 31 48 53 59 64 68 73 81 106 115 
0 3 7 11 15 20 48 53 59 60 64 68 73 81 106 115 
0 3 7 11 16 20 25 27 44 53 60 64 68 77 103 111 
0 3 7 11 16 20 25 31 44 53 59 64 68 77 103 111 
0 3 7 11 16 20 25 44 53 59 60 64 68 77 103 111 
0 3 7 11 16 20 31 44 53 59 64 68 77 81 103 115 
0 3 7 11 16 20 31 44 53 59 64 68 77 103 111 115 
0 3 7 11 16 20 44 53 59 60 64 68 77 81 103 115 
0 3 7 11 16 20 44 53 59 60 64 68 77 103 111 115 
0 3 7 11 16 25 31 44 49 53 59 64 68 77 103 111 
0 3 7 11 16 25 31 44 49 59 64 68 77 82 103 111 
0 3 7 11 16 25 44 49 53 59 60 64 68 77 103 111 
0 3 7 11 16 25 44 49 59 60 64 68 77 82 103 111 
0 3 7 11 16 31 44 49 53 59 64 68 77 103 111 115 
0 3 7 11 20 25 31 44 53 59 64 68 77 103 106 111 
0 3 7 11 20 25 44 53 59 60 64 68 77 103 106 111 
0 3 7 11 20 31 44 53 59 64 68 77 81 103 106 115 
0 3 7 12 16 20 25 27 40 53 60 64 77 86 98 111 
0 3 7 12 16 20 25 31 40 53 59 64 77 86 98 111 
0 3 7 12 16 25 31 40 49 53 59 64 77 86 98 111 
0 3 7 12 16 25 31 40 49 53 59 64 86 98 107 111 
0 3 7 12 16 25 40 49 53 59 60 64 77 86 98 111 
0 3 7 12 16 25 40 49 59 60 64 77 82 86 98 111 
0 3 7 12 16 25 40 49 59 60 64 82 86 98 107 111 
0 3 7 12 25 40 45 49 59 60 64 82 86 98 107 111 
0 3 7 16 20 31 40 44 53 59 64 68 77 103 111 115 
