0 1 4 8 12 19 31 34 39 44 50 55 63 75 88 91 95 107 
0 1 5 9 13 19 24 32 41 55 58 63 72 92 96 100 107 115 
0 1 5 9 13 19 24 32 55 58 63 72 92 96 100 107 111 115 
0 1 5 9 13 24 29 32 37 41 53 58 68 72 92 96 100 115 
0 1 5 9 13 24 29 32 37 53 58 68 72 92 96 100 111 115 
0 1 5 9 13 24 32 36 41 55 58 63 68 72 92 96 100 115 
0 1 5 9 13 24 32 36 55 58 63 68 72 92 96 100 111 115 
0 1 5 9 13 24 32 37 41 55 58 63 68 72 92 96 100 115 
0 1 5 9 13 24 32 37 55 58 63 68 72 92 96 100 111 115 
0 1 5 9 13 24 32 41 55 58 63 68 72 92 96 100 107 115 
0 1 5 9 13 24 32 55 58 63 68 72 92 96 100 107 111 115 
0 1 5 9 13 32 36 41 55 58 63 68 72 73 92 96 100 115 
0 1 5 9 19 24 32 51 55 58 63 72 82 92 96 107 111 115 
0 1 5 9 19 24 32 55 58 63 72 82 92 96 100 107 111 115 
0 1 5 9 24 32 36 55 58 63 68 72 82 92 96 100 111 115 
0 1 5 9 24 32 55 58 63 68 72 82 92 96 100 107 111 115 
0 1 5 10 14 18 33 37 41 46 50 54 69 77 86 93 101 106 
0 1 5 10 14 18 33 37 41 46 54 60 69 77 86 93 101 106 
0 1 5 12 19 24 32 48 55 56 58 63 79 89 95 100 107 111 
0 1 5 12 24 32 36 48 55 56 58 63 68 79 89 95 100 111 
0 1 5 12 24 32 37 48 55 56 58 63 68 79 89 95 100 111 
0 1 5 12 24 32 48 55 56 58 63 68 79 89 95 100 107 111 
0 1 5 13 19 24 32 55 58 63 72 78 92 96 100 107 111 115 
0 1 5 13 24 32 36 55 58 63 68 72 78 92 96 100 111 115 
0 1 5 13 24 32 55 58 63 68 72 78 92 96 100 107 111 115 
0 1 5 14 18 33 37 41 45 50 54 69 77 81 86 88 101 106 
0 1 6 10 14 18 33 37 41 46 50 54 59 69 86 93 101 106 
0 1 6 10 14 18 33 37 41 46 50 54 69 77 86 93 101 106 
0 1 6 10 14 18 33 37 41 46 54 59 60 69 86 93 101 106 
0 1 6 10 14 18 33 37 41 46 54 60 69 77 86 93 101 106 
0 1 6 10 14 18 33 37 43 46 50 54 59 69 86 93 101 106 
0 1 6 10 14 18 33 37 43 46 54 59 60 69 86 93 101 106 
0 1 6 10 14 18 33 37 46 50 54 59 69 86 93 101 106 112 
0 1 6 10 14 18 33 37 46 54 59 60 69 86 93 101 106 112 
0 1 7 12 19 24 32 39 48 55 56 63 75 79 95 100 107 112 
0 1 7 12 19 24 32 39 50 55 56 63 75 79 88 95 107 112 
0 1 7 12 19 24 32 39 55 56 63 75 79 88 95 100 107 112 
0 1 7 12 19 24 32 55 56 58 63 74 79 88 95 100 107 111 
0 1 7 12 19 31 34 50 55 56 58 63 74 79 88 95 107 111 
0 1 8 12 19 24 32 39 44 48 55 63 75 79 95 100 107 112 
0 1 8 12 19 24 32 39 44 48 55 63 75 91 95 100 107 112 
0 1 8 12 19 24 32 39 44 55 63 72 75 91 96 100 107 112 
0 1 8 12 24 32 39 44 55 63 68 72 75 91 96 100 107 112 
0 1 8 13 24 32 39 44 55 63 68 72 75 91 96 100 107 112 
0 1 9 13 19 24 32 41 55 58 63 72 74 92 96 100 107 115 
0 1 9 13 19 24 32 55 58 63 72 74 92 96 100 107 111 115 
0 1 9 13 24 32 41 55 58 63 68 72 74 92 96 100 107 115 
0 1 9 13 24 32 55 58 63 68 72 74 92 96 100 107 111 115 
0 1 10 14 18 33 37 41 46 50 54 69 77 86 93 101 106 114 
0 1 10 14 18 33 37 41 46 54 60 69 77 86 93 101 106 114 
0 1 10 14 18 33 41 46 54 57 60 69 77 86 93 101 106 114 
0 2 6 10 14 18 23 31 38 43 46 50 54 59 69 74 82 106 
0 2 6 10 14 18 23 31 38 43 46 50 54 59 69 74 93 106 
0 2 6 10 14 18 23 31 38 43 46 50 54 69 74 78 82 106 
0 2 6 10 14 18 23 31 38 43 46 50 54 69 74 78 93 106 
0 2 6 10 14 18 23 38 43 46 50 54 59 69 74 82 103 106 
0 2 6 10 14 18 23 38 43 46 50 54 59 69 74 93 103 106 
0 2 6 10 14 18 23 38 43 46 50 54 69 74 78 82 103 106 
0 2 6 10 14 18 23 38 43 46 50 54 69 74 78 93 103 106 
0 2 6 10 14 18 25 33 38 43 46 50 54 69 78 82 101 106 
0 2 6 10 14 18 25 33 38 43 46 50 54 69 78 93 101 106 
0 2 6 10 14 18 25 33 38 43 46 54 59 60 69 93 101 106 
0 2 6 10 14 18 25 33 38 46 50 54 59 69 93 101 106 112 
0 2 6 10 14 18 25 33 38 46 50 54 69 78 93 101 106 112 
0 2 6 10 14 18 33 37 43 46 50 54 59 69 82 86 101 106 
0 2 6 10 14 18 33 37 43 46 50 54 59 69 86 93 101 106 
0 2 6 10 14 18 33 37 43 46 54 59 60 69 86 93 101 106 
0 2 6 10 14 18 33 38 43 46 50 54 69 78 82 86 101 106 
0 2 6 10 14 18 33 38 43 46 50 54 69 78 86 93 101 106 
0 2 6 10 14 18 33 38 43 46 54 59 60 69 86 93 101 106 
0 2 6 10 14 19 23 38 43 46 50 54 69 74 78 82 103 106 
0 2 6 10 14 19 23 38 43 46 50 54 69 74 78 93 103 106 
0 2 6 10 14 19 23 38 43 46 50 55 69 74 78 82 103 106 
0 2 6 10 14 19 23 38 43 46 50 55 69 74 78 93 103 106 
0 2 6 10 14 19 23 38 43 46 50 59 65 69 74 82 103 106 
0 2 6 10 14 19 23 38 43 46 50 59 65 69 74 93 103 106 
0 2 6 10 14 19 23 38 43 46 50 65 69 74 78 82 103 106 
0 2 6 10 14 19 23 38 43 46 50 65 69 74 78 93 103 106 
0 2 6 10 14 19 25 33 38 43 46 50 59 65 69 82 103 106 
0 2 6 10 14 19 25 33 38 43 46 50 59 65 69 93 103 106 
0 2 6 10 14 19 25 33 38 43 46 50 65 69 78 93 103 106 
0 2 6 10 14 19 28 34 38 43 46 50 59 65 70 74 93 103 
0 2 6 10 14 19 28 34 38 43 46 50 65 70 74 78 93 103 
0 2 6 10 14 19 33 37 43 46 50 59 65 69 82 86 103 106 
0 2 6 10 14 19 33 37 43 46 50 59 65 69 86 93 103 106 
0 2 6 10 14 19 33 38 43 46 50 59 65 69 74 82 103 106 
0 2 6 10 14 19 33 38 43 46 50 59 65 69 74 93 103 106 
0 2 6 10 14 19 33 38 43 46 50 59 65 69 82 86 103 106 
0 2 6 10 14 19 33 38 43 46 50 59 65 69 86 93 103 106 
0 2 6 10 14 19 33 38 43 46 50 65 69 74 78 93 103 106 
0 2 6 10 14 19 33 38 43 46 50 65 69 78 82 86 103 106 
0 2 6 10 14 19 33 38 43 46 50 65 69 78 86 93 103 106 
0 2 6 10 14 19 34 38 43 46 50 59 65 69 74 82 103 106 
0 2 6 10 14 19 34 38 43 46 50 59 65 69 74 93 103 106 
0 2 6 10 14 19 34 38 43 46 50 59 65 70 74 82 103 106 
0 2 6 10 14 19 34 38 43 46 50 59 65 70 74 93 103 106 
0 2 6 10 14 19 34 38 43 46 50 65 69 74 78 93 103 106 
0 2 6 10 14 19 34 38 43 46 50 65 70 74 78 93 103 106 
0 2 6 10 15 25 37 43 46 50 59 67 70 82 101 104 
0 2 6 14 18 23 31 38 43 46 50 54 69 72 74 78 93 106 
0 2 6 14 18 23 38 43 46 50 54 69 72 74 78 93 103 106 
0 2 6 14 19 23 38 43 46 50 54 69 72 74 78 93 103 106 
0 2 6 14 19 23 38 43 46 50 55 69 72 74 78 93 103 106 
0 2 6 14 19 23 38 43 46 50 65 69 72 74 78 93 103 106 
0 3 7 11 22 27 31 35 39 42 54 56 62 67 88 90 95 99 
0 3 7 11 22 27 31 35 39 54 56 62 67 75 88 90 95 99 
0 3 7 11 27 31 35 39 42 54 56 62 67 71 88 90 95 99 
0 3 7 12 18 22 27 31 35 39 42 50 54 63 88 91 95 114 
0 3 7 12 18 27 31 35 39 42 50 54 63 71 88 91 95 114 
0 3 7 12 19 34 39 42 50 55 56 63 70 79 88 95 103 107 
0 3 7 12 19 34 39 42 50 55 56 63 70 88 91 95 103 107 
0 3 7 12 19 34 39 50 55 56 63 70 74 88 91 95 103 107 
0 3 7 12 22 27 31 35 39 42 50 54 56 63 67 88 91 95 
0 3 7 12 22 27 31 35 39 42 50 54 63 67 88 91 95 114 
0 3 7 12 22 27 31 35 39 42 54 56 62 67 88 90 95 99 
0 3 7 12 22 27 31 35 39 42 54 56 62 67 88 91 95 99 
0 3 7 12 22 27 31 35 39 42 54 56 63 67 88 91 95 99 
0 3 7 12 22 27 31 35 39 42 54 62 67 88 91 95 99 114 
0 3 7 12 22 27 31 35 39 42 54 63 67 88 91 95 99 114 
0 3 7 12 22 27 31 35 39 54 56 62 67 75 88 90 95 99 
0 3 7 12 22 27 31 35 39 54 56 62 67 75 88 91 95 99 
0 3 7 12 22 27 31 35 39 54 56 63 67 75 88 91 95 99 
0 3 7 12 22 31 35 39 54 56 62 67 75 88 91 95 99 108 
0 3 7 12 22 31 35 39 54 56 63 67 75 88 91 95 99 108 
0 3 7 12 27 31 35 39 42 50 54 56 63 67 71 88 91 95 
0 3 7 12 27 31 35 39 42 50 54 63 67 71 88 91 95 114 
0 3 7 12 27 31 35 39 42 54 56 62 67 71 88 90 95 99 
0 3 7 12 27 31 35 39 42 54 56 62 67 71 88 91 95 99 
0 3 7 12 27 31 35 39 42 54 56 63 67 71 88 91 95 99 
0 3 7 12 27 31 35 39 42 54 62 67 71 88 91 95 99 114 
0 3 7 12 27 31 35 39 42 54 63 67 71 88 91 95 99 114 
0 3 7 12 27 31 35 39 54 56 62 67 71 75 88 90 95 99 
0 3 7 12 27 31 35 39 54 56 62 67 71 75 88 91 95 99 
0 3 7 12 27 31 35 39 54 56 63 67 71 75 88 91 95 99 
0 3 7 12 31 35 39 54 56 62 67 71 75 88 91 95 99 108 
0 3 8 12 18 22 27 31 35 39 42 50 54 63 88 91 95 114 
0 3 8 12 18 22 27 31 35 39 50 54 57 63 88 91 95 114 
0 3 8 12 18 22 27 31 35 50 54 57 63 88 91 95 110 114 
0 3 8 12 18 27 31 35 39 42 50 54 63 71 88 91 95 114 
0 3 8 12 18 27 31 35 39 50 54 57 63 71 88 91 95 114 
0 3 8 12 18 27 31 35 39 50 57 63 71 88 91 95 104 114 
0 3 8 12 22 27 31 35 39 42 50 54 63 67 88 91 95 114 
0 3 8 12 22 27 31 35 39 42 54 62 67 88 91 95 99 114 
0 3 8 12 22 27 31 35 39 42 54 63 67 88 91 95 99 114 
0 3 8 12 22 27 31 35 39 44 54 62 67 75 88 91 95 99 
0 3 8 12 22 27 31 35 39 44 54 63 67 75 88 91 95 99 
0 3 8 12 22 27 31 35 39 50 54 57 63 67 88 91 95 114 
0 3 8 12 22 27 31 35 39 54 56 62 67 75 88 91 95 99 
0 3 8 12 22 27 31 35 39 54 57 62 67 88 91 95 99 114 
0 3 8 12 22 27 31 35 39 54 57 63 67 88 91 95 99 114 
0 3 8 12 22 27 31 35 39 54 62 67 75 88 91 95 99 114 
0 3 8 12 22 27 31 35 39 54 63 67 75 88 91 95 99 114 
0 3 8 12 22 27 31 35 50 54 57 63 67 88 91 95 110 114 
0 3 8 12 22 27 31 35 54 57 62 67 88 91 95 99 110 114 
0 3 8 12 22 27 31 35 54 57 63 67 88 91 95 99 110 114 
0 3 8 12 22 31 35 39 44 54 62 67 75 88 91 95 99 108 
0 3 8 12 22 31 35 39 44 54 63 67 75 88 91 95 99 108 
0 3 8 12 22 31 35 39 54 56 62 67 75 88 91 95 99 108 
0 3 8 12 22 31 35 39 54 62 67 75 88 91 95 99 108 114 
0 3 8 12 27 31 35 39 42 48 54 63 67 71 91 95 100 114 
0 3 8 12 27 31 35 39 42 50 54 63 67 71 88 91 95 114 
0 3 8 12 27 31 35 39 42 54 62 67 71 88 91 95 99 114 
0 3 8 12 27 31 35 39 42 54 63 67 71 88 91 95 99 114 
0 3 8 12 27 31 35 39 42 54 63 67 71 88 91 95 100 114 
0 3 8 12 27 31 35 39 44 54 62 67 71 75 88 91 95 99 
0 3 8 12 27 31 35 39 44 54 63 67 71 75 88 91 95 99 
0 3 8 12 27 31 35 39 44 54 63 67 71 75 88 91 95 100 
0 3 8 12 27 31 35 39 44 63 67 71 75 88 91 95 99 104 
0 3 8 12 27 31 35 39 44 63 67 71 75 88 91 95 100 104 
0 3 8 12 27 31 35 39 48 54 57 63 67 71 91 95 100 114 
0 3 8 12 27 31 35 39 48 54 63 67 71 75 91 95 100 114 
0 3 8 12 27 31 35 39 48 57 63 67 71 91 95 100 104 114 
0 3 8 12 27 31 35 39 48 63 67 71 75 91 95 100 104 114 
0 3 8 12 27 31 35 39 50 54 57 63 67 71 88 91 95 114 
0 3 8 12 27 31 35 39 54 56 62 67 71 75 88 91 95 99 
0 3 8 12 27 31 35 39 54 57 62 67 71 88 91 95 99 114 
0 3 8 12 27 31 35 39 54 57 63 67 71 88 91 95 99 114 
0 3 8 12 27 31 35 39 54 62 67 71 75 88 91 95 99 114 
0 3 8 12 31 35 39 44 54 62 67 71 75 88 91 95 99 108 
0 3 8 12 31 35 39 44 54 63 67 71 75 88 91 95 99 108 
0 3 8 12 31 35 39 44 54 63 67 71 75 88 91 95 100 108 
0 3 8 12 31 35 39 44 63 67 71 75 88 91 95 99 104 108 
0 3 8 12 31 35 39 48 54 63 67 71 75 91 95 100 108 114 
0 3 8 12 31 35 39 54 62 67 71 75 88 91 95 99 108 114 
0 3 8 14 18 22 27 31 35 50 54 57 81 88 91 95 110 114 
0 3 8 14 22 27 31 35 50 54 57 67 81 88 91 95 110 114 
0 3 8 18 22 27 31 35 50 54 57 63 81 88 91 95 110 114 
0 3 8 18 27 31 35 39 50 54 57 62 71 81 88 91 95 114 
0 3 8 22 27 31 35 39 42 54 62 67 81 88 91 95 99 114 
0 3 8 22 27 31 35 39 50 54 57 62 67 81 88 91 95 114 
0 3 8 22 27 31 35 39 54 57 62 67 81 88 91 95 99 114 
0 3 12 18 22 27 31 35 50 54 57 63 77 88 91 95 110 114 
0 3 12 22 27 31 35 39 42 54 62 67 77 88 91 95 99 114 
0 3 12 22 27 31 35 42 54 62 67 77 88 91 95 99 110 114 
0 3 12 22 27 31 35 42 54 63 67 77 88 91 95 99 110 114 
0 4 8 12 18 22 27 31 35 50 54 57 63 88 91 95 110 114 
0 4 8 12 18 27 31 35 40 50 54 57 63 71 88 91 95 114 
0 4 8 12 18 27 31 35 40 50 57 63 71 88 91 95 104 114 
0 4 8 12 18 27 31 35 50 54 57 63 71 88 91 95 110 114 
0 4 8 12 18 27 31 35 50 57 63 71 88 91 95 104 110 114 
0 4 8 12 21 25 40 44 48 63 67 71 76 80 95 100 104 108 
0 4 8 12 21 25 40 44 48 63 67 71 76 91 95 100 104 108 
0 4 8 12 21 35 40 44 48 57 63 67 71 80 95 100 104 108 
0 4 8 12 21 35 40 44 48 63 67 71 76 80 95 100 104 108 
0 4 8 12 21 35 40 44 48 63 67 71 76 91 95 100 104 108 
0 4 8 12 22 27 31 35 50 54 57 63 67 88 91 95 110 114 
0 4 8 12 27 31 35 40 44 54 57 63 67 71 88 91 95 100 
0 4 8 12 27 31 35 40 44 57 63 67 71 88 91 95 100 104 
0 4 8 12 27 31 35 50 54 57 63 67 71 88 91 95 110 114 
