0 1 4 9 17 22 30 36 44 73 80 89 95 100 108 113 
0 1 5 9 24 32 36 51 55 58 63 72 73 78 92 96 100 115 
0 1 5 9 24 32 36 51 55 58 63 72 73 78 92 100 107 115 
0 1 5 9 24 32 36 51 55 58 63 72 78 82 92 96 100 115 
0 1 5 9 24 32 36 51 55 58 63 72 78 82 92 96 111 115 
0 1 5 9 24 32 36 51 55 58 63 72 78 82 92 100 107 115 
0 1 5 10 14 18 33 41 46 60 69 77 86 93 97 101 106 114 
0 1 5 10 14 18 33 41 46 69 77 86 93 97 101 106 110 114 
0 1 6 10 14 18 33 41 46 60 69 77 86 93 97 101 106 114 
0 1 6 10 14 18 33 41 46 69 77 86 93 97 101 106 110 114 
0 1 6 10 14 33 41 46 59 60 69 77 86 93 97 101 106 114 
0 1 9 15 24 32 36 51 55 58 63 72 73 78 92 100 107 115 
0 1 10 14 18 33 41 46 54 57 60 69 77 86 93 101 106 114 
0 1 10 14 18 33 41 46 54 57 69 77 86 93 101 106 110 114 
0 1 10 14 18 33 41 46 54 69 77 86 93 97 101 106 110 114 
0 3 7 12 16 27 31 35 39 56 62 67 71 88 91 95 99 114 
0 3 7 12 16 27 31 35 39 56 62 67 71 91 95 99 108 114 
0 3 7 12 16 27 31 35 39 56 63 67 71 88 91 95 99 104 
0 3 7 12 16 27 31 35 39 56 63 67 71 88 91 95 99 114 
0 3 7 12 16 27 31 35 39 56 63 67 71 91 95 99 104 108 
0 3 7 12 16 27 31 35 39 56 63 67 71 91 95 99 108 114 
0 3 7 12 16 27 35 39 56 62 67 71 79 91 95 99 108 114 
0 3 7 12 16 27 35 39 56 63 67 71 79 91 95 99 104 108 
0 3 7 12 16 27 35 39 56 63 67 71 79 91 95 99 108 114 
0 3 7 12 27 31 35 39 42 54 62 67 71 88 91 95 99 114 
0 3 7 12 27 31 35 39 42 54 62 67 81 88 91 95 99 114 
0 3 7 12 27 31 35 39 42 54 63 67 71 88 91 95 99 114 
0 3 7 12 27 31 35 39 42 56 62 67 71 88 91 95 99 114 
0 3 7 16 22 27 31 35 39 56 62 67 71 88 90 95 99 114 
0 3 7 16 22 27 31 35 39 56 62 67 71 88 91 95 99 114 
0 3 7 16 22 27 31 35 39 56 62 67 71 91 95 99 108 114 
0 3 7 16 22 27 31 35 39 56 63 67 71 91 95 99 108 114 
0 3 7 16 22 27 31 35 50 56 62 67 71 88 90 95 99 114 
0 3 7 16 22 27 31 35 50 56 62 67 71 88 91 95 99 114 
0 3 7 16 22 27 31 35 50 56 62 67 71 91 95 99 108 114 
0 3 7 16 22 27 31 35 50 56 62 71 77 88 90 95 99 114 
0 3 7 16 22 27 31 35 50 56 62 71 77 88 91 95 99 114 
0 3 7 16 22 27 31 35 50 56 63 67 71 91 95 99 108 114 
0 3 7 16 22 27 35 39 56 62 67 71 79 91 95 99 108 114 
0 3 7 16 22 27 35 50 56 62 67 71 79 91 95 99 108 114 
0 3 7 16 22 27 35 50 56 63 67 71 79 91 95 99 108 114 
0 3 7 22 27 31 35 39 42 54 62 67 71 88 90 95 99 114 
0 3 7 22 27 31 35 39 42 54 62 67 71 88 91 95 99 114 
0 3 7 22 27 31 35 39 42 56 62 67 71 88 90 95 99 114 
0 3 7 22 27 31 35 39 42 56 62 67 71 88 91 95 99 114 
0 3 7 22 27 31 35 42 50 56 62 67 71 88 91 95 99 114 
0 3 8 12 16 27 31 35 39 44 62 67 71 88 91 95 99 114 
0 3 8 12 16 27 31 35 39 44 62 67 71 91 95 99 108 114 
0 3 8 12 16 27 31 35 39 44 63 67 71 88 91 95 99 104 
0 3 8 12 16 27 31 35 39 44 63 67 71 88 91 95 99 114 
0 3 8 12 16 27 31 35 39 44 63 67 71 91 95 99 104 108 
0 3 8 12 16 27 31 35 39 44 63 67 71 91 95 99 108 114 
0 3 8 12 16 27 31 35 39 44 63 67 71 91 95 100 104 108 
0 3 8 12 16 27 31 35 39 44 63 67 71 91 95 100 108 114 
0 3 8 12 16 27 31 35 39 54 62 67 71 88 91 95 99 114 
0 3 8 12 16 27 31 35 39 54 62 67 71 91 95 99 108 114 
0 3 8 12 16 27 31 35 39 54 62 67 81 88 91 95 99 114 
0 3 8 12 16 27 31 35 39 54 63 67 71 88 91 95 99 104 
0 3 8 12 16 27 31 35 39 54 63 67 71 88 91 95 99 114 
0 3 8 12 16 27 31 35 39 54 63 67 71 91 95 99 104 108 
0 3 8 12 16 27 31 35 39 54 63 67 71 91 95 99 108 114 
0 3 8 12 16 27 31 35 39 54 63 67 71 91 95 100 104 108 
0 3 8 12 16 27 31 35 39 54 63 67 71 91 95 100 108 114 
0 3 8 12 16 27 31 35 39 56 62 67 71 88 91 95 99 114 
0 3 8 12 16 27 31 35 39 56 62 67 71 91 95 99 108 114 
0 3 8 12 16 27 35 39 56 62 67 71 79 91 95 99 108 114 
0 3 8 12 27 31 35 39 42 54 62 67 71 88 91 95 99 114 
0 3 8 12 27 31 35 39 42 54 62 67 81 88 91 95 99 114 
0 3 8 12 27 31 35 39 42 54 63 67 71 88 91 95 99 114 
0 3 8 12 27 31 35 39 54 57 62 67 71 88 91 95 99 114 
0 3 8 12 27 31 35 39 54 57 62 67 81 88 91 95 99 114 
0 3 8 12 27 31 35 39 54 57 62 67 81 88 91 95 110 114 
0 3 8 12 27 31 35 39 54 57 63 67 71 88 91 95 99 104 
0 3 8 12 27 31 35 39 54 57 63 67 71 88 91 95 99 114 
0 3 8 12 27 31 35 39 54 57 63 67 71 88 91 95 100 104 
0 3 8 12 27 31 35 39 54 57 63 67 71 88 91 95 104 110 
0 3 8 12 27 31 35 39 54 57 63 67 71 91 95 100 104 108 
0 3 8 12 27 31 35 39 54 57 63 67 71 91 95 100 108 114 
0 3 8 12 27 31 35 39 54 57 63 67 81 88 91 95 104 110 
0 3 8 12 27 31 35 39 54 57 67 81 86 88 91 95 110 114 
0 3 8 16 22 27 31 35 39 44 62 67 71 88 91 95 99 114 
0 3 8 16 22 27 31 35 39 44 62 67 71 91 95 99 108 114 
0 3 8 16 22 27 31 35 39 44 63 67 71 91 95 99 108 114 
0 3 8 16 22 27 31 35 39 54 62 67 71 88 91 95 99 114 
0 3 8 16 22 27 31 35 39 54 62 67 71 91 95 99 108 114 
0 3 8 16 22 27 31 35 39 54 62 67 81 88 91 95 99 114 
0 3 8 16 22 27 31 35 39 54 63 67 71 91 95 99 108 114 
0 3 8 16 22 27 31 35 39 56 62 67 71 91 95 99 108 114 
0 3 8 16 22 27 31 35 44 50 62 67 71 88 91 95 99 114 
0 3 8 16 22 27 31 35 44 50 62 67 71 91 95 99 108 114 
0 3 8 16 22 27 31 35 44 50 62 71 77 88 91 95 99 114 
0 3 8 16 22 27 31 35 44 50 63 67 71 88 91 95 99 114 
0 3 8 16 22 27 31 35 44 50 63 67 71 91 95 99 108 114 
0 3 8 16 22 27 31 35 44 50 63 71 77 88 91 95 99 114 
0 3 8 16 22 27 31 35 50 54 62 67 71 88 91 95 99 114 
0 3 8 16 22 27 31 35 50 54 62 67 71 91 95 99 108 114 
0 3 8 16 22 27 31 35 50 54 62 67 81 88 91 95 99 114 
0 3 8 16 22 27 31 35 50 54 62 71 77 88 91 95 99 114 
0 3 8 16 22 27 31 35 50 54 63 67 71 88 91 95 99 114 
0 3 8 16 22 27 31 35 50 54 63 67 71 91 95 99 108 114 
0 3 8 16 22 27 31 35 50 54 63 71 77 88 91 95 99 114 
0 3 8 16 22 27 31 35 50 56 62 67 71 91 95 99 108 114 
0 3 8 16 22 27 31 35 50 56 62 71 77 88 91 95 99 114 
0 3 8 16 22 27 31 35 50 56 63 71 77 88 91 95 99 114 
0 3 8 16 22 27 35 50 56 62 67 71 79 91 95 99 108 114 
0 3 8 22 27 31 35 39 42 54 62 67 71 88 91 95 99 114 
0 3 8 22 27 31 35 39 42 54 62 67 81 88 91 95 99 114 
0 3 8 22 27 31 35 39 54 57 62 67 81 88 91 95 99 114 
0 3 8 22 27 31 35 39 54 57 62 67 81 88 91 95 110 114 
0 3 8 22 27 31 35 50 54 57 62 71 77 88 91 95 99 114 
0 3 8 22 27 31 35 50 54 57 63 67 71 88 91 95 99 114 
0 3 8 22 27 31 35 50 54 57 63 67 71 88 91 95 110 114 
0 3 8 22 27 31 35 50 54 57 63 71 77 88 91 95 99 114 
0 3 8 22 27 31 35 50 54 57 63 71 77 88 91 95 110 114 
0 3 12 18 27 31 35 39 42 54 62 67 71 88 91 95 99 114 
0 3 18 22 27 31 35 39 42 54 62 67 71 88 91 95 99 114 
0 4 8 12 16 27 31 35 44 50 63 67 71 91 95 100 104 108 
0 4 8 12 16 27 31 35 44 50 63 67 71 91 95 100 108 114 
0 4 8 12 17 21 25 31 35 40 44 48 63 67 71 100 104 108 
0 4 8 12 17 21 25 35 40 44 48 63 67 71 80 100 104 108 
0 4 8 12 17 21 31 35 40 44 48 63 67 71 95 100 104 108 
0 4 8 12 17 21 35 40 44 48 63 67 71 80 95 100 104 108 
0 4 8 12 17 25 35 40 44 48 63 67 71 80 91 100 104 108 
0 4 8 12 17 31 35 40 44 48 63 67 71 91 95 100 104 108 
0 4 8 12 17 31 35 40 44 48 63 67 71 91 95 100 108 114 
0 4 8 12 17 35 40 44 48 63 67 71 80 91 95 100 104 108 
0 4 8 12 17 35 40 44 48 63 67 71 80 91 95 100 108 114 
0 4 8 12 21 31 35 40 44 48 57 63 67 71 95 100 104 108 
0 4 8 12 21 31 35 40 48 54 57 63 67 71 95 100 104 108 
0 4 8 12 21 35 40 44 48 57 63 67 71 80 95 100 104 108 
0 4 8 12 27 31 35 40 44 57 63 67 71 88 91 95 100 104 
0 4 8 12 27 31 35 40 44 57 63 67 71 88 91 95 100 114 
0 4 8 12 27 31 35 50 54 57 63 67 71 88 91 95 110 114 
0 4 8 16 23 27 31 35 44 50 63 67 71 91 95 100 108 114 
