0 1 5 16 20 25 31 36 40 51 55 60 71 75 89 96 100 105 
0 1 5 16 20 25 31 36 40 51 55 60 71 75 89 96 100 111 
0 1 5 16 20 25 31 36 40 51 55 60 71 75 89 96 101 105 
0 1 5 16 20 25 31 36 40 51 55 60 71 75 96 100 111 115 
0 1 5 16 20 25 31 36 40 51 55 66 70 75 96 100 111 115 
0 1 5 16 20 25 31 36 40 51 55 66 71 75 96 100 111 115 
0 1 5 16 20 31 36 40 51 55 60 71 75 89 91 95 100 111 
0 1 5 16 20 31 36 40 51 55 60 71 75 89 91 96 100 111 
0 1 5 16 20 31 36 40 51 55 60 71 75 91 96 100 111 115 
0 1 5 16 20 31 36 40 51 55 66 70 75 91 95 100 111 115 
0 1 5 16 20 31 36 40 51 55 66 70 75 91 95 106 110 115 
0 1 5 16 20 31 36 40 51 55 66 70 75 91 95 106 111 115 
0 1 5 16 20 31 36 40 51 55 66 70 75 91 96 100 111 115 
0 1 5 16 21 25 31 36 40 51 55 66 70 75 96 100 111 115 
0 1 11 16 20 31 36 40 51 55 60 71 75 89 91 95 100 111 
0 1 11 16 20 31 36 40 51 55 60 71 75 89 91 96 100 111 
0 1 11 16 20 31 36 40 51 55 60 71 75 91 95 100 111 115 
0 1 11 16 20 31 36 40 51 55 60 71 75 91 96 100 111 115 
0 1 11 16 20 31 36 40 51 55 66 70 75 91 95 100 111 115 
0 1 11 16 20 31 36 40 51 55 66 70 75 91 95 106 110 115 
0 1 11 16 20 31 36 40 51 55 66 70 75 91 95 106 111 115 
0 1 11 16 20 31 36 40 51 55 66 70 75 91 96 100 111 115 
0 1 11 16 20 31 36 40 51 55 66 71 75 91 95 100 111 115 
0 1 11 16 20 31 36 40 51 55 66 71 75 91 95 106 110 115 
0 1 11 16 20 31 36 40 51 55 66 71 75 91 95 106 111 115 
0 1 11 16 20 31 36 40 51 55 66 71 75 91 96 100 111 115 
0 1 12 16 20 29 31 36 40 51 60 71 75 89 91 95 100 111 
0 1 12 16 20 29 31 36 40 51 60 71 75 89 91 96 100 111 
0 1 12 16 20 29 31 36 40 51 60 71 75 91 95 100 111 115 
0 1 12 16 20 29 31 36 40 51 60 71 75 91 96 100 111 115 
0 1 12 16 20 29 31 36 40 51 66 70 75 91 95 100 111 115 
0 1 12 16 20 29 31 36 40 51 66 70 75 91 95 106 110 115 
0 1 12 16 20 29 31 36 40 51 66 70 75 91 95 106 111 115 
0 1 12 16 20 29 31 36 40 51 66 70 75 91 96 100 111 115 
0 1 12 16 20 29 31 36 40 51 66 71 75 91 95 100 111 115 
0 1 12 16 20 29 31 36 40 51 66 71 75 91 95 106 110 115 
0 1 12 16 20 29 31 36 40 51 66 71 75 91 95 106 111 115 
0 1 12 16 20 29 31 36 40 51 66 71 75 91 96 100 111 115 
0 1 12 16 20 29 31 36 47 51 60 71 75 89 91 95 100 111 
0 1 12 16 20 29 31 36 47 51 60 71 75 89 91 96 100 111 
0 1 12 16 20 29 31 36 47 51 60 71 75 91 95 100 111 115 
0 1 12 16 20 29 31 36 47 51 60 71 75 91 96 100 111 115 
0 1 12 16 20 29 31 36 47 51 66 70 75 91 95 100 111 115 
0 1 12 16 20 29 31 36 47 51 66 70 75 91 95 106 110 115 
0 1 12 16 20 29 31 36 47 51 66 70 75 91 95 106 111 115 
0 1 12 16 20 29 31 36 47 51 66 70 75 91 96 100 111 115 
0 1 12 16 20 29 31 36 47 51 66 71 75 91 95 100 111 115 
0 1 12 16 20 29 31 36 47 51 66 71 75 91 95 106 110 115 
0 1 12 16 20 29 31 36 47 51 66 71 75 91 95 106 111 115 
0 1 12 16 20 29 31 36 47 51 66 71 75 91 96 100 111 115 
0 1 12 16 20 29 32 36 47 51 60 71 75 89 91 95 100 111 
0 1 12 16 20 29 32 36 47 51 60 71 75 89 91 96 100 111 
0 1 12 16 20 29 32 36 47 51 60 71 75 91 95 100 111 115 
0 1 12 16 20 29 32 36 47 51 60 71 75 91 96 100 111 115 
0 1 12 16 20 29 32 36 47 51 66 70 75 91 95 100 111 115 
0 1 12 16 20 29 32 36 47 51 66 70 75 91 95 106 110 115 
0 1 12 16 20 29 32 36 47 51 66 70 75 91 95 106 111 115 
0 1 12 16 20 29 32 36 47 51 66 70 75 91 96 100 111 115 
0 1 12 16 20 29 32 36 47 51 66 71 75 91 95 100 111 115 
0 1 12 16 20 29 32 36 47 51 66 71 75 91 95 106 110 115 
0 1 12 16 20 29 32 36 47 51 66 71 75 91 95 106 111 115 
0 1 12 16 20 29 32 36 47 51 66 71 75 91 96 100 111 115 
0 1 12 16 20 31 36 40 51 55 60 71 75 89 91 95 100 111 
0 1 12 16 20 31 36 40 51 55 60 71 75 89 91 96 100 111 
0 1 12 16 20 31 36 40 51 55 60 71 75 91 95 100 111 115 
0 1 12 16 20 31 36 40 51 55 60 71 75 91 96 100 111 115 
0 1 12 16 20 31 36 40 51 55 66 70 75 91 95 100 111 115 
0 1 12 16 20 31 36 40 51 55 66 70 75 91 95 106 110 115 
0 1 12 16 20 31 36 40 51 55 66 70 75 91 95 106 111 115 
0 1 12 16 20 31 36 40 51 55 66 70 75 91 96 100 111 115 
0 1 12 16 20 31 36 40 51 55 66 71 75 91 95 100 111 115 
0 1 12 16 20 31 36 40 51 55 66 71 75 91 95 106 110 115 
0 1 12 16 20 31 36 40 51 55 66 71 75 91 95 106 111 115 
0 1 12 16 20 31 36 40 51 55 66 71 75 91 96 100 111 115 
0 1 12 16 21 25 29 31 36 40 51 60 71 75 89 96 100 105 
0 1 12 16 21 25 29 31 36 40 51 60 71 75 89 96 100 111 
0 1 12 16 21 25 29 31 36 40 51 60 71 75 89 96 101 105 
0 1 12 16 21 25 29 31 36 40 51 60 71 75 96 100 111 115 
0 1 12 16 21 25 29 31 36 40 51 66 70 75 96 100 111 115 
0 1 12 16 21 25 29 31 36 40 51 66 71 75 96 100 111 115 
0 1 12 16 21 29 31 36 40 51 60 71 75 89 91 96 100 111 
0 1 12 16 21 29 31 36 40 51 60 71 75 89 92 96 100 111 
0 1 12 16 21 29 31 36 40 51 60 71 75 89 92 96 101 105 
0 1 12 16 21 29 31 36 40 51 60 71 75 89 92 96 101 111 
0 1 12 16 21 29 31 36 40 51 60 71 75 89 92 96 101 112 
0 1 12 16 21 29 31 36 40 51 60 71 75 89 92 96 107 111 
0 1 12 16 21 29 31 36 40 51 60 71 75 89 92 97 101 112 
0 1 12 16 21 29 31 36 40 51 60 71 75 91 96 100 111 115 
0 1 12 16 21 29 31 36 40 51 60 71 75 92 96 100 111 115 
0 1 12 16 21 29 31 36 40 51 66 70 75 91 96 100 111 115 
0 1 12 16 21 29 31 36 40 51 66 70 75 92 96 100 111 115 
0 1 12 16 21 29 31 36 40 51 66 71 75 91 96 100 111 115 
0 1 12 16 21 29 31 36 40 51 66 71 75 92 96 100 111 115 
0 1 12 16 21 29 31 36 47 51 60 71 75 89 92 96 101 111 
0 1 12 16 21 29 31 36 47 51 60 71 75 89 92 96 101 112 
0 1 12 16 21 29 31 36 47 51 60 71 75 89 92 96 107 111 
0 1 12 16 21 29 31 36 47 51 60 71 75 89 92 97 101 112 
0 1 12 16 21 29 31 36 47 51 66 70 75 92 96 107 111 115 
0 1 12 16 21 29 32 36 47 51 60 71 75 89 92 96 101 111 
0 1 12 16 21 29 32 36 47 51 60 71 75 89 92 96 101 112 
0 1 12 16 21 29 32 36 47 51 60 71 75 89 92 96 107 111 
0 1 12 16 21 29 32 36 47 51 60 71 75 89 92 97 101 112 
0 1 12 16 21 31 36 40 51 55 60 71 75 89 91 96 100 111 
0 1 12 16 21 31 36 40 51 55 60 71 75 89 92 96 100 111 
0 1 12 16 21 31 36 40 51 55 60 71 75 89 92 96 101 105 
0 1 12 16 21 31 36 40 51 55 60 71 75 89 92 96 101 111 
0 1 12 16 21 31 36 40 51 55 60 71 75 89 92 96 101 112 
0 1 12 16 21 31 36 40 51 55 60 71 75 89 92 96 107 111 
0 1 12 16 21 31 36 40 51 55 60 71 75 89 92 97 101 112 
0 1 12 16 21 31 36 40 51 55 60 71 75 91 96 100 111 115 
0 1 12 16 21 31 36 40 51 55 60 71 75 92 96 100 111 115 
0 1 12 16 29 31 36 40 51 57 60 71 75 89 91 96 100 111 
0 1 12 16 29 31 36 40 51 57 60 71 75 89 91 96 107 111 
0 1 12 16 29 31 36 40 51 57 60 71 75 89 92 96 107 111 
0 1 12 16 29 31 36 40 51 57 60 71 75 91 96 100 111 115 
0 1 12 16 29 31 36 40 51 57 66 70 75 91 95 106 110 115 
0 1 12 16 29 31 36 40 51 57 66 70 75 91 96 100 111 115 
0 1 12 16 29 31 36 47 51 57 66 70 75 91 95 106 110 115 
0 1 12 16 29 31 36 47 51 57 66 70 75 91 95 106 111 115 
0 1 12 16 29 31 36 47 51 57 66 70 75 91 96 100 111 115 
0 1 12 16 29 31 36 47 51 57 66 70 75 91 96 106 111 115 
0 1 12 16 29 31 36 47 51 57 66 70 75 91 96 107 111 115 
0 1 12 16 29 31 36 47 51 57 66 70 75 92 96 107 111 115 
0 1 12 16 29 32 36 47 51 57 60 71 75 89 92 96 107 111 
0 1 12 16 29 32 36 47 51 57 60 71 75 91 96 100 111 115 
0 1 12 16 29 32 36 47 51 57 66 70 75 91 95 106 110 115 
0 1 12 16 29 32 36 47 51 57 66 70 75 91 95 106 111 115 
0 1 12 16 29 32 36 47 51 57 66 70 75 91 96 100 111 115 
0 1 12 16 29 32 36 47 51 57 66 70 75 91 96 106 111 115 
0 1 12 16 29 32 36 47 51 57 66 70 75 91 96 107 111 115 
0 1 12 16 29 32 36 47 51 57 66 70 75 91 103 106 111 115 
0 1 12 16 29 32 36 47 51 57 66 70 75 92 96 107 111 115 
0 2 6 10 21 25 31 35 46 50 60 71 75 89 90 101 105 
0 2 6 10 21 25 31 35 46 50 60 71 75 89 96 100 105 
0 2 6 10 21 25 31 35 46 50 60 71 75 89 96 101 105 
0 2 6 10 21 25 31 35 46 50 66 70 75 96 100 111 115 
0 2 6 10 21 25 31 43 46 50 60 71 75 89 90 101 105 
0 2 6 10 21 25 31 43 46 50 60 71 75 89 96 100 105 
0 2 6 10 21 25 31 43 46 50 60 71 75 89 96 100 111 
0 2 6 10 21 25 31 43 46 50 60 71 75 89 96 101 105 
0 2 6 10 21 25 31 43 46 50 61 65 70 81 90 101 105 110 
0 2 6 10 21 25 31 43 46 50 61 65 70 81 90 101 106 110 
0 2 6 10 21 25 31 43 46 50 61 66 70 81 90 101 105 110 
0 2 6 10 21 31 42 43 46 50 60 71 75 89 90 101 105 
0 2 6 10 21 31 42 43 46 50 61 65 70 81 90 101 105 110 
0 2 6 10 21 31 42 43 46 50 61 65 70 81 90 101 106 110 
0 2 6 10 21 31 42 43 46 50 61 66 70 81 90 101 105 110 
0 2 6 10 21 31 42 43 46 50 61 66 70 81 90 101 106 110 
0 2 6 11 15 31 35 42 46 50 60 71 75 89 90 101 105 
0 2 6 11 15 31 42 43 46 50 60 71 75 89 90 101 105 
0 2 6 11 15 31 42 43 46 50 61 65 70 81 90 101 105 110 
0 2 6 11 15 31 42 43 46 50 61 65 70 81 90 101 106 110 
0 2 6 11 15 31 42 43 46 50 61 66 70 81 90 101 105 110 
0 2 6 11 15 31 42 43 46 50 61 66 70 81 90 101 106 110 
0 2 6 11 21 31 35 42 46 50 60 71 75 89 90 101 105 
0 2 6 11 21 31 42 43 46 50 60 71 75 89 90 101 105 
0 2 6 11 21 31 42 43 46 50 61 65 70 81 90 101 105 110 
0 2 6 11 21 31 42 43 46 50 61 65 70 81 90 101 106 110 
0 2 6 11 21 31 42 43 46 50 61 66 70 81 90 101 105 110 
0 2 6 11 21 31 42 43 46 50 61 66 70 81 90 101 106 110 
0 2 6 11 22 31 35 42 46 50 60 71 75 89 90 101 105 
0 2 6 11 22 31 35 42 46 50 60 71 75 89 97 101 105 
0 2 6 11 22 31 42 43 46 50 60 71 75 89 90 101 105 
0 2 6 11 22 31 42 43 46 50 60 71 75 89 97 101 105 
0 2 6 11 22 31 42 43 46 50 60 71 75 89 97 101 112 
0 2 6 11 22 31 42 43 46 50 61 65 70 81 90 101 105 110 
0 2 6 11 22 31 42 43 46 50 61 65 70 81 90 101 106 110 
0 2 6 11 22 31 42 43 46 50 61 65 70 81 91 101 106 110 
0 2 6 11 22 31 42 43 46 50 61 65 70 81 91 103 106 110 
0 2 6 11 22 31 42 43 46 50 61 66 70 81 90 101 105 110 
0 2 6 11 22 31 42 43 46 50 61 66 70 81 90 101 106 110 
0 2 6 11 22 31 42 43 46 50 61 66 70 81 91 101 106 110 
0 2 6 11 22 31 42 43 46 50 61 66 70 81 91 103 106 110 
0 2 6 11 22 31 43 46 50 57 61 65 70 81 91 103 106 110 
0 2 6 17 21 25 31 35 46 50 60 71 75 89 96 101 105 
0 2 6 17 21 28 31 43 46 60 71 75 89 92 96 107 111 
0 2 6 17 21 28 31 43 46 66 71 75 89 92 96 107 111 
0 2 6 17 21 29 35 38 42 46 67 71 76 89 97 101 112 
0 2 6 17 21 29 35 38 46 67 71 76 89 92 96 101 112 
0 2 6 17 21 29 35 38 46 67 71 76 89 92 96 107 111 
0 2 6 17 22 28 37 42 43 46 61 66 77 81 97 101 102 106 
0 2 6 17 22 28 37 42 43 46 61 66 77 81 97 102 103 106 
0 2 6 17 22 28 37 42 43 46 62 66 77 81 97 101 102 106 
0 2 6 17 22 28 37 42 43 46 62 66 77 81 97 102 103 106 
0 2 6 17 22 28 38 42 43 46 61 66 77 81 97 101 102 106 
0 2 6 17 22 28 38 42 43 46 61 66 77 81 97 102 103 106 
0 2 6 17 22 28 38 42 43 46 62 66 77 81 97 101 102 106 
0 2 7 11 22 28 31 42 43 46 61 65 70 81 90 101 106 110 
0 2 7 11 22 28 31 42 43 46 61 66 70 81 90 101 106 110 
0 2 7 11 22 28 38 42 43 46 61 66 77 81 97 102 103 106 
0 2 7 11 22 28 38 42 43 46 62 66 77 81 97 102 103 106 
0 2 7 11 22 31 42 43 46 50 61 65 70 81 90 101 106 110 
0 2 7 11 22 31 42 43 46 50 61 65 70 81 91 101 106 110 
0 2 7 11 22 31 42 43 46 50 61 65 70 81 91 103 106 110 
0 2 7 11 22 31 42 43 46 50 61 66 70 81 90 101 106 110 
0 2 7 11 22 31 42 43 46 50 61 66 70 81 91 101 106 110 
0 2 7 11 22 31 42 43 46 50 61 66 70 81 91 103 106 110 
0 2 7 11 22 31 42 43 46 50 61 66 70 81 91 103 106 111 
0 2 7 11 22 31 42 43 46 50 62 66 70 81 91 103 106 111 
0 2 7 11 22 31 42 43 46 51 61 65 70 81 91 101 106 110 
0 2 7 11 22 31 42 43 46 51 61 66 70 81 91 101 106 110 
0 2 7 11 22 31 42 43 46 51 61 66 70 81 91 103 106 110 
0 2 7 11 22 31 42 43 46 51 61 66 70 81 91 103 106 111 
0 2 7 11 22 31 43 46 50 57 61 66 70 81 91 103 106 110 
0 2 7 11 22 31 43 46 50 57 61 66 70 81 91 103 106 111 
0 2 7 11 22 31 43 46 50 57 62 66 70 81 91 103 106 111 
0 2 7 11 22 31 43 46 51 57 61 66 70 81 91 103 106 111 
0 2 7 11 22 31 43 46 51 57 62 66 70 81 91 103 106 111 
0 2 7 11 22 31 43 46 51 57 62 66 71 81 91 103 106 111 
0 3 7 11 22 31 43 46 51 57 62 66 70 81 91 103 106 111 
