0 1 4 10 17 24 30 35 55 66 72 80 86 91 98 105 112 
0 1 6 10 14 29 31 35 52 69 77 86 89 91 95 99 108 112 
0 1 6 10 14 29 31 35 52 69 77 86 91 95 99 104 108 112 
0 1 10 14 18 29 31 35 52 69 77 86 89 91 95 99 108 112 
0 2 6 10 19 23 31 40 44 48 57 61 65 69 82 100 104 108 
0 2 6 10 19 23 40 44 48 57 61 65 69 78 82 100 104 108 
0 2 7 11 16 20 25 31 36 45 52 60 69 76 94 101 110 115 
0 2 7 11 16 20 25 31 36 45 52 60 69 76 94 101 111 115 
0 2 7 11 16 20 25 31 36 45 52 60 69 76 101 106 110 115 
0 2 7 11 16 20 25 31 36 45 52 60 69 76 101 106 111 115 
0 2 7 11 16 20 25 31 36 45 52 60 76 81 101 106 110 115 
0 2 7 11 16 20 25 31 36 45 52 60 76 81 101 106 111 115 
0 2 7 11 16 20 31 36 45 52 60 69 76 94 97 101 111 115 
0 2 7 11 16 20 31 36 45 52 60 69 76 97 101 106 111 115 
0 2 7 11 16 20 31 36 45 52 60 76 81 97 101 106 111 115 
0 2 7 11 16 20 31 36 45 52 69 73 76 97 101 106 111 115 
0 2 7 11 16 20 31 36 45 52 73 76 81 97 101 106 111 115 
0 2 7 11 16 21 25 31 36 40 45 60 65 69 90 106 111 115 
0 2 7 11 16 21 25 31 36 40 45 60 65 81 89 90 106 111 
0 2 7 11 16 21 25 31 36 40 45 60 65 81 89 103 106 111 
0 2 7 11 16 21 25 31 36 40 45 60 65 81 90 106 111 115 
0 2 7 11 16 21 25 31 36 41 45 60 65 69 90 106 111 115 
0 2 7 11 16 21 25 31 36 41 45 60 65 81 89 90 106 111 
0 2 7 11 16 21 25 31 36 41 45 60 65 81 89 103 106 111 
0 2 7 11 16 21 25 31 36 41 45 60 65 81 90 106 111 115 
0 2 7 11 16 21 25 31 36 45 52 60 65 69 90 106 111 115 
0 2 7 11 16 21 25 31 36 45 52 60 65 81 89 90 106 111 
0 2 7 11 16 21 25 31 36 45 52 60 65 81 89 103 106 111 
0 2 7 11 16 21 25 31 36 45 52 60 65 81 90 106 111 115 
0 2 7 11 16 21 25 31 36 45 52 60 67 76 81 103 106 111 
0 2 7 11 16 21 25 31 36 45 52 60 69 76 90 106 111 115 
0 2 7 11 16 21 25 31 36 45 52 60 69 76 101 106 110 115 
0 2 7 11 16 21 25 31 36 45 52 60 69 76 101 106 111 115 
0 2 7 11 16 21 25 31 36 45 52 60 69 76 103 106 111 115 
0 2 7 11 16 21 25 31 36 45 52 60 76 81 89 103 106 111 
0 2 7 11 16 21 25 31 36 45 52 60 76 81 90 106 111 115 
0 2 7 11 16 21 25 31 36 45 52 60 76 81 101 106 110 115 
0 2 7 11 16 21 25 31 36 45 52 60 76 81 101 106 111 115 
0 2 7 11 16 21 25 31 36 45 52 60 76 81 103 106 111 115 
0 2 7 11 16 21 31 36 40 45 60 65 69 90 97 106 111 115 
0 2 7 11 16 21 31 36 40 45 60 65 81 89 90 97 106 111 
0 2 7 11 16 21 31 36 40 45 60 65 81 90 97 106 111 115 
0 2 7 11 16 21 31 36 40 45 65 69 73 90 97 106 111 115 
0 2 7 11 16 21 31 36 40 45 65 73 81 89 90 97 106 111 
0 2 7 11 16 21 31 36 40 45 65 73 81 89 97 103 106 111 
0 2 7 11 16 21 31 36 40 45 65 73 81 90 97 106 111 115 
0 2 7 11 16 21 31 36 41 45 60 65 69 90 97 106 111 115 
0 2 7 11 16 21 31 36 41 45 60 65 81 89 90 97 106 111 
0 2 7 11 16 21 31 36 41 45 60 65 81 89 97 103 106 111 
0 2 7 11 16 21 31 36 41 45 60 65 81 90 97 106 111 115 
0 2 7 11 16 21 31 36 41 45 65 69 73 90 97 106 111 115 
0 2 7 11 16 21 31 36 41 45 65 73 81 89 90 97 106 111 
0 2 7 11 16 21 31 36 41 45 65 73 81 89 97 103 106 111 
0 2 7 11 16 21 31 36 41 45 65 73 81 90 97 106 111 115 
0 2 7 11 16 21 31 36 45 52 60 65 69 90 97 106 111 115 
0 2 7 11 16 21 31 36 45 52 60 65 81 89 90 97 106 111 
0 2 7 11 16 21 31 36 45 52 60 65 81 89 97 103 106 111 
0 2 7 11 16 21 31 36 45 52 60 65 81 90 97 106 111 115 
0 2 7 11 16 21 31 36 45 52 60 67 76 81 97 103 106 111 
0 2 7 11 16 21 31 36 45 52 60 69 76 90 97 106 111 115 
0 2 7 11 16 21 31 36 45 52 60 69 76 97 101 106 111 115 
0 2 7 11 16 21 31 36 45 52 60 69 76 97 103 106 111 115 
0 2 7 11 16 21 31 36 45 52 60 76 81 89 97 103 106 111 
0 2 7 11 16 21 31 36 45 52 60 76 81 97 103 106 111 115 
0 2 7 11 16 21 31 36 45 52 65 69 73 90 97 106 111 115 
0 2 7 11 16 21 31 36 45 52 65 73 81 89 90 97 106 111 
0 2 7 11 16 21 31 36 45 52 65 73 81 89 90 97 107 111 
0 2 7 11 16 21 31 36 45 52 65 73 81 89 97 103 106 111 
0 2 7 11 16 21 31 36 45 52 65 73 81 89 97 103 107 111 
0 2 7 11 16 21 31 36 45 52 65 73 81 90 97 106 111 115 
0 2 7 11 16 21 31 36 45 52 69 73 76 90 97 106 111 115 
0 2 7 11 16 21 31 36 45 52 69 73 76 97 101 106 111 115 
0 2 7 11 16 21 31 36 45 52 69 73 76 97 103 106 111 115 
0 2 7 11 16 25 28 36 52 56 60 67 76 81 92 101 106 111 
0 2 7 11 16 25 28 36 52 56 60 67 76 81 92 103 106 111 
0 2 7 11 16 25 31 36 45 52 60 69 76 92 101 106 111 115 
0 2 7 11 16 28 36 52 56 60 67 76 81 92 97 103 106 111 
0 2 7 11 16 28 36 52 56 67 73 76 81 92 97 103 106 111 
0 2 7 11 16 31 36 45 52 60 69 76 92 97 101 106 111 115 
0 2 7 11 16 31 36 45 52 69 73 76 92 97 101 106 111 115 
0 2 7 11 21 25 31 36 45 52 58 60 69 76 103 106 111 115 
0 2 7 11 21 31 36 45 52 58 60 69 76 97 103 106 111 115 
0 2 7 11 25 28 36 52 56 58 60 67 76 81 92 103 106 111 
0 2 7 11 28 36 52 56 58 60 67 76 81 92 97 103 106 111 
0 2 7 11 28 36 52 56 58 67 73 76 81 92 97 103 106 111 
0 2 7 12 16 21 28 31 36 41 60 65 81 89 90 97 106 111 
0 2 7 12 16 21 28 31 36 41 60 65 81 89 97 103 106 111 
0 2 7 12 16 21 28 31 36 41 65 73 81 89 90 97 106 111 
0 2 7 12 16 21 28 31 36 41 65 73 81 89 97 103 106 111 
0 2 7 12 16 21 28 31 36 52 60 65 81 89 90 97 106 111 
0 2 7 12 16 21 28 31 36 52 60 65 81 89 97 103 106 111 
0 2 7 12 16 21 28 31 36 52 60 67 76 81 97 103 106 111 
0 2 7 12 16 21 28 31 36 52 65 73 81 89 90 97 106 111 
0 2 7 12 16 21 31 36 45 52 60 65 81 89 90 97 106 111 
0 2 7 12 16 21 31 36 45 52 65 73 81 89 90 97 106 111 
0 2 7 12 16 21 31 36 45 52 65 73 81 89 97 103 106 111 
0 2 9 16 23 33 40 47 54 65 73 78 88 90 97 104 111 
0 2 9 16 23 33 40 47 54 65 73 79 88 90 97 104 111 
