0 1 8 11 18 23 35 39 47 51 55 56 57 91 95 99 111 116 
0 1 9 18 22 36 42 51 61 65 69 78 89 91 95 99 104 108 112 
0 2 6 10 15 19 23 28 31 35 39 44 48 52 64 77 81 86 92 
0 2 6 10 15 19 23 29 31 35 39 48 52 56 57 68 77 81 96 
0 2 6 10 15 19 29 31 35 40 44 48 52 58 60 68 77 81 96 
0 2 6 11 15 19 23 28 31 35 39 44 48 52 58 77 92 96 105 
0 2 6 11 15 19 23 28 31 35 39 44 48 52 64 77 86 92 105 
0 2 6 11 15 19 23 28 31 35 39 48 52 56 57 68 77 96 105 
0 2 6 11 15 19 23 28 31 35 39 48 52 56 57 77 92 96 105 
0 2 6 11 15 19 23 28 31 35 39 48 52 57 66 77 92 96 105 
0 2 6 11 15 19 23 28 31 35 44 48 52 58 62 77 92 96 105 
0 2 6 11 15 19 23 28 31 39 48 52 57 66 77 88 92 96 105 
0 2 6 11 15 19 23 28 35 44 48 52 58 62 77 92 96 105 114 
0 2 6 11 15 19 24 28 31 35 40 44 49 53 58 69 77 97 105 
0 2 6 11 15 19 24 28 31 40 44 49 53 58 69 77 88 97 105 
0 2 6 11 15 19 28 31 35 40 44 49 53 58 60 69 77 97 105 
0 3 7 11 15 19 23 27 31 35 39 54 57 66 70 74 78 82 
0 3 7 11 15 19 23 27 31 35 39 57 66 70 74 78 82 91 
0 3 7 11 15 19 23 27 31 35 50 56 62 70 74 78 82 91 
0 3 7 11 15 19 23 27 31 35 50 62 66 70 74 78 82 91 
0 3 7 11 15 19 23 27 31 35 57 62 66 70 74 78 82 91 
0 3 7 11 15 19 23 27 31 39 57 66 70 74 78 82 88 91 
0 3 7 11 15 19 23 27 31 57 62 66 70 74 78 82 88 91 
0 3 7 11 15 19 23 27 35 50 62 66 70 74 78 82 91 114 
0 3 7 11 15 19 23 27 35 57 62 66 70 74 78 82 91 114 
0 3 7 11 15 19 23 35 54 57 62 66 70 74 78 82 95 114 
