0 2 5 9 17 34 41 48 55 65 72 73 79 89 90 104 111 
0 2 5 10 17 34 41 48 55 65 72 73 79 89 90 104 111 
0 2 5 10 18 29 30 35 42 60 65 81 86 91 99 112 
0 2 5 10 18 29 35 40 48 60 65 86 91 99 104 112 
0 2 5 10 18 29 35 48 60 65 81 86 91 99 104 112 
0 2 7 15 23 32 40 53 58 65 70 78 96 102 104 109 
0 2 9 16 23 33 40 47 54 65 71 78 88 90 97 104 111 
0 2 9 16 23 33 40 47 54 65 71 78 90 96 102 104 111 
0 2 9 16 23 33 40 47 54 65 71 78 90 97 102 104 111 
0 2 9 16 23 33 40 47 54 65 73 78 88 90 97 104 111 
0 2 9 16 23 33 40 47 54 65 73 79 88 90 97 104 111 
