0 1 6 11 15 19 24 29 31 59 63 67 73 76 81 88 93 
0 1 6 11 15 19 24 29 31 59 63 67 73 76 81 88 114 
0 1 6 11 15 19 24 29 31 59 63 68 73 76 81 88 93 
0 1 6 11 15 19 24 29 31 59 63 73 76 81 88 93 107 
0 1 6 11 15 19 24 29 31 59 63 73 76 81 88 107 114 
0 1 6 11 15 19 24 29 52 59 63 68 73 76 81 88 114 
0 1 6 11 15 19 24 31 35 59 63 67 73 76 81 88 93 
0 1 6 11 15 19 24 31 35 59 63 73 76 81 88 93 107 
0 1 6 11 15 20 24 29 31 59 63 67 73 76 81 88 93 
0 1 6 11 15 20 24 29 31 59 63 73 76 81 88 93 107 
0 1 6 11 15 20 24 29 31 59 63 73 76 81 88 107 114 
0 1 6 11 15 24 29 31 38 43 59 63 67 73 88 100 114 
0 1 6 11 15 24 29 31 38 43 59 63 68 73 88 100 114 
0 1 6 11 15 24 29 31 38 43 59 63 73 88 100 107 114 
0 1 6 11 15 24 29 31 38 59 63 67 73 81 88 100 114 
0 1 6 11 15 24 29 31 38 59 63 68 73 81 88 100 114 
0 1 6 11 15 24 29 31 38 59 63 73 81 88 100 107 114 
0 1 6 11 15 24 29 31 43 59 63 67 73 76 88 93 100 
0 1 6 11 15 24 29 31 43 59 63 67 73 76 88 100 114 
0 1 6 11 15 24 29 31 43 59 63 68 73 76 88 93 100 
0 1 6 11 15 24 29 31 43 59 63 68 73 76 88 100 114 
0 1 6 11 15 24 29 31 43 59 63 73 76 88 93 100 107 
0 1 6 11 15 24 29 31 43 59 63 73 76 88 100 107 114 
0 1 6 11 15 24 29 31 59 63 73 76 81 88 93 100 107 
0 1 6 11 15 24 29 38 43 52 59 63 68 73 88 100 114 
0 1 6 11 15 24 29 38 52 59 63 68 73 81 88 100 114 
0 1 6 11 15 24 29 43 52 59 63 68 73 76 88 100 114 
0 1 6 11 15 29 31 43 59 63 68 73 76 88 93 100 105 
0 1 6 11 16 25 32 37 41 59 61 64 68 86 94 99 102 
0 1 6 11 24 29 32 37 43 59 63 68 73 88 93 96 100 
0 1 6 11 24 29 38 52 59 63 68 73 81 88 96 100 114 
0 1 6 15 24 29 31 43 49 59 63 73 76 88 93 100 107 
0 1 11 15 24 29 31 38 43 45 59 63 73 88 100 107 114 
0 1 11 15 24 29 31 43 45 59 63 73 76 88 93 100 107 
0 2 6 11 15 20 24 29 31 38 59 63 67 73 81 88 114 
0 2 6 11 15 20 24 29 31 38 59 63 68 73 81 88 114 
0 2 6 11 15 20 24 29 31 38 59 63 73 81 88 107 114 
0 2 6 11 15 20 24 29 31 59 63 67 72 73 77 81 114 
0 2 6 11 15 20 24 29 31 59 63 67 73 76 81 88 93 
0 2 6 11 15 20 24 29 31 59 63 67 73 76 81 88 114 
0 2 6 11 15 20 24 29 31 59 63 67 73 77 81 88 114 
0 2 6 11 15 20 24 29 31 59 63 67 73 77 81 98 114 
0 2 6 11 15 20 24 29 31 59 63 68 72 73 77 81 114 
0 2 6 11 15 20 24 29 31 59 63 68 73 76 81 88 93 
0 2 6 11 15 20 24 29 31 59 63 68 73 76 81 88 114 
0 2 6 11 15 20 24 29 31 59 63 68 73 77 81 98 114 
0 2 6 11 15 20 24 29 31 59 63 72 73 77 81 107 114 
0 2 6 11 15 20 24 29 31 59 63 73 76 81 88 93 107 
0 2 6 11 15 20 24 29 31 59 63 73 77 81 98 107 114 
0 2 6 11 15 20 24 29 52 59 63 68 73 77 81 98 114 
0 2 6 11 15 20 24 31 36 59 63 67 73 77 81 98 114 
0 2 6 11 15 20 24 31 36 59 63 73 77 81 94 98 107 
0 2 6 11 15 20 24 31 36 59 63 73 77 81 98 107 114 
0 2 6 11 15 20 24 36 52 59 63 68 73 77 81 98 114 
0 2 6 11 15 20 25 36 52 59 63 68 73 77 81 98 114 
0 2 6 11 15 20 29 31 38 59 63 68 73 81 88 105 114 
0 2 6 11 15 20 29 31 56 59 63 68 72 73 77 105 114 
0 2 6 11 15 20 29 31 59 63 68 73 76 81 88 93 105 
0 2 6 11 15 20 29 31 59 63 68 73 76 81 88 105 114 
0 2 6 11 15 20 29 38 52 59 63 68 73 81 88 105 114 
0 2 6 11 15 20 29 52 59 63 68 73 76 81 88 105 114 
0 2 6 11 15 20 36 52 59 63 68 73 77 81 98 105 114 
0 2 6 11 15 24 29 31 38 59 63 67 73 81 88 100 114 
0 2 6 11 15 24 29 31 38 59 63 68 73 81 88 100 114 
0 2 6 11 15 24 29 31 38 59 63 73 81 88 100 107 114 
0 2 6 11 15 24 29 38 52 59 63 68 73 81 88 100 114 
0 2 6 11 15 29 31 38 56 59 63 68 73 88 100 105 114 
0 2 6 11 15 29 31 38 59 63 68 73 81 88 100 105 114 
0 2 6 11 15 29 38 52 59 63 68 73 81 88 100 105 114 
0 2 6 11 16 20 24 28 52 59 63 68 72 73 77 81 114 
0 2 6 11 16 20 24 36 52 59 63 68 72 73 77 81 114 
0 2 6 11 16 20 24 36 52 59 63 68 73 77 81 98 114 
0 2 6 11 16 20 31 36 56 59 63 68 72 73 77 94 105 
0 2 6 11 16 20 36 52 56 59 63 68 72 73 77 94 105 
0 2 6 11 16 20 36 52 56 59 63 68 72 73 77 105 114 
0 2 6 11 16 20 36 52 59 63 68 72 73 77 81 105 114 
0 2 6 11 16 28 52 56 59 63 68 72 73 77 101 105 114 
0 2 6 11 20 24 29 38 52 59 63 68 72 73 81 96 114 
0 2 6 11 20 29 38 52 56 59 63 68 72 73 96 105 114 
0 2 7 11 18 25 34 38 52 56 63 68 79 96 101 110 114 
