0 1 6 12 17 23 31 38 43 49 54 58 68 79 94 99 102 106 110 
0 1 6 12 17 23 31 38 43 49 54 58 68 79 95 99 102 106 110 
0 1 6 12 19 23 31 38 43 49 58 63 68 79 94 101 102 106 110 
0 1 6 12 19 23 31 38 49 56 58 63 68 75 79 95 101 102 106 
0 1 6 12 19 23 31 38 49 56 58 63 68 79 95 101 102 106 110 
0 1 6 12 19 23 33 38 49 55 56 58 63 70 75 79 95 101 102 
0 2 5 10 15 19 29 34 64 71 72 76 81 92 97 103 109 114 
0 2 5 10 15 20 28 30 34 71 72 76 81 92 97 103 109 114 
0 2 5 10 15 20 28 34 64 71 72 76 81 92 97 103 109 114 
0 2 5 10 15 20 29 34 64 71 72 76 81 92 97 103 109 114 
0 2 7 10 15 19 24 29 34 39 64 71 72 76 81 97 103 114 
0 2 7 10 15 19 24 29 34 39 64 72 76 81 97 103 106 114 
0 2 7 10 15 19 29 34 39 64 71 72 76 81 97 103 109 114 
0 2 7 10 15 19 29 34 39 64 72 76 81 97 103 106 109 114 
0 2 7 10 15 20 24 29 34 39 64 71 72 76 81 97 103 114 
0 2 7 10 15 20 25 28 39 64 69 72 76 81 97 103 107 114 
0 2 7 10 15 20 29 34 39 64 71 72 76 81 97 103 109 114 
0 2 7 12 15 19 24 29 34 39 44 59 64 71 72 76 81 103 
0 2 7 12 15 19 24 29 34 39 44 59 64 72 76 81 103 106 
0 2 7 12 15 19 24 29 34 39 44 59 64 72 81 103 106 111 
0 2 7 12 15 19 24 29 34 39 44 64 71 72 76 81 103 114 
0 2 7 12 15 19 24 29 34 39 44 64 72 76 81 103 106 114 
0 2 7 12 15 20 24 29 34 39 44 59 64 71 72 76 81 103 
0 2 7 12 15 20 25 28 39 44 59 64 69 72 76 81 103 107 
0 2 7 12 17 24 31 39 44 49 54 59 68 76 81 94 99 106 
0 2 7 12 17 24 31 39 44 49 54 59 68 81 94 99 106 111 
0 2 7 12 17 24 31 39 44 49 54 59 68 89 94 99 106 111 
0 2 7 12 17 24 31 44 49 54 59 68 81 86 94 99 106 111 
0 2 7 12 17 24 31 44 49 54 59 68 86 89 94 99 106 111 
0 2 7 12 17 24 31 49 54 59 68 78 86 89 94 99 106 111 
0 2 7 12 17 24 32 39 44 49 54 59 64 69 72 76 81 106 
0 2 7 12 17 24 32 39 44 49 54 59 64 69 72 76 81 107 
0 2 7 12 17 24 32 39 44 49 54 59 64 69 72 81 106 111 
0 2 7 12 17 24 32 39 44 49 54 59 64 69 81 94 106 111 
0 2 7 12 17 24 32 39 44 49 54 59 68 76 81 94 99 106 
0 2 7 12 17 24 32 39 44 49 54 59 69 76 81 94 99 106 
0 2 7 12 17 24 32 44 49 54 59 64 68 72 81 86 106 111 
0 2 7 12 17 24 32 44 49 54 59 64 68 81 86 94 106 111 
0 2 7 12 17 24 32 44 49 54 59 64 68 86 89 94 106 111 
0 2 7 12 17 24 32 44 49 54 59 64 69 72 81 86 106 111 
0 2 7 12 19 24 31 39 44 49 59 63 68 72 76 81 101 106 
0 2 7 12 19 24 31 39 44 49 59 63 68 72 81 101 106 111 
0 2 7 12 19 24 31 39 44 49 63 68 72 76 81 101 106 114 
0 4 12 19 29 33 41 42 49 63 70 78 89 94 101 108 
0 4 12 19 29 33 41 42 49 64 70 78 89 94 101 108 
0 4 12 19 29 34 41 42 49 63 70 78 89 94 101 108 
0 4 12 19 29 34 41 42 49 63 71 78 89 94 101 108 
0 4 12 19 29 34 41 42 49 63 71 78 89 94 101 109 
0 4 12 19 29 34 41 49 57 63 71 78 89 94 101 109 
