0 1 7 15 27 35 40 42 47 52 55 68 83 
0 1 7 15 27 35 40 42 47 55 68 76 83 
0 1 7 16 23 27 36 40 42 47 52 68 83 
0 1 7 16 27 32 36 42 47 52 56 68 83 
0 1 7 16 27 35 40 42 47 52 55 68 83 
0 1 7 16 27 35 40 42 47 55 68 76 83 
0 1 7 16 27 36 40 42 47 52 55 68 83 
0 3 7 11 15 19 23 27 47 52 75 78 82 
0 3 7 11 15 19 23 27 47 52 75 78 83 
0 3 7 11 15 19 23 27 47 62 75 78 82 
0 3 7 11 15 19 23 27 47 62 75 78 83 
0 3 7 11 15 19 23 27 52 57 75 78 82 
0 3 7 11 15 23 27 40 42 47 52 78 83 
0 3 7 11 15 23 27 40 47 52 75 78 82 
0 3 7 11 16 19 23 27 47 52 75 78 83 
0 3 7 11 16 19 23 27 47 52 75 79 83 
0 3 7 11 16 19 23 27 47 62 75 78 83 
0 3 7 11 16 23 27 40 42 47 52 68 83 
0 3 7 11 16 23 27 40 42 47 52 78 83 
0 3 7 11 16 23 27 40 47 52 68 75 83 
0 3 7 11 23 38 40 52 58 70 75 78 83 
