0 1 6 13 24 30 32 37 46 54 69 74 77 
0 1 6 13 24 30 32 37 46 54 69 75 82 
0 1 6 13 24 30 32 37 46 54 69 76 83 
0 1 6 13 24 30 32 37 46 54 69 77 82 
0 1 6 13 24 30 32 37 46 54 70 74 77 
0 1 6 13 24 30 32 37 46 54 70 74 78 
0 1 6 13 24 30 32 37 46 54 70 77 82 
0 1 6 13 24 30 32 37 46 54 70 78 83 
0 1 6 13 24 30 32 37 46 54 70 82 84 
0 1 6 13 24 30 32 37 46 54 70 83 84 
0 1 6 13 24 30 32 37 47 54 64 70 78 
0 1 6 13 24 30 32 37 47 54 65 69 76 
0 1 6 13 24 30 32 37 47 54 65 69 77 
0 1 6 13 24 30 32 37 47 54 65 70 77 
0 1 6 13 24 30 32 37 47 54 69 76 83 
0 1 6 13 24 30 32 37 47 54 70 78 83 
0 1 6 13 24 30 32 37 47 55 64 70 78 
0 1 6 13 24 30 32 37 47 55 65 69 76 
0 1 6 13 24 30 32 37 47 55 65 69 77 
0 1 6 13 24 30 32 37 47 55 65 70 77 
0 1 6 13 24 30 32 37 47 55 69 76 83 
0 1 6 13 24 30 32 37 47 55 70 78 83 
0 1 6 13 24 30 32 37 48 55 65 69 76 
0 1 6 13 24 30 32 37 48 55 65 69 77 
0 1 6 13 24 30 32 37 48 55 65 70 77 
0 1 6 13 24 30 32 37 48 55 69 74 77 
0 1 6 13 24 30 32 37 48 55 70 74 77 
0 1 6 13 24 30 32 37 48 55 70 74 78 
0 1 6 13 24 30 32 37 49 54 64 69 75 81 
0 1 6 13 24 30 32 37 49 54 64 70 78 
0 1 6 13 24 30 32 37 49 54 69 74 77 
0 1 6 13 24 30 32 37 49 54 70 74 77 
0 1 6 13 24 30 32 37 49 54 70 74 78 
0 1 6 13 24 30 32 37 50 52 55 69 75 82 
0 1 6 13 24 30 32 37 50 55 64 69 75 81 
0 1 6 13 24 30 32 37 50 55 64 70 78 
0 1 6 13 24 30 36 40 46 54 69 74 77 
0 1 6 13 24 30 36 40 46 54 69 76 83 
0 1 6 13 24 30 36 40 46 54 69 77 82 
0 1 6 13 24 30 36 40 46 54 70 74 77 
0 1 6 13 24 30 36 40 46 54 70 74 78 
0 1 6 13 24 30 36 40 46 54 70 77 82 
0 1 6 13 24 30 36 40 46 54 70 82 84 
0 1 6 13 24 30 36 40 46 54 70 83 84 
0 1 6 13 24 30 36 40 47 54 65 69 76 
0 1 6 13 24 30 36 40 47 54 65 69 77 
0 1 6 13 24 30 36 40 47 54 65 70 77 
0 1 6 13 24 30 36 40 47 54 69 76 83 
0 1 6 13 24 30 36 40 47 54 70 83 84 
0 1 6 13 24 30 36 40 47 55 65 69 76 
0 1 6 13 24 30 36 40 47 55 65 69 77 
0 1 6 13 24 30 36 40 47 55 69 76 83 
0 1 6 13 24 30 36 40 47 55 70 83 84 
0 1 6 13 24 30 36 40 48 55 65 69 76 
0 1 6 13 24 32 37 42 46 54 69 74 77 
0 1 6 13 24 32 37 42 46 54 69 76 83 
0 1 6 13 24 32 37 42 46 54 69 77 82 
0 1 6 13 24 32 37 42 46 54 71 74 78 
0 1 6 13 24 32 37 42 46 54 71 76 83 
0 1 6 13 24 32 37 42 46 54 71 78 83 
0 1 6 13 24 32 37 42 46 54 72 74 77 
0 1 6 13 24 32 37 42 47 54 64 71 78 
0 1 6 13 24 32 37 42 47 54 64 71 79 
0 1 6 13 24 32 37 42 47 54 64 72 79 
0 1 6 13 24 32 37 42 47 54 65 69 76 
0 1 6 13 24 32 37 42 47 54 65 69 77 
0 1 6 13 24 32 37 42 47 54 65 71 76 
0 1 6 13 24 32 37 42 47 54 65 71 79 
0 1 6 13 24 32 37 42 47 54 65 72 77 
0 1 6 13 24 32 37 42 47 54 65 72 79 
0 1 6 13 24 32 37 42 47 54 69 76 83 
0 1 6 13 24 32 37 42 47 54 71 76 83 
0 1 6 13 24 32 37 42 47 54 71 78 83 
0 1 6 13 24 32 37 42 47 55 64 71 78 
0 1 6 13 24 32 37 42 47 55 64 71 79 
0 1 6 13 24 32 37 42 47 55 64 72 79 
0 1 6 13 24 32 37 42 47 55 65 69 76 
0 1 6 13 24 32 37 42 47 55 65 69 77 
0 1 6 13 24 32 37 42 47 55 65 71 76 
0 1 6 13 24 32 37 42 47 55 65 71 79 
0 1 6 13 24 32 37 42 47 55 65 72 77 
0 1 6 13 24 32 37 42 47 55 65 72 79 
0 1 6 13 24 32 37 42 47 55 69 76 83 
0 1 6 13 24 32 37 42 47 55 71 76 83 
0 1 6 13 24 32 37 42 47 55 71 78 83 
0 1 6 13 24 32 37 42 48 52 55 71 79 
0 1 6 13 24 32 37 42 48 52 55 72 79 
0 1 6 13 24 32 37 42 48 52 55 72 80 
0 1 6 13 24 32 37 42 48 55 65 69 76 
0 1 6 13 24 32 37 42 48 55 65 69 77 
0 1 6 13 24 32 37 42 48 55 65 71 76 
0 1 6 13 24 32 37 42 48 55 65 71 79 
0 1 6 13 24 32 37 42 48 55 65 72 77 
0 1 6 13 24 32 37 42 48 55 65 72 79 
0 1 6 13 24 32 37 42 48 55 69 74 77 
0 1 6 13 24 32 37 42 48 55 71 74 78 
0 1 6 13 24 32 37 42 48 55 72 74 77 
0 1 6 13 24 32 37 42 48 55 72 74 80 
0 1 6 13 24 32 37 42 49 54 64 71 78 
0 1 6 13 24 32 37 42 49 54 64 71 79 
0 1 6 13 24 32 37 42 49 54 64 72 79 
0 1 6 13 24 32 37 42 49 54 69 74 77 
0 1 6 13 24 32 37 42 49 54 71 74 78 
0 1 6 13 24 32 37 42 49 54 72 74 77 
0 1 6 13 24 32 37 42 49 54 72 74 80 
0 1 6 13 24 32 37 43 46 54 70 74 77 
0 1 6 13 24 32 37 43 46 54 70 74 78 
0 1 6 13 24 32 37 43 46 54 70 77 82 
0 1 6 13 24 32 37 43 46 54 70 78 83 
0 1 6 13 24 32 37 43 46 54 72 74 77 
0 1 6 13 24 32 37 43 46 54 73 74 78 
0 1 6 13 24 32 37 43 47 54 64 70 78 
0 1 6 13 24 32 37 43 47 54 64 72 79 
0 1 6 13 24 32 37 43 47 54 64 73 78 
0 1 6 13 24 32 37 43 47 54 65 70 77 
0 1 6 13 24 32 37 43 47 54 65 72 77 
0 1 6 13 24 32 37 43 47 54 65 72 79 
0 1 6 13 24 32 37 43 47 54 70 78 83 
0 1 6 13 24 32 37 43 47 55 64 70 78 
0 1 6 13 24 32 37 43 47 55 64 72 79 
0 1 6 13 24 32 37 43 47 55 64 73 78 
0 1 6 13 24 32 37 43 47 55 65 70 77 
0 1 6 13 24 32 37 43 47 55 65 72 77 
0 1 6 13 24 32 37 43 47 55 65 72 79 
0 1 6 13 24 32 37 43 47 55 70 78 83 
0 1 6 13 24 32 37 43 48 52 55 72 79 
0 1 6 13 24 32 37 43 48 52 55 72 80 
0 1 6 13 24 32 37 43 48 52 55 73 80 
0 1 6 13 24 32 37 43 48 55 65 70 77 
0 1 6 13 24 32 37 43 48 55 65 72 77 
0 1 6 13 24 32 37 43 48 55 65 72 79 
0 1 6 13 24 32 37 43 48 55 70 74 77 
0 1 6 13 24 32 37 43 48 55 70 74 78 
0 1 6 13 24 32 37 43 48 55 72 74 77 
0 1 6 13 24 32 37 43 48 55 72 74 80 
0 1 6 13 24 32 37 43 48 55 73 74 78 
0 1 6 13 24 32 37 43 48 55 73 74 80 
0 1 6 13 24 32 37 43 49 54 64 70 78 
0 1 6 13 24 32 37 43 49 54 64 72 79 
0 1 6 13 24 32 37 43 49 54 64 73 78 
0 1 6 13 24 32 37 43 49 54 64 73 81 
0 1 6 13 24 32 37 43 49 54 70 74 77 
0 1 6 13 24 32 37 43 49 54 70 74 78 
0 1 6 13 24 32 37 43 49 54 72 74 77 
0 1 6 13 24 32 37 43 49 54 72 74 80 
0 1 6 13 24 32 37 43 49 54 73 74 78 
0 1 6 13 24 32 37 43 49 54 73 74 80 
0 1 6 13 24 36 40 42 46 54 69 74 77 
0 1 6 13 24 36 40 42 46 54 69 76 83 
0 1 6 13 24 36 40 42 46 54 69 77 82 
0 1 6 13 24 36 40 42 46 54 71 74 78 
0 1 6 13 24 36 40 42 46 54 71 76 83 
0 1 6 13 24 36 40 42 46 54 71 78 83 
0 1 6 13 24 36 40 42 46 54 72 74 77 
0 1 6 13 24 36 40 42 47 54 64 71 78 
0 1 6 13 24 36 40 42 47 54 64 71 79 
0 1 6 13 24 36 40 42 47 54 64 72 79 
0 1 6 13 24 36 40 42 47 54 65 69 76 
0 1 6 13 24 36 40 42 47 54 65 69 77 
0 1 6 13 24 36 40 42 47 54 65 71 76 
0 1 6 13 24 36 40 42 47 54 65 71 79 
0 1 6 13 24 36 40 42 47 54 65 72 77 
0 1 6 13 24 36 40 42 47 54 65 72 79 
0 1 6 13 24 36 40 42 47 54 69 76 83 
0 1 6 13 24 36 40 42 47 54 71 76 83 
0 1 6 13 24 36 40 42 47 54 71 78 83 
0 1 6 13 24 36 40 42 49 54 64 71 78 
0 1 6 13 24 36 40 42 49 54 64 71 79 
0 1 6 13 24 36 40 42 49 54 69 74 77 
0 1 6 13 24 36 40 42 49 54 71 74 78 
0 1 6 13 24 36 40 42 49 54 72 74 77 
0 1 6 13 24 36 40 42 49 54 72 74 80 
0 1 6 13 24 36 40 43 46 54 70 74 77 
0 1 6 13 24 36 40 43 46 54 70 74 78 
0 1 6 13 24 36 40 43 46 54 70 77 82 
0 1 6 13 24 36 40 43 46 54 70 78 83 
0 1 6 13 24 36 40 43 46 54 72 74 77 
0 1 6 13 24 36 40 43 46 54 73 74 78 
0 1 6 13 24 36 40 43 47 54 64 70 78 
0 1 6 13 24 36 40 43 47 54 64 72 79 
0 1 6 13 24 36 40 43 47 54 64 73 78 
0 1 6 13 24 36 40 43 47 54 65 70 77 
0 1 6 13 24 36 40 43 47 54 65 72 77 
0 1 6 13 24 36 40 43 47 54 65 72 79 
0 1 6 13 24 36 40 43 47 54 70 78 83 
0 1 6 13 24 36 40 43 49 54 64 70 78 
0 1 6 13 24 36 40 43 49 54 70 74 77 
0 1 6 13 24 36 40 43 49 54 70 74 78 
0 1 6 13 24 36 40 43 49 54 72 74 77 
0 1 6 13 24 36 40 43 49 54 72 74 80 
0 1 6 13 24 36 40 43 49 54 73 74 78 
0 1 6 13 24 36 40 43 49 54 73 74 80 
0 1 6 14 24 32 37 41 46 54 71 74 78 
0 1 6 14 24 32 37 41 46 54 71 76 83 
0 1 6 14 24 32 37 41 46 54 71 78 83 
0 1 6 14 24 32 37 41 47 54 64 71 78 
0 1 6 14 24 32 37 41 47 54 65 71 76 
0 1 6 14 24 32 37 41 47 54 71 76 83 
0 1 6 14 24 32 37 43 46 54 70 74 77 
0 1 6 14 24 32 37 43 46 54 70 74 78 
0 1 6 14 24 32 37 43 46 54 70 77 82 
0 1 6 14 24 32 37 43 46 54 70 78 83 
0 1 6 14 24 32 37 43 46 54 72 74 77 
0 1 6 14 24 32 37 43 46 54 73 74 78 
0 1 6 14 24 32 37 43 47 54 64 70 78 
0 1 6 14 24 32 37 43 47 54 64 72 79 
0 1 6 14 24 32 37 43 47 54 64 73 78 
0 1 6 14 24 32 37 43 47 54 65 70 77 
0 1 6 14 24 32 37 43 47 54 65 72 77 
0 1 6 14 24 32 37 43 47 54 65 72 79 
0 1 6 14 24 32 37 43 47 54 70 78 83 
0 1 6 14 24 32 37 43 49 54 64 70 78 
0 1 6 14 24 32 37 43 49 54 64 72 79 
0 1 6 14 24 32 37 43 49 54 64 73 78 
0 1 6 14 24 32 37 43 49 54 64 73 81 
0 1 6 14 24 32 37 43 49 54 70 74 77 
0 1 6 14 24 32 37 43 49 54 70 74 78 
0 1 6 14 24 32 37 43 49 54 72 74 77 
0 1 6 14 24 32 37 43 49 54 72 74 80 
0 1 6 14 24 32 37 43 49 54 73 74 78 
0 1 6 14 24 32 37 43 49 54 73 74 80 
0 1 6 14 24 32 37 46 54 66 71 74 78 
0 1 6 14 24 32 37 46 54 66 71 78 83 
0 1 6 14 24 32 37 46 54 66 73 74 78 
0 1 6 14 24 32 37 46 54 66 75 82 
0 1 6 14 24 32 37 47 54 64 66 71 78 
0 1 6 14 24 32 37 47 54 64 66 71 79 
0 1 6 14 24 32 37 47 54 64 66 73 78 
0 1 6 14 24 32 37 47 54 64 66 75 79 
0 1 6 14 24 32 37 47 54 65 66 71 79 
0 1 6 14 24 32 37 47 54 66 71 78 83 
0 1 6 14 24 32 37 49 54 64 66 71 78 
0 1 6 14 24 32 37 49 54 64 66 71 79 
0 1 6 14 24 32 37 49 54 64 66 73 78 
0 1 6 14 24 32 37 49 54 64 66 75 79 
0 1 6 14 24 32 37 49 54 66 71 74 78 
0 1 6 14 24 32 37 49 54 66 73 74 78 
0 1 6 14 24 32 37 49 54 66 73 74 80 
0 1 8 13 24 32 37 42 46 54 69 74 77 
0 1 8 13 24 32 37 42 46 54 69 76 83 
0 1 8 13 24 32 37 42 46 54 71 74 78 
0 1 8 13 24 32 37 42 46 54 71 76 83 
0 1 8 13 24 32 37 42 46 54 71 78 83 
0 1 8 13 24 32 37 42 46 54 72 74 77 
0 1 8 13 24 32 37 42 47 54 64 71 78 
0 1 8 13 24 32 37 42 47 54 64 71 79 
0 1 8 13 24 32 37 42 47 54 64 72 79 
0 1 8 13 24 32 37 42 47 54 65 69 76 
0 1 8 13 24 32 37 42 47 54 65 69 77 
0 1 8 13 24 32 37 42 47 54 65 71 76 
0 1 8 13 24 32 37 42 47 54 65 71 79 
0 1 8 13 24 32 37 42 47 54 65 72 77 
0 1 8 13 24 32 37 42 47 54 65 72 79 
0 1 8 13 24 32 37 42 47 54 69 76 83 
0 1 8 13 24 32 37 42 47 54 71 76 83 
0 1 8 13 24 32 37 42 47 54 71 78 83 
0 1 8 13 24 32 37 42 47 55 64 71 78 
0 1 8 13 24 32 37 42 47 55 64 71 79 
0 1 8 13 24 32 37 42 47 55 64 72 79 
0 1 8 13 24 32 37 42 47 55 65 69 76 
0 1 8 13 24 32 37 42 47 55 65 69 77 
0 1 8 13 24 32 37 42 47 55 65 71 76 
0 1 8 13 24 32 37 42 47 55 65 71 79 
0 1 8 13 24 32 37 42 47 55 65 72 77 
0 1 8 13 24 32 37 42 47 55 65 72 79 
0 1 8 13 24 32 37 42 47 55 69 76 83 
0 1 8 13 24 32 37 42 47 55 71 76 83 
0 1 8 13 24 32 37 42 47 55 71 78 83 
0 1 8 13 24 32 37 42 48 52 55 71 79 
0 1 8 13 24 32 37 42 48 52 55 72 79 
0 1 8 13 24 32 37 42 48 52 55 72 80 
0 1 8 13 24 32 37 42 48 55 65 69 76 
0 1 8 13 24 32 37 42 48 55 65 69 77 
0 1 8 13 24 32 37 42 48 55 65 71 76 
0 1 8 13 24 32 37 42 48 55 65 71 79 
0 1 8 13 24 32 37 42 48 55 65 72 77 
0 1 8 13 24 32 37 42 48 55 65 72 79 
0 1 8 13 24 32 37 42 48 55 69 74 77 
0 1 8 13 24 32 37 42 48 55 71 74 78 
0 1 8 13 24 32 37 42 48 55 72 74 77 
0 1 8 13 24 32 37 42 48 55 72 74 80 
0 1 8 13 24 32 37 42 49 54 64 71 78 
0 1 8 13 24 32 37 42 49 54 64 71 79 
0 1 8 13 24 32 37 42 49 54 64 72 79 
0 1 8 13 24 32 37 42 49 54 69 74 77 
0 1 8 13 24 32 37 42 49 54 71 74 78 
0 1 8 13 24 32 37 42 49 54 72 74 77 
0 1 8 13 24 32 37 42 49 54 72 74 80 
0 1 8 13 24 32 37 43 46 54 70 74 77 
0 1 8 13 24 32 37 43 46 54 70 74 78 
0 1 8 13 24 32 37 43 46 54 70 78 83 
0 1 8 13 24 32 37 43 46 54 72 74 77 
0 1 8 13 24 32 37 43 46 54 73 74 78 
0 1 8 13 24 32 37 43 47 54 64 72 79 
0 1 8 13 24 32 37 43 47 54 64 73 78 
0 1 8 13 24 32 37 43 47 54 65 70 77 
0 1 8 13 24 32 37 43 47 54 65 72 77 
0 1 8 13 24 32 37 43 47 54 65 72 79 
0 1 8 13 24 32 37 43 47 54 70 78 83 
0 1 8 13 24 32 37 43 47 55 64 72 79 
0 1 8 13 24 32 37 43 47 55 64 73 78 
0 1 8 13 24 32 37 43 47 55 65 70 77 
0 1 8 13 24 32 37 43 47 55 65 72 77 
0 1 8 13 24 32 37 43 47 55 65 72 79 
0 1 8 13 24 32 37 43 47 55 70 78 83 
0 1 8 13 24 32 37 43 48 52 55 72 79 
0 1 8 13 24 32 37 43 48 55 65 70 77 
0 1 8 13 24 32 37 43 48 55 65 72 77 
0 1 8 13 24 32 37 43 48 55 65 72 79 
0 1 8 13 24 32 37 43 48 55 72 74 77 
0 1 8 13 24 32 37 43 48 55 72 74 80 
0 1 8 13 24 32 37 43 48 55 73 74 78 
0 1 8 13 24 32 37 43 48 55 73 74 80 
0 1 8 13 24 32 37 43 49 54 64 72 79 
0 1 8 13 24 32 37 43 49 54 64 73 78 
0 1 8 13 24 32 37 43 49 54 72 74 77 
0 1 8 13 24 32 37 43 49 54 72 74 80 
0 1 8 13 24 32 37 43 49 54 73 74 78 
0 1 8 13 24 32 37 43 49 54 73 74 80 
0 1 8 13 24 32 39 42 46 54 69 74 77 
0 1 8 13 24 32 39 42 46 54 69 76 83 
0 1 8 13 24 32 39 42 46 54 71 74 78 
0 1 8 13 24 32 39 42 46 54 71 76 83 
0 1 8 13 24 32 39 42 46 54 71 78 83 
0 1 8 13 24 32 39 42 46 54 72 74 77 
0 1 8 13 24 32 39 42 47 54 64 71 78 
0 1 8 13 24 32 39 42 47 54 64 71 79 
0 1 8 13 24 32 39 42 47 54 64 72 79 
0 1 8 13 24 32 39 42 47 54 65 69 76 
0 1 8 13 24 32 39 42 47 54 65 69 77 
0 1 8 13 24 32 39 42 47 54 65 71 76 
0 1 8 13 24 32 39 42 47 54 65 71 79 
0 1 8 13 24 32 39 42 47 54 65 72 77 
0 1 8 13 24 32 39 42 47 54 65 72 79 
0 1 8 13 24 32 39 42 47 54 69 76 83 
0 1 8 13 24 32 39 42 47 54 71 76 83 
0 1 8 13 24 32 39 42 47 54 71 78 83 
0 1 8 13 24 32 39 42 47 55 64 71 78 
0 1 8 13 24 32 39 42 47 55 64 71 79 
0 1 8 13 24 32 39 42 47 55 64 72 79 
0 1 8 13 24 32 39 42 47 55 65 69 76 
0 1 8 13 24 32 39 42 47 55 65 69 77 
0 1 8 13 24 32 39 42 47 55 65 71 76 
0 1 8 13 24 32 39 42 47 55 65 71 79 
0 1 8 13 24 32 39 42 47 55 65 72 77 
0 1 8 13 24 32 39 42 47 55 65 72 79 
0 1 8 13 24 32 39 42 47 55 69 76 83 
0 1 8 13 24 32 39 42 47 55 71 76 83 
0 1 8 13 24 32 39 42 47 55 71 78 83 
0 1 8 13 24 32 39 42 48 52 55 71 79 
0 1 8 13 24 32 39 42 48 52 55 72 79 
0 1 8 13 24 32 39 42 48 52 55 72 80 
0 1 8 13 24 32 39 42 48 55 65 69 76 
0 1 8 13 24 32 39 42 48 55 65 69 77 
0 1 8 13 24 32 39 42 48 55 65 71 76 
0 1 8 13 24 32 39 42 48 55 65 71 79 
0 1 8 13 24 32 39 42 48 55 65 72 79 
0 1 8 13 24 32 39 42 48 55 69 74 77 
0 1 8 13 24 32 39 42 48 55 71 74 78 
0 1 8 13 24 32 39 42 48 55 72 74 80 
0 1 8 13 24 32 39 42 49 54 64 71 78 
0 1 8 13 24 32 39 42 49 54 64 71 79 
0 1 8 13 24 32 39 42 49 54 64 72 79 
0 1 8 13 24 32 39 42 49 54 69 74 77 
0 1 8 13 24 32 39 42 49 54 71 74 78 
0 1 8 13 24 32 39 42 49 54 72 74 80 
0 1 8 13 24 32 39 42 50 52 55 71 79 
0 1 8 13 24 32 39 42 50 52 55 72 79 
0 1 8 13 24 32 39 42 50 52 55 72 80 
0 1 8 13 24 32 39 42 50 55 64 71 78 
0 1 8 13 24 32 39 42 50 55 64 71 79 
0 1 8 13 24 32 39 42 50 55 64 72 79 
0 1 8 13 24 32 39 43 46 54 72 74 77 
0 1 8 13 24 32 39 43 46 54 73 74 78 
0 1 8 13 24 32 39 43 47 54 64 72 79 
0 1 8 13 24 32 39 43 47 54 64 73 78 
0 1 8 13 24 32 39 43 47 54 65 72 77 
0 1 8 13 24 32 39 43 47 54 65 72 79 
0 1 8 13 24 32 39 43 47 55 64 72 79 
0 1 8 13 24 32 39 43 47 55 64 73 78 
0 1 8 13 24 32 39 43 47 55 65 72 77 
0 1 8 13 24 32 39 43 47 55 65 72 79 
0 1 8 13 24 32 39 43 48 52 55 72 79 
0 1 8 13 24 32 39 43 48 52 55 72 80 
0 1 8 13 24 32 39 43 48 52 55 73 80 
0 1 8 13 24 32 39 43 48 55 65 72 77 
0 1 8 13 24 32 39 43 48 55 65 72 79 
0 1 8 13 24 32 39 43 48 55 72 74 77 
0 1 8 13 24 32 39 43 48 55 72 74 80 
0 1 8 13 24 32 39 43 48 55 73 74 78 
0 1 8 13 24 32 39 43 48 55 73 74 80 
0 1 8 13 24 32 39 43 49 54 64 72 79 
0 1 8 13 24 32 39 43 49 54 64 73 78 
0 1 8 13 24 32 39 43 49 54 72 74 77 
0 1 8 13 24 32 39 43 49 54 72 74 80 
0 1 8 13 24 32 39 43 49 54 73 74 78 
0 1 8 13 24 32 39 43 49 54 73 74 80 
0 1 8 13 24 32 39 43 50 52 55 72 79 
0 1 8 13 24 32 39 43 50 52 55 72 80 
0 1 8 13 24 32 39 43 50 52 55 73 80 
0 1 8 13 24 32 39 43 50 55 64 72 79 
0 1 8 13 24 32 39 43 50 55 64 73 78 
0 1 8 13 24 36 40 42 46 54 71 74 78 
0 1 8 13 24 36 40 42 46 54 71 76 83 
0 1 8 13 24 36 40 42 46 54 71 78 83 
0 1 8 13 24 36 40 42 46 54 72 74 77 
0 1 8 13 24 36 40 42 47 54 64 71 78 
0 1 8 13 24 36 40 42 47 54 64 71 79 
0 1 8 13 24 36 40 42 47 54 65 71 76 
0 1 8 13 24 36 40 42 47 54 65 71 79 
0 1 8 13 24 36 40 42 47 54 65 72 77 
0 1 8 13 24 36 40 42 47 54 65 72 79 
0 1 8 13 24 36 40 42 47 54 71 76 83 
0 1 8 13 24 36 40 42 47 54 71 78 83 
0 1 8 13 24 36 40 42 47 55 65 71 76 
0 1 8 13 24 36 40 42 47 55 65 71 79 
0 1 8 13 24 36 40 42 47 55 65 72 77 
0 1 8 13 24 36 40 42 47 55 65 72 79 
0 1 8 13 24 36 40 42 47 55 71 76 83 
0 1 8 13 24 36 40 42 47 55 71 78 83 
0 1 8 13 24 36 40 42 48 52 55 71 79 
0 1 8 13 24 36 40 42 48 52 55 72 79 
0 1 8 13 24 36 40 42 48 52 55 72 80 
0 1 8 13 24 36 40 42 48 55 65 71 76 
0 1 8 13 24 36 40 42 48 55 65 71 79 
0 1 8 13 24 36 40 42 48 55 65 72 77 
0 1 8 13 24 36 40 42 48 55 65 72 79 
0 1 8 13 24 36 40 42 48 55 71 74 78 
0 1 8 13 24 36 40 42 48 55 72 74 77 
0 1 8 13 24 36 40 42 48 55 72 74 80 
0 1 8 13 24 36 40 42 50 52 55 71 79 
0 1 8 13 24 36 40 42 50 52 55 72 79 
0 1 8 13 24 36 40 42 50 52 55 72 80 
0 1 8 13 24 36 40 42 50 55 64 71 78 
0 1 8 13 24 36 40 42 50 55 64 71 79 
0 1 8 13 24 36 40 42 50 55 64 72 79 
0 1 8 13 24 36 40 43 46 54 70 74 77 
0 1 8 13 24 36 40 43 46 54 70 74 78 
0 1 8 13 24 36 40 43 46 54 70 78 83 
0 1 8 13 24 36 40 43 46 54 72 74 77 
0 1 8 13 24 36 40 43 46 54 73 74 78 
0 1 8 13 24 36 40 43 47 54 64 70 78 
0 1 8 13 24 36 40 43 47 54 65 70 77 
0 1 8 13 24 36 40 43 47 54 65 72 77 
0 1 8 13 24 36 40 43 47 54 65 72 79 
0 1 8 13 24 36 40 43 47 54 70 78 83 
0 1 8 13 24 36 40 43 47 55 65 70 77 
0 1 8 13 24 36 40 43 47 55 65 72 77 
0 1 8 13 24 36 40 43 47 55 65 72 79 
0 1 8 13 24 36 40 43 47 55 70 78 83 
0 1 8 13 24 36 40 43 48 52 55 72 79 
0 1 8 13 24 36 40 43 48 52 55 72 80 
0 1 8 13 24 36 40 43 48 52 55 73 80 
0 1 8 13 24 36 40 43 48 55 65 70 77 
0 1 8 13 24 36 40 43 48 55 65 72 77 
0 1 8 13 24 36 40 43 48 55 65 72 79 
0 1 8 13 24 36 40 43 48 55 70 74 77 
0 1 8 13 24 36 40 43 48 55 70 74 78 
0 1 8 13 24 36 40 43 48 55 72 74 77 
0 1 8 13 24 36 40 43 48 55 72 74 80 
0 1 8 13 24 36 40 43 48 55 73 74 78 
0 1 8 13 24 36 40 43 48 55 73 74 80 
0 1 8 13 24 36 40 43 50 52 55 72 79 
0 1 8 13 24 36 40 43 50 52 55 72 80 
0 1 8 13 24 36 40 43 50 52 55 73 80 
0 1 8 13 24 36 40 43 50 55 64 70 78 
0 1 8 13 24 36 40 43 50 55 64 72 79 
0 1 8 13 24 36 40 43 50 55 64 73 78 
0 1 8 13 27 32 39 42 46 54 69 74 77 
0 1 8 13 27 32 39 42 46 54 69 76 83 
0 1 8 13 27 32 39 42 46 54 71 74 78 
0 1 8 13 27 32 39 42 46 54 71 76 83 
0 1 8 13 27 32 39 42 46 54 71 78 83 
0 1 8 13 27 32 39 42 47 54 64 71 78 
0 1 8 13 27 32 39 42 47 54 64 71 79 
0 1 8 13 27 32 39 42 47 54 64 72 79 
0 1 8 13 27 32 39 42 47 54 65 69 76 
0 1 8 13 27 32 39 42 47 54 65 69 77 
0 1 8 13 27 32 39 42 47 54 65 71 76 
0 1 8 13 27 32 39 42 47 54 65 71 79 
0 1 8 13 27 32 39 42 47 54 65 72 79 
0 1 8 13 27 32 39 42 47 54 69 76 83 
0 1 8 13 27 32 39 42 47 54 71 76 83 
0 1 8 13 27 32 39 42 47 54 71 78 83 
0 1 8 13 27 32 39 42 47 55 64 71 78 
0 1 8 13 27 32 39 42 47 55 64 71 79 
0 1 8 13 27 32 39 42 47 55 64 72 79 
0 1 8 13 27 32 39 42 47 55 65 69 76 
0 1 8 13 27 32 39 42 47 55 65 69 77 
0 1 8 13 27 32 39 42 47 55 65 71 76 
0 1 8 13 27 32 39 42 47 55 65 71 79 
0 1 8 13 27 32 39 42 47 55 65 72 79 
0 1 8 13 27 32 39 42 47 55 69 76 83 
0 1 8 13 27 32 39 42 47 55 71 76 83 
0 1 8 13 27 32 39 42 47 55 71 78 83 
0 1 8 13 27 32 39 42 48 52 55 71 79 
0 1 8 13 27 32 39 42 48 52 55 72 79 
0 1 8 13 27 32 39 42 48 52 55 72 80 
0 1 8 13 27 32 39 42 48 55 65 69 76 
0 1 8 13 27 32 39 42 48 55 65 71 76 
0 1 8 13 27 32 39 42 48 55 65 71 79 
0 1 8 13 27 32 39 42 48 55 65 72 79 
0 1 8 13 27 32 39 42 48 55 71 74 78 
0 1 8 13 27 32 39 42 48 55 72 74 80 
0 1 8 13 27 32 39 42 49 54 64 71 78 
0 1 8 13 27 32 39 42 49 54 64 71 79 
0 1 8 13 27 32 39 42 49 54 64 72 79 
0 1 8 13 27 32 39 42 49 54 71 74 78 
0 1 8 13 27 32 39 42 49 54 72 74 80 
0 1 8 13 27 32 39 43 46 54 73 74 78 
0 1 8 13 27 32 39 43 47 54 64 72 79 
0 1 8 13 27 32 39 43 47 54 64 73 78 
0 1 8 13 27 32 39 43 47 54 65 72 79 
0 1 8 13 27 32 39 43 47 55 64 72 79 
0 1 8 13 27 32 39 43 47 55 64 73 78 
0 1 8 13 27 32 39 43 47 55 65 72 79 
0 1 8 13 27 32 39 43 48 52 55 72 79 
0 1 8 13 27 32 39 43 48 55 73 74 78 
0 1 8 13 27 32 39 43 49 54 64 73 78 
0 1 8 15 24 32 37 42 46 54 71 74 78 
0 1 8 15 24 32 37 42 46 54 71 76 83 
0 1 8 15 24 32 37 42 46 54 71 78 83 
0 1 8 15 24 32 37 42 46 54 72 74 77 
0 1 8 15 24 32 37 42 47 54 64 71 78 
0 1 8 15 24 32 37 42 47 54 64 71 79 
0 1 8 15 24 32 37 42 47 54 64 72 79 
0 1 8 15 24 32 37 42 47 54 65 71 76 
0 1 8 15 24 32 37 42 47 54 65 71 79 
0 1 8 15 24 32 37 42 47 54 65 72 77 
0 1 8 15 24 32 37 42 47 54 65 72 79 
0 1 8 15 24 32 37 42 47 54 71 76 83 
0 1 8 15 24 32 37 42 47 54 71 78 83 
0 1 8 15 24 32 37 42 47 55 64 71 78 
0 1 8 15 24 32 37 42 47 55 64 71 79 
0 1 8 15 24 32 37 42 47 55 64 72 79 
0 1 8 15 24 32 37 42 47 55 65 71 76 
0 1 8 15 24 32 37 42 47 55 65 71 79 
0 1 8 15 24 32 37 42 47 55 65 72 77 
0 1 8 15 24 32 37 42 47 55 65 72 79 
0 1 8 15 24 32 37 42 47 55 71 76 83 
0 1 8 15 24 32 37 42 47 55 71 78 83 
0 1 8 15 24 32 37 42 48 55 65 71 76 
0 1 8 15 24 32 37 42 48 55 65 71 79 
0 1 8 15 24 32 37 42 48 55 65 72 79 
0 1 8 15 24 32 37 42 48 55 71 74 78 
0 1 8 15 24 32 37 42 48 55 72 74 80 
0 1 8 15 24 32 37 42 49 54 64 71 78 
0 1 8 15 24 32 37 42 49 54 64 71 79 
0 1 8 15 24 32 37 42 49 54 64 72 79 
0 1 8 15 24 32 37 42 49 54 71 74 78 
0 1 8 15 24 32 37 42 49 54 72 74 80 
0 1 8 15 24 32 37 46 54 66 71 74 78 
0 1 8 15 24 32 37 46 54 66 71 78 83 
0 1 8 15 24 32 37 46 54 66 73 74 78 
0 1 8 15 24 32 37 46 54 66 75 82 
0 1 8 15 24 32 37 46 54 67 75 82 
0 1 8 15 24 32 37 46 54 67 82 84 
0 1 8 15 24 32 37 46 54 67 83 84 
0 1 8 15 24 32 37 47 54 64 66 71 78 
0 1 8 15 24 32 37 47 54 64 66 71 79 
0 1 8 15 24 32 37 47 54 64 66 73 78 
0 1 8 15 24 32 37 47 54 64 67 72 79 
0 1 8 15 24 32 37 47 54 65 66 71 79 
0 1 8 15 24 32 37 47 54 65 67 72 79 
0 1 8 15 24 32 37 47 54 66 71 78 83 
0 1 8 15 24 32 37 47 54 67 83 84 
0 1 8 15 24 32 37 47 55 64 66 71 78 
0 1 8 15 24 32 37 47 55 64 66 71 79 
0 1 8 15 24 32 37 47 55 64 67 72 79 
0 1 8 15 24 32 37 47 55 65 66 71 79 
0 1 8 15 24 32 37 47 55 65 67 72 79 
0 1 8 15 24 32 37 47 55 66 71 78 83 
0 1 8 15 24 32 37 47 55 67 83 84 
0 1 8 15 24 32 37 48 55 65 67 72 79 
0 1 8 15 24 32 37 48 55 66 71 74 78 
0 1 8 15 24 32 37 49 54 64 66 71 78 
0 1 8 15 24 32 37 49 54 64 66 71 79 
0 1 8 15 24 32 37 49 54 64 66 73 78 
0 1 8 15 24 32 37 49 54 66 71 74 78 
0 1 8 15 24 32 37 49 54 66 73 74 78 
0 1 8 15 24 32 37 49 54 66 73 74 80 
0 1 8 15 24 32 37 49 54 67 72 74 80 
0 1 8 15 24 32 39 42 46 54 71 74 78 
0 1 8 15 24 32 39 42 46 54 71 76 83 
0 1 8 15 24 32 39 42 46 54 71 78 83 
0 1 8 15 24 32 39 42 47 54 64 71 78 
0 1 8 15 24 32 39 42 47 54 64 71 79 
0 1 8 15 24 32 39 42 47 54 64 72 79 
0 1 8 15 24 32 39 42 47 54 65 71 76 
0 1 8 15 24 32 39 42 47 54 65 71 79 
0 1 8 15 24 32 39 42 47 54 65 72 79 
0 1 8 15 24 32 39 42 47 54 71 76 83 
0 1 8 15 24 32 39 42 47 54 71 78 83 
0 1 8 15 24 32 39 42 47 55 64 71 78 
0 1 8 15 24 32 39 42 47 55 64 71 79 
0 1 8 15 24 32 39 42 47 55 64 72 79 
0 1 8 15 24 32 39 42 47 55 65 71 76 
0 1 8 15 24 32 39 42 47 55 65 71 79 
0 1 8 15 24 32 39 42 47 55 65 72 79 
0 1 8 15 24 32 39 42 47 55 71 76 83 
0 1 8 15 24 32 39 42 47 55 71 78 83 
0 1 8 15 24 32 39 42 48 52 55 71 79 
0 1 8 15 24 32 39 42 48 52 55 72 79 
0 1 8 15 24 32 39 42 48 52 55 72 80 
0 1 8 15 24 32 39 42 48 55 65 71 76 
0 1 8 15 24 32 39 42 48 55 65 72 79 
0 1 8 15 24 32 39 42 48 55 71 74 78 
0 1 8 15 24 32 39 42 48 55 72 74 80 
0 1 8 15 24 32 39 42 49 54 64 71 78 
0 1 8 15 24 32 39 42 49 54 64 71 79 
0 1 8 15 24 32 39 42 49 54 71 74 78 
0 1 8 15 24 32 39 42 49 54 72 74 80 
0 1 8 15 24 32 39 46 54 66 71 74 78 
0 1 8 15 24 32 39 46 54 66 71 78 83 
0 1 8 15 24 32 39 46 54 66 73 74 78 
0 1 8 15 24 32 39 46 54 66 75 82 
0 1 8 15 24 32 39 46 54 67 75 82 
0 1 8 15 24 32 39 46 54 67 82 84 
0 1 8 15 24 32 39 46 54 67 83 84 
0 1 8 15 24 32 39 47 54 64 66 71 78 
0 1 8 15 24 32 39 47 54 64 66 71 79 
0 1 8 15 24 32 39 47 54 65 67 72 79 
0 1 8 15 24 32 39 47 54 66 71 78 83 
0 1 8 15 24 32 39 47 54 67 83 84 
0 1 8 15 24 32 39 47 55 64 66 71 79 
0 1 8 15 24 32 39 47 55 64 67 72 79 
0 1 8 15 24 32 39 47 55 65 67 72 79 
0 1 8 15 24 32 39 47 55 66 71 78 83 
0 1 8 15 24 32 39 47 55 67 83 84 
0 1 8 15 24 32 39 48 52 55 66 71 79 
0 1 8 15 24 32 39 48 52 55 66 73 80 
0 1 8 15 24 32 39 48 52 55 67 72 79 
0 1 8 15 24 32 39 48 52 55 67 80 84 
0 1 8 15 24 32 39 48 55 65 67 72 79 
0 1 8 15 24 32 39 48 55 66 71 74 78 
0 1 8 15 24 32 39 48 55 66 73 74 78 
0 1 8 15 24 32 39 48 55 66 73 74 80 
0 1 8 15 24 32 39 49 54 64 66 71 78 
0 1 8 15 24 32 39 49 54 64 66 71 79 
0 1 8 15 24 32 39 49 54 64 66 73 78 
0 1 8 15 24 32 39 49 54 66 71 74 78 
0 1 8 15 24 32 39 49 54 66 73 74 78 
0 1 8 15 24 32 39 49 54 67 72 74 80 
0 1 8 15 24 36 40 42 46 54 71 74 78 
0 1 8 15 24 36 40 42 46 54 71 76 83 
0 1 8 15 24 36 40 42 46 54 71 78 83 
0 1 8 15 24 36 40 42 46 54 72 74 77 
0 1 8 15 24 36 40 42 47 54 65 71 76 
0 1 8 15 24 36 40 42 47 54 71 76 83 
0 1 8 15 24 36 40 42 47 54 71 78 83 
0 1 8 15 24 36 40 42 47 55 65 71 76 
0 1 8 15 24 36 40 42 47 55 65 72 77 
0 1 8 15 24 36 40 42 47 55 65 72 79 
0 1 8 15 24 36 40 42 47 55 71 76 83 
0 1 8 15 24 36 40 42 47 55 71 78 83 
0 1 8 15 24 36 40 42 48 52 55 71 79 
0 1 8 15 24 36 40 42 48 52 55 72 79 
0 1 8 15 24 36 40 42 48 52 55 72 80 
0 1 8 15 24 36 40 42 48 55 65 71 76 
0 1 8 15 24 36 40 42 48 55 65 72 77 
0 1 8 15 24 36 40 42 48 55 65 72 79 
0 1 8 15 24 36 40 42 48 55 71 74 78 
0 1 8 15 24 36 40 42 48 55 72 74 77 
0 1 8 15 24 36 40 42 48 55 72 74 80 
0 1 8 15 24 36 40 46 54 66 71 74 78 
0 1 8 15 24 36 40 46 54 66 71 78 83 
0 1 8 15 24 36 40 46 54 66 73 74 78 
0 1 8 15 24 36 40 46 54 66 75 82 
0 1 8 15 24 36 40 46 54 67 75 82 
0 1 8 15 24 36 40 46 54 67 82 84 
0 1 8 15 24 36 40 46 54 67 83 84 
0 1 8 15 24 36 40 47 54 66 71 78 83 
0 1 8 15 24 36 40 47 54 67 83 84 
0 1 8 15 24 36 40 47 55 65 67 72 79 
0 1 8 15 24 36 40 47 55 66 71 78 83 
0 1 8 15 24 36 40 47 55 67 83 84 
0 1 8 15 24 36 40 48 52 55 66 71 79 
0 1 8 15 24 36 40 48 52 55 66 73 80 
0 1 8 15 24 36 40 48 52 55 67 72 79 
0 1 8 15 24 36 40 48 52 55 67 80 84 
0 1 8 15 24 36 40 48 55 66 71 74 78 
0 1 8 15 24 36 40 48 55 66 73 74 78 
0 1 8 15 24 36 40 48 55 66 73 74 80 
0 1 8 15 24 39 40 42 46 54 71 74 78 
0 1 8 15 24 39 40 42 46 54 71 76 83 
0 1 8 15 24 39 40 42 46 54 71 78 83 
0 1 8 15 24 39 40 42 47 54 64 71 78 
0 1 8 15 24 39 40 42 47 54 64 71 79 
0 1 8 15 24 39 40 42 47 54 71 76 83 
0 1 8 15 24 39 40 42 47 54 71 78 83 
0 1 8 15 24 39 40 42 47 55 64 71 78 
0 1 8 15 24 39 40 42 47 55 64 71 79 
0 1 8 15 24 39 40 42 47 55 64 72 79 
0 1 8 15 24 39 40 42 47 55 65 71 76 
0 1 8 15 24 39 40 42 47 55 65 72 79 
0 1 8 15 24 39 40 42 47 55 71 76 83 
0 1 8 15 24 39 40 42 47 55 71 78 83 
0 1 8 15 24 39 40 42 49 54 64 71 78 
0 1 8 15 24 39 40 42 49 54 64 71 79 
0 1 8 15 24 39 40 42 49 54 71 74 78 
0 1 8 15 24 39 40 42 49 54 72 74 80 
0 1 8 15 24 39 40 46 54 66 71 74 78 
0 1 8 15 24 39 40 46 54 66 71 78 83 
0 1 8 15 24 39 40 46 54 66 73 74 78 
0 1 8 15 24 39 40 46 54 66 75 82 
0 1 8 15 24 39 40 46 54 67 75 82 
0 1 8 15 24 39 40 46 54 67 82 84 
0 1 8 15 24 39 40 46 54 67 83 84 
0 1 8 15 24 39 40 47 54 64 66 71 79 
0 1 8 15 24 39 40 47 54 66 71 78 83 
0 1 8 15 24 39 40 47 54 67 83 84 
0 1 8 15 24 39 40 47 55 66 71 78 83 
0 1 8 15 24 39 40 47 55 67 83 84 
0 1 8 15 24 39 40 49 54 64 66 71 78 
0 1 8 15 24 39 40 49 54 64 66 71 79 
0 1 8 15 24 39 40 49 54 64 66 73 78 
0 1 8 15 24 39 40 49 54 66 71 74 78 
0 1 8 15 24 39 40 49 54 67 72 74 80 
0 1 8 15 26 39 40 46 54 67 75 82 
0 1 8 15 26 39 40 46 54 67 82 84 
0 1 8 15 26 39 40 46 54 67 83 84 
0 1 8 15 26 39 40 47 54 64 67 72 79 
0 1 8 15 26 39 40 47 54 64 67 75 79 
0 1 8 15 26 39 40 47 54 67 83 84 
0 1 8 15 26 39 40 47 55 64 67 72 79 
0 1 8 15 26 39 40 47 55 67 83 84 
0 1 8 15 26 39 40 49 54 67 72 74 80 
0 1 8 15 27 32 39 42 46 54 71 74 78 
0 1 8 15 27 32 39 42 46 54 71 76 83 
0 1 8 15 27 32 39 42 46 54 71 78 83 
0 1 8 15 27 32 39 42 47 54 64 71 78 
0 1 8 15 27 32 39 42 47 54 64 71 79 
0 1 8 15 27 32 39 42 47 54 64 72 79 
0 1 8 15 27 32 39 42 47 54 71 76 83 
0 1 8 15 27 32 39 42 47 54 71 78 83 
0 1 8 15 27 32 39 42 47 55 64 71 78 
0 1 8 15 27 32 39 42 47 55 64 71 79 
0 1 8 15 27 32 39 42 47 55 64 72 79 
0 1 8 15 27 32 39 42 47 55 65 71 76 
0 1 8 15 27 32 39 42 47 55 71 76 83 
0 1 8 15 27 32 39 42 47 55 71 78 83 
0 1 8 15 27 32 39 42 49 54 64 71 78 
0 1 8 15 27 32 39 42 49 54 64 71 79 
0 1 8 15 27 32 39 42 49 54 64 72 79 
0 1 8 15 27 32 39 42 49 54 71 74 78 
0 1 8 15 27 32 39 42 49 54 72 74 80 
0 1 8 15 27 32 39 46 54 66 71 74 78 
0 1 8 15 27 32 39 46 54 66 71 78 83 
0 1 8 15 27 32 39 46 54 66 73 74 78 
0 1 8 15 27 32 39 46 54 66 75 82 
0 1 8 15 27 32 39 46 54 67 75 82 
0 1 8 15 27 32 39 46 54 67 82 84 
0 1 8 15 27 32 39 46 54 67 83 84 
0 1 8 15 27 32 39 47 54 64 67 72 79 
0 1 8 15 27 32 39 47 54 64 67 75 79 
0 1 8 15 27 32 39 47 54 66 71 78 83 
0 1 8 15 27 32 39 47 54 67 83 84 
0 1 8 15 27 32 39 47 55 64 67 72 79 
0 1 8 15 27 32 39 47 55 64 67 75 79 
0 1 8 15 27 32 39 47 55 67 83 84 
0 1 8 15 27 32 39 49 54 64 66 71 78 
0 1 8 15 27 32 39 49 54 64 66 71 79 
0 1 8 15 27 32 39 49 54 64 66 75 79 
0 1 8 15 27 32 39 49 54 64 66 75 81 
0 1 8 15 27 32 39 49 54 64 67 72 79 
0 1 8 15 27 32 39 49 54 64 67 75 79 
0 1 8 15 27 32 39 49 54 64 67 75 81 
0 1 8 15 27 32 39 49 54 66 71 74 78 
0 1 8 15 27 32 39 49 54 67 72 74 80 
0 1 8 16 24 32 37 43 47 54 64 73 78 
0 1 8 16 24 32 37 43 47 54 65 72 79 
0 1 8 16 24 32 37 43 49 54 64 73 78 
0 1 8 16 24 32 37 43 49 54 72 74 80 
0 1 8 16 24 32 37 43 49 54 73 74 78 
0 1 8 16 24 32 37 43 49 54 73 74 80 
0 1 8 16 24 32 37 46 54 67 75 82 
0 1 8 16 24 32 37 46 54 67 82 84 
0 1 8 16 24 32 37 46 54 67 83 84 
0 1 8 16 24 32 37 46 54 68 76 83 
0 1 8 16 24 32 37 46 54 68 82 84 
0 1 8 16 24 32 37 46 54 68 83 84 
0 1 8 16 24 32 37 47 54 65 67 72 79 
0 1 8 16 24 32 37 47 54 65 68 76 
0 1 8 16 24 32 37 47 54 67 83 84 
0 1 8 16 24 32 37 47 54 68 76 83 
0 1 8 16 24 32 37 47 54 68 83 84 
0 1 8 16 24 32 37 49 54 67 72 74 80 
0 1 8 16 24 32 39 43 47 54 64 73 78 
0 1 8 16 24 32 39 43 47 55 64 73 78 
0 1 8 16 24 32 39 43 49 54 64 73 78 
0 1 8 16 24 32 39 46 54 67 75 82 
0 1 8 16 24 32 39 46 54 67 82 84 
0 1 8 16 24 32 39 46 54 67 83 84 
0 1 8 16 24 32 39 46 54 68 76 83 
0 1 8 16 24 32 39 46 54 68 82 84 
0 1 8 16 24 32 39 46 54 68 83 84 
0 1 8 16 24 32 39 47 54 65 67 72 79 
0 1 8 16 24 32 39 47 54 65 68 76 
0 1 8 16 24 32 39 47 54 67 83 84 
0 1 8 16 24 32 39 47 54 68 76 83 
0 1 8 16 24 32 39 47 54 68 83 84 
0 1 8 16 24 32 39 47 55 65 67 72 79 
0 1 8 16 24 32 39 47 55 65 68 76 
0 1 8 16 24 32 39 47 55 67 83 84 
0 1 8 16 24 32 39 47 55 68 76 83 
0 1 8 16 24 32 39 47 55 68 83 84 
0 1 8 16 24 32 39 49 54 67 72 74 80 
0 1 8 16 24 36 40 43 47 55 65 72 79 
0 1 8 16 24 36 40 46 54 67 75 82 
0 1 8 16 24 36 40 46 54 67 82 84 
0 1 8 16 24 36 40 46 54 67 83 84 
0 1 8 16 24 36 40 46 54 68 76 83 
0 1 8 16 24 36 40 46 54 68 82 84 
0 1 8 16 24 36 40 46 54 68 83 84 
0 1 8 16 24 36 40 47 54 67 83 84 
0 1 8 16 24 36 40 47 54 68 83 84 
0 1 8 16 24 36 40 47 55 65 67 72 79 
0 1 8 16 24 36 40 47 55 65 68 76 
0 1 8 16 24 36 40 47 55 67 83 84 
0 1 8 16 24 36 40 47 55 68 76 83 
0 1 8 16 24 36 40 47 55 68 83 84 
0 1 8 16 24 39 40 43 47 54 64 73 78 
0 1 8 16 24 39 40 43 49 54 64 73 78 
0 1 8 16 24 39 40 43 49 54 73 74 78 
0 1 8 16 24 39 40 43 49 54 73 74 80 
0 1 8 16 24 39 40 46 54 67 75 82 
0 1 8 16 24 39 40 46 54 67 82 84 
0 1 8 16 24 39 40 46 54 67 83 84 
0 1 8 16 24 39 40 46 54 68 76 83 
0 1 8 16 24 39 40 46 54 68 82 84 
0 1 8 16 24 39 40 46 54 68 83 84 
0 1 8 16 24 39 40 47 54 65 67 72 79 
0 1 8 16 24 39 40 47 54 65 68 76 
0 1 8 16 24 39 40 47 54 67 83 84 
0 1 8 16 24 39 40 47 54 68 76 83 
0 1 8 16 24 39 40 47 54 68 83 84 
0 1 8 16 24 39 40 49 54 67 72 74 80 
0 1 8 16 26 39 40 43 47 54 64 73 78 
0 1 8 16 26 39 40 43 49 54 73 74 78 
0 1 8 16 26 39 40 46 54 67 75 82 
0 1 8 16 26 39 40 46 54 67 82 84 
0 1 8 16 26 39 40 46 54 67 83 84 
0 1 8 16 26 39 40 46 54 68 76 83 
0 1 8 16 26 39 40 46 54 68 83 84 
0 1 8 16 26 39 40 47 54 64 67 72 79 
0 1 8 16 26 39 40 47 54 64 67 75 79 
0 1 8 16 26 39 40 47 54 67 83 84 
0 1 8 16 27 32 39 46 54 67 75 82 
0 1 8 16 27 32 39 46 54 67 82 84 
0 1 8 16 27 32 39 46 54 67 83 84 
0 1 8 16 27 32 39 46 54 68 76 83 
0 1 8 16 27 32 39 46 54 68 82 84 
0 1 8 16 27 32 39 46 54 68 83 84 
0 1 8 16 27 32 39 47 54 64 67 72 79 
0 1 8 16 27 32 39 47 54 64 67 75 79 
0 1 8 16 27 32 39 47 54 65 67 72 79 
0 1 8 16 27 32 39 47 54 65 68 76 
0 1 8 16 27 32 39 47 54 67 83 84 
0 1 8 16 27 32 39 47 54 68 76 83 
0 1 8 16 27 32 39 47 54 68 83 84 
0 1 8 16 27 32 39 49 54 64 67 72 79 
0 1 8 16 27 32 39 49 54 64 67 75 79 
0 1 8 16 27 32 39 49 54 67 72 74 80 
0 1 9 14 24 32 37 46 54 66 75 82 
0 1 9 14 24 32 37 49 54 64 66 71 78 
0 1 9 14 24 36 40 46 54 66 75 82 
0 1 9 14 24 39 40 46 54 66 75 82 
0 1 9 14 26 39 40 46 54 66 75 82 
0 1 9 16 24 32 37 43 47 54 65 72 77 
0 1 9 16 24 32 37 43 47 54 65 72 79 
0 1 9 16 24 32 37 46 54 67 75 82 
0 1 9 16 24 32 37 46 54 67 82 84 
0 1 9 16 24 32 37 46 54 67 83 84 
0 1 9 16 24 32 37 46 54 68 76 83 
0 1 9 16 24 32 37 46 54 68 82 84 
0 1 9 16 24 32 37 46 54 68 83 84 
0 1 9 16 24 32 37 47 54 65 67 72 79 
0 1 9 16 24 32 37 47 54 65 68 76 
0 1 9 16 24 32 37 47 54 67 83 84 
0 1 9 16 24 32 37 47 54 68 76 83 
0 1 9 16 24 32 37 47 54 68 83 84 
0 1 9 16 24 32 39 46 54 67 75 82 
0 1 9 16 24 32 39 46 54 67 82 84 
0 1 9 16 24 32 39 46 54 67 83 84 
0 1 9 16 24 32 39 46 54 68 76 83 
0 1 9 16 24 32 39 46 54 68 82 84 
0 1 9 16 24 32 39 46 54 68 83 84 
0 1 9 16 24 32 39 47 54 65 67 72 79 
0 1 9 16 24 32 39 47 54 65 68 76 
0 1 9 16 24 32 39 47 54 67 83 84 
0 1 9 16 24 32 39 47 54 68 76 83 
0 1 9 16 24 32 39 47 54 68 83 84 
0 1 9 16 24 36 40 46 54 67 75 82 
0 1 9 16 24 36 40 46 54 67 82 84 
0 1 9 16 24 36 40 46 54 67 83 84 
0 1 9 16 24 36 40 46 54 68 82 84 
0 1 9 16 24 36 40 46 54 68 83 84 
0 1 9 16 24 39 40 46 54 67 75 82 
0 1 9 16 24 39 40 46 54 67 82 84 
0 1 9 16 24 39 40 46 54 67 83 84 
0 1 9 16 24 39 40 46 54 68 76 83 
0 1 9 16 24 39 40 46 54 68 82 84 
0 1 9 16 24 39 40 46 54 68 83 84 
0 1 9 16 26 39 40 46 54 67 75 82 
0 1 9 16 26 39 40 46 54 67 82 84 
0 1 9 16 26 39 40 46 54 67 83 84 
0 1 9 16 26 39 40 46 54 68 76 83 
0 1 9 16 26 39 40 46 54 68 82 84 
0 1 9 16 26 39 40 46 54 68 83 84 
0 1 9 17 24 32 37 46 54 66 75 82 
0 1 9 17 24 32 37 46 54 68 76 83 
0 1 9 17 24 32 37 46 54 68 82 84 
0 1 9 17 24 32 37 46 54 68 83 84 
0 1 9 17 24 32 37 46 54 69 74 77 
0 1 9 17 24 32 37 46 54 69 75 82 
0 1 9 17 24 32 37 46 54 69 76 83 
0 1 9 17 24 32 37 46 54 69 77 82 
0 1 9 17 24 32 39 46 54 66 75 82 
0 1 9 17 24 32 39 46 54 68 76 83 
0 1 9 17 24 32 39 46 54 68 82 84 
0 1 9 17 24 32 39 46 54 68 83 84 
0 1 9 17 24 32 39 46 54 69 74 77 
0 1 9 17 24 32 39 46 54 69 75 82 
0 1 9 17 24 32 39 46 54 69 76 83 
0 1 9 17 24 32 39 46 54 69 77 82 
0 1 9 17 24 36 40 46 54 66 75 82 
0 1 9 17 24 36 40 46 54 68 82 84 
0 1 9 17 24 36 40 46 54 69 75 82 
0 2 7 14 24 38 40 41 46 54 70 74 77 
0 2 7 14 24 38 40 41 46 54 70 74 78 
0 2 7 14 24 38 40 41 46 54 70 77 82 
0 2 7 14 24 38 40 41 46 54 70 82 84 
0 2 7 14 24 38 40 41 47 54 65 70 77 
0 2 7 14 24 38 40 41 47 55 65 70 77 
0 2 7 14 24 38 40 41 48 55 65 70 77 
0 2 7 14 24 38 40 41 48 55 70 74 77 
0 2 7 14 24 38 40 41 48 55 70 74 78 
0 2 7 14 24 38 40 41 50 52 55 70 82 84 
0 2 7 14 24 38 40 43 47 54 65 70 77 
0 2 7 14 24 38 40 43 47 54 65 72 77 
0 2 7 14 24 38 40 43 47 54 65 72 79 
0 2 7 14 24 38 40 43 47 55 65 70 77 
0 2 7 14 24 38 40 43 47 55 65 72 77 
0 2 7 14 24 38 40 43 47 55 65 72 79 
0 2 7 14 24 38 40 43 48 52 55 72 79 
0 2 7 14 24 38 40 43 48 52 55 72 80 
0 2 7 14 24 38 40 43 48 52 55 73 80 
0 2 7 14 24 38 40 43 48 55 65 72 79 
0 2 7 14 24 38 40 46 54 66 75 82 
0 2 7 14 26 33 38 41 45 50 57 70 77 82 
0 2 7 14 26 33 38 41 45 50 57 70 82 84 
0 2 7 14 26 33 38 41 46 54 70 74 77 
0 2 7 14 26 33 38 41 46 54 70 74 78 
0 2 7 14 26 33 38 41 46 54 70 77 82 
0 2 7 14 26 33 38 41 46 54 70 82 84 
0 2 7 14 26 33 38 41 47 54 64 70 78 
0 2 7 14 26 33 38 41 47 54 65 70 77 
0 2 7 14 26 33 38 41 47 55 64 70 78 
0 2 7 14 26 33 38 41 47 55 65 70 77 
0 2 7 14 26 33 38 41 48 55 70 74 78 
0 2 7 14 26 33 38 41 49 54 64 70 78 
0 2 7 14 26 33 38 41 49 54 70 74 78 
0 2 7 14 26 33 38 41 49 57 64 70 78 
0 2 7 14 26 33 38 41 49 57 70 74 78 
0 2 7 14 26 33 38 41 50 52 57 70 82 84 
0 2 7 14 26 33 38 41 50 57 64 70 78 
0 2 7 14 26 33 38 43 47 54 64 70 78 
0 2 7 14 26 33 38 43 47 54 64 72 79 
0 2 7 14 26 33 38 43 47 54 65 70 77 
0 2 7 14 26 33 38 43 47 54 65 72 79 
0 2 7 14 26 33 38 43 47 55 64 70 78 
0 2 7 14 26 33 38 43 47 55 64 72 79 
0 2 7 14 26 33 38 43 47 55 64 73 78 
0 2 7 14 26 33 38 43 47 55 65 70 77 
0 2 7 14 26 33 38 43 47 55 65 72 79 
0 2 7 14 26 33 38 43 48 52 55 72 79 
0 2 7 14 26 33 38 43 48 55 65 70 77 
0 2 7 14 26 33 38 43 48 55 70 74 77 
0 2 7 14 26 33 38 43 48 55 70 74 78 
0 2 7 14 26 33 38 43 48 55 73 74 78 
0 2 7 14 26 33 38 43 49 54 64 70 78 
0 2 7 14 26 33 38 43 49 54 70 74 77 
0 2 7 14 26 33 38 43 49 54 70 74 78 
0 2 7 14 26 33 38 43 49 57 64 70 78 
0 2 7 14 26 33 38 43 49 57 70 74 77 
0 2 7 14 26 33 38 45 50 57 66 75 82 
0 2 7 14 26 33 38 46 54 66 75 82 
0 2 7 14 26 33 38 48 52 55 66 73 80 
0 2 7 14 26 33 38 48 55 66 73 74 78 
0 2 7 14 26 33 38 48 55 66 73 74 80 
0 2 7 14 26 33 38 49 54 64 66 75 79 
0 2 7 14 26 33 38 49 57 64 66 73 78 
0 2 7 14 26 33 38 49 57 64 66 75 79 
0 2 7 14 26 33 38 49 57 66 73 74 78 
0 2 7 14 26 33 38 49 57 66 73 74 80 
0 2 7 14 26 33 38 50 52 57 66 73 80 
0 2 7 14 26 33 38 50 52 57 66 75 79 
0 2 7 14 26 33 38 50 52 57 66 75 82 
0 2 7 14 26 33 38 50 57 64 66 73 78 
0 2 7 14 26 33 38 50 57 64 66 75 79 
0 2 7 14 26 38 40 43 47 54 64 70 78 
0 2 7 14 26 38 40 43 47 54 64 72 79 
0 2 7 14 26 38 40 43 47 54 65 70 77 
0 2 7 14 26 38 40 43 47 54 65 72 79 
0 2 7 14 26 38 40 43 47 55 64 70 78 
0 2 7 14 26 38 40 43 47 55 64 72 79 
0 2 7 14 26 38 40 43 47 55 64 73 78 
0 2 7 14 26 38 40 43 47 55 65 70 77 
0 2 7 14 26 38 40 43 47 55 65 72 79 
0 2 7 14 26 38 40 43 48 55 65 72 79 
0 2 7 14 26 38 40 43 48 55 70 74 78 
0 2 7 14 26 38 40 43 50 55 64 70 78 
0 2 7 14 26 38 40 46 54 66 75 82 
0 2 7 15 24 32 37 42 46 54 72 74 77 
0 2 7 15 24 32 37 46 54 66 75 82 
0 2 7 15 24 32 37 46 54 67 75 82 
0 2 7 15 24 32 37 46 54 67 82 84 
0 2 7 15 24 38 40 46 54 66 75 82 
0 2 7 15 24 38 40 46 54 67 75 82 
0 2 7 15 24 38 40 46 54 67 82 84 
0 2 7 15 26 38 40 46 54 66 75 82 
0 2 7 15 26 38 40 46 54 67 75 82 
0 2 7 15 26 38 40 46 54 67 82 84 
0 2 7 15 26 38 40 46 54 67 83 84 
0 2 7 15 26 38 40 47 54 64 67 72 79 
0 2 7 15 26 38 40 47 54 64 67 75 79 
0 2 7 15 26 38 40 47 54 67 83 84 
0 2 7 15 26 38 40 47 55 64 67 72 79 
0 2 7 15 26 38 40 47 55 67 83 84 
0 2 7 15 26 38 40 48 55 66 73 74 78 
0 2 7 15 26 38 40 48 55 66 73 74 80 
0 2 7 15 26 38 40 50 55 64 66 73 78 
0 2 9 14 24 38 40 46 54 66 75 82 
0 2 9 16 21 24 32 46 54 67 75 82 
0 2 9 16 21 24 32 46 54 67 82 84 
0 2 9 16 21 24 32 46 54 67 83 84 
0 2 9 16 21 24 32 46 54 68 76 83 
0 2 9 16 21 24 32 46 54 68 82 84 
0 2 9 16 21 24 32 46 54 68 83 84 
0 2 9 16 21 24 32 47 54 65 68 76 
0 2 9 16 21 24 32 47 54 67 83 84 
0 2 9 16 21 24 32 47 54 68 76 83 
0 2 9 16 21 24 32 47 54 68 83 84 
0 2 9 16 21 24 32 47 55 65 68 76 
0 2 9 16 21 24 32 47 55 67 83 84 
0 2 9 16 21 24 32 47 55 68 76 83 
0 2 9 16 21 24 32 47 55 68 83 84 
0 2 9 16 21 24 32 48 55 65 68 76 
0 2 9 16 21 26 33 46 54 67 75 82 
0 2 9 16 21 26 33 46 54 67 82 84 
0 2 9 16 21 26 33 46 54 67 83 84 
0 2 9 16 21 26 33 46 54 68 76 83 
0 2 9 16 21 26 33 46 54 68 82 84 
0 2 9 16 21 26 33 46 54 68 83 84 
0 2 9 16 21 26 33 47 54 65 68 76 
0 2 9 16 21 26 33 47 54 68 76 83 
0 2 9 16 21 26 33 47 54 68 83 84 
0 2 9 16 21 26 33 47 55 65 68 76 
0 2 9 16 21 26 33 47 55 68 76 83 
0 2 9 16 21 26 33 47 55 68 83 84 
0 2 9 16 21 26 33 48 55 65 68 76 
0 2 9 16 24 32 37 46 54 67 75 82 
0 2 9 16 24 32 37 46 54 67 82 84 
0 2 9 16 24 32 37 46 54 67 83 84 
0 2 9 16 24 32 37 46 54 68 76 83 
0 2 9 16 24 32 37 46 54 68 82 84 
0 2 9 16 24 32 37 46 54 68 83 84 
0 2 9 16 24 32 37 47 54 65 68 76 
0 2 9 16 24 32 37 47 54 67 83 84 
0 2 9 16 24 32 37 47 54 68 76 83 
0 2 9 16 24 32 37 47 54 68 83 84 
0 2 9 16 24 38 40 46 54 67 75 82 
0 2 9 16 24 38 40 46 54 67 82 84 
0 2 9 16 24 38 40 46 54 67 83 84 
0 2 9 16 24 38 40 46 54 68 76 83 
0 2 9 16 24 38 40 46 54 68 82 84 
0 2 9 16 24 38 40 46 54 68 83 84 
0 2 9 16 24 38 40 47 54 65 68 76 
0 2 9 16 24 38 40 47 54 67 83 84 
0 2 9 16 24 38 40 47 54 68 76 83 
0 2 9 16 24 38 40 47 54 68 83 84 
0 2 9 16 24 38 40 47 55 65 68 76 
0 2 9 16 24 38 40 47 55 67 83 84 
0 2 9 16 24 38 40 47 55 68 76 83 
0 2 9 16 24 38 40 47 55 68 83 84 
0 2 9 16 26 38 40 46 54 68 76 83 
0 2 9 16 26 38 40 46 54 68 82 84 
0 2 9 16 26 38 40 46 54 68 83 84 
0 2 9 16 26 38 40 47 54 65 68 76 
0 2 9 16 26 38 40 47 54 68 76 83 
0 2 9 16 26 38 40 47 54 68 83 84 
0 2 9 17 21 24 32 46 54 68 76 83 
0 2 9 17 21 24 32 46 54 68 82 84 
0 2 9 17 21 24 32 46 54 68 83 84 
0 2 9 17 21 24 32 46 54 69 74 77 
0 2 9 17 21 24 32 46 54 69 75 82 
0 2 9 17 21 24 32 46 54 69 76 83 
0 2 9 17 21 24 32 46 54 69 77 82 
0 2 9 17 21 24 32 47 54 65 68 76 
0 2 9 17 21 24 32 47 54 65 69 76 
0 2 9 17 21 24 32 47 54 65 69 77 
0 2 9 17 21 24 32 47 54 68 76 83 
0 2 9 17 21 24 32 47 54 68 83 84 
0 2 9 17 21 24 32 47 54 69 76 83 
0 2 9 17 21 24 32 47 55 65 68 76 
0 2 9 17 21 24 32 47 55 65 69 76 
0 2 9 17 21 24 32 47 55 65 69 77 
0 2 9 17 21 24 32 47 55 69 76 83 
0 2 9 17 21 24 32 49 54 69 74 77 
0 2 9 17 21 26 33 46 54 68 76 83 
0 2 9 17 21 26 33 46 54 68 82 84 
0 2 9 17 21 26 33 46 54 68 83 84 
0 2 9 17 21 26 33 46 54 69 74 77 
0 2 9 17 21 26 33 46 54 69 75 82 
0 2 9 17 21 26 33 46 54 69 76 83 
0 2 9 17 21 26 33 46 54 69 77 82 
0 2 9 17 21 26 33 47 54 65 68 76 
0 2 9 17 21 26 33 47 54 65 69 76 
0 2 9 17 21 26 33 47 54 65 69 77 
0 2 9 17 21 26 33 47 54 68 76 83 
0 2 9 17 21 26 33 47 54 68 83 84 
0 2 9 17 21 26 33 47 54 69 76 83 
0 2 9 17 21 26 33 49 54 69 74 77 
0 2 9 17 24 32 37 46 54 66 75 82 
0 2 9 17 24 32 37 46 54 68 76 83 
0 2 9 17 24 32 37 46 54 68 82 84 
0 2 9 17 24 32 37 46 54 68 83 84 
0 2 9 17 24 32 37 46 54 69 74 77 
0 2 9 17 24 32 37 46 54 69 75 82 
0 2 9 17 24 32 37 46 54 69 76 83 
0 2 9 17 24 32 37 46 54 69 77 82 
0 2 9 17 24 32 37 47 54 68 76 83 
0 2 9 17 24 32 37 47 54 68 83 84 
0 2 9 17 24 38 40 46 54 66 75 82 
0 2 9 17 24 38 40 46 54 68 76 83 
0 2 9 17 24 38 40 46 54 68 82 84 
0 2 9 17 24 38 40 46 54 68 83 84 
0 2 9 17 24 38 40 46 54 69 75 82 
0 2 9 17 24 38 40 46 54 69 76 83 
0 2 9 17 24 38 40 46 54 69 77 82 
0 2 9 17 24 38 40 47 54 65 68 76 
0 2 9 17 24 38 40 47 54 65 69 76 
0 2 9 17 24 38 40 47 54 65 69 77 
0 2 9 17 24 38 40 47 54 68 76 83 
0 2 9 17 24 38 40 47 54 68 83 84 
0 2 9 17 24 38 40 47 54 69 76 83 
0 2 9 17 26 33 38 46 54 66 75 82 
0 2 9 17 26 33 38 46 54 68 76 83 
0 2 9 17 26 33 38 46 54 68 82 84 
0 2 9 17 26 33 38 46 54 68 83 84 
0 2 9 17 26 33 38 46 54 69 74 77 
0 2 9 17 26 33 38 46 54 69 76 83 
0 2 9 17 26 33 38 46 54 69 77 82 
0 2 9 17 26 33 38 47 54 65 68 76 
0 2 9 17 26 33 38 47 54 68 76 83 
0 2 10 15 21 24 32 46 54 67 82 84 
0 2 10 15 21 24 32 46 54 67 83 84 
0 2 10 15 21 24 32 47 54 67 83 84 
0 2 10 15 24 38 40 46 54 66 75 82 
0 2 10 15 24 38 40 46 54 67 75 82 
0 2 10 15 24 38 40 46 54 67 82 84 
0 2 10 15 24 38 40 46 54 67 83 84 
0 2 10 15 24 38 40 47 54 67 83 84 
0 2 10 15 26 38 40 46 54 66 75 82 
0 2 10 15 26 38 40 46 54 67 75 82 
0 2 10 15 26 38 40 46 54 67 82 84 
0 2 10 15 26 38 40 46 54 67 83 84 
0 2 10 15 26 38 40 47 54 67 83 84 
0 2 10 17 21 24 32 46 54 68 76 83 
0 2 10 17 21 24 32 46 54 68 82 84 
0 2 10 17 21 24 32 46 54 68 83 84 
0 2 10 17 21 24 32 46 54 69 74 77 
0 2 10 17 21 24 32 46 54 69 75 82 
0 2 10 17 21 24 32 46 54 69 76 83 
0 2 10 17 21 24 32 46 54 69 77 82 
0 2 10 17 21 24 32 47 54 65 68 76 
0 2 10 17 21 24 32 47 54 65 69 76 
0 2 10 17 21 24 32 47 54 65 69 77 
0 2 10 17 21 24 32 47 54 69 76 83 
0 2 10 17 21 26 33 46 54 68 76 83 
0 2 10 17 21 26 33 46 54 68 82 84 
0 2 10 17 21 26 33 46 54 68 83 84 
0 2 10 17 21 26 33 46 54 69 74 77 
0 2 10 17 21 26 33 46 54 69 75 82 
0 2 10 17 21 26 33 46 54 69 76 83 
0 2 10 17 21 26 33 46 54 69 77 82 
0 2 10 17 21 26 33 47 54 65 68 76 
0 2 10 17 21 26 33 47 54 65 69 76 
0 2 10 17 21 26 33 47 54 65 69 77 
0 2 10 17 21 26 33 47 54 68 76 83 
0 2 10 17 21 26 33 47 54 68 83 84 
0 2 10 17 21 26 33 47 54 69 76 83 
0 2 10 17 24 32 37 46 54 66 75 82 
0 2 10 17 24 32 37 46 54 68 76 83 
0 2 10 17 24 32 37 46 54 68 82 84 
0 2 10 17 24 32 37 46 54 68 83 84 
0 2 10 17 24 32 37 46 54 69 75 82 
0 2 10 17 24 32 37 46 54 69 77 82 
0 2 10 17 24 38 40 46 54 66 75 82 
0 2 10 17 24 38 40 46 54 68 76 83 
0 2 10 17 24 38 40 46 54 68 82 84 
0 2 10 17 24 38 40 46 54 68 83 84 
0 2 10 17 24 38 40 46 54 69 75 82 
0 2 10 17 24 38 40 46 54 69 76 83 
0 2 10 17 24 38 40 46 54 69 77 82 
0 2 10 17 26 33 38 46 54 66 75 82 
0 2 10 17 26 33 38 46 54 68 76 83 
0 2 10 17 26 33 38 46 54 68 82 84 
0 2 10 17 26 33 38 46 54 68 83 84 
0 2 10 17 26 33 38 46 54 69 74 77 
0 2 10 17 26 33 38 46 54 69 75 82 
0 2 10 17 26 33 38 46 54 69 76 83 
0 2 10 17 26 33 38 46 54 69 77 82 
0 2 10 17 26 33 38 47 54 65 68 76 
0 2 10 17 26 33 38 47 54 65 69 76 
0 2 10 17 26 33 38 47 54 65 69 77 
0 2 10 17 26 33 38 47 54 68 76 83 
0 2 10 17 26 33 38 47 54 68 83 84 
0 2 10 17 26 33 38 47 54 69 76 83 
0 2 10 17 26 38 40 46 54 66 75 82 
0 2 10 17 26 38 40 46 54 68 76 83 
0 2 10 17 26 38 40 46 54 68 82 84 
0 2 10 17 26 38 40 46 54 68 83 84 
0 2 10 17 26 38 40 46 54 69 74 77 
0 2 10 17 26 38 40 46 54 69 75 82 
0 2 10 17 26 38 40 46 54 69 76 83 
0 2 10 17 26 38 40 46 54 69 77 82 
0 2 10 21 24 30 32 46 54 67 83 84 
0 2 10 21 24 30 32 46 54 69 75 82 
0 2 10 21 24 30 32 46 54 69 76 83 
0 2 10 21 24 30 32 46 54 69 77 82 
0 2 10 21 24 30 32 46 54 70 77 82 
0 2 10 21 26 30 33 46 54 69 74 77 
0 2 10 21 26 30 33 46 54 69 75 82 
0 2 10 21 26 30 33 46 54 69 76 83 
0 2 10 21 26 30 33 46 54 69 77 82 
0 2 10 21 26 30 33 46 54 70 74 77 
0 2 10 21 26 30 33 46 54 70 74 78 
0 2 10 21 26 30 33 46 54 70 77 82 
0 2 10 21 26 30 33 46 54 70 78 83 
0 2 10 21 26 30 33 46 54 70 82 84 
0 2 10 21 26 30 33 46 54 70 83 84 
0 2 10 21 27 30 32 46 54 70 74 77 
0 2 10 21 27 30 32 46 54 70 74 78 
0 2 10 21 27 30 32 46 54 70 77 82 
0 2 10 26 30 33 38 46 54 67 75 82 
0 2 10 26 30 33 38 46 54 67 82 84 
0 2 10 26 30 33 38 46 54 67 83 84 
0 2 10 26 30 33 38 46 54 69 74 77 
0 2 10 26 30 33 38 46 54 69 75 82 
0 2 10 26 30 33 38 46 54 69 76 83 
0 2 10 26 30 33 38 46 54 69 77 82 
0 2 10 26 30 33 38 46 54 70 74 77 
0 2 10 26 30 33 38 46 54 70 74 78 
0 2 10 26 30 33 38 46 54 70 77 82 
0 2 10 26 30 33 38 46 54 70 78 83 
0 2 10 26 30 33 38 46 54 70 82 84 
0 2 10 26 30 33 38 46 54 70 83 84 
0 3 8 15 24 38 40 46 54 66 75 82 
0 3 8 15 24 38 40 46 54 67 75 82 
0 3 8 15 24 38 40 46 54 67 82 84 
0 3 8 15 24 38 40 46 54 67 83 84 
0 3 8 15 24 38 40 47 54 67 83 84 
0 3 8 15 24 39 40 42 47 54 71 76 83 
0 3 8 15 24 39 40 42 47 55 71 76 83 
0 3 8 15 24 39 40 42 50 52 55 71 79 
0 3 8 15 24 39 40 46 54 67 75 82 
0 3 8 15 24 39 40 46 54 67 82 84 
0 3 8 15 24 39 40 46 54 67 83 84 
0 3 8 15 24 39 40 47 54 67 83 84 
0 3 8 15 24 39 40 47 55 67 83 84 
0 3 8 15 27 34 39 42 47 54 71 76 83 
0 3 8 15 27 34 39 42 48 52 55 71 79 
0 3 8 15 27 34 39 46 54 67 75 82 
0 3 8 15 27 34 39 46 54 67 82 84 
0 3 8 15 27 34 39 46 54 67 83 84 
0 3 8 16 24 32 39 46 54 67 75 82 
0 3 8 16 24 32 39 46 54 67 82 84 
0 3 8 16 24 32 39 46 54 67 83 84 
0 3 8 16 24 32 39 46 54 68 76 83 
0 3 8 16 24 32 39 46 54 68 82 84 
0 3 8 16 24 32 39 46 54 68 83 84 
0 3 8 16 24 32 39 47 54 65 68 76 
0 3 8 16 24 32 39 47 54 67 83 84 
0 3 8 16 24 32 39 47 54 68 76 83 
0 3 8 16 24 32 39 47 54 68 83 84 
0 3 8 16 24 39 40 46 54 67 75 82 
0 3 8 16 24 39 40 46 54 67 82 84 
0 3 8 16 24 39 40 46 54 67 83 84 
0 3 8 16 24 39 40 46 54 68 76 83 
0 3 8 16 24 39 40 46 54 68 83 84 
0 3 8 16 24 39 40 47 54 67 83 84 
0 3 8 16 27 32 39 46 54 67 75 82 
0 3 8 16 27 32 39 46 54 67 82 84 
0 3 8 16 27 32 39 46 54 67 83 84 
0 3 8 16 27 32 39 46 54 68 76 83 
0 3 8 16 27 32 39 46 54 68 82 84 
0 3 8 16 27 32 39 46 54 68 83 84 
0 3 8 16 27 32 39 47 54 67 83 84 
0 3 8 16 27 32 39 47 54 68 83 84 
0 3 8 16 27 32 39 47 55 67 83 84 
0 3 10 15 24 38 40 46 54 66 75 82 
0 3 10 15 24 38 40 46 54 67 75 82 
0 3 10 15 24 38 40 46 54 67 82 84 
0 3 10 15 24 38 40 46 54 67 83 84 
0 3 10 15 24 38 40 47 54 67 83 84 
0 3 10 17 20 26 33 46 54 69 74 77 
0 3 10 17 20 26 33 46 54 69 76 83 
0 3 10 17 20 26 33 46 54 69 77 82 
0 3 10 17 20 26 33 47 54 65 69 76 
0 3 10 17 20 26 33 47 54 65 69 77 
0 3 10 17 20 26 33 47 54 69 76 83 
0 3 10 17 20 26 33 47 55 65 69 76 
0 3 10 17 20 26 33 47 55 65 69 77 
0 3 10 17 20 26 33 47 55 69 76 83 
0 3 10 17 20 26 33 48 55 65 69 76 
0 3 10 17 20 26 33 48 55 65 69 77 
0 3 10 17 20 26 33 48 55 69 74 77 
0 3 10 17 20 26 33 49 54 69 74 77 
0 3 10 17 24 32 39 46 54 68 76 83 
0 3 10 17 24 32 39 46 54 68 82 84 
0 3 10 17 24 32 39 46 54 68 83 84 
0 3 10 17 24 32 39 46 54 69 75 82 
0 3 10 17 24 32 39 46 54 69 76 83 
0 3 10 17 24 32 39 46 54 69 77 82 
0 3 10 17 24 32 39 47 54 65 68 76 
0 3 10 17 24 32 39 47 54 65 69 76 
0 3 10 17 24 32 39 47 54 65 69 77 
0 3 10 17 24 32 39 47 54 68 76 83 
0 3 10 17 24 32 39 47 54 68 83 84 
0 3 10 17 24 32 39 47 54 69 76 83 
0 3 10 17 24 32 39 47 55 65 68 76 
0 3 10 17 24 32 39 47 55 65 69 76 
0 3 10 17 24 32 39 47 55 65 69 77 
0 3 10 17 24 32 39 47 55 68 76 83 
0 3 10 17 24 32 39 47 55 68 83 84 
0 3 10 17 24 32 39 47 55 69 76 83 
0 3 10 17 24 38 40 46 54 66 75 82 
0 3 10 17 24 38 40 46 54 68 76 83 
0 3 10 17 24 38 40 46 54 68 82 84 
0 3 10 17 24 38 40 46 54 68 83 84 
0 3 10 17 24 38 40 46 54 69 75 82 
0 3 10 17 24 38 40 46 54 69 76 83 
0 3 10 17 24 38 40 46 54 69 77 82 
0 3 10 17 24 38 40 47 54 68 76 83 
0 3 10 17 24 38 40 47 54 68 83 84 
0 3 10 17 24 38 40 47 54 69 76 83 
0 3 10 17 24 39 40 46 54 68 76 83 
0 3 10 17 24 39 40 46 54 68 82 84 
0 3 10 17 24 39 40 46 54 68 83 84 
0 3 10 17 24 39 40 46 54 69 75 82 
0 3 10 17 24 39 40 46 54 69 76 83 
0 3 10 17 24 39 40 46 54 69 77 82 
0 3 10 17 24 39 40 47 54 65 68 76 
0 3 10 17 24 39 40 47 54 65 69 76 
0 3 10 17 24 39 40 47 54 65 69 77 
0 3 10 17 24 39 40 47 54 68 76 83 
0 3 10 17 24 39 40 47 54 68 83 84 
0 3 10 17 24 39 40 47 54 69 76 83 
0 3 10 17 24 39 40 47 55 65 68 76 
0 3 10 17 24 39 40 47 55 65 69 76 
0 3 10 17 24 39 40 47 55 65 69 77 
0 3 10 17 24 39 40 47 55 68 76 83 
0 3 10 17 24 39 40 47 55 68 83 84 
0 3 10 17 24 39 40 47 55 69 76 83 
0 3 10 17 26 38 40 46 54 69 74 77 
0 3 10 17 26 38 40 46 54 69 75 82 
0 3 10 17 26 38 40 46 54 69 76 83 
0 3 10 17 26 38 40 46 54 69 77 82 
0 3 10 17 26 38 40 47 54 65 69 76 
0 3 10 17 26 38 40 47 54 69 76 83 
0 3 10 17 26 39 40 46 54 69 74 77 
0 3 10 17 26 39 40 46 54 69 75 82 
0 3 10 17 26 39 40 46 54 69 76 83 
0 3 10 17 26 39 40 46 54 69 77 82 
0 3 10 17 26 39 40 47 54 65 69 76 
0 3 10 17 26 39 40 47 54 69 76 83 
0 3 10 20 26 30 33 46 54 69 74 77 
0 3 10 20 26 30 33 46 54 69 77 82 
0 3 10 20 26 30 33 46 54 70 74 77 
0 3 10 20 26 30 33 46 54 70 74 78 
0 3 10 20 26 30 33 46 54 70 77 82 
0 3 10 20 26 30 33 46 54 70 78 83 
0 3 10 20 26 30 33 46 54 70 82 84 
0 3 10 20 26 30 33 46 54 70 83 84 
0 3 10 20 26 30 33 47 54 64 70 78 
0 3 10 20 26 30 33 47 54 65 69 76 
0 3 10 20 26 30 33 47 54 65 69 77 
0 3 10 20 26 30 33 47 54 65 70 77 
0 3 10 20 26 30 33 47 54 70 78 83 
0 3 10 20 26 30 33 47 54 70 83 84 
0 3 10 20 26 30 33 49 54 64 70 78 
0 3 10 20 26 30 33 49 54 69 74 77 
0 3 10 20 26 30 33 49 54 70 74 77 
0 3 10 20 26 30 33 49 54 70 74 78 
0 3 10 20 26 30 34 46 54 69 74 77 
0 3 10 20 26 30 34 46 54 69 77 82 
0 3 10 20 26 30 34 46 54 70 74 77 
0 3 10 20 26 30 34 46 54 70 74 78 
0 3 10 20 26 30 34 46 54 70 77 82 
0 3 10 20 26 30 34 46 54 70 78 83 
0 3 10 20 26 30 34 46 54 70 82 84 
0 3 10 20 26 30 34 46 54 70 83 84 
0 3 10 20 26 30 34 47 54 64 70 78 
0 3 10 20 26 30 34 47 54 65 69 77 
0 3 10 20 26 30 34 47 54 65 70 77 
0 3 10 20 26 30 34 47 54 70 78 83 
0 3 10 20 26 30 34 47 54 70 83 84 
0 3 10 20 26 30 34 49 54 64 70 78 
0 3 10 20 26 30 34 49 54 70 74 77 
0 3 10 20 26 30 34 49 54 70 74 78 
0 3 10 24 30 32 39 46 54 67 82 84 
0 3 10 24 30 32 39 46 54 67 83 84 
0 3 10 24 30 32 39 46 54 69 76 83 
0 3 10 24 30 32 39 46 54 69 77 82 
0 3 10 24 30 32 39 46 54 70 77 82 
0 3 10 24 30 32 39 46 54 70 78 83 
0 3 10 24 30 32 39 46 54 70 82 84 
0 3 10 24 30 32 39 46 54 70 83 84 
0 3 10 24 30 32 39 47 54 65 69 76 
0 3 10 24 30 32 39 47 54 65 69 77 
0 3 10 24 30 32 39 47 54 69 76 83 
0 3 10 24 30 32 39 47 54 70 78 83 
0 3 10 24 30 32 39 47 54 70 83 84 
0 3 10 24 30 38 40 46 54 67 75 82 
0 3 10 24 30 38 40 46 54 67 82 84 
0 3 10 24 30 38 40 46 54 67 83 84 
0 3 10 24 30 38 40 46 54 69 75 82 
0 3 10 24 30 38 40 46 54 69 76 83 
0 3 10 24 30 38 40 46 54 69 77 82 
0 3 10 24 30 38 40 46 54 70 77 82 
0 3 10 24 30 38 40 46 54 70 78 83 
0 3 10 24 30 38 40 46 54 70 82 84 
0 3 10 24 30 38 40 46 54 70 83 84 
0 3 10 24 30 38 40 47 54 67 83 84 
0 3 10 24 30 38 40 47 54 69 76 83 
0 3 10 24 30 38 40 47 54 70 78 83 
0 3 10 24 30 38 40 47 54 70 83 84 
0 3 10 24 30 39 40 46 54 67 82 84 
0 3 10 24 30 39 40 46 54 67 83 84 
0 3 10 24 30 39 40 46 54 69 75 82 
0 3 10 24 30 39 40 46 54 69 76 83 
0 3 10 24 30 39 40 46 54 69 77 82 
0 3 10 24 30 39 40 46 54 70 77 82 
0 3 10 24 30 39 40 46 54 70 78 83 
0 3 10 24 30 39 40 46 54 70 82 84 
0 3 10 24 30 39 40 46 54 70 83 84 
0 3 10 24 30 39 40 47 54 67 83 84 
0 3 10 24 30 39 40 47 54 69 76 83 
0 3 10 24 30 39 40 47 54 70 78 83 
0 3 10 24 30 39 40 47 54 70 83 84 
0 3 10 26 30 33 38 46 54 67 75 82 
0 3 10 26 30 33 38 46 54 67 82 84 
0 3 10 26 30 33 38 46 54 67 83 84 
0 3 10 26 30 33 38 46 54 69 74 77 
0 3 10 26 30 33 38 46 54 69 75 82 
0 3 10 26 30 33 38 46 54 69 76 83 
0 3 10 26 30 33 38 46 54 69 77 82 
0 3 10 26 30 33 38 46 54 70 74 77 
0 3 10 26 30 33 38 46 54 70 74 78 
0 3 10 26 30 33 38 46 54 70 77 82 
0 3 10 26 30 33 38 46 54 70 78 83 
0 3 10 26 30 33 38 46 54 70 82 84 
0 3 10 26 30 33 38 46 54 70 83 84 
0 3 11 16 24 32 39 46 54 68 76 83 
0 3 11 16 24 32 39 46 54 68 82 84 
0 3 11 16 24 32 39 46 54 68 83 84 
0 3 11 16 24 32 39 47 54 68 83 84 
0 3 11 16 24 38 40 46 54 67 75 82 
0 3 11 16 24 38 40 46 54 67 82 84 
0 3 11 16 24 38 40 46 54 67 83 84 
0 3 11 16 24 38 40 46 54 68 76 83 
0 3 11 16 24 38 40 46 54 68 82 84 
0 3 11 16 24 38 40 46 54 68 83 84 
0 3 11 16 24 39 40 46 54 67 82 84 
0 3 11 16 24 39 40 46 54 67 83 84 
0 3 11 16 24 39 40 46 54 68 76 83 
0 3 11 16 24 39 40 46 54 68 82 84 
0 3 11 16 24 39 40 46 54 68 83 84 
0 3 11 16 24 39 40 47 54 67 83 84 
0 3 11 16 24 39 40 47 54 68 76 83 
0 3 11 16 24 39 40 47 54 68 83 84 
0 3 11 16 26 38 40 46 54 67 75 82 
0 3 11 16 26 38 40 46 54 67 82 84 
0 3 11 16 26 38 40 46 54 67 83 84 
0 3 11 16 26 38 40 46 54 68 76 83 
0 3 11 16 26 38 40 46 54 68 82 84 
0 3 11 16 26 38 40 46 54 68 83 84 
0 3 11 16 26 39 40 46 54 67 82 84 
0 3 11 16 26 39 40 46 54 67 83 84 
0 3 11 16 26 39 40 46 54 68 76 83 
0 3 11 16 26 39 40 46 54 68 82 84 
0 3 11 16 26 39 40 46 54 68 83 84 
0 3 11 16 26 39 40 47 54 68 76 83 
0 3 11 16 26 39 40 47 54 68 83 84 
0 3 11 20 26 30 33 46 54 69 74 77 
0 3 11 20 26 30 33 46 54 70 74 77 
0 3 11 20 26 30 33 46 54 70 74 78 
0 3 11 20 26 30 33 46 54 70 78 83 
0 3 11 20 26 30 33 46 54 70 83 84 
0 3 11 20 26 30 33 47 54 65 69 77 
0 3 11 20 26 30 33 47 54 65 70 77 
0 3 11 20 26 30 33 47 54 70 78 83 
0 3 11 20 26 30 33 47 54 70 83 84 
0 3 11 20 26 30 34 46 54 70 74 77 
0 3 11 20 26 30 34 46 54 70 74 78 
0 3 11 20 26 30 34 46 54 70 78 83 
0 3 11 20 26 30 34 47 54 64 70 78 
0 3 11 20 26 30 34 47 54 65 70 77 
0 3 11 20 26 30 34 47 54 70 78 83 
0 3 11 20 26 33 41 46 54 70 74 77 
0 3 11 20 26 33 41 46 54 70 74 78 
0 3 11 20 26 33 41 46 54 70 78 83 
0 3 11 20 26 33 41 46 54 70 83 84 
0 3 11 20 26 33 41 46 54 71 74 78 
0 3 11 20 26 33 41 46 54 71 76 83 
0 3 11 20 26 33 41 46 54 71 78 83 
0 3 11 20 26 33 41 47 54 65 70 77 
0 3 11 20 26 33 41 47 54 65 71 76 
0 3 11 20 26 33 41 47 54 70 78 83 
0 3 11 20 26 33 41 47 54 70 83 84 
0 3 11 20 26 33 41 47 54 71 76 83 
0 3 11 20 26 33 41 47 54 71 78 83 
0 3 11 20 26 34 41 46 54 70 74 78 
0 3 11 20 26 34 41 46 54 70 78 83 
0 3 11 20 26 34 41 46 54 70 83 84 
0 3 11 20 26 34 41 46 54 71 74 78 
0 3 11 20 26 34 41 46 54 71 76 83 
0 3 11 20 26 34 41 46 54 71 78 83 
0 3 11 20 26 34 41 47 54 64 70 78 
0 3 11 20 26 34 41 47 54 65 70 77 
0 3 11 20 26 34 41 47 54 70 78 83 
0 3 11 20 26 34 41 47 54 70 83 84 
0 3 11 20 26 34 41 47 54 71 76 83 
0 3 11 20 26 34 41 47 54 71 78 83 
0 3 11 20 27 34 41 46 54 70 78 83 
0 3 11 20 27 34 41 46 54 70 83 84 
0 3 11 20 27 34 41 46 54 71 74 78 
0 3 11 20 27 34 41 46 54 71 76 83 
0 3 11 20 27 34 41 46 54 71 78 83 
0 3 11 20 27 34 41 47 54 64 70 78 
0 3 11 20 27 34 41 47 54 64 71 78 
0 3 11 20 27 34 41 47 54 64 71 79 
0 3 11 20 27 34 41 47 54 65 70 77 
0 3 11 20 27 34 41 47 54 65 71 79 
0 3 11 20 27 34 41 47 54 70 78 83 
0 3 11 20 27 34 41 47 54 70 83 84 
0 3 11 20 27 34 41 47 54 71 78 83 
0 3 11 26 30 38 40 46 54 67 75 82 
0 3 11 26 30 38 40 46 54 67 82 84 
0 3 11 26 30 38 40 46 54 67 83 84 
0 3 11 26 30 38 40 46 54 69 76 83 
0 3 11 26 30 38 40 46 54 70 82 84 
0 3 11 26 30 38 40 46 54 70 83 84 
0 3 11 26 30 39 40 46 54 69 74 77 
0 3 11 26 30 39 40 46 54 69 76 83 
0 3 11 26 30 39 40 46 54 70 74 77 
0 3 11 26 30 39 40 46 54 70 74 78 
0 3 11 26 30 39 40 46 54 70 78 83 
0 3 11 26 30 39 40 46 54 70 82 84 
0 3 11 26 30 39 40 46 54 70 83 84 
0 3 11 26 34 39 41 46 54 70 78 83 
0 3 11 26 34 39 41 46 54 70 83 84 
0 3 11 26 38 40 41 46 54 70 82 84 
0 4 9 16 24 39 40 46 54 68 76 83 
0 4 9 17 21 24 32 46 54 69 76 83 
0 4 9 17 21 24 32 46 54 69 77 82 
0 4 9 17 21 24 32 47 54 69 76 83 
0 4 9 17 24 32 39 46 54 68 76 83 
0 4 9 17 24 32 39 46 54 69 76 83 
0 4 9 17 24 32 39 46 54 69 77 82 
0 4 9 17 24 32 39 47 54 68 76 83 
0 4 11 16 24 39 40 46 54 68 76 83 
0 4 11 19 26 34 41 48 55 71 74 78 
0 4 11 21 24 30 32 46 54 69 76 83 
0 4 11 21 24 30 32 47 54 69 76 83 
0 4 11 21 26 30 33 46 54 69 76 83 
0 4 11 21 26 30 33 47 54 65 69 76 
0 4 11 21 26 30 33 47 54 65 69 77 
0 4 11 21 26 30 33 47 54 65 70 77 
0 4 11 21 26 30 33 47 54 69 76 83 
0 4 11 21 26 33 41 47 54 65 70 77 
0 4 11 21 26 33 41 47 54 70 78 83 
0 4 11 24 32 39 41 47 54 68 76 83 
0 6 14 19 26 34 46 54 66 75 82 
0 6 14 19 27 34 46 54 66 75 82 
0 6 14 19 27 35 46 54 66 75 82 
0 7 14 19 26 34 46 54 66 75 82 
0 7 15 18 27 35 46 54 67 83 84 
