0 3 8 13 17 19 23 28 32 37 53 57 66 
0 3 8 13 17 19 23 28 32 37 53 66 84 
0 3 8 13 19 23 28 32 37 52 53 57 66 
0 3 8 13 19 23 28 32 37 52 53 66 84 
0 3 8 13 19 23 28 33 37 52 53 66 84 
0 3 13 19 23 28 32 37 52 53 66 78 84 
0 4 8 13 17 19 23 28 32 37 53 57 66 
0 4 8 13 17 19 23 28 37 50 57 66 71 
0 4 8 13 17 19 28 37 50 57 66 71 74 
0 4 8 13 17 19 28 37 50 66 71 74 76 
0 4 8 13 18 28 30 33 38 62 67 74 76 
0 4 8 13 19 23 28 30 33 37 48 57 71 
0 4 8 13 19 23 28 30 33 37 57 66 71 
0 4 8 13 19 23 28 30 33 38 48 57 71 
0 4 8 13 19 23 28 33 37 48 52 57 71 
0 4 8 13 19 28 30 33 37 48 57 71 74 
0 4 8 13 19 28 30 33 38 48 57 71 74 
0 4 8 13 19 28 30 37 50 57 66 71 74 
0 4 8 13 19 28 30 37 50 66 71 74 76 
