0 1 5 9 13 17 43 46 50 54 58 
0 1 5 10 14 28 37 43 46 55 75 83 
0 1 5 10 14 28 39 43 46 55 75 81 
0 1 5 10 14 31 37 43 46 55 72 83 
0 1 5 10 14 31 39 43 46 55 72 81 
0 1 5 10 17 28 35 43 46 55 75 81 
0 1 5 10 17 28 35 46 55 64 75 81 
0 1 5 10 17 28 37 43 46 55 75 79 
0 1 5 10 17 28 37 46 55 64 75 79 
0 1 5 10 17 31 35 43 46 55 72 81 
0 1 5 10 17 31 35 46 55 64 72 81 
0 1 5 10 17 31 37 43 46 55 72 79 
0 1 5 10 17 31 37 46 55 64 72 79 
0 1 5 10 28 37 43 46 55 75 79 83 
0 1 5 10 31 35 39 43 46 55 72 81 
0 1 5 10 31 37 43 46 55 72 79 83 
0 1 5 12 17 28 37 46 62 64 75 79 
0 1 5 12 17 31 35 46 62 64 72 81 
0 1 5 12 17 31 37 46 62 64 72 79 
0 1 5 12 28 37 43 46 57 62 75 83 
0 1 5 12 31 37 43 46 57 72 76 83 
0 1 5 12 31 37 43 46 62 72 79 83 
0 1 5 12 31 39 43 46 57 72 76 81 
0 1 5 14 31 37 43 46 55 72 76 83 
0 1 5 14 31 39 43 46 55 72 76 81 
0 1 6 10 17 26 35 51 55 64 68 81 
0 1 8 12 28 37 43 46 62 70 79 83 
0 1 8 17 26 33 37 49 64 68 79 84 
0 3 7 12 23 32 37 43 48 57 75 83 
0 3 7 12 32 37 43 44 48 57 75 83 
0 3 8 12 17 19 28 37 44 62 70 79 
