filename	a	b	c	alpha	beta	gamma	1st_dis	2nd_dis	3rd_dis	4th_dis
POSCAR-v-118-18	11.900	25.386	10.880	90.000	90.000	102.149	10.880	10.880	11.900	11.900
POSCAR-v-118-28	13.277	22.295	10.880	90.000	90.000	93.919	10.880	10.880	13.277	13.277
POSCAR-v-118-13	15.581	19.158	10.880	90.000	90.000	98.350	10.880	10.880	15.581	15.581
POSCAR-v-118-10	16.743	17.911	10.880	90.000	90.000	99.990	10.880	10.880	16.743	16.743
POSCAR-v-118-7	12.835	23.800	10.880	90.000	90.000	104.800	10.880	10.880	12.835	12.835
POSCAR-v-118-26	15.110	19.605	10.880	90.000	90.000	94.476	10.880	10.880	15.110	15.110
POSCAR-v-118-8	14.525	20.681	10.880	90.000	90.000	100.533	10.880	10.880	14.525	14.525
POSCAR-v-118-17	16.217	19.308	10.880	90.000	90.000	109.406	10.880	10.880	16.217	16.217
POSCAR-v-118-23	14.820	20.043	10.880	90.000	90.000	96.144	10.880	10.880	14.820	14.820
POSCAR-v-118-14	14.820	20.611	10.880	90.000	90.000	104.800	10.880	10.880	14.820	14.820
POSCAR-v-118-21	17.253	17.749	10.880	90.000	90.000	105.323	10.880	10.880	17.253	17.253
POSCAR-v-118-9	16.217	18.930	10.880	90.000	90.000	105.843	10.880	10.880	16.217	16.217
POSCAR-v-118-12	12.259	24.694	10.880	90.000	90.000	102.684	10.880	10.880	12.259	12.259
POSCAR-v-118-16	12.259	24.102	10.880	90.000	90.000	91.682	10.880	10.880	12.259	12.259
POSCAR-v-118-22	13.915	21.233	10.880	90.000	90.000	91.682	10.880	10.880	13.915	13.915
POSCAR-v-118-11	15.581	19.605	10.880	90.000	90.000	104.800	10.880	10.880	15.581	15.581
POSCAR-v-118-29	16.394	18.930	10.880	90.000	90.000	107.897	10.880	10.880	16.394	16.394
POSCAR-v-118-6	11.148	26.555	10.880	90.000	90.000	93.919	10.880	10.880	11.148	11.148
POSCAR-v-118-20	10.616	27.830	10.880	90.000	90.000	91.682	10.616	10.616	10.880	10.880
POSCAR-v-118-27	10.341	29.000	10.880	90.000	90.000	99.990	10.341	10.341	10.880	10.880
POSCAR-v-118-5	9.465	31.208	10.880	90.000	90.000	91.121	9.465	9.465	10.880	10.880
POSCAR-v-118-15	8.996	33.095	10.880	90.000	90.000	97.250	8.996	8.996	10.880	10.880
POSCAR-v-118-24	8.996	32.832	10.880	90.000	90.000	90.561	8.996	8.996	10.880	10.880
POSCAR-v-118-4	7.790	37.975	10.880	90.000	90.000	93.360	7.790	7.790	10.880	10.880
POSCAR-v-118-19	7.410	39.977	10.880	90.000	90.000	94.476	7.410	7.410	10.880	10.880
POSCAR-v-118-3	6.129	48.203	10.880	90.000	90.000	91.682	6.129	6.129	10.880	10.880
POSCAR-v-118-25	5.889	50.172	10.880	90.000	90.000	91.682	5.889	5.889	10.880	10.880
POSCAR-v-118-2	4.498	65.665	10.880	90.000	90.000	90.561	4.498	4.498	10.880	10.880
POSCAR-v-118-30	3.400	86.867	10.880	90.000	90.000	90.561	3.400	3.400	10.880	10.880
POSCAR-v-118-1	2.944	100.300	10.880	90.000	90.000	90.000	2.944	2.944	10.880	10.880
POSCAR-v-118-0	1.700	173.725	10.880	90.000	90.000	90.000	1.700	1.700	10.880	10.880
