0 2 6 12 16 22 26 30 36 40 58 59 79 89 93 
0 2 6 12 16 22 26 36 40 54 58 59 79 89 93 
0 2 6 12 16 22 26 36 40 54 59 75 79 89 93 
0 2 6 12 16 26 34 36 40 54 59 75 79 89 93 
0 2 6 12 16 26 34 36 54 59 64 75 79 89 93 
0 2 6 12 17 22 26 30 36 40 58 59 79 89 93 
0 2 6 12 17 26 34 36 40 54 59 75 79 89 93 
0 2 6 16 22 26 30 36 40 58 59 79 83 89 93 
0 2 6 16 22 26 36 40 54 58 59 79 83 89 93 
0 2 6 16 26 34 36 40 54 59 75 79 83 89 93 
0 2 7 17 21 22 26 30 40 63 69 75 79 83 93 
0 2 7 17 21 22 26 30 40 69 75 79 83 89 93 
0 2 7 17 21 26 30 34 40 63 69 75 79 83 93 
0 2 7 17 22 26 30 36 40 63 69 75 79 83 93 
