0 1 6 13 17 26 33 38 52 57 72 77 82 89 
0 1 6 13 18 26 33 38 52 57 72 73 77 89 
0 1 6 13 18 26 33 38 52 57 72 73 78 89 
0 1 6 13 18 26 33 38 52 57 72 73 78 90 
0 1 6 13 18 26 33 38 52 57 72 77 82 89 
0 1 6 13 18 26 33 38 52 57 72 78 82 89 
0 1 13 18 24 26 33 38 52 57 72 73 77 89 
0 1 13 18 24 26 33 38 52 57 72 73 78 89 
0 2 6 13 18 26 33 38 52 57 72 73 78 89 
0 2 6 13 18 26 33 38 52 57 72 73 78 90 
0 2 7 14 18 27 38 43 57 62 71 78 83 90 
0 2 7 14 19 27 35 39 53 59 71 74 79 90 
0 3 7 20 23 26 30 35 48 52 56 58 76 80 93 
0 3 11 15 27 34 35 39 46 50 57 62 72 75 82 87 
