0 1 5 8 12 29 34 41 50 57 62 80 87 92 
0 1 5 8 13 29 34 41 50 57 62 80 87 92 
0 1 5 8 13 29 34 42 50 57 62 80 87 92 
0 1 5 12 17 29 34 35 41 50 57 62 79 92 
0 1 5 12 17 29 34 35 41 50 57 62 80 92 
0 1 5 12 17 29 34 35 41 50 62 79 84 92 
0 1 5 12 17 29 34 35 41 50 62 80 84 92 
0 1 5 12 29 34 35 41 50 57 62 79 87 92 
0 1 5 12 29 34 35 41 50 57 62 80 87 92 
0 1 5 12 29 34 35 41 50 62 79 84 87 92 
0 1 5 13 17 29 34 35 41 50 57 62 80 92 
0 1 5 13 29 34 35 41 50 57 62 80 87 92 
0 1 7 13 19 29 41 45 51 57 63 74 80 86 92 95 
0 1 8 13 20 25 30 37 42 53 59 75 87 92 
0 1 8 13 20 25 30 37 42 57 75 80 87 92 
0 1 8 13 20 25 30 37 42 59 75 80 87 92 
0 1 8 13 20 25 30 42 57 62 75 80 87 92 
0 1 8 13 20 30 37 42 50 53 59 75 87 92 
0 3 11 15 27 34 35 39 46 50 57 62 72 75 82 87 
0 6 14 30 34 38 46 53 61 72 78 86 
