0 1 5 9 13 17 26 30 45 51 65 70 83 88 92 
0 1 5 9 13 17 26 30 51 61 65 70 83 87 92 
0 1 5 9 13 17 26 30 51 61 65 70 83 88 92 
0 1 5 9 13 17 26 30 51 61 65 75 83 87 92 
0 1 5 9 13 17 26 30 61 65 70 79 83 87 92 
0 1 5 9 13 17 26 31 39 45 51 55 70 88 92 
0 1 5 9 13 17 26 31 39 51 55 61 70 88 92 
0 1 5 9 13 17 26 31 45 51 65 70 83 88 92 
0 1 5 9 13 17 26 31 51 55 61 65 70 88 92 
0 1 5 9 13 17 26 31 51 61 65 70 83 88 92 
0 1 5 9 13 17 26 31 55 61 65 70 79 88 92 
0 1 5 9 13 17 26 45 47 51 57 65 70 83 88 
0 1 5 9 13 17 26 47 51 57 61 65 70 83 88 
0 1 6 13 17 26 31 38 48 51 55 62 71 77 88 
0 1 6 13 17 26 31 38 48 51 62 71 77 83 88 
0 1 6 13 17 26 31 38 48 51 62 71 77 84 88 
0 1 6 13 17 26 38 48 51 57 62 71 77 83 88 
