0 2 7 12 18 29 35 40 47 55 58 62 76 85 92 
0 2 7 12 18 29 35 40 47 58 62 76 81 85 92 
0 2 7 12 18 29 35 41 47 55 58 62 76 85 92 
0 2 7 12 18 29 35 41 47 58 62 76 81 85 92 
0 2 7 12 18 29 35 41 47 58 62 76 81 86 92 
0 2 7 12 18 29 41 47 58 59 62 76 81 86 92 
0 2 7 12 18 35 40 47 53 58 62 76 81 85 92 
0 2 7 12 18 35 41 47 53 58 62 76 81 85 92 
0 2 7 12 18 35 41 47 53 58 62 76 81 86 92 
0 2 7 12 18 41 47 53 58 59 62 76 81 86 92 
0 2 7 12 19 29 35 41 47 55 58 62 76 85 92 
0 2 7 12 19 29 35 41 47 55 58 62 76 86 92 
0 2 7 12 19 29 35 41 47 55 58 63 76 86 92 
0 2 7 12 19 29 35 41 47 58 62 76 81 85 92 
0 2 7 12 19 29 35 41 47 58 62 76 81 86 92 
0 2 7 12 19 29 35 41 47 58 63 76 81 86 92 
0 2 7 12 19 29 41 47 58 59 62 76 81 86 92 
0 2 7 12 19 29 41 47 58 59 63 76 81 86 92 
0 2 7 12 19 35 41 47 53 58 62 76 81 85 92 
0 2 7 12 19 41 47 53 58 59 62 76 81 86 92 
0 2 7 12 19 41 47 53 58 59 63 76 81 86 92 
0 2 7 13 18 29 40 45 47 57 58 61 76 80 92 
0 2 7 13 18 36 40 47 53 57 58 76 81 87 92 
0 2 7 13 18 36 47 53 57 58 64 76 81 87 92 
0 2 7 13 19 29 41 45 47 57 58 63 76 80 86 92 
0 2 7 14 18 29 36 41 47 57 58 62 76 80 92 
0 2 7 14 18 29 36 41 47 57 58 62 76 81 92 
0 2 7 14 18 29 36 41 47 58 59 62 76 81 92 
0 2 7 14 18 36 41 47 53 57 58 62 76 81 92 
0 2 7 14 18 36 41 47 53 58 59 62 76 81 92 
0 2 7 14 18 36 47 53 57 58 64 76 81 87 92 
0 2 7 14 19 29 35 41 47 55 58 60 76 83 88 92 
0 2 7 14 19 29 36 41 47 57 58 62 76 80 92 
0 2 7 14 19 29 36 41 47 57 58 62 76 81 92 
0 2 7 14 19 29 36 41 47 57 58 76 80 88 92 
0 2 7 14 19 29 36 41 47 57 58 76 81 88 92 
0 2 7 14 19 29 36 41 47 58 59 62 76 81 92 
0 2 7 14 19 29 36 41 47 58 59 76 81 88 92 
0 2 7 14 19 29 37 41 47 58 59 76 81 88 92 
0 2 7 14 19 36 41 47 53 57 58 62 76 81 92 
0 2 7 14 19 36 41 47 53 57 58 76 81 88 92 
0 2 7 14 19 36 41 47 53 58 59 62 76 81 92 
0 2 7 14 19 36 41 47 53 58 59 76 81 88 92 
0 2 7 14 19 37 41 47 53 58 59 76 81 88 92 
0 2 7 14 29 36 43 47 57 58 64 76 80 88 92 
0 2 7 18 36 40 47 53 57 58 62 76 81 85 92 
0 2 7 18 36 41 47 53 57 58 62 76 81 85 92 
0 2 7 19 36 41 47 53 57 58 62 76 81 85 92 
0 2 7 19 37 41 47 53 58 59 63 76 81 86 92 
0 2 8 13 18 31 40 45 47 52 58 61 76 82 92 
0 2 8 13 18 31 40 45 47 52 58 76 82 87 92 
0 2 8 13 18 31 40 47 52 58 69 76 82 87 92 
0 2 8 13 19 31 41 45 47 52 58 63 76 82 86 92 
0 2 8 14 19 31 37 41 47 52 58 59 76 82 88 92 
0 2 9 13 18 31 36 40 47 52 57 58 76 87 92 
0 2 9 13 18 31 36 40 47 53 57 58 76 87 92 
0 2 9 13 18 31 40 47 52 58 69 76 82 87 92 
0 2 9 14 18 31 36 41 47 52 57 58 62 76 92 
0 2 9 14 18 31 36 41 47 52 58 62 76 83 92 
0 2 9 14 18 31 36 41 47 53 57 58 62 76 92 
0 2 9 14 18 31 36 41 47 53 58 62 76 83 92 
0 2 9 14 18 32 36 41 47 53 58 62 76 83 92 
0 2 9 14 19 31 36 41 47 52 57 58 62 76 92 
0 2 9 14 19 31 36 41 47 52 57 58 76 88 92 
0 2 9 14 19 31 36 41 47 52 58 76 83 88 92 
0 2 9 14 19 31 36 41 47 53 57 58 76 88 92 
0 2 9 14 19 31 36 41 47 53 58 76 83 88 92 
0 2 9 14 19 31 41 47 52 58 60 76 83 88 92 
0 2 9 14 19 31 41 47 53 58 60 76 83 88 92 
0 2 9 14 19 32 36 41 47 53 58 76 83 88 92 
0 2 11 14 19 32 37 41 47 53 58 59 76 88 92 
0 2 11 18 32 40 47 53 58 61 76 84 92 
0 2 13 18 31 36 40 47 52 57 58 76 80 87 92 
0 2 13 18 31 40 45 47 52 57 58 76 80 87 92 
0 2 14 19 31 36 41 47 52 57 58 76 80 88 92 
0 4 8 13 18 23 26 54 64 69 73 77 82 87 92 
0 4 8 13 18 26 31 40 45 47 52 58 82 87 92 
0 4 8 13 18 26 47 54 58 64 69 77 82 87 92 
0 4 8 13 19 26 31 41 45 47 52 58 63 82 86 92 
0 4 8 14 19 23 26 37 41 54 59 73 77 82 88 92 
0 4 9 10 14 18 27 31 36 58 64 78 83 87 92 
0 4 9 10 14 19 27 31 36 41 58 78 83 88 92 
0 4 9 10 14 27 31 36 43 58 64 78 83 87 92 
0 4 10 11 18 27 33 40 54 58 61 78 84 92 
0 4 10 11 18 33 40 50 54 61 73 78 84 92 
0 4 10 12 18 27 35 40 55 58 62 78 85 92 
0 4 10 12 18 27 35 41 55 58 62 78 85 92 
0 4 10 12 18 27 35 41 55 58 62 78 86 92 
0 4 10 12 18 35 41 50 55 62 73 78 85 92 
0 4 10 12 18 35 41 50 55 62 73 78 86 92 
0 4 10 12 19 27 35 41 55 58 62 78 85 92 
0 4 10 12 19 27 35 41 55 58 62 78 85 93 
0 4 10 12 19 27 35 41 55 58 62 78 86 92 
0 4 10 12 19 27 35 41 55 58 62 78 86 93 
0 4 10 12 19 27 35 41 55 58 63 78 86 92 
0 4 10 12 19 27 35 41 55 58 63 78 86 93 
0 4 10 12 19 35 41 50 55 62 73 78 85 92 
0 4 10 12 19 35 41 50 55 62 73 78 85 93 
0 4 10 12 19 35 41 50 55 62 73 78 86 92 
0 4 10 12 19 35 41 50 55 62 73 78 86 93 
0 4 10 12 19 35 41 50 55 63 73 78 86 92 
0 4 10 12 19 35 41 50 55 63 73 78 86 93 
0 4 10 18 21 27 33 41 54 58 62 78 85 92 
0 4 10 18 21 27 33 41 55 58 62 78 85 92 
0 4 10 18 21 27 35 41 55 58 62 78 85 92 
0 4 10 18 21 33 41 50 55 62 73 78 85 92 
0 4 10 19 21 27 33 41 54 58 62 78 85 92 
0 4 10 19 21 27 33 41 55 58 62 78 85 92 
0 4 11 18 27 33 40 47 54 58 61 78 84 92 
0 4 12 18 23 35 40 50 55 62 73 78 85 92 
0 4 12 18 23 35 41 50 55 62 73 78 85 92 
0 4 12 18 23 35 41 50 55 62 73 78 86 92 
0 4 12 18 27 35 40 47 55 58 62 78 85 92 
0 4 12 18 27 35 41 47 55 58 62 78 85 92 
0 4 12 18 27 35 41 47 55 58 62 78 86 92 
0 4 12 19 23 35 41 50 55 62 73 78 85 92 
0 4 12 19 23 35 41 50 55 62 73 78 86 92 
0 4 18 21 23 33 40 50 55 62 73 78 85 92 
0 4 18 21 23 35 40 50 55 62 73 78 85 92 
0 4 18 21 23 35 41 50 55 62 73 78 85 92 
0 4 18 21 27 33 40 47 54 58 62 78 85 92 
0 5 10 11 18 27 32 40 53 58 61 84 92 
0 5 10 11 18 27 32 40 58 61 79 84 92 
0 5 10 11 18 27 40 56 58 61 79 84 92 
0 5 10 12 18 27 35 40 55 58 62 79 85 92 
0 5 10 12 18 27 35 40 56 58 62 79 85 92 
0 5 10 12 18 27 35 40 56 62 74 79 85 92 
0 5 10 12 18 27 35 41 55 58 62 79 85 92 
0 5 10 12 18 27 35 41 55 58 62 79 86 92 
0 5 10 12 18 27 35 41 56 58 62 79 86 92 
0 5 10 13 18 27 40 45 56 58 61 79 92 
0 5 12 18 23 28 35 40 49 55 62 73 79 85 92 
0 5 12 18 23 28 35 40 49 56 62 73 79 85 92 
0 5 12 18 23 28 35 41 49 55 62 73 79 85 92 
0 5 12 18 23 28 35 41 49 56 62 73 79 85 92 
0 5 12 19 23 28 35 41 49 55 62 73 79 85 92 
0 5 12 19 23 28 35 41 49 55 63 73 79 86 92 
0 6 10 12 19 28 41 45 50 56 63 73 80 86 92 
