0 2 6 15 19 21 24 26 30 35 47 55 64 69 
0 2 6 15 19 21 24 26 30 41 51 55 60 64 
0 2 6 15 19 21 24 26 30 41 51 55 64 69 
0 2 6 15 19 21 24 26 30 41 51 55 64 78 
0 2 6 15 19 21 24 26 30 47 51 55 64 69 
0 2 6 15 19 21 24 26 41 51 55 60 64 70 
0 2 6 15 19 21 24 26 41 51 55 64 69 70 
0 2 6 15 19 21 24 26 41 51 55 64 70 78 
0 2 6 15 19 21 24 26 47 51 55 64 69 70 
0 2 6 15 19 21 26 30 34 41 51 55 60 64 
0 2 6 15 19 21 26 30 34 48 51 56 60 64 
0 2 6 15 19 21 26 30 35 39 48 60 64 76 
0 2 6 15 19 21 26 30 35 47 55 60 64 76 
0 2 6 15 19 21 26 30 39 45 48 60 64 76 
0 2 6 15 19 21 26 30 39 48 51 60 64 76 
0 2 6 15 19 21 26 30 41 51 55 60 64 76 
0 2 6 15 19 21 26 30 47 51 55 60 64 76 
0 2 6 15 19 21 26 30 48 51 55 60 64 76 
0 2 6 15 19 21 26 30 48 51 56 60 64 76 
0 2 6 15 19 21 26 34 41 51 55 60 64 70 
0 2 6 15 19 21 26 39 48 51 60 64 70 76 
0 2 6 15 19 21 26 41 51 55 60 64 70 76 
0 2 6 15 19 21 26 47 51 55 60 64 70 76 
0 2 6 15 19 21 26 48 51 56 60 64 70 76 
0 2 6 15 20 21 24 26 30 40 45 54 64 69 
0 2 6 15 20 21 24 26 40 45 54 64 69 70 
0 2 6 15 20 21 26 30 39 45 48 60 64 76 
0 2 6 15 20 21 26 39 45 48 60 64 70 76 
0 2 6 15 21 24 26 30 40 45 49 54 64 69 
0 2 6 15 21 26 30 39 45 48 49 60 64 76 
0 2 7 12 16 20 24 27 31 40 45 54 64 69 
0 2 7 12 16 20 24 27 31 40 45 64 69 73 
0 2 7 12 16 20 24 27 31 40 45 64 73 78 
0 2 7 12 16 20 24 27 31 40 52 64 69 73 
0 2 7 12 16 20 24 27 31 40 52 64 73 78 
0 2 7 12 16 20 24 27 31 40 52 73 78 83 
0 2 7 12 16 20 24 27 31 52 57 64 73 78 
0 2 7 12 16 20 24 27 31 52 57 73 78 83 
0 2 7 12 16 20 24 27 40 52 58 64 69 73 
0 2 7 12 16 20 24 27 40 52 58 64 73 78 
0 2 7 12 16 20 24 27 40 52 58 73 78 83 
0 2 7 12 16 20 24 27 52 57 58 64 73 78 
0 2 7 12 16 20 27 31 34 42 52 56 60 64 
0 2 7 12 16 20 27 31 34 42 52 56 79 83 
0 2 7 12 16 20 27 31 34 48 52 56 60 64 
0 2 7 12 16 20 27 31 39 45 48 60 64 76 
0 2 7 12 16 20 27 31 45 48 56 60 64 76 
0 2 7 12 16 20 27 31 48 52 56 60 64 76 
0 2 7 12 16 20 27 48 52 56 58 60 64 76 
0 2 7 12 16 22 24 27 31 36 40 64 69 73 
0 2 7 12 16 22 24 27 31 36 40 64 73 78 
0 2 7 12 16 22 24 27 31 36 41 55 64 69 
0 2 7 12 16 22 24 27 31 36 41 55 64 78 
0 2 7 12 16 22 24 27 31 36 41 55 78 83 
0 2 7 12 16 22 24 27 31 36 41 64 74 78 
0 2 7 12 16 22 24 27 31 36 41 74 78 83 
0 2 7 12 16 22 24 27 31 36 57 64 73 78 
0 2 7 12 16 22 24 27 31 36 57 73 78 83 
0 2 7 12 16 22 24 27 36 40 58 64 69 73 
0 2 7 12 16 22 24 27 36 40 58 64 73 78 
0 2 7 12 16 22 24 27 36 40 58 73 78 83 
0 2 7 12 16 22 24 27 36 41 55 58 64 69 
0 2 7 12 16 22 24 27 36 41 55 58 64 78 
0 2 7 12 16 22 24 27 36 41 55 58 78 83 
0 2 7 12 16 22 24 27 36 41 58 64 74 78 
0 2 7 12 16 22 24 27 36 57 58 64 73 78 
0 2 7 12 16 22 24 27 36 57 58 73 78 83 
0 2 7 12 16 22 24 27 41 53 58 64 74 78 
0 2 7 12 16 22 24 27 41 53 58 74 78 83 
0 2 7 12 16 22 24 27 53 57 58 64 73 78 
0 2 7 12 16 22 24 27 53 57 58 73 78 83 
0 2 7 12 16 22 27 31 36 41 55 60 64 76 
0 2 7 12 16 22 27 31 36 57 62 73 78 83 
0 2 7 12 16 22 27 34 36 41 55 58 60 83 
0 2 7 12 16 22 27 34 36 41 58 60 64 74 
0 2 7 12 16 22 27 34 36 41 58 60 74 83 
0 2 7 12 16 22 27 34 36 41 58 74 79 83 
0 2 7 12 16 22 27 34 41 53 58 60 64 74 
0 2 7 12 16 22 27 34 41 53 58 60 74 83 
0 2 7 12 16 22 27 36 41 55 58 60 64 76 
0 2 7 12 16 22 27 36 57 58 62 73 78 83 
0 2 7 12 16 22 27 43 53 57 58 62 78 83 
0 2 7 12 16 24 27 31 36 40 50 54 64 69 
0 2 7 12 16 24 27 31 36 40 50 64 69 73 
0 2 7 12 17 27 32 34 37 41 51 55 60 83 
0 2 7 12 17 27 32 34 37 41 51 60 74 83 
0 2 7 12 19 27 32 34 41 51 55 60 71 83 
0 2 7 14 18 27 34 38 42 47 50 71 75 79 83 90 
0 2 7 14 18 27 34 42 46 50 54 71 75 79 83 90 
0 2 7 14 18 27 38 43 47 50 57 62 71 78 83 90 
0 2 7 14 18 27 46 50 54 59 62 71 74 78 83 90 
0 2 7 15 21 26 30 34 39 45 49 53 59 74 79 83 
0 2 7 15 21 26 30 34 45 46 49 54 59 74 79 83 
0 2 7 15 21 26 30 45 46 49 54 59 62 74 78 83 
0 2 7 21 26 31 34 45 46 49 54 59 72 74 79 83 
