0 1 5 12 16 22 27 32 44 53 59 81 86 91 
0 1 5 12 17 22 27 32 44 53 59 81 86 91 
0 1 5 16 22 27 32 44 53 57 62 81 86 91 
0 1 5 16 22 27 32 44 53 59 62 81 86 91 
0 1 6 21 29 33 38 47 64 69 70 76 87 92 
0 1 6 21 29 35 38 47 64 69 70 76 87 92 
0 1 6 21 33 38 47 64 69 70 75 80 87 92 
0 1 12 16 22 27 32 39 44 49 53 59 81 86 
0 1 12 16 22 27 32 39 44 49 54 59 81 86 
0 1 12 17 22 27 32 39 44 49 53 59 81 86 
0 2 6 21 24 29 33 38 47 64 69 76 87 92 
0 2 6 21 24 29 35 38 47 64 69 76 87 92 
0 2 6 21 24 29 35 47 64 69 76 83 87 92 
0 2 6 21 24 29 35 47 64 69 76 83 88 92 
0 2 6 21 24 33 38 47 64 69 75 80 87 92 
0 2 6 21 24 33 38 47 64 69 76 80 87 92 
0 2 6 21 29 33 38 47 58 64 69 76 87 92 
0 2 6 21 29 33 38 47 64 69 70 76 87 92 
0 2 6 21 29 35 38 43 47 58 64 69 76 92 
0 2 6 21 29 35 38 47 58 64 69 76 87 92 
0 2 6 21 29 35 38 47 58 64 69 76 88 92 
0 2 6 21 29 35 38 47 64 69 70 76 87 92 
0 2 6 21 29 35 47 58 64 69 76 83 88 92 
0 2 6 21 33 38 43 47 58 64 69 76 80 92 
0 2 6 21 33 38 47 58 64 69 75 80 87 92 
0 2 6 21 33 38 47 64 69 70 75 80 87 92 
0 2 6 21 33 38 47 64 69 70 76 80 87 92 
0 2 7 12 29 35 38 43 47 58 60 64 76 92 
0 2 7 12 35 38 43 47 58 60 64 76 80 92 
0 2 7 12 38 43 47 58 60 64 76 80 85 92 
0 2 7 16 21 26 31 38 43 58 64 80 85 92 
0 2 7 16 21 26 33 38 43 58 64 75 80 92 
0 2 7 16 21 26 38 43 58 64 76 80 85 92 
0 2 7 16 21 29 35 38 43 47 58 64 76 92 
0 2 7 16 21 35 38 43 47 58 64 76 80 92 
0 2 7 16 21 35 39 47 58 64 76 81 88 93 
0 2 7 21 29 35 38 47 58 60 64 76 88 92 
