0 1 6 13 18 24 31 36 46 51 62 75 79 84 88 93 
0 1 6 13 18 24 31 36 51 57 62 75 79 88 93 94 
0 1 6 13 22 26 31 36 41 54 75 83 88 93 
0 1 6 13 22 31 36 41 54 62 75 83 88 93 
0 1 6 13 24 31 36 40 46 53 62 75 79 84 88 93 
0 1 6 15 22 26 31 36 42 49 55 77 83 88 93 
0 1 6 15 22 26 31 36 42 54 58 76 83 88 93 
0 1 6 15 22 26 31 36 42 55 58 76 83 88 93 
0 1 6 15 22 26 31 36 42 55 58 77 83 88 93 
0 1 6 15 22 31 36 42 49 55 62 77 83 88 93 
0 1 6 15 22 31 36 42 54 58 62 76 83 88 93 
0 1 6 15 22 31 36 42 55 58 62 77 83 88 93 
0 1 6 15 24 31 36 40 46 53 58 62 79 84 88 93 
0 1 6 15 26 31 36 42 46 49 55 77 83 88 93 
0 1 6 15 26 31 36 42 46 55 58 76 83 88 93 
0 1 6 15 26 31 36 42 46 55 58 77 83 88 93 
0 1 6 15 26 31 36 43 46 55 58 77 83 88 93 
0 1 6 15 31 36 42 46 49 55 62 77 84 88 93 
0 1 6 15 31 36 42 46 55 58 62 76 83 88 93 
0 1 6 15 31 36 42 46 55 58 62 76 84 88 93 
0 1 6 15 31 36 42 46 55 58 62 77 83 88 93 
0 1 6 15 31 36 42 46 55 58 62 77 84 88 93 
0 1 6 16 22 26 31 36 41 49 54 83 88 93 
0 1 6 16 22 26 31 36 44 49 78 83 88 93 
0 1 6 16 22 26 31 36 49 54 78 83 88 93 
0 1 6 16 22 31 36 41 49 54 62 83 88 93 
0 1 6 16 22 31 36 49 54 62 78 83 88 93 
0 1 6 16 26 31 36 44 49 57 78 83 88 93 
0 1 6 22 26 31 36 41 49 54 75 83 88 93 
0 1 8 13 17 24 28 38 46 51 62 71 79 84 90 
0 1 8 13 17 24 28 38 51 57 62 71 79 90 94 
0 1 8 13 17 24 28 40 57 62 71 74 79 90 94 
0 1 8 13 17 24 29 38 46 51 62 71 79 84 90 
0 1 8 13 17 24 29 38 46 51 62 71 79 84 91 
0 1 8 13 17 24 29 38 51 57 62 71 79 90 94 
0 1 8 13 17 24 29 38 51 57 62 71 79 91 94 
0 1 8 13 17 24 29 40 46 62 71 74 79 84 90 
0 1 8 13 17 24 29 40 46 62 71 74 79 84 91 
0 1 8 13 17 24 29 40 57 62 71 74 79 90 94 
0 1 8 13 17 24 29 40 57 62 71 74 79 91 94 
0 1 8 13 17 28 38 44 51 57 61 71 79 83 90 
0 1 8 13 17 28 38 44 51 57 62 71 79 83 90 
0 1 8 13 17 28 38 44 51 57 62 71 79 90 94 
0 1 8 13 17 28 38 46 51 55 61 71 79 83 90 
0 1 8 13 17 28 38 46 51 55 62 71 79 83 90 
0 1 8 13 17 28 38 46 51 55 62 71 79 84 90 
0 1 8 13 17 28 40 44 57 61 71 74 79 83 90 
0 1 8 13 17 28 40 44 57 62 71 74 79 83 90 
0 1 8 13 17 28 40 46 55 62 71 74 79 83 90 
0 1 8 13 17 28 40 46 55 62 71 74 79 84 90 
0 1 8 13 17 29 38 44 51 57 62 71 79 83 90 
0 1 8 13 17 29 38 44 51 57 62 71 79 83 91 
0 1 8 13 17 29 38 44 51 57 62 71 79 90 94 
0 1 8 13 17 29 38 46 51 55 62 71 79 83 90 
0 1 8 13 17 29 38 46 51 55 62 71 79 83 91 
0 1 8 13 17 29 38 46 51 55 62 71 79 84 90 
0 1 8 13 17 29 38 46 51 55 62 71 79 84 91 
0 1 8 13 17 29 40 44 57 62 71 74 79 90 94 
0 1 8 13 18 24 29 38 46 51 62 71 79 84 90 
0 1 8 13 18 24 29 38 46 51 62 71 79 84 91 
0 1 8 13 18 24 29 38 51 57 62 71 79 90 94 
0 1 8 13 18 24 29 38 51 57 62 71 79 91 94 
0 1 8 13 18 24 29 46 51 62 71 75 79 84 90 
0 1 8 13 18 24 29 51 57 62 71 75 79 90 94 
0 1 8 13 22 28 36 41 54 61 75 83 90 
0 1 8 13 22 28 36 41 54 62 75 83 90 
0 1 8 13 22 28 41 54 62 71 75 83 90 
0 1 8 13 22 29 36 41 54 62 75 83 91 
0 1 8 13 22 29 41 54 62 71 75 83 91 
0 1 8 13 24 29 40 46 53 62 71 74 79 84 90 
0 1 8 14 22 28 42 45 55 58 61 76 83 90 
0 1 8 14 22 28 42 45 55 58 62 76 83 90 
0 1 8 14 28 42 45 46 55 58 61 76 83 90 
0 1 8 14 28 42 45 46 55 58 62 76 84 90 
0 1 8 15 22 28 42 45 55 58 61 76 83 90 
0 1 8 15 22 28 42 45 55 58 62 76 83 90 
0 1 8 15 28 42 45 46 55 58 62 76 83 90 
0 2 8 13 18 24 29 36 51 59 63 75 80 84 91 
0 2 8 13 18 24 29 51 59 62 71 75 79 84 91 
0 3 8 15 19 23 31 40 45 53 58 64 81 86 94 
