0 1 5 9 33 38 42 49 60 64 73 78 82 89 93 
0 1 5 9 33 38 42 49 60 65 73 78 82 89 93 
0 1 5 11 22 29 33 38 49 60 65 72 73 78 89 
0 1 5 11 22 29 33 38 49 60 65 73 78 89 93 
0 1 5 11 22 29 33 38 49 60 65 74 78 89 93 
0 1 5 11 22 29 33 38 60 65 72 74 78 85 89 
0 1 5 11 22 33 38 42 49 60 64 72 74 78 89 
0 1 5 12 22 28 33 38 44 51 60 78 84 89 93 
0 1 5 12 22 28 33 38 44 51 60 78 85 89 93 
0 1 5 12 22 29 33 38 44 51 60 72 78 84 89 
0 1 5 12 22 29 33 38 44 51 60 72 78 85 89 
0 1 5 12 22 29 33 38 44 51 60 78 85 89 93 
0 1 5 22 28 33 38 44 51 60 73 78 84 89 93 
0 1 5 22 28 33 38 44 60 64 73 78 84 89 93 
0 1 5 22 29 33 38 44 51 60 73 78 84 89 93 
0 6 14 30 34 38 46 53 61 72 78 86 
