0 1 4 12 15 30 33 41 55 66 74 85 93 
0 1 4 12 15 30 38 41 55 66 74 82 93 
0 1 4 12 15 30 38 55 66 74 82 90 93 
0 1 4 12 15 30 41 55 66 74 82 85 93 
0 1 4 12 15 33 41 55 66 74 77 85 93 
0 1 4 12 19 30 33 41 55 62 74 85 93 
0 1 4 12 19 30 38 41 55 62 74 82 93 
0 1 4 12 19 30 38 55 62 74 82 90 93 
0 1 4 12 19 30 41 55 62 74 82 85 93 
0 1 4 12 19 33 41 55 62 74 77 85 93 
0 1 4 15 18 25 33 41 55 59 77 85 93 
0 1 4 15 18 30 33 41 55 59 74 85 93 
0 1 4 18 21 25 33 41 55 62 77 85 93 
0 1 4 18 21 30 33 41 55 62 74 85 93 
0 1 4 18 21 30 38 41 55 62 74 82 93 
0 1 4 18 21 30 38 55 62 74 82 90 93 
0 1 4 18 21 30 41 55 62 74 82 85 93 
0 1 4 19 21 30 33 41 55 62 74 85 93 
0 1 4 19 21 30 38 41 55 62 74 82 93 
0 1 4 19 21 30 41 55 62 74 82 85 93 
0 1 4 19 21 33 41 55 62 74 77 85 93 
0 1 8 18 21 25 33 41 51 62 77 85 93 
0 1 8 18 21 30 33 41 51 62 74 85 93 
0 1 8 18 21 30 38 41 51 62 74 82 93 
0 1 8 19 21 30 33 41 51 62 74 85 93 
0 1 8 19 21 30 38 41 51 62 74 82 93 
0 1 8 19 21 30 41 51 62 74 82 85 93 
0 1 8 19 21 33 41 51 62 74 77 85 93 
0 3 10 11 18 25 32 40 54 61 77 84 92 
0 3 10 11 18 25 33 40 54 61 77 84 92 
0 3 10 11 18 29 32 40 54 61 73 84 92 
0 3 10 11 18 29 40 54 61 73 81 84 92 
0 3 10 18 21 25 33 40 54 61 77 84 92 
0 3 10 18 21 29 37 40 54 61 73 81 92 
0 3 10 18 21 29 37 40 54 61 74 81 92 
0 3 10 18 21 29 37 40 54 62 73 81 92 
0 3 10 18 21 29 37 54 62 73 81 89 92 
0 3 11 18 29 36 44 53 61 71 73 80 88 
0 3 11 18 29 36 44 54 61 70 73 81 88 
0 3 11 18 29 36 44 54 61 71 73 81 88 
