0 1 4 9 17 29 36 44 46 56 64 77 84 92 
0 1 4 9 17 29 37 44 46 56 64 77 85 92 
0 1 4 9 17 30 37 44 46 56 64 78 85 92 
0 1 4 9 17 30 37 44 56 64 73 78 85 92 
0 1 4 9 29 36 44 46 56 61 64 77 84 92 
0 1 4 9 29 37 44 46 56 61 64 77 85 92 
0 1 6 9 14 27 30 42 45 46 58 61 83 90 
0 1 6 9 14 29 35 37 42 46 58 61 77 90 
0 1 6 9 14 29 35 41 46 58 61 77 82 89 
0 1 6 9 14 29 35 42 46 58 61 77 82 90 
0 1 6 9 14 29 37 42 46 58 61 77 85 90 
0 1 6 9 14 29 42 46 58 61 77 82 85 90 
0 1 6 9 14 30 37 42 46 58 61 78 85 90 
0 1 6 9 14 30 42 45 46 58 61 78 83 90 
0 1 6 14 27 35 41 46 53 58 61 75 82 89 
0 1 6 14 27 35 42 46 53 58 61 75 82 90 
0 1 6 14 29 35 37 42 46 53 58 61 77 90 
0 1 6 14 29 35 41 46 53 58 61 77 82 89 
0 1 6 14 29 35 42 46 53 58 61 77 82 90 
0 1 6 14 29 36 41 46 53 58 61 77 84 89 
0 1 6 14 29 37 42 46 53 58 61 77 85 90 
0 1 6 14 30 37 42 46 53 58 61 78 85 90 
0 1 6 14 30 42 45 46 53 58 61 78 83 90 
0 1 8 15 27 30 42 45 46 55 58 62 83 90 
0 1 8 15 27 35 41 46 55 58 62 75 82 89 
0 1 8 15 27 35 42 46 55 58 62 75 82 90 
0 1 8 15 27 42 45 46 55 58 62 75 83 90 
0 1 9 14 27 35 42 46 56 58 61 75 82 90 
0 1 9 14 27 42 45 46 56 58 61 75 83 90 
0 1 9 14 29 35 37 42 46 56 58 61 77 90 
0 1 9 14 29 35 42 46 56 58 61 77 82 90 
0 2 7 14 30 37 42 46 49 54 61 78 85 90 
0 3 11 15 27 34 35 39 46 50 57 62 72 75 82 87 
0 6 14 30 34 38 46 53 61 72 78 86 
