0 1 5 12 16 22 28 32 37 44 53 59 75 86 91 
0 1 5 12 16 22 28 33 44 53 59 75 82 86 91 
0 1 5 12 16 22 28 33 44 53 59 75 82 87 91 
0 1 5 12 17 22 28 33 37 44 53 59 75 86 91 
0 1 5 12 17 22 28 33 44 53 59 75 82 86 91 
0 1 5 12 17 22 28 33 44 53 59 75 82 87 91 
0 1 5 12 17 22 32 37 44 53 59 74 79 86 91 
0 1 5 12 17 22 32 37 44 53 59 75 79 86 91 
0 1 5 12 17 28 32 37 44 53 59 65 75 86 91 
0 1 5 16 22 28 32 37 44 53 57 62 75 86 91 
0 1 5 16 22 28 33 44 53 57 62 75 82 86 91 
0 1 5 16 22 28 33 44 53 57 62 75 82 87 91 
0 1 5 16 22 28 33 44 53 59 62 75 82 86 91 
0 1 5 16 22 28 33 44 53 59 62 75 82 87 91 
0 1 6 21 28 32 37 64 69 70 86 91 95 
0 4 9 16 22 24 28 33 40 50 57 62 72 75 82 87 
