0 1 5 9 13 17 22 24 26 30 35 38 56 61 65 74 
0 1 5 9 13 17 22 26 30 35 38 56 60 65 74 78 
0 1 5 9 13 17 26 30 35 38 54 59 76 80 
0 1 5 9 13 17 26 30 35 39 44 46 75 80 
0 1 5 9 13 17 26 30 35 46 52 56 60 65 74 78 
0 1 5 9 13 18 24 26 30 40 45 47 76 80 
0 1 5 9 13 18 26 30 35 39 44 46 75 80 
0 1 5 9 13 18 26 30 37 42 53 58 60 65 73 78 
0 1 5 9 13 18 26 30 39 44 45 46 75 80 
0 1 5 9 13 18 26 30 39 44 45 47 75 80 
0 1 5 9 13 18 26 30 39 44 45 55 60 64 
0 1 5 9 13 18 26 30 39 44 45 55 60 65 
0 1 5 9 13 18 26 30 39 44 45 55 60 80 
0 1 5 9 13 18 26 30 39 44 45 55 75 80 
0 1 5 9 13 18 26 30 39 44 46 58 75 80 
0 1 5 9 13 18 26 30 40 44 45 47 60 64 
0 1 5 9 13 18 26 30 40 44 45 47 60 80 
0 1 5 9 13 18 26 30 40 44 45 47 75 80 
0 1 5 9 13 18 26 30 40 44 45 47 76 80 
0 1 5 9 13 18 26 30 40 45 47 59 76 80 
0 1 5 9 13 18 26 30 44 45 47 53 75 80 
0 1 5 9 13 18 26 30 44 47 53 58 75 80 
0 1 5 9 13 18 26 30 45 47 53 59 76 80 
0 1 5 9 13 18 26 30 46 52 56 58 60 65 74 78 
0 1 5 9 13 18 26 30 47 53 58 59 76 80 
0 1 5 9 13 24 26 30 35 48 50 54 76 80 
0 1 5 9 13 26 30 35 39 44 46 50 75 80 
0 1 5 9 13 26 30 35 39 44 50 55 75 80 
0 1 5 9 13 26 30 35 48 50 54 59 76 80 
0 1 5 9 14 18 24 26 30 40 45 47 76 80 
0 1 5 9 14 18 24 26 31 40 45 47 76 80 
0 1 5 9 14 18 24 26 40 45 47 76 80 93 
0 1 5 9 14 18 26 30 39 44 45 46 75 80 
0 1 5 9 14 18 26 30 39 44 45 47 75 80 
0 1 5 9 14 18 26 30 39 44 45 55 60 64 
0 1 5 9 14 18 26 30 39 44 45 55 60 80 
0 1 5 9 14 18 26 30 39 44 45 55 75 80 
0 1 5 9 14 18 26 30 40 44 45 47 60 80 
0 1 5 9 14 18 26 30 40 44 45 47 75 80 
0 1 5 9 14 18 26 30 40 44 45 47 76 80 
0 1 5 9 14 18 26 30 40 45 47 59 76 80 
0 1 5 9 14 18 26 30 44 45 47 53 75 80 
0 1 5 9 14 18 26 30 45 47 53 59 76 80 
0 1 5 9 14 18 26 31 39 44 45 46 75 80 
0 1 5 9 14 18 26 31 39 44 45 47 75 80 
0 1 5 9 14 18 26 31 39 44 45 55 60 80 
0 1 5 9 14 18 26 31 40 44 45 47 60 64 
0 1 5 9 14 18 26 31 40 44 45 47 60 65 
0 1 5 9 14 18 26 31 40 44 45 47 60 80 
0 1 5 9 14 18 26 31 40 44 45 47 75 80 
0 1 5 9 14 18 26 31 40 44 45 47 76 80 
0 1 5 9 14 18 26 31 40 45 47 59 76 80 
0 1 5 9 14 18 26 31 44 45 47 53 75 80 
0 1 5 9 14 18 26 31 45 47 53 59 76 80 
0 1 5 9 14 18 26 37 42 53 58 60 65 73 78 93 
0 1 5 9 14 18 26 39 44 45 46 75 80 93 
0 1 5 9 14 18 26 39 44 45 47 75 80 93 
0 1 5 9 14 18 26 39 44 45 55 60 64 93 
0 1 5 9 14 18 26 39 44 45 55 60 65 93 
0 1 5 9 14 18 26 39 44 45 55 60 80 93 
0 1 5 9 14 18 26 39 44 45 55 75 80 93 
0 1 5 9 14 18 26 39 44 46 58 75 80 93 
0 1 5 9 14 18 26 40 44 45 47 60 64 93 
0 1 5 9 14 18 26 40 44 45 47 60 65 93 
0 1 5 9 14 18 26 40 44 45 47 60 80 93 
0 1 5 9 14 18 26 40 44 45 47 75 80 93 
0 1 5 9 14 18 26 40 44 45 47 76 80 93 
0 1 5 9 14 18 26 40 45 47 59 76 80 93 
0 1 5 9 14 18 26 44 45 47 53 75 80 93 
0 1 5 9 14 18 26 44 47 49 53 75 80 93 
0 1 5 9 14 18 26 44 47 53 58 75 80 93 
0 1 5 9 14 18 26 45 47 53 59 76 80 93 
0 1 5 9 14 18 26 47 49 53 59 76 80 93 
0 1 5 9 14 18 26 47 53 58 59 76 80 93 
0 1 5 9 14 19 24 26 31 36 48 54 76 80 
0 1 5 9 14 19 24 26 31 40 45 47 76 80 
0 1 5 9 14 19 24 26 31 40 47 49 76 80 
0 1 5 9 14 19 24 26 31 48 49 54 76 80 
0 1 5 9 14 19 24 26 40 47 49 76 80 93 
0 1 5 9 14 19 24 26 48 49 54 76 80 93 
0 1 5 9 14 19 26 31 36 40 44 47 60 64 
0 1 5 9 14 19 26 31 36 40 44 47 60 65 
0 1 5 9 14 19 26 31 36 40 44 47 60 80 
0 1 5 9 14 19 26 31 36 40 47 59 76 80 
0 1 5 9 14 19 26 31 36 48 54 59 76 80 
0 1 5 9 14 19 26 31 38 49 54 59 76 80 
0 1 5 9 14 19 26 31 40 44 45 47 60 64 
0 1 5 9 14 19 26 31 40 44 45 47 60 65 
0 1 5 9 14 19 26 31 40 44 45 47 60 80 
0 1 5 9 14 19 26 31 40 44 45 47 75 80 
0 1 5 9 14 19 26 31 40 44 45 47 76 80 
0 1 5 9 14 19 26 31 40 44 47 49 60 64 
0 1 5 9 14 19 26 31 40 44 47 49 60 65 
0 1 5 9 14 19 26 31 40 44 47 49 60 80 
0 1 5 9 14 19 26 31 40 44 47 49 75 80 
0 1 5 9 14 19 26 31 40 44 47 49 76 80 
0 1 5 9 14 19 26 31 40 45 47 59 76 80 
0 1 5 9 14 19 26 31 40 47 49 59 76 80 
0 1 5 9 14 19 26 31 44 47 49 53 75 80 
0 1 5 9 14 19 26 31 47 49 53 59 76 80 
0 1 5 9 14 19 26 31 47 49 54 59 76 80 
0 1 5 9 14 19 26 31 48 49 54 59 76 80 
0 1 5 9 14 19 26 38 49 54 59 76 80 93 
0 1 5 9 14 19 26 40 44 47 49 60 64 93 
0 1 5 9 14 19 26 40 44 47 49 60 65 93 
0 1 5 9 14 19 26 40 44 47 49 60 80 93 
0 1 5 9 14 19 26 40 44 47 49 75 80 93 
0 1 5 9 14 19 26 40 44 47 49 76 80 93 
0 1 5 9 14 19 26 40 47 49 59 76 80 93 
0 1 5 9 14 19 26 47 49 53 59 76 80 93 
0 1 5 9 14 19 26 47 49 54 59 76 80 93 
0 1 5 9 14 22 26 33 38 42 49 60 65 73 78 93 
0 1 5 9 14 26 31 40 44 45 47 51 60 64 
0 1 5 9 14 26 31 40 44 45 47 51 60 65 
0 1 5 9 14 26 31 40 44 45 47 51 60 80 
0 1 5 9 14 26 31 40 44 45 47 51 75 80 
0 1 5 9 14 26 31 40 44 45 47 51 76 80 
0 1 5 9 14 26 31 40 44 45 51 55 60 64 
0 1 5 9 14 26 31 40 44 45 51 55 60 80 
0 1 5 9 14 26 31 40 44 45 51 56 60 64 
0 1 5 9 14 26 31 40 44 45 51 56 60 80 
0 1 5 9 14 26 31 40 45 47 51 59 76 80 
0 1 5 9 14 26 31 44 45 51 55 60 64 73 
0 1 5 9 14 26 31 44 45 51 55 60 73 80 
0 1 5 9 14 26 33 38 49 54 59 76 80 93 
0 1 5 9 14 26 33 44 47 49 53 75 80 93 
0 1 5 9 14 26 33 47 49 53 59 76 80 93 
0 1 5 9 18 26 30 39 44 45 46 71 75 80 
0 1 5 9 18 26 30 39 44 45 47 71 75 80 
0 1 5 9 18 26 30 39 44 45 55 60 71 80 
0 1 5 9 18 26 30 39 44 45 55 71 75 80 
0 1 5 9 18 26 30 40 44 45 47 71 75 80 
0 1 5 9 18 26 30 40 44 45 47 71 76 80 
0 1 5 9 18 26 30 40 45 47 59 71 76 80 
0 1 5 9 18 26 30 44 45 47 53 71 75 80 
0 1 5 9 18 26 30 45 47 53 59 71 76 80 
0 1 5 9 20 24 26 30 48 50 54 71 76 80 
0 1 5 9 20 26 30 39 44 50 55 71 75 80 
0 1 5 9 26 30 39 44 45 50 55 71 75 80 
0 1 5 9 26 30 39 44 45 51 55 71 75 80 
0 1 5 11 14 19 26 31 36 40 47 59 76 80 
0 1 5 11 14 19 26 31 38 49 54 59 76 80 
0 1 5 11 14 19 26 31 40 44 45 47 60 64 
0 1 5 11 14 19 26 31 40 44 45 47 60 80 
0 1 5 11 14 19 26 31 40 44 47 49 60 64 
0 1 5 11 14 19 26 31 40 44 47 49 60 80 
0 1 5 11 14 19 26 31 40 44 47 49 76 80 
0 1 5 11 14 19 26 31 40 47 49 59 76 80 
0 1 5 11 14 19 26 31 47 49 53 59 76 80 
0 1 5 11 14 19 26 31 47 49 54 59 76 80 
0 1 5 11 14 19 27 31 36 40 47 59 76 80 
0 1 5 11 14 19 27 31 38 49 54 59 76 80 
0 1 5 11 14 19 27 31 40 44 47 49 60 80 
0 1 5 11 14 19 27 31 40 44 47 49 76 80 
0 1 5 11 14 19 27 31 40 47 49 59 76 80 
0 1 5 11 14 19 27 31 47 49 53 59 76 80 
0 1 5 11 14 19 31 36 40 56 60 65 78 89 
0 1 5 11 14 19 31 38 49 54 59 76 80 89 
0 1 5 11 14 19 31 40 44 45 47 60 80 89 
0 1 5 11 14 19 31 40 44 47 49 60 80 89 
0 1 5 11 14 19 38 49 54 59 72 76 80 89 
0 1 5 11 14 19 38 49 54 59 76 80 89 93 
0 1 5 11 14 22 33 38 42 49 60 65 73 78 89 93 
0 1 5 11 14 22 33 38 49 56 60 65 74 78 89 93 
0 1 5 11 14 26 31 40 45 47 51 59 76 80 
0 1 5 11 14 31 40 45 47 51 59 76 80 89 
0 1 5 11 14 31 45 51 55 60 65 73 78 89 
0 1 5 11 15 20 27 32 37 42 60 65 73 78 
0 1 5 11 15 20 27 32 37 44 55 60 64 73 
0 1 5 11 15 20 27 32 37 44 55 60 65 73 
0 1 5 11 15 20 27 32 37 44 55 60 73 80 
0 1 5 11 15 20 27 32 37 55 60 65 73 78 
0 1 5 11 15 20 27 32 39 44 50 55 60 64 
0 1 5 11 15 20 27 32 39 44 50 55 60 65 
0 1 5 11 15 20 27 32 39 44 50 55 60 80 
0 1 5 11 15 20 27 32 39 44 50 55 75 80 
0 1 5 11 15 20 27 32 44 50 55 60 64 73 
0 1 5 11 15 20 27 32 44 50 55 60 65 73 
0 1 5 11 15 20 27 32 44 50 55 60 73 80 
0 1 5 11 15 20 27 32 50 55 60 65 73 78 
0 1 5 11 15 20 27 39 44 50 55 60 64 72 
0 1 5 11 15 20 27 39 44 50 55 60 72 80 
0 1 5 11 15 20 27 39 44 50 55 72 75 80 
0 1 5 11 15 20 27 44 50 55 60 64 72 73 
0 1 5 11 15 20 27 44 50 55 60 65 72 73 
0 1 5 11 15 20 27 44 50 55 60 72 73 80 
0 1 5 11 15 20 27 50 55 60 65 72 73 78 
0 1 5 11 15 20 39 44 50 55 60 72 80 89 
0 1 5 11 15 20 39 44 50 55 72 75 80 89 
0 1 5 11 15 20 44 50 55 60 64 72 73 89 
0 1 5 11 15 20 44 50 55 60 72 73 80 89 
0 1 5 11 15 20 50 55 60 65 72 73 78 89 
0 1 5 11 17 29 35 38 54 59 72 76 80 89 
0 3 11 15 27 34 35 39 46 50 57 62 72 75 82 87 
