0 1 5 11 14 19 26 31 40 44 45 47 51 60 80 89 
0 1 5 11 14 19 26 31 40 44 47 51 59 80 85 89 
0 1 5 11 14 19 31 40 44 45 47 49 60 76 80 89 
0 1 5 11 14 19 31 40 44 47 49 59 76 80 85 89 
0 1 5 11 14 31 40 44 45 47 49 60 64 76 80 91 
0 1 5 11 16 26 31 44 45 47 51 60 64 80 86 91 
0 1 5 11 18 26 31 36 44 47 51 56 61 88 
0 1 5 11 18 26 31 36 44 47 51 61 80 88 
0 1 5 11 18 31 36 44 47 49 56 61 76 88 
0 1 5 11 18 31 36 44 47 49 61 76 80 88 
0 1 5 11 19 26 31 38 44 47 51 59 63 80 85 89 
0 1 5 12 18 26 31 37 44 47 51 55 62 82 88 
0 1 5 12 18 26 31 37 44 47 51 55 62 82 89 
0 1 5 12 18 26 31 37 44 47 51 56 62 82 88 
0 1 5 12 18 26 31 37 44 47 51 56 62 82 89 
0 1 5 12 18 26 31 38 44 47 51 55 62 82 89 
0 1 5 12 18 26 31 38 44 47 51 56 62 82 89 
0 1 5 12 18 26 31 38 44 47 51 56 62 83 89 
0 1 5 12 18 31 37 44 47 49 56 62 76 82 88 
0 1 5 12 18 31 37 44 47 49 56 62 76 82 89 
0 1 5 12 19 26 31 37 44 47 51 55 62 82 89 
0 1 5 12 19 26 31 37 44 47 51 56 62 82 89 
0 1 5 12 19 26 31 38 44 47 51 55 62 82 89 
0 1 5 12 19 26 31 38 44 47 51 55 63 82 89 
0 1 5 12 19 26 31 38 44 47 51 56 62 82 89 
0 1 5 12 19 26 31 38 44 47 51 56 62 83 89 
0 1 5 12 19 26 31 38 44 47 51 56 63 82 89 
0 1 5 12 19 26 31 38 44 47 51 56 63 83 89 
0 1 5 12 19 31 37 44 47 49 55 62 76 82 89 
0 1 5 12 19 31 38 44 47 49 55 63 76 82 89 
0 1 5 13 18 26 31 39 44 47 51 56 64 83 
0 1 5 13 18 26 31 39 44 47 51 56 83 88 
0 1 5 13 18 26 31 44 47 51 56 61 83 88 
0 1 5 13 18 31 39 44 47 49 56 76 83 88 
0 1 5 13 18 31 44 47 49 56 61 76 83 88 
0 1 5 13 19 26 31 38 44 47 51 56 63 83 89 
0 1 5 13 26 31 39 44 47 51 56 64 83 91 
0 1 5 18 26 31 36 44 47 51 56 61 83 88 
0 1 6 11 18 31 36 44 47 49 56 61 76 88 
0 1 6 11 18 36 44 47 49 54 61 76 81 88 
0 1 6 12 18 27 31 38 44 47 56 62 76 83 89 
0 1 6 12 18 27 32 38 44 47 56 62 76 83 89 
0 1 6 12 18 27 32 38 44 48 56 62 76 83 89 
0 1 6 12 18 31 37 44 47 49 56 62 76 82 89 
0 1 6 12 18 31 38 44 47 49 56 62 76 82 89 
0 1 6 12 18 32 38 44 47 49 56 62 76 83 89 
0 1 6 12 19 27 32 38 44 47 56 62 76 83 89 
0 1 6 13 18 27 31 39 44 47 56 64 76 83 
0 1 6 13 18 27 31 39 44 47 56 76 83 88 
0 1 6 13 18 27 31 44 47 56 61 76 83 88 
0 1 6 13 18 27 32 39 44 47 52 56 64 83 
0 1 6 13 18 27 32 39 44 47 52 56 83 88 
0 1 6 13 18 27 32 39 44 47 52 57 64 83 
0 1 6 13 18 27 32 39 44 47 52 57 64 84 
0 1 6 13 18 27 32 39 44 47 56 64 76 83 
0 1 6 13 18 27 32 39 44 48 57 76 84 88 
0 1 6 13 18 27 32 44 48 52 56 61 83 88 
0 1 6 13 18 27 32 44 48 57 61 76 83 88 
0 1 6 13 18 27 35 39 44 47 54 69 76 81 88 
0 1 6 14 18 27 32 44 47 52 57 62 84 89 
0 1 6 14 18 27 32 44 47 57 62 76 84 89 
0 1 6 14 18 27 32 44 48 52 57 62 84 89 
0 1 6 14 18 27 32 44 48 57 62 76 84 89 
0 1 6 14 19 24 27 32 40 48 52 57 84 89 
0 1 6 14 19 24 27 32 48 52 57 62 84 89 
0 1 6 14 19 27 32 44 48 52 57 62 84 89 
0 1 6 18 21 27 32 37 44 47 52 57 62 88 
0 1 6 18 21 27 32 37 44 47 52 57 62 89 
0 1 6 18 21 27 32 37 44 47 52 62 81 88 
0 1 6 18 21 27 32 37 44 47 52 62 81 89 
0 1 6 18 21 27 32 37 44 47 57 62 76 88 
0 1 6 18 21 27 32 37 44 47 62 76 81 89 
0 1 6 18 21 27 32 37 44 48 52 62 81 89 
0 1 6 18 21 27 32 37 44 48 57 62 76 89 
0 1 6 18 21 27 32 37 44 48 62 76 81 89 
0 1 6 18 21 27 37 44 47 54 62 76 81 89 
0 1 6 18 21 32 37 44 47 49 57 61 76 88 
0 1 6 18 21 37 44 47 49 54 62 76 81 89 
0 1 6 19 21 24 27 32 37 48 52 62 81 89 
0 1 6 19 21 27 32 37 44 47 52 62 81 89 
0 1 7 13 19 24 27 33 39 48 51 57 63 78 84 90 
0 1 8 13 18 26 35 44 47 51 61 78 83 88 
0 2 11 18 28 36 44 48 53 61 80 88 
