0 1 4 12 15 26 33 41 55 66 77 85 93 
0 1 4 12 15 26 33 41 55 66 78 85 93 
0 1 4 12 15 26 35 41 55 66 78 85 93 
0 1 4 12 15 26 35 41 55 66 78 86 93 
0 1 4 12 15 26 35 42 55 66 78 86 93 
0 1 4 12 19 26 33 41 55 62 77 85 93 
0 1 4 12 19 26 35 41 55 62 78 85 93 
0 1 4 12 19 26 35 41 55 62 78 86 93 
0 1 4 12 19 26 35 42 55 62 78 86 93 
0 1 4 15 18 25 33 41 55 59 77 85 93 
0 1 4 15 18 26 33 41 55 59 78 85 93 
0 1 4 18 21 26 33 41 55 62 78 85 93 
0 1 4 18 21 26 35 41 55 62 78 85 93 
0 1 4 18 21 26 35 41 55 62 78 86 93 
0 1 4 18 21 26 35 42 55 62 78 86 93 
0 1 4 19 21 26 33 41 55 62 78 85 93 
0 1 4 19 21 26 35 41 55 62 78 85 93 
0 1 4 19 21 26 35 41 55 62 78 86 93 
0 1 4 19 21 26 35 42 55 62 78 86 93 
0 1 8 18 21 26 33 41 51 62 78 85 93 
0 1 8 19 21 26 33 41 51 62 78 85 93 
0 1 8 19 21 26 35 41 51 62 78 85 93 
0 2 11 18 26 35 42 53 61 72 78 86 
0 3 10 11 18 25 32 40 54 61 77 84 92 
0 3 10 11 18 25 33 40 54 61 77 84 92 
0 3 10 11 18 26 33 40 54 61 77 84 92 
0 3 10 18 21 25 33 40 54 61 77 84 92 
0 3 10 18 21 25 33 40 54 61 77 85 92 
0 3 10 18 21 25 33 40 54 62 77 85 92 
