0 1 6 10 14 18 22 28 30 34 38 42 46 50 55 70 74 78 
0 1 6 10 14 18 22 28 30 34 38 42 46 50 55 74 78 88 
0 1 6 10 14 18 22 28 30 34 38 42 46 50 55 78 88 92 
0 1 6 10 14 18 22 28 30 34 38 42 46 50 66 70 74 78 
0 1 6 10 14 18 22 28 30 34 38 42 47 56 69 74 78 90 
0 1 6 10 14 18 22 28 30 34 38 42 49 56 64 69 73 78 
0 1 6 10 14 18 22 28 30 34 38 42 49 56 64 69 74 78 
0 1 6 10 14 18 22 28 30 34 38 42 49 56 64 69 78 92 
0 1 6 10 14 18 22 28 30 34 38 42 56 64 69 74 78 90 
0 1 6 10 14 18 22 30 34 38 42 46 51 55 73 78 89 94 
0 1 6 10 14 18 22 30 34 38 42 46 51 56 73 78 89 94 
0 1 6 10 14 18 22 30 34 38 42 46 51 66 73 78 89 94 
0 1 6 10 14 18 22 30 34 38 42 46 53 55 68 73 78 89 
0 1 6 10 14 18 22 30 34 38 42 46 55 68 73 78 89 94 
0 1 6 10 14 18 22 30 34 38 42 47 56 69 73 78 90 94 
0 1 6 10 14 18 22 30 34 38 42 49 53 56 64 69 73 78 
0 1 6 10 14 18 22 30 34 38 42 49 56 64 69 73 78 94 
0 1 6 10 14 18 22 30 34 38 42 51 56 64 73 78 89 94 
0 1 6 10 14 18 22 30 34 38 42 53 56 64 68 73 78 89 
0 1 6 10 14 18 22 30 34 38 42 56 64 68 73 78 89 94 
0 1 6 10 14 18 22 30 34 38 42 56 64 69 73 78 89 94 
0 1 6 10 14 18 22 30 34 38 42 56 64 69 73 78 90 94 
0 1 6 10 14 18 23 28 30 34 38 42 47 56 69 74 78 90 
0 1 6 10 14 18 23 28 30 34 38 43 47 56 69 74 78 90 
0 1 6 10 14 18 23 28 30 34 38 43 50 57 65 70 74 78 
0 1 6 10 14 18 23 28 30 34 38 43 57 65 69 74 78 90 
0 1 6 10 14 18 23 28 30 34 38 45 49 60 65 69 73 78 
0 1 6 10 14 18 23 28 30 34 38 45 49 60 65 69 74 78 
0 1 6 10 14 18 23 28 30 34 38 45 49 60 65 69 78 92 
0 1 6 10 14 18 23 28 30 34 38 45 50 60 65 69 74 78 
0 1 6 10 14 18 23 28 30 34 38 45 50 60 65 70 74 78 
0 1 6 10 14 18 23 28 30 34 38 45 50 60 65 74 78 88 
0 1 6 10 14 18 23 28 30 34 38 45 50 60 65 78 88 92 
0 1 6 10 14 18 23 28 30 34 38 45 60 65 69 74 78 90 
0 1 6 10 14 18 23 28 30 34 38 47 56 60 69 74 78 90 
0 1 6 10 14 18 23 28 30 34 38 49 56 60 64 69 73 78 
0 1 6 10 14 18 23 28 30 34 38 49 56 60 64 69 74 78 
0 1 6 10 14 18 23 28 30 34 38 49 56 60 64 69 78 92 
0 1 6 10 14 18 23 28 30 34 38 50 57 60 65 70 74 78 
0 1 6 10 14 18 23 28 30 34 38 56 60 64 69 74 78 90 
0 1 6 10 14 18 23 28 30 34 38 56 60 65 69 74 78 90 
0 1 6 10 14 18 23 28 30 34 38 57 60 65 69 74 78 90 
0 1 6 10 14 18 23 30 34 38 42 47 51 56 73 78 89 94 
0 1 6 10 14 18 23 30 34 38 42 47 56 69 73 78 90 94 
0 1 6 10 14 18 23 30 34 38 43 57 65 69 73 78 90 94 
0 1 6 10 14 18 23 30 34 38 45 49 53 60 65 69 73 78 
0 1 6 10 14 18 23 30 34 38 45 49 60 65 69 73 78 94 
0 1 6 10 14 18 23 30 34 38 45 60 65 69 73 78 90 94 
0 1 6 10 14 18 23 30 34 38 47 51 56 60 73 78 89 94 
0 1 6 10 14 18 23 30 34 38 47 56 60 69 73 78 90 94 
0 1 6 10 14 18 23 30 34 38 49 53 56 60 64 69 73 78 
0 1 6 10 14 18 23 30 34 38 49 56 60 64 69 73 78 94 
0 1 6 10 14 18 23 30 34 38 51 56 60 64 73 78 89 94 
0 1 6 10 14 18 23 30 34 38 53 56 60 64 68 73 78 89 
0 1 6 10 14 18 23 30 34 38 56 60 64 68 73 78 89 94 
0 1 6 10 14 18 23 30 34 38 56 60 64 69 73 78 89 94 
0 1 6 10 14 18 23 30 34 38 56 60 64 69 73 78 90 94 
0 1 6 10 14 18 23 30 34 38 56 60 65 69 73 78 90 94 
0 1 6 10 14 18 23 30 34 38 57 60 65 69 73 78 90 94 
0 1 6 10 14 18 28 30 34 38 42 47 56 62 69 74 78 90 
0 1 6 10 14 18 30 34 38 42 46 51 62 66 73 78 89 94 
0 1 6 10 14 18 30 34 38 42 47 51 56 62 73 78 89 94 
0 1 6 10 14 18 30 34 38 42 47 56 62 69 73 78 90 94 
0 1 6 10 14 19 23 28 30 34 38 43 47 56 69 74 78 90 
0 1 6 10 14 19 23 28 30 34 38 43 50 57 65 70 74 78 
0 1 6 10 14 19 23 28 30 34 38 43 57 65 69 74 78 90 
0 1 6 10 14 19 23 28 30 34 39 43 47 56 69 74 78 90 
0 1 6 10 14 19 23 28 30 34 39 43 57 65 69 74 78 90 
0 1 6 10 14 19 23 28 30 34 43 47 56 69 74 78 85 90 
0 1 6 10 14 19 23 28 30 34 43 50 57 65 70 74 78 85 
0 1 6 10 14 19 23 28 30 34 43 57 65 69 74 78 85 90 
0 1 6 10 14 19 23 28 30 34 45 49 60 65 69 73 78 85 
0 1 6 10 14 19 23 28 30 34 45 49 60 65 69 74 78 85 
0 1 6 10 14 19 23 28 30 34 45 49 60 65 69 78 85 92 
0 1 6 10 14 19 23 28 30 34 45 50 60 65 69 74 78 85 
0 1 6 10 14 19 23 28 30 34 45 50 60 65 70 74 78 85 
0 1 6 10 14 19 23 28 30 34 45 50 60 65 74 78 85 88 
0 1 6 10 14 19 23 28 30 34 45 50 60 65 78 85 88 92 
0 1 6 10 14 19 23 28 30 34 45 60 65 69 74 78 85 90 
0 1 6 10 14 19 23 28 30 34 47 56 60 69 74 78 85 90 
0 1 6 10 14 19 23 28 30 34 49 56 60 64 69 73 78 85 
0 1 6 10 14 19 23 28 30 34 49 56 60 64 69 74 78 85 
0 1 6 10 14 19 23 28 30 34 49 56 60 64 69 78 85 92 
0 1 6 10 14 19 23 28 30 34 50 57 60 65 70 74 78 85 
0 1 6 10 14 19 23 28 30 34 50 57 61 65 70 74 78 85 
0 1 6 10 14 19 23 28 30 34 56 60 64 69 74 78 85 90 
0 1 6 10 14 19 23 28 30 34 56 60 65 69 74 78 85 90 
0 1 6 10 14 19 23 28 30 34 57 60 65 69 74 78 85 90 
0 1 6 10 14 19 23 28 30 34 57 61 65 69 74 78 85 90 
0 1 6 10 14 19 23 30 34 38 43 47 51 56 73 78 89 94 
0 1 6 10 14 19 23 30 34 38 43 47 56 69 73 78 90 94 
0 1 6 10 14 19 23 30 34 38 43 57 65 69 73 78 90 94 
0 1 6 10 14 19 23 30 34 39 43 57 65 69 73 78 90 94 
0 1 6 10 14 19 23 30 34 43 47 51 56 73 78 85 89 94 
0 1 6 10 14 19 23 30 34 43 47 56 69 73 78 85 90 94 
0 1 6 10 14 19 23 30 34 43 57 65 69 73 78 85 90 94 
0 1 6 10 14 19 23 30 34 45 49 53 60 65 69 73 78 85 
0 1 6 10 14 19 23 30 34 45 49 60 65 69 73 78 85 94 
0 1 6 10 14 19 23 30 34 45 60 65 69 73 78 85 90 94 
0 1 6 10 14 19 23 30 34 47 51 56 60 73 78 85 89 94 
0 1 6 10 14 19 23 30 34 47 56 60 69 73 78 85 90 94 
0 1 6 10 14 19 23 30 34 49 53 56 60 64 69 73 78 85 
0 1 6 10 14 19 23 30 34 49 56 60 64 69 73 78 85 94 
0 1 6 10 14 19 23 30 34 51 56 60 64 73 78 85 89 94 
0 1 6 10 14 19 23 30 34 53 56 60 64 68 73 78 85 89 
0 1 6 10 14 19 23 30 34 56 60 64 69 73 78 85 89 94 
0 1 6 10 14 19 23 30 34 56 60 65 69 73 78 85 90 94 
0 1 6 10 14 19 23 30 34 57 60 65 69 73 78 85 90 94 
0 1 6 10 14 19 23 30 34 57 61 65 69 73 78 85 90 94 
0 1 6 10 14 19 24 28 30 34 39 44 49 78 87 92 
0 1 6 10 14 19 24 30 34 39 44 48 53 68 73 78 
0 1 6 10 14 19 24 30 34 39 46 51 61 66 73 78 89 94 
0 1 6 10 14 19 24 30 34 39 57 61 65 69 73 78 90 94 
0 1 6 10 14 19 24 30 34 46 51 61 66 73 78 85 89 94 
0 1 6 10 14 19 28 30 34 39 43 63 67 78 88 92 
0 1 6 10 14 19 28 30 34 41 45 49 61 65 69 73 78 85 
0 1 6 10 14 19 28 30 34 41 45 49 61 65 69 74 78 85 
0 1 6 10 14 19 28 30 34 41 45 49 61 65 69 78 85 92 
0 1 6 10 14 19 28 30 34 41 45 50 61 65 69 74 78 85 
0 1 6 10 14 19 28 30 34 41 45 50 61 65 74 78 85 88 
0 1 6 10 14 19 28 30 34 41 45 50 61 65 78 85 88 92 
0 1 6 10 14 19 28 30 34 41 45 61 65 69 74 78 85 90 
0 1 6 10 14 19 28 30 34 41 46 50 55 61 70 74 78 85 
0 1 6 10 14 19 28 30 34 41 46 50 55 61 74 78 85 88 
0 1 6 10 14 19 28 30 34 41 46 50 55 61 78 85 88 92 
0 1 6 10 14 19 28 30 34 41 57 61 65 69 74 78 85 90 
0 1 6 10 14 19 30 34 41 45 49 61 65 69 73 78 85 94 
0 1 6 10 14 19 30 34 41 45 61 65 69 73 78 85 90 94 
0 1 6 10 14 19 30 34 41 46 51 55 61 73 78 85 89 94 
0 1 6 10 14 19 30 34 41 46 51 61 66 73 78 85 89 94 
0 1 6 10 14 19 30 34 41 46 53 55 61 68 73 78 85 89 
0 1 6 10 14 19 30 34 41 46 55 61 68 73 78 85 89 94 
0 1 6 10 14 19 30 34 41 57 61 65 69 73 78 85 90 94 
0 1 6 10 14 23 28 30 34 38 43 47 56 58 69 74 78 90 
0 1 6 10 14 23 28 30 34 38 43 57 58 65 69 74 78 90 
0 1 6 10 14 23 30 34 38 43 47 51 56 58 73 78 89 94 
0 1 6 10 14 23 30 34 38 43 47 56 58 69 73 78 90 94 
0 1 6 10 14 23 30 34 38 43 57 58 65 69 73 78 90 94 
0 1 6 10 14 28 30 34 38 42 47 56 58 62 69 74 78 90 
0 1 6 10 14 28 30 34 38 43 58 63 67 78 88 92 
0 1 6 10 14 28 30 34 38 49 54 58 62 78 87 92 
0 1 6 10 14 28 30 34 38 54 58 62 67 78 88 92 
0 1 6 10 14 30 34 38 42 46 51 58 62 66 73 78 89 94 
0 1 6 10 14 30 34 38 42 47 51 56 58 62 73 78 89 94 
0 1 6 10 14 30 34 38 42 47 56 58 62 69 73 78 90 94 
0 1 6 10 14 30 34 38 43 48 53 58 63 68 73 78 
0 1 6 10 14 30 34 38 49 53 54 58 62 73 78 87 
0 1 6 10 15 19 23 28 30 34 39 43 47 56 69 74 78 90 
0 1 6 10 15 19 23 28 30 34 39 43 57 65 69 74 78 90 
0 1 6 10 15 19 23 28 30 39 43 47 56 69 74 78 90 110 
0 1 6 10 15 19 23 28 30 39 43 57 65 69 74 78 90 110 
0 1 6 10 15 19 23 28 30 43 47 56 69 74 78 85 90 110 
0 1 6 10 15 19 23 28 30 43 57 65 69 74 78 85 90 110 
0 1 6 10 15 19 23 28 30 45 49 60 65 69 73 78 85 110 
0 1 6 10 15 19 23 28 30 45 49 60 65 69 74 78 85 110 
0 1 6 10 15 19 23 28 30 45 49 60 65 69 78 85 92 110 
0 1 6 10 15 19 23 28 30 45 50 60 65 69 74 78 85 110 
0 1 6 10 15 19 23 28 30 45 50 60 65 74 78 85 88 110 
0 1 6 10 15 19 23 28 30 45 50 60 65 78 85 88 92 110 
0 1 6 10 15 19 23 28 30 45 60 65 69 74 78 85 90 110 
0 1 6 10 15 19 23 28 30 47 56 60 69 74 78 85 90 110 
0 1 6 10 15 19 23 28 30 49 56 60 64 69 73 78 85 110 
0 1 6 10 15 19 23 28 30 49 56 60 64 69 74 78 85 110 
0 1 6 10 15 19 23 28 30 49 56 60 64 69 78 85 92 110 
0 1 6 10 15 19 23 28 30 56 60 65 69 74 78 85 90 110 
0 1 6 10 15 19 23 28 30 57 61 65 69 74 78 85 90 110 
0 1 6 10 15 19 23 30 34 39 43 47 51 56 73 78 89 94 
0 1 6 10 15 19 23 30 34 39 43 47 56 69 73 78 90 94 
0 1 6 10 15 19 23 30 34 39 43 57 65 69 73 78 90 94 
0 1 6 10 15 19 23 30 39 43 47 51 56 73 78 89 94 110 
0 1 6 10 15 19 23 30 39 43 47 56 69 73 78 90 94 110 
0 1 6 10 15 19 23 30 39 43 57 65 69 73 78 90 94 110 
0 1 6 10 15 19 23 30 43 47 51 56 73 78 85 89 94 110 
0 1 6 10 15 19 23 30 43 47 56 69 73 78 85 90 94 110 
0 1 6 10 15 19 23 30 43 57 65 69 73 78 85 90 94 110 
0 1 6 10 15 19 23 30 45 49 60 65 69 73 78 85 94 110 
0 1 6 10 15 19 23 30 45 60 65 69 73 78 85 90 94 110 
0 1 6 10 15 19 23 30 47 51 56 60 73 78 85 89 94 110 
0 1 6 10 15 19 23 30 47 56 60 69 73 78 85 90 94 110 
0 1 6 10 15 19 23 30 49 53 56 60 64 69 73 78 85 110 
0 1 6 10 15 19 23 30 49 56 60 64 69 73 78 85 94 110 
0 1 6 10 15 19 23 30 51 56 60 64 73 78 85 89 94 110 
0 1 6 10 15 19 23 30 53 56 60 64 68 73 78 85 89 110 
0 1 6 10 15 19 23 30 56 60 64 69 73 78 85 89 94 110 
0 1 6 10 15 19 23 30 56 60 65 69 73 78 85 90 94 110 
0 1 6 10 15 19 23 30 57 61 65 69 73 78 85 90 94 110 
0 1 6 10 15 19 24 28 30 34 39 44 49 78 87 92 
0 1 6 10 15 19 24 28 30 35 39 44 49 78 87 92 
0 1 6 10 15 19 24 28 30 39 44 49 78 87 92 110 
0 1 6 10 15 19 24 30 34 39 44 48 53 68 73 78 
0 1 6 10 15 19 24 30 34 39 44 49 53 73 78 87 
0 1 6 10 15 19 24 30 34 39 46 51 61 66 73 78 89 94 
0 1 6 10 15 19 24 30 34 39 57 61 65 69 73 78 90 94 
0 1 6 10 15 19 24 30 35 39 44 49 53 73 78 87 
0 1 6 10 15 19 24 30 35 39 46 51 61 66 73 78 89 94 
0 1 6 10 15 19 24 30 39 44 48 53 68 73 78 110 
0 1 6 10 15 19 24 30 39 44 49 53 73 78 87 110 
0 1 6 10 15 19 24 30 39 46 51 61 66 73 78 89 94 110 
0 1 6 10 15 19 24 30 39 57 61 65 69 73 78 90 94 110 
0 1 6 10 15 19 24 30 46 51 61 66 73 78 83 89 94 110 
0 1 6 10 15 19 24 30 46 51 61 66 73 78 85 89 94 110 
0 1 6 10 15 19 24 30 57 61 65 69 73 78 83 90 94 110 
0 1 6 10 15 19 28 30 34 39 43 63 67 78 88 92 
0 1 6 10 15 19 28 30 35 39 43 63 67 78 88 92 
0 1 6 10 15 19 28 30 39 43 63 67 78 88 92 110 
0 1 6 10 15 19 28 30 41 45 49 61 65 69 73 78 85 110 
0 1 6 10 15 19 28 30 41 45 49 61 65 69 78 85 92 110 
0 1 6 10 15 19 28 30 41 45 50 61 65 74 78 85 88 110 
0 1 6 10 15 19 28 30 41 45 50 61 65 78 85 88 92 110 
0 1 6 10 15 19 28 30 41 46 50 55 61 74 78 85 88 110 
0 1 6 10 15 19 28 30 41 46 50 55 61 78 85 88 92 110 
0 1 6 10 15 19 30 34 39 43 48 53 63 68 73 78 
0 1 6 10 15 19 30 35 39 43 48 53 63 68 73 78 
0 1 6 10 15 19 30 39 43 48 53 63 68 73 78 110 
0 1 6 10 15 19 30 41 45 49 61 65 69 73 78 85 94 110 
0 1 6 10 15 19 30 41 45 61 65 69 73 78 85 90 94 110 
0 1 6 10 15 19 30 41 46 51 55 61 73 78 85 89 94 110 
0 1 6 10 15 19 30 41 46 51 61 66 73 78 85 89 94 110 
0 1 6 10 15 19 30 41 46 53 55 61 68 73 78 85 89 110 
0 1 6 10 15 19 30 41 46 55 61 68 73 78 85 89 94 110 
0 1 6 10 15 19 30 41 57 61 65 69 73 78 85 90 94 110 
0 1 6 10 15 20 24 28 30 35 39 44 49 78 87 92 
0 1 6 10 15 20 24 28 30 35 40 44 49 78 87 92 
0 1 6 10 15 20 24 28 30 35 44 49 78 83 87 92 
0 1 6 10 15 20 24 28 30 44 49 78 83 87 92 110 
0 1 6 10 15 20 24 30 35 39 44 48 53 68 73 78 
0 1 6 10 15 20 24 30 35 39 44 49 53 73 78 87 
0 1 6 10 15 20 24 30 35 40 44 48 53 68 73 78 
0 1 6 10 15 20 24 30 35 44 48 53 68 73 78 83 
0 1 6 10 15 20 24 30 35 44 49 53 73 78 83 87 
0 1 6 10 15 20 24 30 35 46 51 61 66 73 78 83 89 94 
0 1 6 10 15 20 24 30 35 57 61 65 69 73 78 83 90 94 
0 1 6 10 15 20 24 30 44 48 53 68 73 78 83 110 
0 1 6 10 15 20 24 30 44 49 53 73 78 83 87 110 
0 1 6 10 15 20 24 30 46 51 61 66 73 78 83 89 94 110 
0 1 6 10 15 20 28 30 35 40 44 49 54 78 87 92 
0 1 6 10 15 20 28 30 35 40 44 49 64 69 78 92 
0 1 6 10 15 20 28 30 35 40 44 49 64 78 87 92 
0 1 6 10 15 20 28 30 35 40 45 49 54 69 78 92 
0 1 6 10 15 20 28 30 35 40 45 49 54 78 87 92 
0 1 6 10 15 20 28 30 35 40 45 49 54 78 88 92 
0 1 6 10 15 20 28 30 35 40 45 50 54 78 88 92 
0 1 6 10 15 20 28 30 35 40 45 54 67 78 88 92 
0 1 6 10 15 20 28 30 35 40 49 54 62 78 87 92 
0 1 6 10 15 20 28 30 35 40 54 62 67 78 88 92 
0 1 6 10 15 20 28 30 35 49 54 62 78 83 87 92 
0 1 6 10 15 20 28 30 35 54 62 67 78 83 88 92 
0 1 6 10 15 20 28 30 42 47 56 62 69 74 78 83 90 110 
0 1 6 10 15 20 28 30 49 54 62 78 83 87 92 110 
0 1 6 10 15 20 28 30 54 62 67 78 83 88 92 110 
0 1 6 10 15 20 30 35 40 44 48 53 64 68 73 78 
0 1 6 10 15 20 30 35 40 44 49 53 54 73 78 87 
0 1 6 10 15 20 30 35 40 44 49 53 64 73 78 87 
0 1 6 10 15 20 30 35 40 44 53 64 68 73 78 89 
0 1 6 10 15 20 30 35 40 44 64 68 73 78 89 94 
0 1 6 10 15 20 30 35 42 46 51 62 66 73 78 83 89 94 
0 1 6 10 15 20 30 42 46 51 62 66 73 78 83 89 94 110 
0 1 6 10 15 20 30 42 47 51 56 62 73 78 83 89 94 110 
0 1 6 10 15 20 30 42 47 56 62 69 73 78 83 90 94 110 
0 1 6 10 15 20 30 49 53 54 62 73 78 83 87 110 
0 1 6 10 15 22 28 30 37 42 46 50 55 74 78 83 88 110 
0 1 6 10 15 22 28 30 37 42 46 50 55 78 83 88 92 110 
0 1 6 10 15 22 28 30 37 42 47 56 69 74 78 83 90 110 
0 1 6 10 15 22 28 30 37 42 49 56 64 69 73 78 83 110 
0 1 6 10 15 22 28 30 37 42 49 56 64 69 78 83 92 110 
0 1 6 10 15 22 30 37 42 46 51 55 73 78 83 89 94 110 
0 1 6 10 15 22 30 37 42 46 51 56 73 78 83 89 94 110 
0 1 6 10 15 22 30 37 42 46 51 66 73 78 83 89 94 110 
0 1 6 10 15 22 30 37 42 46 53 55 68 73 78 83 89 110 
0 1 6 10 15 22 30 37 42 46 55 68 73 78 83 89 94 110 
0 1 6 10 15 22 30 37 42 47 51 56 73 78 83 89 94 110 
0 1 6 10 15 22 30 37 42 47 56 69 73 78 83 90 94 110 
0 1 6 10 15 22 30 37 42 49 53 56 64 69 73 78 83 110 
0 1 6 10 15 22 30 37 42 49 56 64 69 73 78 83 94 110 
0 1 6 10 15 22 30 37 42 51 56 64 73 78 83 89 94 110 
0 1 6 10 15 22 30 37 42 53 56 64 68 73 78 83 89 110 
0 1 6 10 15 22 30 37 42 56 64 68 73 78 83 89 94 110 
0 1 6 10 15 22 30 37 42 56 64 69 73 78 83 89 94 110 
0 1 6 10 15 24 28 30 35 39 44 49 59 78 87 92 
0 1 6 10 15 24 30 37 46 51 61 66 73 78 83 89 94 110 
0 1 6 10 15 24 30 37 57 61 65 69 73 78 83 90 94 110 
0 1 6 10 15 28 30 35 39 43 59 63 67 78 88 92 
0 1 6 10 15 28 30 35 39 44 49 59 64 78 87 92 
0 1 6 10 15 28 30 35 39 55 59 63 67 78 88 92 
0 1 6 10 15 28 30 37 41 45 49 61 65 69 73 78 83 110 
0 1 6 10 15 28 30 37 41 45 49 61 65 69 78 83 92 110 
0 1 6 10 15 28 30 37 41 45 50 61 65 74 78 83 88 110 
0 1 6 10 15 28 30 37 41 45 50 61 65 78 83 88 92 110 
0 1 6 10 15 28 30 37 41 46 50 55 61 74 78 83 88 110 
0 1 6 10 15 28 30 37 41 46 50 55 61 78 83 88 92 110 
0 1 6 10 15 30 37 41 45 49 61 65 69 73 78 83 94 110 
0 1 6 10 15 30 37 41 45 61 65 69 73 78 83 90 94 110 
0 1 6 10 15 30 37 41 46 51 55 61 73 78 83 89 94 110 
0 1 6 10 15 30 37 41 46 51 61 66 73 78 83 89 94 110 
0 1 6 10 15 30 37 41 46 53 55 61 68 73 78 83 89 110 
0 1 6 10 15 30 37 41 46 55 61 68 73 78 83 89 94 110 
0 1 6 10 15 30 37 41 57 61 65 69 73 78 83 90 94 110 
0 1 6 10 15 30 37 42 46 51 61 66 73 78 83 89 94 110 
0 1 6 10 15 30 37 42 47 51 56 62 73 78 83 89 94 110 
0 1 6 10 15 30 37 42 47 56 62 69 73 78 83 90 94 110 
0 1 6 10 19 23 30 34 39 43 47 51 56 73 78 86 89 94 
0 1 6 10 19 23 30 34 39 43 47 56 69 73 78 86 90 94 
0 1 6 10 19 23 30 34 39 43 57 65 69 73 78 86 90 94 
0 1 6 10 19 24 28 30 34 39 44 49 78 86 87 92 
0 1 6 10 19 24 30 34 39 44 48 53 68 73 78 86 
0 1 6 10 19 24 30 34 39 44 49 53 73 78 86 87 
0 1 6 10 19 24 30 34 39 46 51 61 66 73 78 86 89 94 
0 1 6 10 19 24 30 34 39 57 61 65 69 73 78 86 90 94 
0 1 6 10 19 28 30 34 39 43 63 67 78 86 88 92 
0 1 6 10 19 30 34 39 43 48 53 63 68 73 78 86 
0 1 6 10 21 28 30 34 43 58 63 67 78 86 88 92 
0 1 6 10 21 28 30 34 45 49 54 58 69 73 78 86 
0 1 6 10 21 28 30 34 45 49 54 58 69 78 86 92 
0 1 6 10 21 28 30 34 45 49 54 58 78 86 87 92 
0 1 6 10 21 28 30 34 45 49 54 58 78 86 88 92 
0 1 6 10 21 28 30 34 45 50 54 58 74 78 86 88 
0 1 6 10 21 28 30 34 45 50 54 58 78 86 88 92 
0 1 6 10 21 28 30 34 45 54 58 67 78 86 88 92 
0 1 6 10 21 28 30 34 49 54 58 62 78 86 87 92 
0 1 6 10 21 28 30 34 50 55 58 63 74 78 86 88 
0 1 6 10 21 28 30 34 50 55 58 63 78 86 88 92 
0 1 6 10 21 28 30 34 54 58 62 67 78 86 88 92 
0 1 6 10 21 28 30 34 54 58 63 67 78 86 88 92 
0 1 6 10 21 28 30 34 55 58 63 67 78 86 88 92 
0 1 6 10 21 30 34 43 48 53 58 63 68 73 78 86 
0 1 6 10 21 30 34 45 49 53 54 58 69 73 78 86 
0 1 6 10 21 30 34 45 49 53 54 58 73 78 86 87 
0 1 6 10 21 30 34 45 49 54 58 69 73 78 86 94 
0 1 6 10 21 30 34 48 53 55 58 63 68 73 78 86 
0 1 6 10 21 30 34 49 53 54 58 62 73 78 86 87 
0 1 6 10 21 30 34 53 55 58 63 68 73 78 86 89 
0 1 6 10 21 30 34 55 58 63 68 73 78 86 89 94 
0 1 6 10 23 30 34 38 43 47 51 56 58 73 78 86 89 94 
0 1 6 10 23 30 34 38 43 47 56 58 69 73 78 86 90 94 
0 1 6 10 23 30 34 38 43 57 58 65 69 73 78 86 90 94 
0 1 6 10 24 28 30 34 39 44 49 59 78 86 87 92 
0 1 6 10 24 30 34 39 44 48 53 59 68 73 78 86 
0 1 6 10 24 30 34 39 44 49 53 59 73 78 86 87 
0 1 6 10 28 30 34 38 43 58 63 67 78 86 88 92 
0 1 6 10 28 30 34 38 49 54 58 62 78 86 87 92 
0 1 6 10 28 30 34 38 54 58 62 67 78 86 88 92 
0 1 6 10 28 30 34 39 43 58 63 67 78 86 88 92 
0 1 6 10 28 30 34 39 44 49 59 64 69 73 78 86 
0 1 6 10 28 30 34 39 44 49 59 64 69 78 86 92 
0 1 6 10 28 30 34 39 44 49 59 64 78 86 87 92 
0 1 6 10 28 30 34 39 50 55 59 63 78 86 88 92 
0 1 6 10 28 30 34 39 55 59 63 67 78 86 88 92 
0 1 6 10 30 34 38 42 46 51 58 62 66 73 78 86 89 94 
0 1 6 10 30 34 38 42 47 51 56 58 62 73 78 86 89 94 
0 1 6 10 30 34 38 42 47 56 58 62 69 73 78 86 90 94 
0 1 6 10 30 34 38 43 48 53 58 63 68 73 78 86 
0 1 6 10 30 34 38 49 53 54 58 62 73 78 86 87 
0 1 6 10 30 34 39 43 48 53 58 63 68 73 78 86 
0 1 6 10 30 34 39 44 48 53 59 63 68 73 78 86 
0 1 6 10 30 34 39 44 49 53 59 64 68 73 78 86 
0 1 6 10 30 34 39 44 49 53 59 64 73 78 86 87 
0 1 6 10 30 34 39 44 49 59 64 69 73 78 86 94 
0 1 6 10 30 34 39 44 53 59 64 68 73 78 86 89 
0 1 6 10 30 34 39 44 59 64 68 73 78 86 89 94 
0 1 6 10 30 34 39 48 53 55 59 63 68 73 78 86 
0 1 6 10 30 34 39 53 55 59 63 68 73 78 86 89 
0 1 6 10 30 34 39 55 59 63 68 73 78 86 89 94 
0 1 6 11 15 19 23 28 45 49 60 65 69 73 78 85 106 110 
0 1 6 11 15 19 23 28 45 49 60 65 69 78 85 92 106 110 
0 1 6 11 15 19 23 28 45 50 60 65 78 85 88 92 106 110 
0 1 6 11 15 19 23 28 49 56 60 64 69 73 78 85 106 110 
0 1 6 11 15 19 23 28 49 56 60 64 69 78 85 92 106 110 
0 1 6 11 15 19 23 30 35 39 43 47 51 56 73 78 89 94 
0 1 6 11 15 19 23 30 35 39 43 47 56 69 73 78 90 94 
0 1 6 11 15 19 23 30 35 39 43 57 65 69 73 78 90 94 
0 1 6 11 15 19 23 35 39 43 47 51 56 73 78 89 94 106 
0 1 6 11 15 19 23 35 39 43 47 56 69 73 78 90 94 106 
0 1 6 11 15 19 23 35 39 43 57 65 69 73 78 90 94 106 
0 1 6 11 15 19 23 39 43 47 51 56 73 78 89 94 106 110 
0 1 6 11 15 19 23 39 43 47 56 69 73 78 90 94 106 110 
0 1 6 11 15 19 23 39 43 57 65 69 73 78 90 94 106 110 
0 1 6 11 15 19 23 43 47 51 56 73 78 85 89 94 106 110 
0 1 6 11 15 19 23 43 47 56 69 73 78 85 90 94 106 110 
0 1 6 11 15 19 23 43 57 65 69 73 78 85 90 94 106 110 
0 1 6 11 15 19 23 45 49 60 65 69 73 78 85 94 106 110 
0 1 6 11 15 19 23 45 60 65 69 73 78 85 90 94 106 110 
0 1 6 11 15 19 23 47 51 56 60 73 78 85 89 94 106 110 
0 1 6 11 15 19 23 47 56 60 69 73 78 85 90 94 106 110 
0 1 6 11 15 19 23 49 56 60 64 69 73 78 85 94 106 110 
0 1 6 11 15 19 23 51 56 60 64 73 78 85 89 94 106 110 
0 1 6 11 15 19 23 53 56 60 64 68 73 78 85 89 106 110 
0 1 6 11 15 19 23 56 60 64 69 73 78 85 89 94 106 110 
0 1 6 11 15 19 23 56 60 65 69 73 78 85 90 94 106 110 
0 1 6 11 15 19 23 57 61 65 69 73 78 85 90 94 106 110 
0 1 6 11 15 19 24 28 39 44 49 78 87 92 106 110 
0 1 6 11 15 19 24 30 35 39 46 51 61 66 73 78 89 94 
0 1 6 11 15 19 24 35 39 46 51 61 66 73 78 89 94 106 
0 1 6 11 15 19 24 39 44 48 53 68 73 78 106 110 
0 1 6 11 15 19 24 39 44 49 53 73 78 87 106 110 
0 1 6 11 15 19 24 39 46 51 61 66 73 78 89 94 106 110 
0 1 6 11 15 19 24 46 51 61 66 73 78 83 89 94 106 110 
0 1 6 11 15 19 28 30 35 39 43 63 67 78 88 92 
0 1 6 11 15 19 28 35 39 43 63 67 78 88 92 106 
0 1 6 11 15 19 28 39 43 63 67 78 88 92 106 110 
0 1 6 11 15 19 28 41 45 49 61 65 69 78 85 92 106 110 
0 1 6 11 15 19 28 41 45 50 61 65 78 85 88 92 106 110 
0 1 6 11 15 19 28 41 46 50 55 61 78 85 88 92 106 110 
0 1 6 11 15 19 30 35 39 43 48 53 63 68 73 78 
0 1 6 11 15 19 35 39 43 48 53 63 68 73 78 106 
0 1 6 11 15 19 39 43 48 53 63 68 73 78 106 110 
0 1 6 11 15 19 41 46 51 55 61 73 78 85 89 94 106 110 
0 1 6 11 15 19 41 46 51 61 66 73 78 85 89 94 106 110 
0 1 6 11 15 19 41 46 53 55 61 68 73 78 85 89 106 110 
0 1 6 11 15 19 41 46 55 61 68 73 78 85 89 94 106 110 
0 1 6 11 15 20 24 28 30 35 39 44 49 78 87 92 
0 1 6 11 15 20 24 28 30 35 44 49 78 83 87 92 
0 1 6 11 15 20 24 28 35 39 44 49 78 87 92 106 
0 1 6 11 15 20 24 28 35 44 49 78 83 87 92 106 
0 1 6 11 15 20 24 28 44 49 78 83 87 92 106 111 
0 1 6 11 15 20 24 30 35 39 44 48 53 68 73 78 
0 1 6 11 15 20 24 30 35 44 48 53 68 73 78 83 
0 1 6 11 15 20 24 30 35 44 49 53 73 78 83 87 
0 1 6 11 15 20 24 30 35 46 51 61 66 73 78 83 89 94 
0 1 6 11 15 20 24 35 39 44 48 53 68 73 78 106 
0 1 6 11 15 20 24 35 39 44 49 53 73 78 87 106 
0 1 6 11 15 20 24 35 44 48 53 68 73 78 83 106 
0 1 6 11 15 20 24 35 44 49 53 73 78 83 87 106 
0 1 6 11 15 20 24 35 46 51 61 66 73 78 83 89 94 106 
0 1 6 11 15 20 24 44 48 53 68 73 78 83 106 111 
0 1 6 11 15 20 24 44 49 53 73 78 83 87 106 111 
0 1 6 11 15 20 24 46 51 61 66 73 78 83 89 94 106 111 
0 1 6 11 15 20 28 30 35 40 44 49 54 78 87 92 
0 1 6 11 15 20 28 30 35 40 44 49 64 69 78 92 
0 1 6 11 15 20 28 30 35 40 45 49 54 69 73 78 
0 1 6 11 15 20 28 30 35 40 45 49 54 69 78 92 
0 1 6 11 15 20 28 30 35 40 45 49 54 78 88 92 
0 1 6 11 15 20 28 30 35 40 45 54 67 78 88 92 
0 1 6 11 15 20 28 30 35 40 49 54 62 78 87 92 
0 1 6 11 15 20 28 30 35 40 54 62 67 78 88 92 
0 1 6 11 15 20 28 30 35 49 54 62 78 83 87 92 
0 1 6 11 15 20 28 30 35 54 62 67 78 83 88 92 
0 1 6 11 15 20 28 35 40 44 49 64 69 78 92 106 
0 1 6 11 15 20 28 35 40 44 49 64 78 87 92 106 
0 1 6 11 15 20 28 35 40 45 49 54 69 73 78 106 
0 1 6 11 15 20 28 35 40 45 49 54 69 78 92 106 
0 1 6 11 15 20 28 35 40 45 49 54 78 88 92 106 
0 1 6 11 15 20 28 35 40 45 54 67 78 88 92 106 
0 1 6 11 15 20 28 35 40 54 62 67 78 88 92 106 
0 1 6 11 15 20 28 35 49 54 62 78 83 87 92 106 
0 1 6 11 15 20 28 35 54 62 67 78 83 88 92 106 
0 1 6 11 15 20 28 54 62 67 78 83 88 92 106 111 
0 1 6 11 15 20 30 35 40 45 49 54 69 73 78 94 
0 1 6 11 15 20 30 35 42 46 51 62 66 73 78 83 89 94 
0 1 6 11 15 20 30 35 42 47 51 56 62 73 78 83 89 94 
0 1 6 11 15 20 30 35 42 47 56 62 69 73 78 83 90 94 
0 1 6 11 15 20 35 40 44 49 53 54 73 78 87 106 
0 1 6 11 15 20 35 40 44 49 53 64 68 73 78 106 
0 1 6 11 15 20 35 40 44 49 53 64 73 78 87 106 
0 1 6 11 15 20 35 40 44 49 64 69 73 78 94 106 
0 1 6 11 15 20 35 40 44 53 64 68 73 78 89 106 
0 1 6 11 15 20 35 40 44 64 68 73 78 89 94 106 
0 1 6 11 15 20 35 40 45 49 54 69 73 78 94 106 
0 1 6 11 15 20 35 40 49 53 54 62 73 78 87 106 
0 1 6 11 15 20 35 42 46 51 62 66 73 78 83 89 94 106 
0 1 6 11 15 20 35 42 47 51 56 62 73 78 83 89 94 106 
0 1 6 11 15 20 35 42 47 56 62 69 73 78 83 90 94 106 
0 1 6 11 15 20 42 46 51 62 66 73 78 83 89 94 106 111 
0 1 6 11 15 20 42 47 51 56 62 73 78 83 89 94 106 111 
0 1 6 11 15 20 42 47 56 62 69 73 78 83 90 94 106 111 
0 1 6 11 15 22 28 37 42 46 50 55 78 83 88 92 106 110 
0 1 6 11 15 22 28 37 42 49 56 64 69 78 83 92 106 110 
0 1 6 11 15 22 37 42 46 51 56 73 78 83 89 94 106 110 
0 1 6 11 15 22 37 42 46 51 66 73 78 83 89 94 106 110 
0 1 6 11 15 22 37 42 46 53 55 68 73 78 83 89 106 110 
0 1 6 11 15 22 37 42 46 55 68 73 78 83 89 94 106 110 
0 1 6 11 15 22 37 42 47 56 69 73 78 83 90 94 106 110 
0 1 6 11 15 22 37 42 51 56 64 73 78 83 89 94 106 110 
0 1 6 11 15 22 37 42 53 56 64 68 73 78 83 89 106 110 
0 1 6 11 15 24 28 35 39 44 49 59 78 87 92 106 
0 1 6 11 15 24 30 35 39 44 48 53 59 68 73 78 
0 1 6 11 15 24 35 39 44 48 53 59 68 73 78 106 
0 1 6 11 15 24 37 46 51 61 66 73 78 83 89 94 106 110 
0 1 6 11 15 28 30 35 39 43 59 63 67 78 88 92 
0 1 6 11 15 28 30 35 39 44 49 59 64 78 87 92 
0 1 6 11 15 28 30 35 39 50 55 59 63 78 88 92 
0 1 6 11 15 28 30 35 39 55 59 63 67 78 88 92 
0 1 6 11 15 28 35 39 43 59 63 67 78 88 92 106 
0 1 6 11 15 28 35 39 44 49 59 64 78 87 92 106 
0 1 6 11 15 28 35 39 50 55 59 63 78 88 92 106 
0 1 6 11 15 28 35 39 55 59 63 67 78 88 92 106 
0 1 6 11 15 28 37 41 45 49 61 65 69 78 83 92 106 110 
0 1 6 11 15 28 37 41 45 50 61 65 78 83 88 92 106 110 
0 1 6 11 15 28 37 41 46 50 55 61 78 83 88 92 106 110 
0 1 6 11 15 30 35 39 44 48 53 59 63 68 73 78 
0 1 6 11 15 30 35 39 44 59 64 68 73 78 89 94 
0 1 6 11 15 30 35 39 48 53 55 59 63 68 73 78 
0 1 6 11 15 30 35 39 53 55 59 63 68 73 78 89 
0 1 6 11 15 30 35 39 55 59 63 68 73 78 89 94 
0 1 6 11 15 35 39 44 59 64 68 73 78 89 94 106 
0 1 6 11 15 35 39 48 53 55 59 63 68 73 78 106 
0 1 6 11 15 35 39 53 55 59 63 68 73 78 89 106 
0 1 6 11 15 35 39 55 59 63 68 73 78 89 94 106 
0 1 6 11 15 37 41 46 51 55 61 73 78 83 89 94 106 110 
0 1 6 11 15 37 41 46 53 55 61 68 73 78 83 89 106 110 
0 1 6 11 15 37 41 46 55 61 68 73 78 83 89 94 106 110 
0 1 6 11 15 37 42 46 51 61 66 73 78 83 89 94 106 110 
0 1 6 11 16 20 24 40 44 48 53 68 73 78 106 111 
0 1 6 11 16 20 28 40 45 49 54 69 78 92 106 111 
0 1 6 11 16 20 40 44 49 53 54 73 78 87 106 111 
0 1 6 11 16 20 40 44 49 53 64 73 78 87 106 111 
0 1 6 11 16 20 40 44 64 68 73 78 89 94 106 111 
0 1 6 11 16 20 40 49 53 54 62 73 78 87 106 111 
0 1 6 11 16 21 28 31 36 41 45 49 65 69 78 92 
0 1 6 11 16 21 28 31 36 43 58 63 67 78 88 92 
0 1 6 11 16 21 28 31 50 55 58 63 78 88 92 111 
0 1 6 11 16 21 31 36 41 46 51 55 73 78 89 94 
0 1 6 11 16 21 31 36 41 46 55 68 73 78 89 94 
0 1 6 11 16 21 31 36 41 55 63 68 73 78 89 94 
0 1 6 11 16 21 31 36 55 58 63 68 73 78 89 94 
0 1 6 11 16 23 31 38 43 47 51 56 58 73 78 89 94 111 
0 1 6 11 16 23 38 43 47 51 56 58 73 78 89 94 106 111 
0 1 6 11 16 28 31 36 40 45 49 54 60 69 78 92 
0 1 6 11 16 28 31 36 40 45 49 54 60 78 88 92 
0 1 6 11 16 28 31 36 40 45 54 60 67 78 88 92 
0 1 6 11 16 28 31 38 43 58 63 67 78 88 92 111 
0 1 6 11 16 28 31 38 49 54 58 62 78 87 92 111 
0 1 6 11 16 28 31 38 54 58 62 67 78 88 92 111 
0 1 6 11 16 31 38 42 47 51 56 58 62 73 78 89 94 111 
0 1 6 11 18 22 28 33 38 42 46 50 55 78 88 92 106 111 
0 1 6 11 18 22 28 33 38 42 49 56 64 69 78 92 106 111 
0 1 6 11 18 22 33 38 42 46 51 56 73 78 89 94 106 111 
0 1 6 11 18 22 33 38 42 46 51 66 73 78 89 94 106 111 
0 1 6 11 18 22 33 38 42 51 56 64 73 78 89 94 106 111 
0 1 6 11 18 23 28 33 38 45 49 60 65 69 78 92 106 111 
0 1 6 11 18 23 28 33 38 45 50 60 65 78 88 92 106 111 
0 1 6 11 18 23 28 33 38 49 56 60 64 69 78 92 106 111 
0 1 6 11 18 23 33 38 42 47 51 56 73 78 89 94 106 111 
0 1 6 11 18 23 33 38 47 51 56 60 73 78 89 94 106 111 
0 1 6 11 18 23 33 38 51 56 60 64 73 78 89 94 106 111 
0 1 6 11 18 33 38 42 47 51 56 62 73 78 89 94 106 111 
0 1 6 11 20 24 28 33 44 49 78 83 87 92 106 111 
0 1 6 11 20 28 31 35 40 49 54 62 78 87 92 112 
0 1 6 11 20 28 31 35 40 54 62 67 78 88 92 112 
0 1 6 11 20 28 33 49 54 62 78 83 87 92 106 111 
0 1 6 11 20 33 42 47 51 56 62 73 78 83 89 94 106 111 
0 1 6 11 22 28 31 35 46 50 55 59 78 88 92 112 
0 1 6 11 22 28 31 35 50 55 59 63 78 88 92 112 
0 1 6 11 22 28 31 35 55 59 63 67 78 88 92 112 
0 1 6 11 22 28 33 37 42 46 50 55 78 83 88 92 106 111 
0 1 6 11 22 28 33 37 42 49 56 64 69 78 83 92 106 111 
0 1 6 11 22 33 37 42 46 51 56 73 78 83 89 94 106 111 
0 1 6 11 28 31 35 39 50 55 59 63 78 88 92 112 
0 1 6 11 28 33 37 41 45 49 61 65 69 78 83 92 106 111 
0 1 6 11 28 33 37 41 45 50 61 65 78 83 88 92 106 111 
0 1 6 11 28 33 37 41 46 50 55 61 78 83 88 92 106 111 
0 1 6 11 28 33 38 49 54 58 62 78 87 92 106 111 
0 1 6 15 19 28 30 35 39 43 63 67 78 88 92 108 
0 1 6 15 28 30 35 39 43 59 63 67 78 88 92 108 
0 1 6 15 28 30 35 39 50 55 59 63 78 88 92 108 
0 1 6 15 28 30 35 39 55 59 63 67 78 88 92 108 
0 1 6 17 21 28 30 41 45 49 54 78 86 88 92 108 
0 1 6 17 21 28 30 41 45 50 55 78 86 88 92 108 
0 1 6 17 21 28 30 41 45 50 65 78 86 88 92 108 
0 1 6 17 21 28 30 41 45 54 67 78 86 88 92 108 
0 1 6 17 21 28 30 41 50 55 63 78 86 88 92 108 
0 1 6 17 21 28 30 41 55 63 67 78 86 88 92 108 
0 1 6 17 21 28 30 45 49 54 58 78 86 88 92 108 
0 1 6 17 21 28 30 45 54 58 67 78 86 88 92 108 
0 1 6 17 21 28 30 49 54 58 62 78 86 87 92 108 
0 1 6 17 21 28 30 50 55 59 63 78 86 88 92 108 
0 1 6 17 21 28 30 54 58 63 67 78 86 88 92 108 
0 1 6 17 22 28 30 46 50 55 59 78 86 88 92 108 
0 1 6 17 28 30 39 50 55 59 63 78 86 88 92 108 
0 1 6 21 28 30 34 45 49 54 58 78 86 88 92 108 
0 1 6 21 28 30 34 49 54 58 62 78 86 87 92 108 
0 1 6 21 28 30 34 50 55 58 63 78 86 88 92 108 
0 2 6 10 14 18 22 27 30 34 38 42 46 50 55 70 74 79 
0 2 6 10 14 18 22 27 30 34 38 42 46 50 55 70 79 93 
0 2 6 10 14 18 22 27 30 34 38 42 46 50 55 70 93 97 
0 2 6 10 14 18 22 27 30 34 38 42 46 50 55 89 93 97 
0 2 6 10 14 18 22 27 30 34 38 42 46 50 66 70 93 97 
0 2 6 10 14 18 22 27 30 34 38 42 46 51 56 89 93 97 
0 2 6 10 14 18 22 27 30 34 38 42 46 51 66 89 93 97 
0 2 6 10 14 18 22 27 30 34 38 42 46 55 68 79 89 93 
0 2 6 10 14 18 22 27 30 34 38 42 46 55 68 89 93 97 
0 2 6 10 14 18 22 27 30 34 38 42 51 56 64 89 93 97 
0 2 6 10 14 18 22 27 30 34 38 42 56 64 68 79 89 93 
0 2 6 10 14 18 22 27 30 34 38 42 56 64 68 89 93 97 
0 2 6 10 14 18 22 30 34 38 42 56 64 68 72 89 93 97 
0 2 6 10 14 18 23 27 30 34 38 42 47 51 56 89 93 97 
0 2 6 10 14 18 23 27 30 34 38 47 51 56 60 89 93 97 
0 2 6 10 14 18 23 27 30 34 38 51 56 60 64 89 93 97 
0 2 6 10 14 18 23 27 30 34 38 56 60 64 68 89 93 97 
0 2 6 10 14 18 23 28 30 34 38 42 47 56 69 74 78 90 
0 2 6 10 14 18 23 28 30 34 38 42 47 56 69 74 90 97 
0 2 6 10 14 18 23 28 30 34 38 45 50 60 65 69 74 78 
0 2 6 10 14 18 23 28 30 34 38 45 50 60 65 69 74 97 
0 2 6 10 14 18 23 28 30 34 38 45 50 60 65 74 78 88 
0 2 6 10 14 18 23 28 30 34 38 45 50 60 65 74 88 97 
0 2 6 10 14 18 23 28 30 34 38 45 50 60 65 88 93 97 
0 2 6 10 14 18 23 28 30 34 38 45 60 65 69 74 78 90 
0 2 6 10 14 18 23 28 30 34 38 45 60 65 69 74 90 97 
0 2 6 10 14 18 23 28 30 34 38 47 56 60 69 74 78 90 
0 2 6 10 14 18 23 28 30 34 38 47 56 60 69 74 90 97 
0 2 6 10 14 18 23 28 30 34 38 56 60 65 69 74 78 90 
0 2 6 10 14 18 23 28 30 34 38 56 60 65 69 74 90 97 
0 2 6 10 14 18 23 30 34 38 45 50 60 65 72 88 93 97 
0 2 6 10 14 18 23 30 34 38 56 60 64 68 72 89 93 97 
0 2 6 10 14 18 27 30 34 38 42 46 50 62 66 70 93 97 
0 2 6 10 14 18 28 30 34 38 42 47 56 62 69 74 90 97 
0 2 6 10 14 19 23 27 30 34 38 43 50 57 65 70 93 97 
0 2 6 10 14 19 23 27 30 34 43 50 57 65 70 85 93 97 
0 2 6 10 14 19 23 27 30 34 50 57 61 65 70 85 93 97 
0 2 6 10 14 19 23 27 30 34 51 56 60 64 85 89 93 97 
0 2 6 10 14 19 23 28 30 34 38 43 47 56 69 74 78 90 
0 2 6 10 14 19 23 28 30 34 38 43 47 56 69 74 90 97 
0 2 6 10 14 19 23 28 30 34 38 43 50 57 65 70 74 97 
0 2 6 10 14 19 23 28 30 34 38 43 57 65 69 74 78 90 
0 2 6 10 14 19 23 28 30 34 38 43 57 65 69 74 90 97 
0 2 6 10 14 19 23 28 30 34 43 47 56 69 74 78 85 90 
0 2 6 10 14 19 23 28 30 34 43 47 56 69 74 85 90 97 
0 2 6 10 14 19 23 28 30 34 43 50 57 65 70 74 78 85 
0 2 6 10 14 19 23 28 30 34 43 50 57 65 70 74 85 97 
0 2 6 10 14 19 23 28 30 34 43 57 65 69 74 78 85 90 
0 2 6 10 14 19 23 28 30 34 43 57 65 69 74 85 90 97 
0 2 6 10 14 19 23 28 30 34 45 50 60 65 69 74 78 85 
0 2 6 10 14 19 23 28 30 34 45 50 60 65 69 74 85 97 
0 2 6 10 14 19 23 28 30 34 45 50 60 65 74 78 85 88 
0 2 6 10 14 19 23 28 30 34 45 50 60 65 74 85 88 97 
0 2 6 10 14 19 23 28 30 34 45 50 60 65 85 88 93 97 
0 2 6 10 14 19 23 28 30 34 45 60 65 69 74 78 85 90 
0 2 6 10 14 19 23 28 30 34 45 60 65 69 74 85 90 97 
0 2 6 10 14 19 23 28 30 34 47 56 60 69 74 78 85 90 
0 2 6 10 14 19 23 28 30 34 47 56 60 69 74 85 90 97 
0 2 6 10 14 19 23 28 30 34 50 57 61 65 70 74 78 85 
0 2 6 10 14 19 23 28 30 34 50 57 61 65 70 74 85 97 
0 2 6 10 14 19 23 28 30 34 56 60 65 69 74 78 85 90 
0 2 6 10 14 19 23 28 30 34 56 60 65 69 74 85 90 97 
0 2 6 10 14 19 23 28 30 34 57 61 65 69 74 78 85 90 
0 2 6 10 14 19 23 28 30 34 57 61 65 69 74 85 90 97 
0 2 6 10 14 19 23 30 34 43 47 52 57 74 79 85 90 95 
0 2 6 10 14 19 23 30 34 43 47 52 67 74 79 85 90 95 
0 2 6 10 14 19 23 30 34 43 50 57 65 70 74 79 85 95 
0 2 6 10 14 19 23 30 34 43 52 57 65 74 79 85 90 95 
0 2 6 10 14 19 23 30 34 43 57 65 70 74 79 85 90 95 
0 2 6 10 14 19 23 30 34 45 50 60 65 72 85 88 93 97 
0 2 6 10 14 19 23 30 34 52 57 61 65 74 79 85 90 95 
0 2 6 10 14 19 23 30 34 57 61 65 70 74 79 85 90 95 
0 2 6 10 14 19 27 30 34 41 46 50 55 61 70 85 93 97 
0 2 6 10 14 19 27 30 34 41 46 50 55 61 85 89 93 97 
0 2 6 10 14 19 27 30 34 41 46 50 61 65 70 85 93 97 
0 2 6 10 14 19 27 30 34 41 46 55 61 68 85 89 93 97 
0 2 6 10 14 19 27 30 34 41 50 57 61 65 70 85 93 97 
0 2 6 10 14 19 28 30 34 41 45 50 61 65 69 74 78 85 
0 2 6 10 14 19 28 30 34 41 45 50 61 65 69 74 85 97 
0 2 6 10 14 19 28 30 34 41 45 50 61 65 74 78 85 88 
0 2 6 10 14 19 28 30 34 41 45 50 61 65 74 85 88 97 
0 2 6 10 14 19 28 30 34 41 45 50 61 65 85 88 93 97 
0 2 6 10 14 19 28 30 34 41 45 61 65 69 74 78 85 90 
0 2 6 10 14 19 28 30 34 41 45 61 65 69 74 85 90 97 
0 2 6 10 14 19 28 30 34 41 46 50 55 61 70 74 78 85 
0 2 6 10 14 19 28 30 34 41 46 50 55 61 70 74 85 97 
0 2 6 10 14 19 28 30 34 41 46 50 55 61 74 78 85 88 
0 2 6 10 14 19 28 30 34 41 46 50 55 61 74 85 88 97 
0 2 6 10 14 19 28 30 34 41 46 50 55 61 85 88 93 97 
0 2 6 10 14 19 28 30 34 41 46 50 61 65 70 74 78 85 
0 2 6 10 14 19 28 30 34 41 46 50 61 65 70 74 85 97 
0 2 6 10 14 19 28 30 34 41 50 57 61 65 70 74 78 85 
0 2 6 10 14 19 28 30 34 41 50 57 61 65 70 74 85 97 
0 2 6 10 14 19 28 30 34 41 57 61 65 69 74 78 85 90 
0 2 6 10 14 19 28 30 34 41 57 61 65 69 74 85 90 97 
0 2 6 10 14 19 30 34 41 45 50 61 65 72 85 88 93 97 
0 2 6 10 14 19 30 34 41 46 50 55 61 72 85 88 93 97 
0 2 6 10 14 19 30 34 41 46 55 61 68 72 85 89 93 97 
0 2 6 10 14 19 30 34 41 52 57 61 65 74 79 85 90 95 
0 2 6 10 14 23 27 30 34 38 43 50 57 58 65 70 93 97 
0 2 6 10 14 23 28 30 34 38 43 47 56 58 69 74 90 97 
0 2 6 10 14 23 28 30 34 38 43 57 58 65 69 74 90 97 
0 2 6 10 15 19 23 27 30 34 39 43 50 57 65 70 93 97 
0 2 6 10 15 19 23 27 30 39 43 50 57 65 70 93 97 110 
0 2 6 10 15 19 23 27 30 43 50 57 65 70 85 93 97 110 
0 2 6 10 15 19 23 27 30 50 57 61 65 70 85 93 97 110 
0 2 6 10 15 19 23 28 30 34 39 43 50 57 65 70 74 78 
0 2 6 10 15 19 23 28 30 34 39 43 50 57 65 70 74 97 
0 2 6 10 15 19 23 28 30 34 39 43 57 65 69 74 78 90 
0 2 6 10 15 19 23 28 30 34 39 43 57 65 69 74 90 97 
0 2 6 10 15 19 23 28 30 39 43 50 57 65 70 74 78 110 
0 2 6 10 15 19 23 28 30 39 43 50 57 65 70 74 97 110 
0 2 6 10 15 19 23 28 30 39 43 57 65 69 74 78 90 110 
0 2 6 10 15 19 23 28 30 39 43 57 65 69 74 90 97 110 
0 2 6 10 15 19 23 28 30 43 50 57 65 70 74 78 85 110 
0 2 6 10 15 19 23 28 30 43 50 57 65 70 74 85 97 110 
0 2 6 10 15 19 23 28 30 43 57 65 69 74 78 85 90 110 
0 2 6 10 15 19 23 28 30 45 50 60 65 69 74 78 85 110 
0 2 6 10 15 19 23 28 30 45 50 60 65 69 74 85 97 110 
0 2 6 10 15 19 23 28 30 45 50 60 65 74 78 85 88 110 
0 2 6 10 15 19 23 28 30 45 50 60 65 74 85 88 97 110 
0 2 6 10 15 19 23 28 30 45 50 60 65 85 88 93 97 110 
0 2 6 10 15 19 23 28 30 45 60 65 69 74 78 85 90 110 
0 2 6 10 15 19 23 28 30 45 60 65 69 74 85 90 97 110 
0 2 6 10 15 19 23 28 30 50 57 61 65 70 74 78 85 110 
0 2 6 10 15 19 23 30 39 43 47 52 57 74 79 90 95 110 
0 2 6 10 15 19 23 30 39 43 47 52 67 74 79 90 95 110 
0 2 6 10 15 19 23 30 39 43 50 57 65 70 74 79 95 110 
0 2 6 10 15 19 23 30 39 43 52 57 65 74 79 90 95 110 
0 2 6 10 15 19 23 30 39 43 57 65 70 74 79 90 95 110 
0 2 6 10 15 19 23 30 43 47 52 67 74 79 85 90 95 110 
0 2 6 10 15 19 24 27 30 34 39 46 50 61 66 70 93 97 
0 2 6 10 15 19 24 27 30 34 39 50 57 61 65 70 93 97 
0 2 6 10 15 19 24 27 30 39 46 50 61 66 70 93 97 110 
0 2 6 10 15 19 24 27 30 39 50 57 61 65 70 93 97 110 
0 2 6 10 15 19 24 27 30 46 50 61 66 70 83 93 97 110 
0 2 6 10 15 19 24 27 30 50 57 61 65 70 83 93 97 110 
0 2 6 10 15 19 24 28 30 34 39 50 57 61 65 70 74 97 
0 2 6 10 15 19 24 28 30 34 39 57 61 65 69 74 78 90 
0 2 6 10 15 19 24 28 30 34 39 57 61 65 69 74 90 97 
0 2 6 10 15 19 24 28 30 39 50 57 61 65 70 74 78 110 
0 2 6 10 15 19 24 28 30 39 50 57 61 65 70 74 97 110 
0 2 6 10 15 19 24 28 30 39 57 61 65 69 74 78 90 110 
0 2 6 10 15 19 24 28 30 39 57 61 65 69 74 90 97 110 
0 2 6 10 15 19 24 28 30 50 57 61 65 70 74 83 97 110 
0 2 6 10 15 19 24 30 39 43 48 52 57 74 79 90 95 110 
0 2 6 10 15 19 24 30 39 43 48 57 70 74 79 91 95 110 
0 2 6 10 15 19 24 30 39 48 52 57 61 74 79 90 95 110 
0 2 6 10 15 19 24 30 39 48 57 61 70 74 79 91 95 110 
0 2 6 10 15 19 24 30 39 50 57 61 65 70 74 79 95 110 
0 2 6 10 15 19 24 30 48 52 57 61 74 79 83 90 95 110 
0 2 6 10 15 19 24 30 48 57 61 70 74 79 83 91 95 110 
0 2 6 10 15 19 27 30 41 46 55 61 68 85 89 93 97 110 
0 2 6 10 15 19 27 30 41 50 57 61 65 70 85 93 97 110 
0 2 6 10 15 19 28 30 41 45 50 61 65 69 74 78 85 110 
0 2 6 10 15 19 28 30 41 45 50 61 65 69 74 85 97 110 
0 2 6 10 15 19 28 30 41 45 50 61 65 74 78 85 88 110 
0 2 6 10 15 19 28 30 41 45 50 61 65 74 85 88 97 110 
0 2 6 10 15 19 28 30 41 45 50 61 65 85 88 93 97 110 
0 2 6 10 15 19 28 30 41 45 61 65 69 74 85 90 97 110 
0 2 6 10 15 19 28 30 41 46 50 55 61 74 78 85 88 110 
0 2 6 10 15 19 28 30 41 46 50 55 61 74 85 88 97 110 
0 2 6 10 15 19 28 30 41 46 50 55 61 85 88 93 97 110 
0 2 6 10 15 19 28 30 41 50 57 61 65 70 74 85 97 110 
0 2 6 10 15 19 28 30 41 57 61 65 69 74 85 90 97 110 
0 2 6 10 15 19 30 39 43 47 52 63 67 74 79 90 95 110 
0 2 6 10 15 19 30 39 43 48 52 57 63 74 79 90 95 110 
0 2 6 10 15 19 30 39 43 48 57 63 70 74 79 91 95 110 
0 2 6 10 15 19 30 41 45 50 61 65 72 85 88 93 97 110 
0 2 6 10 15 19 30 41 46 50 55 61 72 85 88 93 97 110 
0 2 6 10 15 19 30 41 46 55 61 68 72 85 89 93 97 110 
0 2 6 10 15 19 30 41 52 57 61 65 74 79 85 90 95 110 
0 2 6 10 15 22 27 30 37 42 46 55 68 83 89 93 97 110 
0 2 6 10 15 22 27 30 37 42 56 64 68 83 89 93 97 110 
0 2 6 10 15 24 27 30 37 50 57 61 65 70 83 93 97 110 
0 2 6 10 15 24 30 37 48 52 57 61 74 79 83 90 95 110 
0 2 6 10 15 24 30 37 52 57 61 65 74 79 83 90 95 110 
0 2 6 10 15 27 30 37 41 46 55 61 68 83 89 93 97 110 
0 2 6 10 15 28 30 37 41 50 57 61 65 70 74 83 97 110 
0 2 6 10 15 30 37 41 46 50 55 61 72 83 88 93 97 110 
0 2 6 10 15 30 37 41 46 55 61 68 72 83 89 93 97 110 
0 2 6 10 19 23 28 30 34 39 43 50 57 65 70 74 86 97 
0 2 6 10 19 23 28 30 34 39 43 57 65 69 74 86 90 97 
0 2 6 11 15 20 24 30 35 39 44 48 68 72 93 97 
0 2 6 11 15 20 24 30 35 44 48 68 72 83 93 97 
0 2 6 11 15 20 24 35 39 44 48 68 72 93 97 106 
0 2 6 11 15 20 24 35 44 48 68 72 83 93 97 106 
0 2 6 11 15 20 28 30 35 42 47 56 62 69 74 78 83 90 
0 2 6 11 15 20 28 30 35 42 47 56 62 69 74 83 90 97 
0 2 6 11 15 20 28 35 42 47 56 62 69 74 78 83 90 106 
0 2 6 11 15 20 28 35 42 47 56 62 69 74 83 90 97 106 
0 2 6 11 15 20 28 42 47 56 62 69 74 78 83 90 106 111 
0 2 6 11 15 24 35 39 44 48 57 59 70 74 79 91 95 106 
0 2 6 11 15 24 35 39 44 48 59 68 72 93 97 106 
0 2 6 11 15 28 30 35 39 50 55 59 63 88 93 97 
0 2 6 11 15 30 35 39 48 55 59 63 68 72 93 97 
0 2 6 11 15 30 35 39 55 59 63 68 72 88 93 97 
0 2 6 11 15 35 39 48 55 59 63 68 72 93 97 106 
0 2 6 11 18 23 28 33 38 42 47 56 69 74 78 90 106 111 
0 2 6 11 18 23 28 33 38 42 47 56 69 74 90 97 106 111 
0 2 6 11 18 23 28 33 38 45 60 65 69 74 90 97 106 111 
0 2 6 11 18 23 28 33 38 47 56 60 69 74 78 90 106 111 
0 2 6 11 18 23 28 33 38 47 56 60 69 74 90 97 106 111 
0 2 6 11 18 23 33 38 45 50 60 65 72 88 93 97 106 111 
0 2 6 11 20 24 33 44 48 68 72 83 93 97 106 111 
