0 1 4 14 19 24 38 43 48 58 63 68 73 78 94 99 104 
0 1 4 14 19 24 38 43 48 61 73 78 85 87 99 104 109 
0 1 4 14 19 24 38 43 48 63 68 73 78 87 99 104 109 
0 1 4 14 19 24 38 43 48 63 68 73 78 94 99 104 109 
0 1 4 14 19 24 38 43 48 68 73 78 85 87 99 104 109 
0 1 6 11 16 21 31 36 41 46 55 60 65 70 96 101 106 
0 1 6 11 16 21 31 36 41 46 55 61 66 71 96 101 106 
0 1 6 11 16 21 31 36 41 46 55 61 66 71 97 102 107 
0 1 6 11 16 21 31 36 41 46 60 65 70 91 96 101 106 
0 1 6 11 16 21 31 36 41 46 60 65 70 91 96 101 112 
0 1 6 11 16 21 31 36 41 46 61 66 71 85 91 96 101 
0 1 6 11 16 21 31 36 41 53 60 65 70 91 96 101 106 
0 1 6 11 16 21 31 36 41 53 60 65 70 91 96 101 112 
0 1 6 11 16 21 31 36 41 53 61 66 71 85 91 96 101 
0 1 6 11 16 21 31 36 41 53 61 66 71 85 92 97 102 
0 1 6 11 16 21 31 36 41 53 61 66 71 92 97 102 107 
0 1 6 11 16 31 36 41 46 57 60 65 70 91 96 101 106 
0 1 6 11 16 31 36 41 46 57 60 65 70 91 96 101 112 
0 1 6 11 16 31 36 41 46 57 60 65 70 91 96 108 112 
0 1 6 11 16 31 36 41 46 57 61 66 71 85 91 96 101 
0 1 6 11 16 31 36 41 46 61 66 71 87 92 97 102 107 
0 1 6 11 16 31 36 48 53 57 60 65 70 91 96 108 112 
0 1 6 11 16 31 36 48 53 61 66 71 85 87 92 97 102 
0 1 6 11 16 31 36 48 53 61 66 71 85 87 92 97 109 
0 1 6 11 16 31 36 48 53 61 66 71 87 92 97 102 107 
0 1 6 11 21 24 31 36 41 53 61 66 71 92 97 102 107 
0 1 6 18 21 24 31 36 41 53 60 65 70 100 103 106 
0 1 14 19 24 31 36 48 53 60 65 70 95 100 105 
0 2 7 13 17 22 28 31 36 41 60 73 78 93 98 103 108 112 
0 2 7 13 17 31 36 46 49 56 65 68 78 88 98 103 108 112 
