0 1 8 14 21 32 39 45 52 56 62 69 76 92 99 106 112 
0 1 8 14 21 32 39 45 52 57 62 69 76 85 93 100 107 
0 1 8 14 21 32 39 45 52 57 62 69 76 92 99 106 112 
0 1 8 14 21 32 39 45 52 57 62 69 76 93 100 106 112 
0 1 8 15 21 32 39 45 52 57 62 69 76 85 93 100 107 
0 1 8 15 21 32 39 45 52 57 62 69 76 92 99 106 112 
0 1 8 15 21 32 39 45 52 57 62 69 76 93 99 106 112 
0 1 8 15 21 32 39 45 52 57 62 69 76 93 100 106 112 
0 1 8 15 21 32 39 45 52 57 62 69 76 93 100 107 112 
0 1 8 15 21 32 39 45 52 57 63 69 76 85 93 100 107 
0 1 8 15 22 32 39 45 52 57 62 69 76 85 93 100 107 
0 1 8 15 22 32 39 45 52 57 62 69 76 93 99 106 112 
0 1 8 15 22 32 39 45 52 57 62 69 76 93 100 106 112 
0 1 8 15 22 32 39 45 52 57 62 69 76 93 100 107 112 
0 1 8 15 22 32 39 45 52 62 69 76 87 93 100 106 112 
0 1 8 15 22 32 39 45 52 62 69 76 87 93 100 107 112 
0 2 8 15 21 32 39 45 52 57 62 69 76 85 93 100 107 
0 2 8 15 21 32 39 45 52 57 62 69 76 93 99 106 112 
0 2 8 15 21 32 39 45 52 57 62 69 76 93 100 107 112 
0 2 8 15 22 32 39 45 52 57 62 69 76 85 93 100 107 
0 2 8 15 22 32 39 45 52 57 62 69 76 93 99 106 112 
0 2 8 15 22 32 39 45 52 57 62 69 76 93 100 106 112 
0 2 8 15 22 32 39 45 52 57 62 69 76 93 100 107 112 
0 2 8 15 22 32 39 45 52 57 63 69 76 85 93 100 107 
0 2 8 15 22 32 39 45 52 62 69 76 85 87 93 100 107 
0 2 8 15 22 32 39 45 52 62 69 76 85 87 94 100 107 
0 2 8 15 22 32 39 45 52 62 69 76 85 87 94 101 107 
0 2 8 15 22 32 39 45 52 62 69 76 87 93 100 106 112 
0 2 8 15 22 32 39 45 52 62 69 76 87 93 100 107 112 
0 2 8 15 22 32 39 45 52 62 69 76 87 94 100 107 112 
0 2 8 15 22 32 39 45 52 63 69 76 85 87 93 100 107 
0 2 9 15 22 32 39 45 52 57 62 69 76 85 93 100 107 
0 2 9 15 22 32 39 45 52 62 69 76 85 87 93 100 107 
0 2 9 15 22 32 39 45 52 62 69 76 87 93 100 107 112 
0 2 9 15 22 32 39 45 52 62 69 76 87 94 100 107 112 
0 2 9 15 22 32 39 46 52 62 69 76 85 87 93 100 107 
0 2 9 15 22 32 39 46 52 62 69 76 85 87 94 100 107 
0 2 9 15 22 32 39 46 52 62 69 76 87 93 100 107 112 
