0 1 5 9 14 18 23 30 35 40 44 49 53 61 70 74 79 90 
0 1 5 9 14 18 23 30 35 40 44 49 53 61 70 74 90 103 
0 1 5 9 14 18 23 31 35 40 44 49 53 61 70 74 79 90 
0 1 5 9 14 18 23 31 35 40 44 49 53 61 70 74 90 103 
0 1 5 9 14 18 23 35 39 44 49 53 56 65 70 79 86 99 
0 1 5 9 14 18 23 35 39 44 49 53 56 70 79 86 90 99 
0 1 5 9 14 18 23 35 39 44 49 53 56 70 86 90 99 103 
0 1 5 9 14 18 23 35 40 44 49 53 56 70 79 86 90 99 
0 1 5 9 14 18 23 35 40 44 49 53 61 70 74 79 86 90 
0 1 5 9 14 18 23 35 40 44 49 53 61 70 74 86 90 103 
0 1 5 9 14 18 23 35 40 44 49 53 61 70 79 86 90 99 
0 1 5 9 14 18 23 35 40 44 49 53 61 70 86 90 99 103 
0 1 5 9 14 18 30 35 39 44 48 53 56 70 74 79 85 90 
0 1 5 9 14 18 30 35 39 44 48 53 56 70 74 85 90 103 
0 1 5 9 14 18 30 35 40 44 48 53 56 70 74 79 85 90 
0 1 5 9 14 18 30 35 40 44 48 53 56 70 74 85 90 103 
0 1 5 9 14 18 30 35 40 44 48 53 61 70 74 85 90 103 
0 1 5 9 14 18 30 35 40 44 49 53 61 70 74 85 90 103 
0 1 5 9 14 18 30 35 40 44 53 54 61 70 74 79 85 90 
0 1 5 9 14 18 30 35 44 48 53 56 63 70 74 85 90 103 
0 1 5 9 14 19 23 31 35 40 44 49 53 61 70 74 79 90 
0 1 5 9 14 19 23 31 35 40 44 49 53 61 70 74 90 103 
0 1 5 9 14 23 31 35 40 44 49 53 61 65 70 74 79 110 
0 1 5 9 14 23 31 35 40 44 49 53 61 66 70 74 79 110 
0 1 5 9 14 23 31 35 40 44 49 53 61 70 74 79 90 110 
0 1 5 9 14 23 31 35 40 44 49 53 61 70 74 90 103 110 
0 1 5 10 14 18 23 28 31 40 44 49 57 59 70 75 90 104 
0 1 5 10 14 18 23 28 31 40 44 49 57 59 70 90 99 104 
0 1 5 10 14 18 23 31 36 40 44 49 53 57 70 79 90 99 
0 1 5 10 14 18 23 31 40 44 49 53 57 59 70 79 90 99 
0 1 5 10 14 18 23 31 40 44 49 53 57 59 70 90 99 103 
0 1 5 10 14 18 23 31 40 44 49 53 57 59 70 90 99 104 
0 1 5 10 14 18 23 31 40 44 49 57 59 70 77 90 99 104 
0 1 5 10 14 18 23 31 44 49 57 59 63 70 77 90 99 104 
0 1 5 10 14 18 23 36 40 44 49 53 57 70 79 86 90 99 
0 1 5 10 14 18 23 40 44 49 53 57 59 70 79 86 90 99 
0 1 5 10 14 18 23 40 44 49 53 57 59 70 86 90 99 103 
0 1 5 10 14 18 23 40 44 49 53 57 59 70 86 90 99 104 
0 1 5 10 14 18 23 40 44 49 57 59 70 77 86 90 99 104 
0 1 5 10 14 18 23 44 49 57 59 63 70 77 86 90 99 104 
0 1 5 10 14 18 36 40 44 49 53 57 70 79 83 86 90 99 
0 1 5 10 14 19 23 31 35 40 44 49 53 57 70 79 90 99 
0 1 5 10 14 19 23 31 35 40 44 49 53 61 70 79 90 99 
0 1 5 10 14 19 23 31 40 44 49 53 57 59 70 79 90 99 
0 1 5 10 14 19 23 31 40 44 49 53 57 59 70 90 99 103 
0 1 5 10 14 19 23 31 40 44 49 53 57 59 70 90 99 104 
0 1 5 10 14 19 23 31 40 44 49 57 59 70 77 90 99 104 
0 1 5 10 14 23 31 35 40 44 49 53 56 66 70 79 99 110 
0 1 5 10 14 23 31 35 40 44 49 53 56 70 79 90 99 110 
0 1 5 10 14 23 31 35 40 44 49 53 61 70 79 90 99 110 
0 1 5 10 14 23 31 40 44 49 53 57 59 66 70 79 99 110 
0 1 5 10 14 23 31 40 44 49 53 57 59 70 79 90 99 110 
0 1 5 10 14 23 31 40 44 49 57 59 70 77 90 99 104 110 
0 4 11 18 28 32 40 47 54 61 68 75 86 91 98 105 
0 4 11 18 28 33 40 47 54 61 68 75 86 91 98 105 
0 4 11 18 28 33 40 47 55 61 68 75 86 91 98 105 
