0 2 7 11 21 28 33 40 45 55 61 71 75 91 98 105 110 
0 2 7 11 21 28 33 40 45 55 61 71 76 83 91 105 110 
0 2 7 11 21 28 33 40 45 55 61 71 76 91 98 105 110 
0 2 7 11 21 28 33 40 45 55 62 71 76 83 91 105 110 
0 2 7 11 21 28 33 40 45 55 62 71 76 91 98 105 110 
0 2 7 11 21 28 35 40 45 49 61 71 83 91 100 105 110 
0 2 7 11 21 28 35 40 45 49 61 71 85 91 100 105 110 
0 2 7 11 21 28 40 45 49 61 71 75 85 91 100 105 110 
0 2 7 11 28 33 40 45 55 61 71 76 83 91 96 105 110 
0 2 7 11 28 33 40 45 55 62 71 76 83 91 96 105 110 
0 2 7 11 28 35 40 45 49 61 71 83 91 96 100 105 110 
0 2 7 13 21 27 33 40 45 55 61 71 76 83 91 105 110 
0 2 7 13 21 27 33 40 45 55 62 71 76 83 91 105 110 
0 2 7 13 21 27 40 45 50 55 61 71 76 83 91 105 110 
0 2 7 13 21 27 40 45 50 55 62 71 76 83 91 105 110 
0 2 7 13 21 27 40 45 50 55 62 71 76 83 91 106 110 
0 2 7 13 21 27 40 45 50 62 71 76 83 91 101 105 110 
0 2 7 13 21 27 40 45 50 62 71 76 83 91 101 106 110 
0 2 7 13 21 28 33 40 45 55 61 71 75 91 98 105 110 
0 2 7 13 21 28 33 40 45 55 61 71 76 83 91 105 110 
0 2 7 13 21 28 33 40 45 55 61 71 76 91 98 105 110 
0 2 7 13 21 28 33 40 45 55 62 71 76 83 91 105 110 
0 2 7 13 21 28 40 45 50 55 61 71 76 83 91 105 110 
0 2 7 13 21 28 40 45 50 55 62 71 76 83 91 105 110 
0 2 7 13 21 28 40 45 50 55 62 71 76 83 91 106 110 
0 2 7 13 21 28 40 45 50 62 71 76 83 91 101 105 110 
0 2 7 13 21 28 40 45 50 62 71 76 83 91 101 106 110 
0 2 7 13 27 31 36 40 45 50 62 83 91 96 101 105 110 
0 2 7 13 27 31 40 45 50 62 76 83 91 96 101 105 110 
0 2 7 13 27 31 40 45 50 62 76 83 91 96 101 106 110 
0 2 7 13 27 36 40 45 50 62 71 83 91 96 101 105 110 
0 2 7 13 27 36 40 45 50 62 71 83 91 96 101 106 110 
0 2 7 13 27 40 45 50 55 61 71 76 83 91 96 105 110 
0 2 7 13 27 40 45 50 55 62 71 76 83 91 96 105 110 
0 2 7 13 27 40 45 50 55 62 71 76 83 91 96 106 110 
0 2 7 13 27 40 45 50 62 71 76 83 91 96 101 106 110 
0 2 7 13 28 31 40 45 50 62 76 83 91 96 101 106 110 
0 2 7 14 21 33 40 45 52 55 59 64 71 78 91 98 103 110 
0 2 7 27 31 36 40 45 50 62 83 87 91 96 101 106 110 
0 4 11 18 28 32 40 46 54 61 68 75 86 90 97 105 
0 4 11 18 28 32 40 46 54 61 68 75 86 90 98 105 
0 4 11 18 28 32 40 46 54 61 68 75 86 91 97 105 
0 4 11 18 28 32 40 47 54 61 68 75 86 90 97 105 
0 4 11 18 28 32 40 47 54 61 68 75 86 90 98 105 
0 4 11 18 28 32 40 47 54 61 68 75 86 91 97 105 
0 4 11 18 28 32 40 47 54 61 68 75 86 91 98 105 
0 4 11 18 28 32 40 47 55 61 68 75 86 90 98 105 
0 4 11 18 28 33 40 47 54 61 68 75 86 90 97 105 
0 4 11 18 28 33 40 47 54 61 68 75 86 90 98 105 
0 4 11 18 28 33 40 47 54 61 68 75 86 91 98 105 
0 4 11 18 28 33 40 47 55 61 68 75 86 91 98 105 
