0 2 17 22 25 27 30 35 39 50 63 67 72 91 95 106 110 
0 2 17 22 25 27 30 35 39 50 63 68 72 91 95 106 110 
0 2 17 22 25 27 30 35 39 50 68 72 83 91 95 100 111 
0 2 17 22 25 27 30 35 39 50 68 72 83 91 95 106 110 
0 2 17 22 25 27 30 35 39 50 68 72 83 91 95 106 111 
0 2 17 22 25 27 30 35 39 50 68 72 83 91 96 100 111 
0 2 17 22 25 27 30 35 46 50 63 67 72 91 95 106 110 
0 2 17 22 25 27 30 35 46 50 68 72 83 91 95 100 111 
0 2 17 22 25 27 30 35 46 50 68 72 83 91 95 106 110 
0 2 17 22 25 27 30 35 46 50 68 72 83 91 95 106 111 
0 2 17 22 25 27 30 35 46 50 68 72 83 91 96 100 111 
0 2 17 22 25 27 31 35 46 50 63 67 72 91 95 106 110 
0 2 17 22 25 27 31 35 46 50 63 68 72 91 95 106 110 
0 2 17 22 25 27 31 35 46 50 68 72 83 91 95 106 110 
0 2 17 22 25 28 30 35 39 50 68 72 83 91 95 100 111 
0 2 17 22 25 28 30 35 39 50 68 72 83 91 95 106 110 
0 2 17 22 25 28 30 35 39 50 68 72 83 91 95 106 111 
0 2 17 22 25 28 30 35 39 50 68 72 83 91 96 100 111 
0 2 17 25 27 30 35 39 50 57 63 67 72 90 95 106 110 
0 2 17 25 27 30 35 39 50 57 63 67 72 90 101 105 110 
0 2 17 25 27 30 35 39 50 57 68 72 83 90 95 106 110 
0 2 17 25 27 30 35 39 50 57 68 72 83 90 95 106 111 
0 2 17 25 27 30 35 39 50 57 68 72 83 91 95 106 110 
0 2 17 25 27 30 35 39 50 57 68 72 83 91 95 106 111 
0 2 17 25 27 30 35 46 50 57 63 67 72 90 95 106 110 
0 2 17 25 27 30 35 46 50 57 63 67 72 90 101 105 110 
0 2 17 25 27 30 35 46 50 57 63 67 72 90 101 106 110 
0 2 17 25 27 30 35 46 50 57 63 67 72 91 95 106 110 
0 2 17 25 27 31 35 46 50 57 63 67 72 90 95 106 110 
0 2 17 25 27 31 35 46 50 57 63 67 72 90 101 105 110 
0 2 17 25 27 31 35 46 50 57 63 67 72 90 101 106 110 
0 2 17 25 27 31 35 46 50 57 63 67 72 91 95 106 110 
0 2 17 25 27 31 35 46 50 57 68 72 83 90 95 106 110 
0 2 17 25 27 31 35 46 50 57 68 72 83 90 95 106 111 
0 2 17 25 27 31 35 46 50 57 68 72 83 91 95 106 110 
0 2 17 25 27 31 35 46 50 57 68 72 83 91 95 106 111 
0 3 7 11 22 30 41 45 49 55 60 64 68 79 88 99 103 107 
0 3 7 13 23 30 34 45 49 56 63 67 72 90 101 105 110 
0 3 7 13 23 30 34 45 49 56 63 67 72 90 101 106 110 
0 3 7 13 23 30 34 45 49 56 63 68 72 90 101 105 110 
0 3 7 13 23 30 34 45 49 56 63 68 72 90 101 106 110 
0 3 7 13 23 30 34 45 49 56 68 72 83 96 100 111 
0 3 7 13 23 30 34 45 49 57 63 67 72 90 101 105 110 
0 3 7 13 23 30 34 45 49 57 63 67 72 90 101 106 110 
0 3 7 13 23 30 34 45 49 57 63 68 72 90 101 105 110 
0 3 7 13 23 30 34 45 49 57 63 68 72 90 101 106 110 
0 3 7 13 23 30 41 45 49 56 58 62 67 78 90 101 105 
0 3 7 13 23 30 41 45 49 56 58 62 67 78 96 100 105 
0 3 7 13 23 30 41 45 49 56 58 62 67 78 96 101 105 
0 3 7 13 23 30 41 45 49 56 58 63 67 78 90 101 105 
0 3 7 13 23 30 41 45 49 56 58 63 67 78 96 100 105 
0 3 7 13 23 30 41 45 49 56 58 63 67 78 96 101 105 
0 3 7 13 23 30 41 45 49 56 63 67 72 90 101 105 110 
0 3 7 13 23 30 41 45 49 56 63 67 72 90 101 106 110 
0 3 7 13 23 30 41 45 49 56 68 72 83 96 100 111 
0 3 7 13 23 30 41 45 49 57 58 62 67 78 90 101 105 
0 3 7 13 23 30 41 45 49 57 63 67 72 90 101 105 110 
0 3 7 13 23 30 41 45 49 57 63 67 72 90 101 106 110 
0 3 7 18 22 26 30 41 45 63 67 72 91 95 106 110 
0 3 7 18 22 26 30 41 45 63 68 72 91 95 106 110 
0 3 7 18 22 26 30 41 45 68 72 83 91 96 100 111 
0 3 7 18 22 30 34 45 49 63 67 72 91 95 106 110 
0 3 8 13 23 26 30 41 45 56 58 62 67 78 96 100 105 
0 3 8 13 23 26 30 41 45 56 58 62 67 78 96 101 105 
0 3 8 13 23 26 30 41 45 56 58 63 67 78 96 101 105 
0 3 8 13 23 26 30 41 45 56 68 72 83 96 100 111 
0 3 8 13 23 30 34 45 49 56 63 67 72 90 101 105 110 
0 3 8 13 23 30 34 45 49 56 63 67 72 90 101 106 110 
0 3 8 13 23 30 34 45 49 57 63 67 72 90 101 105 110 
0 3 8 13 23 30 34 45 49 57 63 67 72 90 101 106 110 
0 3 8 13 23 30 41 45 49 56 58 62 67 78 90 101 105 
0 3 8 13 23 30 41 45 49 56 58 62 67 78 96 100 105 
0 3 8 13 23 30 41 45 49 56 58 62 67 78 96 101 105 
0 3 8 13 23 30 41 45 49 56 58 63 67 78 90 101 105 
0 3 8 13 23 30 41 45 49 56 58 63 67 78 96 100 105 
0 3 8 13 23 30 41 45 49 56 58 63 67 78 96 101 105 
0 3 8 13 23 30 41 45 49 56 63 67 78 90 101 105 110 
0 3 8 13 23 30 41 45 49 56 63 67 78 90 101 106 110 
0 3 8 13 23 30 41 45 49 57 58 62 67 78 90 101 105 
0 3 8 13 23 30 41 45 49 57 58 63 67 78 90 101 105 
0 3 8 13 23 30 41 45 49 57 63 67 78 90 101 105 110 
0 3 8 13 23 30 41 45 49 57 63 67 78 90 101 106 110 
0 3 8 13 23 30 41 45 50 56 58 62 67 78 90 101 105 
0 3 8 13 23 30 41 45 50 56 58 62 67 78 96 100 105 
0 3 8 13 23 30 41 45 50 56 58 62 67 78 96 101 105 
0 3 8 13 23 30 41 45 50 56 58 63 67 78 90 101 105 
0 3 8 13 23 30 41 45 50 56 58 63 67 78 96 100 105 
0 3 8 13 23 30 41 45 50 56 58 63 67 78 96 101 105 
0 3 8 13 23 30 41 45 50 56 68 72 83 96 100 111 
0 3 8 13 23 30 41 45 50 57 58 62 67 78 90 101 105 
0 3 8 13 23 30 41 45 50 57 58 63 67 78 90 101 105 
0 3 8 13 23 30 41 45 50 57 63 67 72 90 101 105 110 
0 3 8 13 23 30 41 45 50 57 63 67 72 90 101 106 110 
0 3 8 13 23 30 41 45 50 57 63 67 78 90 101 105 110 
0 3 8 13 23 30 41 45 50 57 63 67 78 90 101 106 110 
0 3 8 13 23 30 41 45 50 57 63 68 72 90 101 105 110 
0 3 8 13 23 30 41 45 50 57 63 68 72 90 101 106 110 
0 3 8 19 23 26 30 41 45 56 58 62 67 78 96 101 105 
0 3 8 19 23 26 30 41 45 56 58 63 67 78 96 101 105 
0 3 8 19 23 26 30 41 45 57 58 63 67 78 96 101 105 
0 3 8 19 23 26 30 41 45 57 58 63 67 78 97 101 105 
0 4 8 12 19 24 37 41 46 57 59 63 68 79 97 101 106 
0 4 8 12 19 24 37 41 46 57 59 63 68 79 97 102 106 
0 4 8 12 19 24 37 41 46 57 59 63 74 78 97 101 106 
0 4 8 12 19 24 37 41 46 57 59 63 74 79 97 101 106 
0 4 8 17 25 30 35 46 50 57 63 67 72 90 101 106 110 
0 4 8 19 23 26 30 41 45 57 58 63 67 78 97 101 106 
