0 1 5 8 14 20 32 35 39 59 64 77 91 96 104 109 
0 1 5 9 14 18 22 30 34 39 43 60 64 68 95 99 103 
0 1 5 9 14 18 22 30 35 39 43 60 64 68 95 99 103 
0 1 5 9 14 18 22 34 39 43 60 64 68 77 95 99 103 
0 1 5 9 14 18 22 35 39 43 60 64 68 77 95 99 103 
0 1 5 9 14 18 22 35 39 43 60 64 69 77 95 99 103 
0 1 5 9 14 18 22 35 39 43 64 69 77 95 99 103 108 
0 1 5 9 14 18 30 34 39 43 60 64 68 85 91 95 99 
0 1 5 9 14 18 30 34 39 43 60 64 68 90 95 99 103 
0 1 5 9 14 18 30 34 39 43 60 64 68 90 95 103 109 
0 1 5 9 14 18 30 34 39 43 60 64 68 91 95 99 103 
0 1 5 9 14 18 30 35 39 43 60 64 68 85 91 95 99 
0 1 5 9 14 18 30 35 39 43 60 64 68 90 95 99 103 
0 1 5 9 14 18 30 35 39 43 60 64 68 90 95 103 109 
0 1 5 9 14 18 31 35 39 43 60 64 69 85 91 95 99 
0 1 5 9 14 18 31 35 39 43 64 69 85 91 95 99 108 
0 1 5 9 14 18 34 39 43 60 64 68 77 90 95 99 103 
0 1 5 9 14 18 34 39 43 60 64 68 77 90 95 103 109 
0 1 5 9 14 18 34 39 43 60 64 68 77 91 95 99 103 
0 1 5 9 14 18 35 39 43 60 64 68 77 90 95 99 103 
0 1 5 9 14 18 35 39 43 60 64 68 77 90 95 103 109 
0 1 5 9 14 18 35 39 43 60 64 68 77 91 95 99 103 
0 1 5 9 14 18 35 39 43 60 64 69 77 85 91 95 99 
0 1 5 9 14 18 35 39 43 60 64 69 77 90 95 99 103 
0 1 5 9 14 18 35 39 43 60 64 69 77 91 95 99 103 
0 1 5 9 14 18 35 39 43 60 64 69 77 91 95 99 104 
0 1 5 9 14 18 35 39 43 64 69 77 85 91 95 99 108 
0 1 5 9 14 18 35 39 43 64 69 77 91 95 99 103 108 
0 1 5 9 14 22 30 34 39 43 57 60 64 68 95 99 103 
0 1 5 9 14 22 30 35 39 43 57 60 64 68 95 99 103 
0 1 5 9 14 22 34 39 43 57 60 64 68 77 95 99 103 
0 1 5 9 14 22 35 39 43 57 60 64 68 77 95 99 103 
0 1 5 9 14 22 35 39 43 57 60 64 69 77 95 99 103 
0 1 5 9 14 28 30 35 39 57 60 64 79 85 91 95 99 
0 1 5 9 14 28 31 35 39 57 60 64 69 85 91 95 99 
0 1 5 9 14 30 34 39 43 57 60 64 68 85 91 95 99 
0 1 5 9 14 30 34 39 43 57 60 64 68 90 95 99 103 
0 1 5 9 14 30 34 39 43 57 60 64 68 91 95 99 103 
0 1 5 9 14 30 35 39 43 57 60 64 68 85 91 95 99 
0 1 5 9 14 30 35 39 43 57 60 64 68 90 95 99 103 
0 1 5 9 14 30 35 39 43 57 60 64 68 90 95 103 109 
0 1 5 9 14 30 35 39 43 57 60 64 68 91 95 99 103 
0 1 5 9 14 30 35 39 43 57 60 64 69 85 91 95 99 
0 1 5 9 14 30 35 39 43 57 60 64 79 85 91 95 99 
0 1 5 9 14 34 39 43 57 60 64 68 77 90 95 103 109 
0 1 5 9 14 34 39 43 57 60 64 68 77 91 95 99 103 
0 1 5 9 14 35 39 43 57 60 64 68 77 90 95 103 109 
0 1 5 9 14 35 39 43 57 60 64 68 77 91 95 99 103 
0 1 5 9 14 35 39 43 57 60 64 69 77 85 91 95 99 
0 1 5 9 14 35 39 43 57 60 64 69 77 91 95 99 103 
0 1 5 9 18 24 30 34 39 43 60 64 68 85 90 95 99 
0 1 5 9 18 24 30 34 39 43 60 64 68 85 91 95 99 
0 1 5 9 18 24 30 34 39 43 60 64 68 90 95 99 103 
0 1 5 9 18 24 30 34 43 49 60 64 68 85 90 95 99 
0 1 5 9 18 24 30 34 43 49 60 64 68 85 90 95 109 
0 1 5 9 18 24 30 34 43 49 60 64 68 85 91 95 99 
0 1 5 9 18 24 30 34 43 49 60 64 68 90 95 99 103 
0 1 5 9 18 24 30 34 43 49 60 64 68 90 95 103 109 
0 1 5 9 18 24 30 34 43 49 60 68 74 90 95 99 112 
0 1 5 9 18 24 30 35 43 49 60 64 68 85 90 95 99 
0 1 5 9 18 24 30 35 43 49 60 64 68 85 90 95 109 
0 1 5 9 18 24 30 35 43 49 60 64 68 90 95 99 103 
0 1 5 9 18 24 30 35 43 49 60 64 68 90 95 103 109 
0 1 5 9 18 24 30 35 43 49 60 64 79 85 90 95 109 
0 1 5 9 24 28 30 35 39 57 60 64 79 85 90 95 99 
0 1 5 9 24 28 30 35 39 57 60 64 79 85 91 95 99 
0 1 5 9 24 28 31 35 39 57 60 64 79 85 90 95 99 
0 1 5 9 24 28 31 35 39 57 60 64 79 90 99 105 112 
0 1 5 9 24 28 31 35 39 57 60 64 79 90 105 109 112 
0 1 5 9 24 30 34 39 43 57 60 64 68 90 95 99 103 
0 1 6 9 14 22 34 42 50 59 62 67 75 86 88 96 104 
0 1 7 14 20 33 39 45 52 55 58 64 71 77 91 97 103 110 
0 3 8 12 16 21 34 39 42 60 65 78 87 92 105 110 
0 3 8 12 16 21 34 39 42 60 65 78 92 97 105 110 
0 3 8 12 16 21 34 39 52 60 65 78 87 92 105 110 
0 3 8 12 16 21 34 39 52 60 65 78 92 97 105 110 
0 3 8 12 16 21 34 39 52 65 70 78 92 97 105 110 
0 3 8 12 16 21 39 44 52 65 70 78 92 97 105 110 
0 3 8 12 21 31 34 39 52 55 65 70 83 92 97 110 
0 3 8 12 21 34 39 52 55 60 65 78 83 92 97 110 
0 3 8 12 21 34 39 52 55 60 65 78 92 97 105 110 
0 3 8 12 21 34 39 52 55 65 70 78 92 97 105 110 
0 3 8 16 21 34 39 47 52 60 65 78 87 92 105 110 
0 3 8 16 21 34 39 47 52 60 65 78 92 97 105 110 
0 3 8 21 34 39 47 52 55 60 65 78 92 97 105 110 
