0 1 5 22 30 34 38 42 46 50 86 92 96 100 104 108 
0 1 5 22 30 38 42 46 50 66 86 92 96 100 104 108 
0 1 5 25 28 34 38 42 46 50 62 86 92 100 104 108 
0 1 5 25 28 38 42 46 50 62 66 86 92 100 104 108 
0 1 5 25 28 38 42 50 62 66 78 86 92 100 104 108 
0 1 5 28 30 34 38 42 46 50 86 92 96 100 104 108 
0 1 5 28 34 38 42 46 50 62 86 92 96 100 104 108 
0 1 5 28 38 42 46 50 62 66 86 92 96 100 104 108 
0 1 7 11 18 22 30 37 41 47 57 60 66 77 85 97 103 107 
0 1 22 30 34 38 42 46 50 86 88 92 96 100 104 108 
0 1 28 30 34 38 42 46 50 86 88 92 96 100 104 108 
0 2 6 10 14 18 22 27 55 59 63 67 71 75 79 112 
0 2 6 10 14 18 27 47 55 59 63 67 71 75 105 112 
0 2 7 13 17 22 31 36 41 60 78 98 103 108 112 
0 2 7 13 22 31 41 49 60 68 78 88 98 103 108 
0 3 7 11 18 22 30 37 41 45 55 60 64 79 85 99 103 107 
0 3 7 11 22 30 41 45 49 55 60 64 68 79 88 99 103 107 
