0 2 7 11 15 27 30 34 51 70 74 78 90 94 98 103 107 111 
0 3 7 11 20 24 30 39 43 47 57 58 62 66 79 99 103 107 
0 3 8 13 17 22 30 35 44 51 66 73 83 89 96 105 110 
0 3 8 13 17 22 30 35 44 51 66 73 83 89 96 106 110 
0 3 8 13 17 22 30 35 44 51 66 73 83 96 101 105 110 
0 3 8 13 17 22 30 35 44 51 66 73 83 96 101 106 110 
0 3 8 13 17 22 30 35 44 51 73 78 83 96 101 105 110 
0 3 8 13 22 30 35 44 51 66 73 83 87 96 101 105 110 
0 3 8 17 22 25 26 30 35 51 73 78 83 96 101 105 110 
0 3 8 17 22 25 26 30 35 51 73 78 83 96 101 106 110 
0 3 8 17 22 25 30 35 44 51 66 73 83 89 96 105 110 
0 3 8 17 22 25 30 35 44 51 66 73 83 89 96 106 110 
0 3 8 17 22 25 30 35 44 51 66 73 83 96 101 105 110 
0 3 8 17 22 25 30 35 44 51 66 73 83 96 101 106 110 
0 3 8 17 22 25 30 35 44 51 73 78 83 96 101 105 110 
0 3 8 17 22 25 30 35 44 51 73 78 83 96 101 106 110 
0 3 8 17 25 26 30 35 51 69 73 78 92 96 101 106 110 
0 3 8 17 25 26 30 35 51 73 78 83 92 96 101 106 110 
0 3 8 22 25 26 30 35 51 64 73 78 83 87 96 101 106 
0 3 8 22 25 26 30 35 51 73 78 83 87 96 101 106 110 
0 3 8 22 25 26 35 42 51 64 73 78 83 87 96 101 106 
0 3 8 22 25 26 35 42 51 64 73 78 83 87 97 101 106 
0 3 8 22 25 30 35 44 51 66 73 83 87 96 101 106 110 
0 3 8 22 25 30 35 44 51 73 78 83 87 96 101 105 110 
0 3 8 22 25 30 35 44 51 73 78 83 87 96 101 106 110 
0 3 8 25 26 30 35 51 73 78 83 87 92 96 101 106 110 
