0 2 5 17 20 23 26 29 44 47 50 53 108 111 
0 2 5 17 20 23 26 29 47 50 53 55 108 111 
0 2 5 17 20 23 26 29 50 53 55 87 108 111 
0 2 5 17 20 23 29 44 47 68 71 93 96 108 111 
0 2 5 17 20 23 29 55 87 90 93 96 108 111 
0 2 5 20 23 26 29 32 47 50 53 55 85 111 
0 2 5 20 23 26 29 32 50 53 55 85 87 111 
0 2 5 20 23 26 29 32 53 55 85 87 90 111 
0 2 5 20 23 26 29 32 55 85 87 90 93 111 
0 2 5 20 23 26 29 44 47 50 53 85 108 111 
0 2 5 23 26 29 32 35 53 55 59 85 87 90 
0 2 5 23 26 29 32 35 55 59 85 87 90 93 
0 2 5 23 26 29 32 50 53 55 59 85 87 111 
0 2 5 23 26 29 32 53 55 59 85 87 90 111 
0 2 5 23 26 29 47 50 53 55 59 85 108 111 
0 2 5 26 29 32 35 38 41 44 47 50 53 
0 2 5 26 29 32 35 55 59 62 85 87 90 93 
0 2 5 26 29 50 53 55 59 62 85 87 108 111 
