0 1 5 9 16 20 24 39 43 57 60 64 75 79 99 
0 1 5 9 16 20 24 39 43 60 64 75 79 85 99 
0 1 5 9 16 20 24 39 57 60 64 71 75 79 99 
0 1 5 9 16 20 24 39 60 64 71 75 79 85 99 
0 1 5 9 16 20 24 41 57 60 64 68 75 79 101 
0 1 5 9 16 20 24 41 57 60 64 71 75 79 97 
0 1 5 9 16 20 24 41 57 60 64 75 79 97 101 
0 1 5 9 17 21 25 51 57 60 64 68 72 76 111 
0 1 5 9 17 21 25 53 57 60 64 68 72 76 109 
0 1 5 9 17 24 25 47 51 57 60 64 68 72 107 
0 1 5 9 17 24 25 47 51 60 64 68 72 85 107 
0 1 5 9 17 24 25 47 57 60 64 68 72 79 107 
0 1 5 9 17 24 25 49 57 60 64 68 72 76 109 
0 1 5 9 17 24 25 49 57 60 64 68 72 79 105 
0 1 5 9 17 24 25 49 57 60 64 68 72 105 109 
0 1 5 9 17 24 25 49 60 64 68 72 85 105 109 
0 1 5 9 17 25 49 53 57 60 64 68 72 105 109 
0 1 5 9 20 24 25 43 47 60 64 68 79 85 103 
0 1 5 9 20 24 25 45 60 64 68 79 85 101 105 
0 1 5 9 20 24 39 43 47 57 60 64 79 99 103 
0 1 5 9 20 24 39 43 47 60 64 79 85 99 103 
0 1 5 9 20 24 39 43 57 60 64 75 79 99 103 
0 1 5 9 20 24 41 45 60 64 68 79 85 101 105 
0 1 5 9 20 24 41 45 60 64 79 85 97 101 105 
0 1 5 9 20 24 43 47 60 64 68 79 85 99 103 
0 1 5 9 24 25 45 49 57 60 64 68 72 105 109 
0 1 5 9 24 25 45 49 57 60 64 68 101 105 109 
0 1 5 9 24 25 45 49 60 64 68 85 101 105 109 
0 1 5 9 24 41 45 49 57 60 64 68 101 105 109 
0 1 5 9 24 41 45 49 60 64 68 85 101 105 109 
0 1 5 10 14 19 35 44 51 57 60 69 78 95 104 111 
0 1 5 10 14 19 35 44 53 57 60 69 78 95 104 109 
0 1 5 10 14 19 35 46 51 57 60 69 78 95 102 111 
0 1 5 10 14 19 35 46 53 57 60 69 78 95 102 109 
0 1 5 10 14 19 37 44 51 57 60 69 78 93 104 111 
0 1 5 10 14 19 37 44 53 57 60 69 78 93 104 109 
0 1 5 10 14 19 37 46 51 57 60 69 78 93 102 111 
0 1 5 10 14 19 37 46 53 57 60 69 78 93 102 109 
0 1 5 10 14 21 35 44 51 57 60 69 76 95 104 111 
0 1 5 10 14 21 35 46 51 57 60 69 76 95 102 111 
0 1 5 10 14 21 35 46 53 57 60 69 76 95 102 109 
0 1 5 10 14 21 37 44 51 57 60 69 76 93 104 111 
0 1 5 10 14 21 37 46 51 57 60 69 76 93 102 111 
0 1 5 10 14 21 37 46 53 57 60 69 76 93 102 109 
0 1 5 10 17 21 35 42 51 57 60 69 76 95 102 111 
0 1 5 10 17 21 35 42 53 57 60 69 76 95 102 109 
0 1 5 10 17 21 35 44 51 57 60 69 76 95 100 111 
0 1 5 10 17 21 35 44 53 57 60 69 76 95 100 109 
0 1 5 10 17 21 37 42 51 57 60 69 76 93 102 111 
0 1 5 10 17 21 37 42 53 57 60 69 76 93 102 109 
0 1 5 10 17 21 37 44 51 57 60 69 76 93 100 111 
0 1 5 10 17 21 37 44 53 57 60 69 76 93 100 109 
0 1 5 10 17 24 35 42 49 57 60 69 76 95 102 109 
0 1 5 10 17 24 35 42 49 60 69 76 85 95 102 109 
0 1 5 10 17 24 35 42 51 57 60 69 76 95 102 107 
0 1 5 10 17 24 35 42 51 60 69 76 85 95 102 107 
0 1 5 10 17 24 35 44 49 57 60 69 76 95 100 109 
0 1 5 10 17 24 35 44 49 60 69 76 85 95 100 109 
0 1 5 10 17 24 35 44 51 57 60 69 76 95 100 107 
0 1 5 10 17 24 35 44 51 60 69 76 85 95 100 107 
0 1 5 10 17 24 37 42 49 57 60 69 76 93 102 109 
0 1 5 10 17 24 37 42 49 60 69 76 85 93 102 109 
0 1 5 10 17 24 37 42 51 57 60 69 76 93 102 107 
0 1 5 10 17 24 37 42 51 60 69 76 85 93 102 107 
0 1 5 10 17 24 37 44 49 57 60 69 76 93 100 109 
0 1 5 10 17 24 37 44 49 60 69 76 85 93 100 109 
0 1 5 10 17 24 37 44 51 57 60 69 76 93 100 107 
0 1 5 10 17 24 37 44 51 60 69 76 85 93 100 107 
0 1 5 10 17 35 42 51 57 60 69 76 95 102 107 111 
0 1 5 10 17 35 44 51 57 60 69 76 95 100 107 111 
0 1 5 10 17 37 42 49 53 57 60 69 76 93 102 109 
0 1 5 10 17 37 42 51 57 60 69 76 93 102 107 111 
0 1 5 10 17 37 44 49 53 57 60 69 76 93 100 109 
0 1 5 10 17 37 44 51 57 60 69 76 93 100 107 111 
0 1 5 10 19 24 35 42 49 57 60 69 74 95 102 109 
0 1 5 10 19 24 35 42 51 57 60 69 74 95 102 107 
0 1 5 10 19 24 35 42 51 60 69 74 85 95 102 107 
0 1 5 10 19 24 35 44 49 57 60 69 74 95 100 109 
0 1 5 10 19 24 35 44 49 60 69 74 85 95 100 109 
0 1 5 10 19 24 35 44 51 57 60 69 74 95 100 107 
0 1 5 10 19 24 35 44 51 60 69 74 85 95 100 107 
0 1 5 10 19 24 37 42 49 60 69 74 85 93 102 109 
0 1 5 10 19 24 37 42 51 57 60 69 74 93 102 107 
0 1 5 10 19 24 37 42 51 60 69 74 85 93 102 107 
0 1 5 10 19 24 37 44 49 60 69 74 85 93 100 109 
0 1 5 10 19 24 37 44 51 57 60 69 74 93 100 107 
0 1 5 10 19 24 37 44 51 60 69 74 85 93 100 107 
0 1 5 10 19 35 42 46 51 57 60 69 78 95 102 111 
0 1 5 10 19 35 42 51 57 60 69 74 78 95 102 111 
0 1 5 10 19 35 42 51 57 60 69 74 95 102 107 111 
0 1 5 10 19 35 42 53 57 60 69 74 78 95 102 109 
0 1 5 10 19 35 44 51 57 60 69 74 78 95 100 111 
0 1 5 10 19 35 44 51 57 60 69 74 95 100 107 111 
0 1 5 10 19 35 44 51 57 60 69 78 95 100 104 111 
0 1 5 10 19 35 44 53 57 60 69 74 78 95 100 109 
0 1 5 10 19 37 42 46 51 57 60 69 78 93 102 111 
0 1 5 10 19 37 42 46 53 57 60 69 78 93 102 109 
0 1 5 10 19 37 42 51 57 60 69 74 78 93 102 111 
0 1 5 10 19 37 42 51 57 60 69 74 93 102 107 111 
0 1 5 10 19 37 42 53 57 60 69 74 78 93 102 109 
0 1 5 10 19 37 44 51 57 60 69 74 78 93 100 111 
0 1 5 10 19 37 44 51 57 60 69 74 93 100 107 111 
0 1 5 10 19 37 44 51 57 60 69 78 93 100 104 111 
0 1 5 10 21 35 42 46 51 57 60 69 76 95 102 111 
0 1 5 10 21 35 44 51 57 60 69 76 95 100 104 111 
0 1 5 10 21 37 42 46 51 57 60 69 76 93 102 111 
0 1 5 10 21 37 44 51 57 60 69 76 93 100 104 111 
0 1 5 13 17 21 37 42 53 57 60 67 76 93 102 109 
0 1 5 13 17 21 37 44 53 57 60 67 76 93 100 109 
0 1 5 13 17 24 35 42 49 57 60 67 76 95 102 109 
0 1 5 13 17 24 35 42 51 57 60 67 76 95 102 107 
0 1 5 13 17 24 35 42 51 60 67 76 85 95 102 107 
0 1 5 13 17 24 35 44 49 57 60 67 76 95 100 109 
0 1 5 13 17 24 35 44 51 57 60 67 76 95 100 107 
0 1 5 13 17 24 35 44 51 60 67 76 85 95 100 107 
0 1 5 13 17 24 37 42 49 60 67 76 85 93 102 109 
0 1 5 13 17 24 37 42 51 57 60 67 76 93 102 107 
0 1 5 13 17 24 37 42 51 60 67 76 85 93 102 107 
0 1 5 13 17 24 37 44 49 60 67 76 85 93 100 109 
0 1 5 13 17 24 37 44 51 57 60 67 76 93 100 107 
0 1 5 13 17 24 37 44 51 60 67 76 85 93 100 107 
0 1 5 13 17 35 42 51 57 60 67 76 95 102 107 111 
0 1 5 13 17 35 44 51 57 60 67 76 95 100 107 111 
0 1 5 13 17 37 42 49 53 57 60 67 76 93 102 109 
0 1 5 13 17 37 42 51 57 60 67 76 93 102 107 111 
0 1 5 13 17 37 44 51 57 60 67 76 93 100 107 111 
0 1 5 13 19 24 35 44 51 60 67 74 85 95 100 107 
0 1 5 13 19 24 37 42 49 60 67 74 85 93 102 109 
0 1 5 13 19 24 37 42 51 60 67 74 85 93 102 107 
0 1 5 13 19 24 37 44 49 60 67 74 85 93 100 109 
0 1 5 13 19 24 37 44 51 60 67 74 85 93 100 107 
0 1 5 13 19 35 42 51 57 60 67 74 78 95 102 111 
0 1 5 13 19 35 42 51 57 60 67 74 95 102 107 111 
0 1 5 13 19 35 44 51 57 60 67 71 78 95 104 111 
0 1 5 13 19 37 42 51 57 60 67 74 78 93 102 111 
0 1 5 13 19 37 42 51 57 60 67 74 93 102 107 111 
0 1 5 13 19 37 42 53 57 60 67 74 78 93 102 109 
0 1 5 13 19 37 44 51 57 60 67 74 93 100 107 111 
0 1 5 13 19 37 44 51 57 60 67 78 93 100 104 111 
0 1 5 13 19 37 44 51 57 60 71 78 93 97 104 111 
0 1 5 13 19 37 44 53 57 60 67 78 93 100 104 109 
0 1 5 13 19 37 44 53 57 60 71 78 93 97 104 109 
0 1 5 13 19 37 46 51 57 60 71 78 93 97 102 111 
0 1 5 13 19 37 46 53 57 60 71 78 93 97 102 109 
0 1 5 13 21 37 44 51 57 60 67 76 93 100 104 111 
0 1 5 13 21 37 44 53 57 60 67 76 93 100 104 109 
0 1 5 14 19 37 44 51 57 60 69 78 93 97 104 111 
0 1 5 14 19 37 44 53 57 60 69 78 93 97 104 109 
0 1 5 14 19 37 46 51 57 60 69 78 93 97 102 111 
0 1 5 14 19 37 46 53 57 60 69 78 93 97 102 109 
0 1 5 14 21 37 44 51 57 60 69 76 93 97 104 111 
0 1 5 14 21 37 44 53 57 60 69 76 93 97 104 109 
0 1 5 14 21 37 46 51 57 60 69 76 93 97 102 111 
0 1 5 14 21 37 46 53 57 60 69 76 93 97 102 109 
0 1 6 10 15 19 24 33 42 51 65 74 85 89 98 107 
0 1 6 10 15 24 33 42 47 51 65 74 85 89 98 107 
0 1 6 10 17 24 33 42 49 65 69 76 85 89 102 109 
0 1 6 10 17 24 33 42 51 65 69 76 85 89 102 107 
0 1 6 10 19 24 33 42 49 65 69 74 85 89 102 109 
0 1 6 10 19 24 33 42 49 65 74 85 89 98 102 109 
0 1 6 10 19 24 33 42 51 65 69 74 85 89 102 107 
0 1 6 10 19 24 33 42 51 65 74 85 89 98 102 107 
0 1 6 15 24 31 38 42 47 51 65 74 85 91 98 107 
0 1 6 15 24 31 38 47 51 65 70 85 91 98 103 107 
0 1 6 15 24 31 40 47 51 65 70 85 91 96 103 107 
0 1 6 15 24 33 38 42 47 51 65 74 85 89 98 107 
0 1 6 15 24 33 38 47 51 65 70 74 85 89 98 107 
0 1 6 15 24 33 38 47 51 65 70 85 89 98 103 107 
0 1 6 15 24 33 40 47 51 65 70 85 89 96 103 107 
0 1 6 19 24 33 38 42 51 65 74 85 89 98 102 107 
0 1 8 13 19 35 44 51 57 60 67 74 91 100 107 111 
0 1 8 13 21 35 44 51 57 60 67 76 91 100 104 111 
0 1 8 15 24 33 40 47 51 63 70 85 89 96 103 107 
0 1 10 15 24 33 42 47 51 65 74 85 89 93 98 107 
0 3 7 11 15 19 24 26 51 58 62 66 70 74 107 
0 3 7 11 15 19 24 30 51 57 62 66 70 74 107 
0 3 7 11 15 19 24 51 57 58 62 66 70 74 107 
0 3 7 11 15 19 30 51 57 62 66 70 74 107 111 
0 3 7 11 15 20 24 30 47 57 62 66 70 79 103 
0 3 7 11 15 20 24 47 57 58 62 66 70 79 103 
0 3 7 11 15 24 30 47 51 57 62 66 70 74 107 
0 3 7 11 15 24 30 47 51 57 62 66 70 103 107 
0 3 7 11 15 24 30 47 57 62 66 70 79 103 107 
0 3 7 11 20 24 30 43 47 57 62 66 70 79 103 
0 3 7 11 20 24 30 43 47 57 62 66 79 99 103 
0 3 7 11 24 30 43 47 57 62 66 79 99 103 107 
