0 1 5 10 14 35 44 49 53 58 67 76 98 102 107 111 
0 1 5 10 15 23 28 29 44 58 67 72 76 91 98 107 
0 1 5 10 15 28 35 44 49 58 67 76 98 102 107 111 
0 1 5 10 15 28 40 44 49 58 67 72 86 98 102 107 
0 1 5 10 15 28 44 49 58 67 72 76 86 98 102 107 
0 1 5 10 15 28 44 49 58 67 72 76 91 98 102 107 
0 1 5 10 15 28 44 49 58 67 72 76 98 102 107 111 
0 1 5 10 15 35 44 49 53 58 67 76 98 102 107 111 
0 1 5 10 35 39 44 49 53 58 67 93 98 102 107 111 
0 1 5 10 35 40 44 49 53 58 67 93 98 102 107 111 
0 1 5 10 35 44 49 53 58 67 76 93 98 102 107 111 
0 1 5 13 30 35 40 44 53 58 74 88 93 98 102 106 
0 1 5 14 23 35 44 48 53 58 66 76 88 98 106 111 
0 1 5 14 35 44 48 53 58 66 76 88 98 102 106 111 
0 1 5 14 35 44 48 53 58 67 76 88 98 102 106 111 
0 1 5 14 35 44 48 53 58 67 76 88 98 102 107 111 
0 1 5 14 35 44 49 53 58 67 76 88 98 102 106 111 
0 1 5 14 35 44 49 53 58 67 76 88 98 102 107 111 
0 1 5 14 35 44 49 53 58 67 76 89 98 102 107 111 
0 1 5 15 28 35 40 44 49 58 67 86 89 98 102 107 
0 1 5 15 28 35 44 49 58 67 76 88 98 102 106 111 
0 1 5 15 28 35 44 49 58 67 76 88 98 102 107 111 
0 1 5 15 28 36 40 44 49 58 67 86 89 98 102 107 
0 1 5 15 28 40 44 49 58 67 72 86 89 98 102 107 
0 1 5 15 35 40 44 49 53 58 67 86 89 98 102 107 
0 1 5 15 35 44 49 53 58 67 76 88 98 102 107 111 
0 1 5 30 35 39 44 48 53 58 88 93 98 102 106 111 
0 1 5 30 35 39 44 49 53 58 88 93 98 102 106 111 
0 1 5 30 35 40 44 48 53 58 88 93 98 102 106 111 
0 1 5 35 39 44 49 53 58 67 88 93 98 102 106 111 
0 1 5 35 39 44 49 53 58 67 88 93 98 102 107 111 
0 1 5 35 39 44 49 53 58 67 89 93 98 102 107 111 
0 1 5 35 40 44 49 53 58 67 88 93 98 102 106 111 
0 1 5 35 40 44 49 53 58 67 88 93 98 102 107 111 
0 1 5 35 40 44 49 53 58 67 89 93 98 102 107 111 
0 1 6 10 15 28 40 44 49 58 67 72 86 98 102 107 
0 1 6 10 35 40 44 49 53 58 67 93 98 102 107 111 
0 1 6 15 28 35 40 44 49 58 67 86 89 98 102 107 
0 1 6 15 28 35 40 45 49 58 67 86 89 98 102 107 
0 1 6 15 28 40 44 49 58 67 72 86 89 98 102 107 
0 1 6 15 28 40 45 49 58 67 72 86 89 98 102 107 
0 1 6 15 35 40 45 49 53 58 67 86 89 98 102 107 
0 1 6 35 40 44 49 53 58 67 88 93 98 102 107 111 
0 1 10 15 28 31 40 44 49 55 58 72 86 98 102 107 
0 1 10 15 28 40 44 49 55 58 67 72 86 98 102 107 
0 1 10 35 40 44 49 53 55 58 67 93 98 102 107 111 
0 1 28 31 35 40 44 49 55 58 86 89 93 98 102 107 
0 1 28 31 35 40 44 49 55 58 86 89 94 98 102 107 
0 1 28 31 35 40 44 49 55 58 88 93 98 102 107 111 
0 1 28 31 35 40 44 49 55 58 89 93 98 102 107 111 
0 1 28 31 36 40 44 49 55 58 86 89 94 98 102 107 
0 1 31 35 40 44 49 53 55 58 89 93 98 102 107 111 
0 7 12 15 22 34 41 49 60 68 76 88 96 103 111 
