0 1 5 9 14 18 22 40 44 55 58 62 75 79 94 98 
0 1 5 9 15 19 40 51 55 58 62 66 72 76 98 109 
0 1 5 9 15 19 40 51 55 58 62 72 76 94 98 109 
0 1 5 9 15 19 41 45 51 55 58 62 66 76 99 109 
0 1 5 9 15 19 41 51 55 58 62 66 72 76 99 109 
0 1 5 9 15 22 40 47 55 58 62 66 72 79 98 105 
0 1 5 9 15 22 40 47 55 58 62 72 79 94 98 105 
0 1 5 9 15 22 41 47 55 58 62 66 72 79 99 105 
0 1 5 9 15 40 47 51 55 58 62 66 72 98 105 109 
0 1 5 9 15 40 47 51 55 58 62 72 94 98 105 109 
0 1 5 9 15 41 47 51 55 58 62 66 72 99 105 109 
0 1 5 9 16 20 41 51 55 58 62 66 73 77 99 109 
0 1 5 9 16 20 41 51 55 58 62 66 73 99 105 109 
0 1 5 9 16 22 41 47 55 58 62 66 73 79 99 105 
0 1 5 9 16 22 41 48 55 58 62 66 73 79 99 106 
0 1 5 9 17 22 25 48 52 55 58 62 66 70 102 106 
0 1 5 9 17 25 48 52 55 58 62 66 70 74 106 110 
0 1 5 9 17 25 48 52 55 58 62 66 70 102 106 110 
0 1 5 9 18 22 40 44 48 55 58 62 66 79 98 102 
0 1 5 9 18 22 40 44 48 55 58 62 79 94 98 102 
0 1 5 9 18 22 40 44 55 58 62 66 75 79 98 102 
0 1 5 9 19 25 44 51 55 58 62 66 70 76 102 109 
0 1 5 9 19 25 44 51 55 58 62 66 76 98 102 109 
0 1 5 9 19 25 45 51 55 58 62 66 70 76 103 109 
0 1 5 9 19 40 44 51 55 58 62 66 76 98 102 109 
0 1 5 9 19 40 44 51 55 58 62 76 94 98 102 109 
0 1 5 9 20 25 45 51 55 58 62 66 70 77 103 109 
0 1 5 9 22 25 44 48 52 55 58 62 66 70 102 106 
0 1 5 9 22 25 44 48 52 55 58 62 66 98 102 106 
0 1 5 9 22 25 44 48 55 58 62 66 70 79 102 106 
0 1 5 9 22 25 44 48 55 58 62 66 79 98 102 106 
0 1 5 9 22 40 44 48 52 55 58 62 66 70 102 106 
0 1 5 9 22 40 44 48 52 55 58 62 66 98 102 106 
0 1 5 9 22 40 44 48 52 55 58 62 94 98 102 106 
0 1 5 9 22 40 44 48 55 58 62 66 79 98 102 106 
0 1 5 9 22 40 44 48 55 58 62 79 94 98 102 106 
0 1 5 9 22 40 44 55 58 62 75 79 94 98 102 106 
0 1 5 9 25 44 48 52 55 58 62 66 70 102 106 110 
0 1 5 9 25 44 48 52 55 58 62 66 98 102 106 110 
0 1 5 9 40 44 48 52 55 58 62 66 98 102 106 110 
0 1 5 9 40 44 48 52 55 58 62 94 98 102 106 110 
0 1 5 9 40 44 48 55 58 62 79 94 98 102 106 110 
0 1 5 10 14 20 36 40 46 52 55 58 71 77 90 94 104 110 
0 1 5 11 15 22 36 47 55 58 62 68 72 79 94 105 
0 1 5 11 15 22 36 47 55 58 68 72 79 90 94 105 
0 1 5 11 15 22 37 41 47 55 58 62 72 79 95 105 
0 1 5 11 15 22 37 47 55 58 62 68 72 79 95 105 
0 1 5 11 17 36 42 48 52 55 58 62 68 74 94 100 106 110 
0 1 5 11 17 36 42 48 52 55 58 68 74 90 94 100 106 110 
0 1 5 11 20 36 42 46 52 55 58 62 68 77 94 100 104 110 
0 1 5 11 22 36 43 47 55 58 62 68 79 94 101 105 
0 1 5 11 22 37 43 47 55 58 62 68 79 95 101 105 
0 1 5 13 16 37 47 51 55 58 62 69 73 95 105 109 
0 1 5 13 19 37 44 51 55 58 62 69 76 95 102 109 
0 1 5 13 22 37 44 48 55 58 62 69 79 95 102 106 
0 1 5 14 20 36 40 46 52 55 58 62 71 77 94 98 104 110 
0 1 5 14 20 36 40 46 52 55 58 71 77 90 94 98 104 110 
0 1 5 22 36 40 44 48 52 55 58 62 94 98 102 106 
0 1 5 22 36 40 44 48 52 55 58 90 94 98 102 106 
0 1 5 22 36 40 44 48 55 58 62 79 94 98 102 106 
0 1 5 36 40 44 48 52 55 58 62 94 98 102 106 110 
0 1 5 36 40 44 48 52 55 58 90 94 98 102 106 110 
0 1 5 36 40 44 48 55 58 79 90 94 98 102 106 110 
0 1 7 11 17 33 42 48 52 55 58 64 68 74 91 100 106 110 
0 1 7 11 20 33 42 46 52 55 58 64 68 77 91 100 104 110 
0 1 7 14 20 32 39 45 51 55 58 64 71 77 90 97 103 109 
0 1 7 14 20 32 39 46 52 55 58 64 71 77 90 97 104 110 
0 1 7 14 20 33 39 45 52 55 58 64 71 77 91 97 103 110 
0 1 7 20 32 38 42 46 52 55 58 64 77 90 96 100 104 110 
0 1 32 36 40 44 48 52 55 58 90 94 98 102 106 110 
