0 1 5 9 14 18 23 31 35 40 44 48 53 70 74 94 
0 1 5 9 14 18 23 31 35 40 44 49 53 70 79 90 
0 1 5 9 14 18 23 31 35 40 44 49 53 70 90 94 
0 1 5 9 14 18 23 31 35 40 44 53 63 70 90 94 
0 1 5 9 14 18 23 31 40 44 53 63 70 90 94 107 
0 1 5 9 14 18 23 31 40 44 53 63 70 90 94 108 
0 1 5 9 14 18 23 35 40 44 48 53 70 90 94 103 
0 1 5 9 14 18 23 35 40 44 49 53 70 79 90 103 
0 1 5 9 14 18 23 35 40 44 49 53 70 90 94 103 
0 1 5 9 14 18 23 35 40 44 53 63 70 90 94 103 
0 1 5 9 14 18 23 40 44 53 63 70 90 94 103 107 
0 1 5 9 14 18 23 40 44 53 63 70 90 94 103 108 
0 1 5 9 14 19 23 31 35 40 44 49 53 70 79 90 
0 1 5 9 14 19 23 31 35 40 44 49 53 70 90 94 
0 1 5 9 14 19 23 31 40 44 49 53 70 90 94 108 
0 1 5 9 14 19 23 31 40 44 53 63 70 90 94 108 
0 1 5 9 14 23 31 35 40 44 49 53 61 70 74 79 
0 1 5 9 14 23 31 35 40 44 49 53 61 70 74 94 
0 1 5 9 14 23 31 35 40 44 49 53 61 70 75 79 
0 1 5 9 14 23 31 35 40 44 49 53 61 70 75 94 
0 1 5 9 14 23 31 35 40 44 49 53 61 70 79 90 
0 1 5 9 14 23 31 35 40 44 49 53 61 70 90 94 
0 1 5 10 14 19 23 31 35 40 44 49 53 70 79 90 
0 1 5 10 14 19 23 31 40 44 49 53 70 79 90 108 
0 1 5 10 14 19 23 31 40 44 49 53 70 90 94 108 
0 1 5 10 14 19 23 31 40 44 49 53 70 90 95 108 
0 1 5 10 14 19 23 31 40 44 53 63 70 90 94 108 
0 1 5 10 14 23 31 35 40 44 49 53 61 70 79 90 
0 1 5 14 18 23 31 35 40 44 49 53 70 79 90 110 
0 1 5 14 18 23 35 40 44 49 53 70 79 90 103 110 
0 1 5 14 18 31 35 40 44 49 53 66 70 79 90 110 
0 1 5 14 18 31 35 40 44 49 66 70 79 90 97 110 
0 1 5 14 18 35 40 44 49 66 70 79 90 97 103 110 
0 1 5 14 23 31 35 40 44 49 53 61 70 79 90 110 
0 1 8 14 21 31 40 44 53 61 66 70 75 93 106 110 
0 1 8 14 21 31 40 44 61 66 70 75 93 97 106 110 
0 1 9 14 23 31 35 40 44 49 53 61 70 75 94 106 
0 2 5 9 16 23 33 39 44 47 53 63 70 85 94 101 108 
0 2 5 9 16 23 33 40 44 47 53 63 70 85 94 101 108 
0 2 9 15 22 32 39 45 52 62 69 75 85 87 93 100 107 
0 2 9 15 22 32 39 45 52 62 69 76 85 87 93 100 107 
0 2 9 15 22 32 39 46 52 62 69 76 85 87 93 100 107 
0 2 9 15 22 32 39 46 52 62 69 76 85 87 94 100 107 
