0 1 4 14 19 30 41 45 67 70 79 87 91 96 100 110 
0 1 4 14 19 30 41 45 67 70 83 87 91 96 100 110 
0 1 5 9 14 18 30 34 59 74 78 91 100 104 108 
0 1 5 28 30 34 38 42 46 50 58 86 88 92 96 100 104 108 
0 1 5 28 34 38 42 46 50 58 66 86 88 92 96 100 104 108 
0 1 7 13 18 30 34 38 45 50 55 76 83 89 96 100 104 108 
0 1 7 13 18 30 34 39 45 50 56 72 76 83 89 96 100 104 
0 1 7 13 18 34 39 45 50 56 66 72 76 83 89 96 100 104 
0 1 7 13 28 30 34 38 45 50 55 76 83 89 96 100 104 108 
0 1 7 13 28 30 34 39 45 50 56 72 76 83 89 96 100 104 
0 1 7 13 28 34 39 45 50 56 66 72 76 83 89 96 100 104 
0 1 28 30 34 38 42 46 50 55 58 86 88 92 96 100 104 108 
0 2 6 10 14 21 33 52 55 59 64 71 75 79 88 98 103 112 
0 2 7 14 18 22 27 30 40 45 55 63 67 71 78 91 95 110 
0 2 7 14 18 22 27 30 40 45 63 67 71 78 91 95 106 110 
0 2 7 14 18 22 27 40 45 51 59 63 67 71 78 91 105 110 
0 2 7 14 18 22 27 40 45 51 59 63 67 71 78 91 106 110 
0 2 7 14 18 22 30 34 40 45 55 63 67 71 83 91 96 110 
0 2 7 14 21 33 40 45 52 55 59 64 71 78 91 98 103 110 
0 3 7 13 18 22 30 34 45 50 56 68 72 76 83 89 96 100 
0 3 7 13 18 22 30 34 45 50 56 68 72 76 83 96 100 110 
0 3 7 13 18 22 30 34 45 50 56 68 72 76 83 96 100 111 
0 3 7 13 18 22 30 34 45 50 56 72 76 83 89 96 100 104 
0 3 7 13 18 22 30 34 45 50 56 72 76 83 96 100 104 110 
0 3 7 13 18 22 30 34 45 50 56 72 76 83 96 100 104 111 
0 3 7 13 18 23 26 30 41 45 50 68 72 83 96 100 106 111 
0 3 7 13 18 23 26 30 45 50 56 68 72 76 83 96 100 110 
0 3 7 13 18 23 26 30 45 50 56 68 72 76 83 96 100 111 
0 3 7 13 18 23 26 30 45 50 68 72 76 83 96 100 106 110 
0 3 7 13 18 23 26 30 45 50 68 72 76 83 96 100 106 111 
0 3 7 13 18 23 30 34 45 50 56 68 72 76 83 89 96 100 
0 3 7 13 18 23 30 34 45 50 56 68 72 76 83 96 100 110 
0 3 7 13 18 23 30 34 45 50 56 68 72 76 83 96 100 111 
0 3 7 13 18 23 30 35 45 50 56 68 72 76 83 89 96 100 
0 3 7 13 18 23 30 35 45 50 56 68 72 76 83 96 100 111 
0 3 7 13 19 23 30 35 45 50 56 68 72 76 83 89 96 100 
0 3 7 13 19 23 30 35 45 50 56 68 72 76 83 96 100 111 
0 3 7 13 22 28 30 34 45 50 56 72 76 83 89 96 100 104 
0 3 7 13 22 28 30 34 45 50 56 72 76 83 96 100 104 110 
0 3 7 13 22 28 30 34 45 50 56 72 76 83 96 100 104 111 
0 3 7 13 23 28 30 35 45 50 56 68 72 76 83 96 100 111 
0 3 7 14 18 22 26 30 41 45 63 67 72 83 91 96 106 111 
0 3 7 14 18 22 26 30 41 45 63 68 72 83 91 96 106 111 
0 3 7 14 18 22 26 30 45 56 63 68 72 76 83 91 96 110 
0 3 7 14 18 22 27 40 45 51 59 63 67 71 78 91 106 110 
0 3 7 14 18 22 27 40 45 51 59 63 67 72 78 91 106 110 
0 3 7 14 18 23 26 30 41 45 63 68 72 83 91 96 106 111 
0 3 7 14 18 23 26 30 41 45 64 68 72 83 91 96 106 111 
0 3 7 14 18 23 26 30 41 45 68 72 83 91 96 100 106 111 
0 3 7 14 18 26 30 41 45 63 68 72 83 91 96 102 106 111 
0 3 7 18 22 30 34 40 45 49 67 72 83 91 95 100 106 110 
0 3 7 18 22 30 34 40 45 49 67 72 83 91 96 100 106 110 
0 3 7 18 22 30 34 40 45 49 67 72 85 91 95 100 106 110 
0 3 8 13 18 23 26 30 41 45 50 56 68 72 83 96 100 111 
0 3 8 13 18 23 26 30 41 45 50 68 72 83 96 100 106 111 
0 3 8 13 18 23 30 35 41 45 50 56 68 72 83 96 100 111 
0 3 8 13 18 23 30 35 45 50 56 68 72 77 83 96 100 111 
0 3 8 14 18 26 30 41 45 56 63 68 72 83 91 96 102 111 
