0 2 5 10 17 20 28 34 39 44 49 54 58 68 76 93 98 111 
0 2 5 10 17 20 28 34 39 44 49 54 58 68 88 93 98 111 
0 2 5 10 17 20 28 39 44 49 54 58 68 76 93 98 103 111 
0 2 5 10 17 20 28 39 44 49 54 58 68 88 93 98 103 111 
0 2 5 10 17 22 28 31 39 44 49 54 58 76 93 98 103 111 
0 2 5 10 17 22 28 31 39 44 49 54 58 88 93 98 103 111 
0 2 5 10 17 22 31 39 44 49 54 58 65 76 93 98 103 111 
0 2 5 10 17 28 31 34 39 44 49 54 58 68 76 93 98 111 
0 2 5 10 17 28 31 34 39 44 49 54 58 68 88 93 98 111 
0 2 5 10 17 28 31 39 44 49 54 58 68 76 93 98 103 111 
0 2 5 10 17 28 31 39 44 49 54 58 68 88 93 98 103 111 
0 2 5 10 17 31 39 44 49 54 58 65 68 76 93 98 103 111 
0 2 5 10 17 31 39 44 49 54 58 65 68 88 93 98 103 111 
0 2 5 10 20 28 29 34 39 44 49 54 58 63 68 76 93 111 
0 2 5 10 20 28 29 34 39 44 49 54 58 63 68 88 93 111 
0 2 5 10 20 28 29 39 44 49 54 58 63 68 76 93 103 111 
0 2 5 10 20 28 29 39 44 49 54 58 63 68 88 93 103 111 
0 2 5 10 20 28 34 39 44 49 54 58 63 68 76 93 98 111 
0 2 5 10 20 28 34 39 44 49 54 58 63 68 88 93 98 111 
0 2 5 10 20 28 39 44 49 54 58 63 68 76 93 98 103 111 
0 2 5 10 20 28 39 44 49 54 58 63 68 88 93 98 103 111 
0 2 5 10 20 29 34 39 44 49 54 58 63 68 76 93 101 111 
0 2 5 10 20 29 34 39 44 49 54 58 63 68 88 93 101 111 
0 2 5 10 20 34 39 44 49 54 58 63 68 76 93 98 101 111 
0 2 5 10 20 34 39 44 49 54 58 63 68 88 93 98 101 111 
0 2 5 10 22 28 31 39 44 49 54 58 63 76 93 98 103 111 
0 2 5 10 22 28 31 39 44 49 54 58 63 88 93 98 103 111 
0 2 5 10 28 31 34 39 44 49 54 58 63 68 88 93 98 111 
0 2 5 10 28 31 39 44 49 54 58 63 68 76 93 98 103 111 
0 2 5 10 28 31 39 44 49 54 58 63 68 88 93 98 103 111 
0 2 5 13 17 22 28 31 39 44 49 54 78 88 93 98 103 111 
0 2 5 13 17 22 28 31 39 44 51 54 60 78 88 93 103 111 
0 2 5 13 17 22 28 31 39 44 54 60 78 88 93 98 103 111 
0 2 5 13 17 22 31 39 44 49 54 65 78 88 93 98 103 111 
0 2 5 13 17 22 31 39 44 51 54 60 65 78 88 93 103 111 
0 2 5 13 17 22 31 39 44 54 60 65 78 88 93 98 103 111 
0 2 5 13 17 22 39 44 51 54 60 65 78 88 93 100 103 111 
0 2 5 13 17 28 31 34 39 44 49 54 68 78 88 93 98 111 
0 2 5 13 17 28 31 34 39 44 54 60 68 78 88 93 98 111 
0 2 5 13 17 28 31 39 44 49 54 68 78 88 93 98 103 111 
0 2 5 13 17 28 31 39 44 51 54 60 68 78 88 93 103 111 
0 2 5 13 17 28 31 39 44 54 60 68 78 88 93 98 103 111 
0 2 5 13 17 31 39 44 49 54 65 68 78 88 93 98 103 111 
0 2 5 13 20 28 34 39 44 49 54 63 68 78 88 93 98 111 
0 2 5 13 20 28 34 39 44 54 60 63 68 78 88 93 98 111 
0 2 5 13 20 28 39 44 49 54 63 68 78 88 93 98 103 111 
0 2 5 13 20 28 39 44 54 60 63 68 78 88 93 98 103 111 
0 2 5 13 20 34 39 44 49 54 63 68 78 88 93 98 101 111 
0 2 5 13 20 34 39 44 54 60 63 68 78 88 93 98 101 111 
0 2 5 13 22 28 31 39 44 49 54 63 78 88 93 98 103 111 
0 2 5 13 28 31 34 39 44 49 54 63 68 78 88 93 98 111 
0 2 5 13 28 31 34 39 44 54 60 63 68 78 88 93 98 111 
0 2 5 13 28 31 39 44 49 54 63 68 78 88 93 98 103 111 
0 2 5 17 20 28 34 39 44 49 54 58 68 78 88 93 98 111 
0 2 5 17 28 31 34 39 44 49 54 58 68 78 88 93 98 111 
0 2 5 17 28 31 39 44 49 54 58 68 78 88 93 98 103 111 
0 2 5 20 28 34 39 44 49 54 58 63 68 78 88 93 98 111 
0 2 5 20 28 39 44 49 54 58 63 68 78 88 93 98 103 111 
0 2 5 20 34 39 44 49 54 58 63 68 78 88 93 98 101 111 
0 2 5 22 28 31 39 44 49 54 58 63 78 88 93 98 103 111 
0 2 5 28 31 34 39 44 49 54 58 63 68 78 88 93 98 111 
0 2 5 28 31 39 44 49 54 58 63 68 78 88 93 98 103 111 
0 2 7 10 17 20 28 34 39 44 49 54 58 68 73 88 93 98 
0 2 7 10 17 20 28 34 44 49 54 58 68 73 88 93 98 108 
0 2 7 10 17 20 28 36 39 44 49 58 68 73 88 93 98 103 
0 2 7 10 17 20 28 36 44 49 56 58 68 88 93 98 103 108 
0 2 7 10 17 20 28 36 44 49 58 68 73 88 93 98 103 108 
0 2 7 10 17 20 28 39 44 49 54 58 68 73 88 93 98 103 
0 2 7 10 20 28 29 34 39 44 49 54 58 63 68 73 88 93 
0 2 7 10 20 28 29 39 44 49 54 58 63 68 73 88 93 103 
0 2 7 10 20 28 34 39 44 49 54 58 63 68 73 88 93 98 
0 2 7 10 20 28 34 44 49 54 58 63 68 73 88 93 98 108 
0 2 7 10 20 28 36 39 44 49 58 63 68 73 88 93 98 103 
0 2 7 10 20 28 36 44 49 58 63 68 73 88 93 98 103 108 
0 2 7 10 20 28 39 44 49 54 58 63 68 73 88 93 98 103 
0 2 7 10 20 28 44 49 54 58 63 68 73 88 93 98 103 108 
0 2 7 13 17 20 28 34 39 44 49 54 68 73 78 88 93 98 
0 2 7 13 17 20 28 34 39 44 54 60 68 73 78 88 93 98 
0 2 7 13 17 20 28 34 39 46 54 60 68 73 78 88 98 112 
0 2 7 13 17 20 28 34 39 49 54 68 73 78 88 93 98 112 
0 2 7 13 17 20 28 34 39 54 60 68 73 78 88 93 98 112 
0 2 7 13 17 20 28 34 44 49 54 68 73 78 88 93 98 108 
0 2 7 13 17 20 28 34 44 54 60 68 73 78 88 93 98 108 
0 2 7 13 17 20 28 34 46 54 60 68 73 78 88 98 108 112 
0 2 7 13 17 20 28 34 49 54 68 73 78 88 93 98 108 112 
0 2 7 13 17 20 28 39 44 49 54 68 73 78 88 93 98 103 
0 2 7 13 17 20 28 39 46 54 60 68 73 78 88 98 103 112 
0 2 7 13 17 20 28 39 49 54 68 73 78 88 93 98 103 112 
0 2 7 13 17 20 28 44 49 54 68 73 78 88 93 98 103 108 
0 2 7 13 17 20 28 46 54 60 68 73 78 88 98 103 108 112 
0 2 7 13 17 22 28 31 36 41 46 56 60 78 98 103 108 112 
0 2 7 13 17 22 28 31 36 41 46 56 60 90 98 103 108 112 
0 2 7 13 17 22 28 31 36 41 46 60 73 90 98 103 108 112 
0 2 7 13 17 22 28 31 36 41 60 73 78 93 98 103 108 112 
0 2 7 13 17 22 28 31 36 46 60 73 78 88 98 103 108 112 
0 2 7 13 17 22 31 36 41 51 60 65 73 90 93 103 108 112 
0 2 7 13 17 22 31 36 44 49 65 73 78 88 93 98 103 108 
0 2 7 13 17 22 31 36 44 51 60 65 73 78 88 93 103 108 
0 2 7 13 17 31 36 46 49 56 65 68 78 88 98 103 108 112 
0 2 7 13 20 28 34 41 46 54 60 63 68 73 90 98 108 112 
