0 2 6 10 14 18 23 27 30 34 38 42 46 51 56 74 93 
0 2 6 10 14 18 23 27 30 34 38 42 46 51 56 89 93 
0 2 6 10 14 18 23 27 30 34 38 42 46 51 70 74 93 
0 2 6 10 14 18 23 27 30 34 38 42 46 51 70 89 93 
0 2 6 10 14 18 23 27 30 34 42 46 51 56 74 93 110 
0 2 6 10 14 18 23 27 30 34 42 46 51 56 89 93 110 
0 2 6 10 14 18 23 27 30 34 42 46 51 70 74 93 110 
0 2 6 10 14 18 23 27 30 34 42 46 51 70 89 93 110 
0 2 6 10 14 18 23 27 34 38 42 46 51 56 74 93 101 
0 2 6 10 14 18 23 27 34 38 42 46 51 56 89 93 101 
0 2 6 10 14 18 23 27 34 38 42 51 56 60 89 93 101 
0 2 6 10 14 18 23 27 34 42 46 51 56 74 93 101 110 
0 2 6 10 14 18 23 27 34 42 51 56 60 89 93 101 110 
0 2 6 10 14 18 23 34 42 46 51 56 68 74 93 101 110 
0 2 6 10 14 18 23 34 42 46 51 56 68 89 93 101 110 
0 2 6 10 14 18 23 34 42 51 56 60 68 89 93 101 110 
0 2 6 10 14 18 27 30 34 38 42 46 50 56 66 74 93 
0 2 6 10 14 18 27 30 34 38 42 46 50 56 66 89 93 
0 2 6 10 14 18 27 30 34 38 42 46 50 66 70 74 93 
0 2 6 10 14 18 27 30 34 38 42 46 50 66 70 89 93 
0 2 6 10 14 18 27 34 38 42 46 50 56 66 74 78 101 
0 2 6 10 14 18 27 34 38 42 46 50 56 66 74 93 101 
0 2 6 10 14 18 27 34 38 42 46 50 56 66 78 89 101 
0 2 6 10 14 18 27 34 38 42 46 50 56 66 89 93 101 
0 2 6 10 14 18 27 34 38 42 50 56 60 66 78 89 101 
0 2 6 10 14 18 27 34 38 42 50 56 60 66 89 93 101 
0 2 6 10 14 18 27 34 38 42 51 56 60 66 89 93 101 
0 2 6 10 14 19 23 27 30 34 38 42 46 51 56 74 93 
0 2 6 10 14 19 23 27 30 34 38 42 46 51 56 89 93 
0 2 6 10 14 19 23 27 30 34 38 42 46 51 70 74 93 
0 2 6 10 14 19 23 27 30 34 38 42 46 51 70 89 93 
0 2 6 10 14 19 23 27 30 34 38 42 47 51 56 89 93 
0 2 6 10 14 19 23 27 30 34 38 42 47 51 70 89 93 
0 2 6 10 14 19 23 27 30 34 38 42 51 56 60 89 93 
0 2 6 10 14 19 23 27 30 34 38 42 51 60 70 89 93 
0 2 6 10 14 19 23 27 30 34 42 46 51 56 74 93 110 
0 2 6 10 14 19 23 27 30 34 42 46 51 56 89 93 110 
0 2 6 10 14 19 23 27 30 34 42 46 51 70 74 93 110 
0 2 6 10 14 19 23 27 30 34 42 46 51 70 89 93 110 
0 2 6 10 14 19 23 27 30 34 42 47 51 56 89 93 110 
0 2 6 10 14 19 23 27 30 34 42 47 51 70 89 93 110 
0 2 6 10 14 19 23 27 30 34 42 51 56 60 89 93 110 
0 2 6 10 14 19 23 27 30 34 42 51 60 70 89 93 110 
0 2 6 10 14 19 23 27 30 38 42 46 51 56 89 93 106 
0 2 6 10 14 19 23 27 30 38 42 46 51 70 89 93 106 
0 2 6 10 14 19 23 27 30 38 42 47 51 70 89 93 106 
0 2 6 10 14 19 23 27 30 38 42 51 56 60 89 93 106 
0 2 6 10 14 19 23 27 30 38 42 51 60 70 89 93 106 
0 2 6 10 14 19 23 27 30 42 46 51 56 89 93 106 110 
0 2 6 10 14 19 23 27 30 42 46 51 70 89 93 106 110 
0 2 6 10 14 19 23 27 30 42 47 51 56 89 93 106 110 
0 2 6 10 14 19 23 27 30 42 47 51 70 89 93 106 110 
0 2 6 10 14 19 23 27 30 42 51 56 60 89 93 106 110 
0 2 6 10 14 19 23 27 30 42 51 60 70 89 93 106 110 
0 2 6 10 14 19 23 27 34 38 42 51 56 60 89 93 102 
0 2 6 10 14 19 23 27 34 42 51 56 60 89 93 102 110 
0 2 6 10 14 19 23 27 38 42 51 56 60 89 93 102 106 
0 2 6 10 14 19 23 27 42 51 56 60 89 93 102 106 110 
0 2 6 10 14 19 27 30 34 38 42 46 51 56 66 74 93 
0 2 6 10 14 19 27 30 34 38 42 46 51 56 66 89 93 
0 2 6 10 14 19 27 30 34 38 42 46 51 66 70 74 93 
0 2 6 10 14 19 27 30 34 38 42 46 51 66 70 89 93 
0 2 6 10 14 19 27 30 34 38 42 51 56 60 66 89 93 
0 2 6 10 14 19 27 30 34 38 42 51 60 66 70 89 93 
0 2 6 10 14 19 27 30 38 42 46 51 56 66 89 93 106 
0 2 6 10 14 19 27 30 38 42 46 51 66 70 89 93 106 
0 2 6 10 14 19 27 30 38 42 51 56 60 66 89 93 106 
0 2 6 10 14 19 27 30 38 42 51 60 66 70 89 93 106 
0 2 6 10 14 19 27 34 38 42 51 56 60 66 89 93 102 
0 2 6 10 14 19 27 38 42 51 56 60 66 89 93 102 106 
0 2 6 10 14 23 27 30 34 38 42 46 51 56 62 74 93 
0 2 6 10 14 23 27 30 34 38 42 46 51 56 62 89 93 
0 2 6 10 14 23 27 30 34 38 42 46 51 62 70 89 93 
0 2 6 10 14 23 27 30 34 42 46 51 56 62 74 93 110 
0 2 6 10 14 23 27 30 34 42 46 51 56 62 89 93 110 
0 2 6 10 14 23 27 30 34 42 46 51 62 70 74 93 110 
0 2 6 10 14 23 27 30 34 42 46 51 62 70 89 93 110 
0 2 6 10 14 27 30 34 38 42 46 51 56 62 66 89 93 
0 2 6 10 15 19 27 34 38 42 51 56 60 66 89 93 102 
0 2 6 10 15 19 27 34 38 43 51 56 60 66 89 93 102 
0 2 6 10 15 19 27 34 38 51 56 60 66 85 89 93 102 
0 2 6 10 15 19 27 38 42 51 56 60 66 89 93 102 106 
0 2 6 10 15 19 27 38 43 51 56 60 66 89 93 102 106 
0 2 6 10 15 19 27 38 51 56 60 66 85 89 93 102 106 
0 2 6 10 19 23 30 38 42 47 51 58 70 79 89 99 106 
0 2 6 10 19 23 30 38 42 47 51 58 70 89 93 99 106 
0 2 6 10 19 30 38 42 47 51 58 66 70 89 93 99 106 
0 3 8 15 20 27 31 38 43 48 66 71 86 90 95 107 
