0 1 4 11 21 31 36 41 51 55 63 73 78 85 89 94 99 104 
0 1 6 11 16 21 31 36 41 55 58 63 68 73 78 89 94 99 
0 1 6 11 16 21 31 36 41 55 58 63 68 73 78 89 94 111 
0 1 6 11 16 21 31 36 41 55 63 68 73 78 89 94 104 111 
0 1 6 11 16 21 31 41 48 55 58 63 68 73 78 94 101 111 
0 1 7 11 18 22 30 37 41 47 57 60 66 77 85 97 103 107 
0 2 7 13 17 22 31 36 41 60 78 98 103 108 112 
0 2 7 13 22 31 41 49 60 68 78 88 98 103 108 
0 3 7 11 18 22 30 37 41 45 55 60 64 79 85 99 103 107 
0 3 7 11 22 30 41 45 49 55 60 64 68 79 88 99 103 107 
