0 1 5 9 17 21 25 31 35 39 61 65 71 98 102 106 110 
0 1 5 9 17 21 25 31 35 39 61 71 79 98 102 106 110 
0 1 5 9 17 21 25 31 35 39 65 71 75 98 102 106 110 
0 1 5 9 17 21 25 31 35 39 71 75 79 98 102 106 110 
0 1 5 9 17 21 25 31 35 53 61 65 71 98 102 106 110 
0 1 5 9 17 21 25 31 35 53 61 71 79 98 102 106 110 
0 1 5 9 17 21 25 31 35 53 65 71 75 98 102 106 110 
0 1 5 9 17 21 25 31 35 53 71 75 79 98 102 106 110 
0 1 5 9 17 25 31 35 39 61 71 79 94 98 102 106 110 
0 1 5 9 17 25 31 35 39 71 75 79 94 98 102 106 110 
0 1 5 9 17 25 31 35 53 61 67 71 79 94 98 102 106 
0 1 5 9 17 25 31 35 53 61 71 79 94 98 102 106 110 
0 1 5 9 17 25 31 35 53 67 71 75 79 94 98 102 106 
0 1 5 9 17 25 31 35 53 71 75 79 94 98 102 106 110 
0 1 5 9 17 25 31 39 49 61 71 79 94 98 102 106 110 
0 1 5 9 17 25 31 39 49 71 75 79 94 98 102 106 110 
0 1 5 9 17 25 31 49 53 61 67 71 79 94 98 102 106 
0 1 5 9 17 25 31 49 53 61 71 79 94 98 102 106 110 
0 1 5 9 17 25 31 49 53 71 75 79 94 98 102 106 110 
0 1 5 9 21 25 31 35 39 65 71 75 90 98 102 106 110 
0 1 5 9 21 25 31 35 39 71 75 79 90 98 102 106 110 
0 1 5 9 21 25 31 35 53 65 71 75 90 98 102 106 110 
0 1 5 9 21 25 31 35 53 71 75 79 90 98 102 106 110 
0 1 5 9 21 25 35 39 45 65 71 75 90 98 102 106 110 
0 1 5 9 21 25 35 39 45 71 75 79 90 98 102 106 110 
0 1 5 9 21 25 35 45 53 65 71 75 90 98 102 106 110 
0 1 5 9 21 25 35 45 53 71 75 79 90 98 102 106 110 
0 1 5 9 25 31 35 39 71 75 79 90 94 98 102 106 110 
0 1 5 9 25 31 35 53 71 75 79 90 94 98 102 106 110 
0 1 5 9 25 31 39 49 71 75 79 90 94 98 102 106 110 
0 1 5 9 25 35 39 45 71 75 79 90 94 98 102 106 110 
0 1 5 17 23 25 31 35 53 61 67 71 79 94 98 102 106 
0 1 5 23 25 31 37 49 53 63 67 71 75 90 94 98 102 
0 1 5 23 25 31 37 49 53 63 67 71 75 90 98 102 108 
0 1 5 23 25 37 45 49 53 63 67 71 75 90 94 98 102 
0 1 5 23 25 37 45 49 53 63 67 71 75 90 98 102 108 
0 1 7 17 23 25 31 37 47 53 61 67 71 77 92 98 102 108 
0 1 9 17 21 25 31 35 39 47 61 65 71 92 98 102 110 
0 1 9 17 21 25 31 35 39 47 61 65 71 98 102 106 110 
0 1 9 17 21 25 31 35 47 53 61 65 71 92 98 102 110 
0 1 9 17 21 25 31 35 47 53 61 65 71 98 102 106 110 
0 2 6 13 18 22 32 36 42 52 62 66 72 85 87 97 103 107 
0 2 6 13 18 22 32 36 42 52 66 72 76 85 87 97 103 107 
0 2 6 13 18 22 32 36 42 53 62 66 72 85 87 97 103 107 
0 2 6 13 18 22 32 36 42 53 66 72 76 85 87 97 103 107 
0 2 6 13 18 23 32 36 42 53 62 66 72 85 87 93 97 103 
0 2 6 13 18 23 32 36 42 53 62 66 72 85 87 97 103 107 
0 2 6 13 18 23 32 36 42 53 66 72 76 85 87 97 103 107 
0 2 6 13 19 23 32 36 43 53 62 66 73 85 87 97 104 108 
0 2 8 13 21 30 34 38 42 47 54 60 64 85 87 91 110 
0 2 8 13 21 30 34 38 42 47 60 64 85 87 91 97 110 
0 2 8 13 21 30 38 42 47 54 60 64 77 85 87 91 110 
0 2 8 13 21 30 38 42 47 60 64 77 85 87 91 97 110 
0 2 8 13 21 34 38 42 47 54 60 64 73 85 87 91 110 
0 2 8 13 21 34 38 42 47 54 64 73 85 87 91 104 110 
0 2 8 13 21 34 38 42 47 60 64 73 85 87 91 97 110 
0 2 8 13 21 34 38 42 47 64 73 85 87 91 97 104 110 
0 2 8 13 21 34 38 43 47 54 60 64 73 85 87 91 110 
0 2 8 13 21 34 38 43 47 54 64 73 85 87 91 104 110 
0 2 8 13 21 34 38 43 47 60 64 73 85 87 91 97 110 
0 2 8 13 21 34 38 43 47 64 73 85 87 91 97 104 110 
0 2 8 13 21 38 42 47 54 60 64 73 77 85 87 91 110 
0 2 8 13 21 38 42 47 54 64 73 77 85 87 91 104 110 
0 2 8 13 21 38 42 47 60 64 73 77 85 87 91 97 110 
0 2 8 13 21 38 42 47 64 73 77 85 87 91 97 104 110 
0 2 8 21 27 34 38 43 47 54 60 64 73 85 87 91 110 
0 2 8 21 27 34 38 43 47 54 64 73 85 87 91 104 110 
0 2 13 21 30 34 38 42 47 51 54 60 64 85 87 91 110 
0 2 13 21 30 34 38 42 47 51 60 64 85 87 91 97 110 
0 2 13 21 34 38 42 47 51 54 60 64 73 85 87 91 110 
0 2 13 21 34 38 42 47 51 54 64 73 85 87 91 104 110 
0 2 13 21 34 38 42 47 51 60 64 73 85 87 91 97 110 
0 2 13 21 34 38 42 47 51 64 73 85 87 91 97 104 110 
0 3 7 25 39 43 47 51 54 61 65 73 77 85 88 92 96 
0 3 7 25 39 43 47 51 54 61 65 73 77 85 88 92 110 
0 3 9 21 25 35 39 43 47 54 61 65 73 85 88 92 110 
0 3 9 21 25 35 39 43 47 54 61 65 73 85 88 106 110 
0 3 21 25 35 39 43 47 51 54 61 65 73 85 88 92 96 
0 3 21 25 35 39 43 47 51 54 61 65 73 85 88 92 110 
0 3 21 25 35 39 43 47 51 54 61 65 73 85 88 96 106 
0 4 8 12 13 16 21 30 34 38 54 60 64 70 101 105 110 
0 4 8 12 13 16 21 30 34 38 54 60 64 85 101 105 110 
0 4 8 12 13 16 21 30 34 38 54 64 70 74 101 105 110 
0 4 8 12 13 16 21 30 34 38 54 64 74 85 101 105 110 
0 4 8 12 13 16 21 30 34 38 60 64 70 97 101 105 110 
0 4 8 12 13 16 21 30 34 38 60 64 85 97 101 105 110 
0 4 8 12 13 16 21 30 34 38 64 70 74 97 101 105 110 
0 4 8 12 13 16 21 30 34 38 64 74 85 97 101 105 110 
0 4 8 12 13 16 30 34 38 54 60 64 70 93 101 105 110 
0 4 8 12 13 16 30 34 38 54 60 64 85 93 101 105 110 
0 4 8 12 13 16 30 34 38 54 60 70 78 93 101 105 110 
0 4 8 12 13 16 30 34 38 54 60 78 85 93 101 105 110 
0 4 8 12 13 16 30 34 38 54 64 70 74 93 101 105 110 
0 4 8 12 13 16 30 34 38 54 64 74 85 93 101 105 110 
0 4 8 12 13 16 30 34 38 54 70 74 78 93 101 105 110 
0 4 8 12 13 16 30 34 38 54 74 78 85 93 101 105 110 
0 4 8 12 13 16 30 34 38 60 64 70 93 97 101 105 110 
0 4 8 12 13 16 30 34 38 60 64 85 93 97 101 105 110 
0 4 8 12 13 16 30 34 38 60 66 78 85 93 97 101 105 
0 4 8 12 13 16 30 34 38 60 70 78 93 97 101 105 110 
0 4 8 12 13 16 30 34 38 60 78 85 93 97 101 105 110 
0 4 8 12 13 16 30 34 38 64 74 85 93 97 101 105 110 
0 4 8 12 13 16 30 34 38 74 78 85 93 97 101 105 110 
0 4 8 12 13 17 21 30 34 38 54 60 64 70 101 106 110 
0 4 8 12 13 17 21 30 34 38 60 64 70 97 101 106 110 
0 4 8 12 13 34 38 44 54 70 74 78 89 93 101 105 110 
0 4 8 12 13 34 38 44 54 70 74 79 89 93 101 106 110 
