0 1 4 17 28 46 50 55 63 70 74 78 88 99 108 112 
0 1 6 10 14 21 30 34 38 58 63 67 86 88 92 101 
0 1 6 10 17 21 28 30 34 54 58 63 78 86 88 108 
0 1 6 10 17 21 28 30 34 55 58 63 78 86 88 108 
0 1 6 10 17 21 28 30 34 58 63 78 86 88 101 108 
0 1 6 10 21 28 30 34 38 58 63 67 86 88 92 101 
0 1 6 10 21 28 30 34 39 58 63 67 86 88 92 101 
0 1 6 10 21 28 30 34 39 58 63 86 88 92 101 108 
0 1 6 10 21 28 30 34 54 58 63 67 78 86 88 92 
0 1 6 10 21 28 30 34 54 58 63 78 86 88 92 108 
0 1 6 10 21 28 30 34 55 58 63 67 78 86 88 92 
0 1 6 10 21 28 30 34 55 58 63 78 86 88 92 108 
0 1 6 10 21 28 30 34 58 63 67 78 86 88 92 101 
0 1 6 10 21 28 30 34 58 63 78 86 88 92 101 108 
0 1 6 11 16 21 31 36 55 58 63 68 73 78 89 94 
0 1 6 11 16 21 31 36 55 58 63 68 73 78 89 111 
0 1 6 11 16 21 31 36 55 63 68 73 78 89 99 111 
0 1 6 11 16 21 35 38 48 63 68 73 89 99 102 111 
0 1 6 11 16 21 36 48 55 63 68 73 78 89 99 111 
0 1 6 21 28 30 34 50 55 58 63 78 86 88 92 108 
0 1 6 21 28 30 39 50 55 59 63 67 74 86 88 92 
0 1 6 21 28 30 39 50 55 59 63 74 86 88 92 108 
0 2 6 10 15 30 34 39 63 68 72 76 88 93 97 101 
0 2 6 10 15 30 34 39 63 68 76 86 88 93 97 101 
0 2 6 10 15 30 34 39 63 72 76 88 93 97 101 108 
0 2 6 10 15 30 34 39 63 76 86 88 93 97 101 108 
0 2 6 10 15 30 39 52 63 72 76 88 93 97 101 108 
0 2 6 10 15 34 39 48 63 68 76 86 88 93 97 101 
0 2 6 11 15 30 35 39 55 59 63 68 72 88 93 97 
0 2 6 11 15 30 35 39 55 59 63 68 72 93 97 106 
0 2 6 11 15 35 39 48 55 59 63 68 72 93 97 106 
0 2 6 11 15 35 39 48 59 63 68 72 88 93 97 102 
0 7 12 15 22 34 41 49 60 68 76 88 96 103 111 
