0 1 8 25 28 30 37 42 54 59 66 71 86 88 95 100 
0 1 8 25 30 37 42 53 54 59 66 71 86 88 95 100 
0 1 9 25 28 30 37 42 54 59 66 71 86 88 95 100 
0 1 18 25 28 30 37 42 54 59 66 71 86 88 95 100 
0 1 18 25 28 30 37 42 54 59 66 71 86 88 100 105 
0 2 7 14 19 31 43 47 55 59 64 71 76 89 101 105 
0 2 7 14 19 31 43 47 55 59 71 76 86 88 100 105 
0 2 7 14 19 31 43 47 55 59 71 76 86 89 100 105 
0 2 7 14 19 31 43 47 55 59 71 76 86 89 101 105 
0 2 7 14 19 31 43 47 55 59 71 76 89 96 101 112 
0 2 7 14 19 31 43 47 55 59 71 76 89 101 105 112 
0 2 7 14 19 31 43 47 55 59 71 76 89 101 106 112 
0 2 7 14 19 31 43 47 55 60 71 76 89 101 106 112 
0 2 7 14 19 31 43 47 59 71 76 86 88 93 100 105 
0 2 7 14 19 31 43 47 59 71 76 86 89 93 100 105 
0 2 9 14 27 31 38 43 55 59 66 71 86 89 96 100 
0 2 9 14 27 31 38 43 55 59 66 71 86 89 96 101 
0 2 9 14 27 31 38 43 55 59 66 71 89 96 101 112 
0 2 9 14 27 31 38 43 55 59 67 71 89 96 101 112 
0 2 9 14 27 31 38 43 55 60 67 71 89 96 101 112 
0 2 9 14 27 31 38 43 55 60 67 72 89 96 101 112 
0 2 9 14 28 30 38 42 54 59 66 71 86 88 95 100 
0 2 9 14 28 30 38 42 55 59 66 71 86 88 96 100 
0 2 9 14 28 31 38 43 54 59 66 71 86 88 95 100 
0 2 9 14 28 31 38 43 55 59 66 71 86 89 96 101 
0 3 7 11 24 30 43 47 57 62 66 79 99 103 107 
0 4 11 18 28 33 40 47 54 61 68 75 86 90 97 104 
0 4 11 18 28 33 40 47 54 61 68 75 86 90 97 105 
0 4 11 18 28 33 40 47 54 61 68 75 86 90 98 105 
0 4 11 18 28 33 40 47 54 61 68 75 86 91 98 105 
0 4 11 18 28 33 40 47 54 61 68 75 90 97 104 111 
0 4 11 18 28 33 40 47 55 61 68 75 86 91 98 105 
