0 1 10 14 18 22 28 45 49 56 61 72 83 89 98 102 107 111 
0 1 10 14 18 22 28 45 49 56 61 83 89 93 98 102 107 111 
0 1 10 14 18 22 28 45 49 56 61 83 89 94 98 102 107 111 
0 1 10 14 18 22 28 45 50 56 61 68 72 83 98 102 107 111 
0 1 10 14 18 22 28 45 50 56 61 68 83 94 98 102 107 111 
0 1 10 14 18 22 28 45 50 56 61 83 89 94 98 102 107 111 
0 1 10 14 18 22 28 45 50 56 61 83 90 94 98 102 107 111 
0 1 10 14 18 22 28 45 56 61 70 83 89 94 98 102 107 111 
0 1 10 14 18 22 28 47 61 65 70 83 89 94 98 102 107 111 
0 1 10 14 18 22 28 49 55 61 65 72 83 89 98 102 107 111 
0 1 10 14 18 22 28 49 55 61 65 83 89 93 98 102 107 111 
0 1 10 14 18 22 28 49 55 61 65 83 89 94 98 102 107 111 
0 1 10 14 18 22 28 50 56 61 66 83 90 94 98 102 107 111 
0 1 10 14 18 22 28 55 61 65 70 83 89 94 98 102 107 111 
0 1 10 14 18 22 28 56 61 65 70 83 89 94 98 102 107 111 
0 1 10 14 18 22 28 56 61 66 70 83 89 94 98 102 107 111 
0 1 10 14 18 22 45 49 53 56 61 83 89 93 98 102 107 111 
0 1 10 14 18 22 45 49 56 61 74 83 89 93 98 102 107 111 
0 1 10 14 18 22 47 51 61 65 69 74 83 93 98 102 107 111 
0 1 10 14 18 22 47 61 65 70 74 83 89 93 98 102 107 111 
0 1 10 14 18 22 49 53 55 61 65 83 89 93 98 102 107 111 
0 1 10 14 18 22 49 55 61 65 74 83 89 93 98 102 107 111 
0 1 10 14 18 22 51 55 61 65 69 74 83 93 98 102 107 111 
0 1 10 14 18 22 53 55 61 65 69 83 88 93 98 102 107 111 
0 1 10 14 18 22 55 61 65 69 74 83 88 93 98 102 107 111 
0 1 10 14 18 22 55 61 65 69 74 83 89 93 98 102 107 111 
0 1 10 14 18 22 55 61 65 70 74 83 89 93 98 102 107 111 
0 1 10 14 18 22 56 61 65 70 74 83 89 93 98 102 107 111 
0 1 10 14 18 22 56 61 66 70 74 83 89 93 98 102 107 111 
0 1 10 14 18 23 28 41 45 49 56 72 83 89 98 102 107 111 
0 1 10 14 18 23 28 41 45 49 56 83 89 93 98 102 107 111 
0 1 10 14 18 23 28 41 45 49 56 83 89 94 98 102 107 111 
0 1 10 14 18 23 28 41 45 50 56 68 72 83 98 102 107 111 
0 1 10 14 18 23 28 41 45 50 56 68 83 94 98 102 107 111 
0 1 10 14 18 23 28 41 45 50 56 83 89 94 98 102 107 111 
0 1 10 14 18 23 28 41 45 50 56 83 90 94 98 102 107 111 
0 1 10 14 18 23 28 41 45 56 70 83 89 94 98 102 107 111 
0 1 10 14 18 23 28 41 46 50 56 83 90 94 98 102 107 111 
0 1 10 14 18 23 28 41 46 50 57 83 90 94 98 102 107 111 
0 1 10 14 18 23 28 41 46 50 64 68 72 83 98 102 107 111 
0 1 10 14 18 23 28 41 46 50 64 68 83 94 98 102 107 111 
0 1 10 14 18 23 28 41 46 50 64 83 90 94 98 102 107 111 
0 1 10 14 18 23 28 41 50 56 66 83 90 94 98 102 107 111 
0 1 10 14 18 23 28 41 56 66 70 83 89 94 98 102 107 111 
0 1 10 14 18 23 28 46 50 57 62 83 90 94 98 102 107 111 
0 1 10 14 18 23 28 50 56 61 66 83 90 94 98 102 107 111 
0 1 10 14 18 23 28 50 56 62 66 83 90 94 98 102 107 111 
0 1 10 14 18 23 28 56 61 66 70 83 89 94 98 102 107 111 
0 1 10 14 18 23 28 56 62 66 70 83 89 94 98 102 107 111 
0 1 10 14 18 23 41 45 49 53 56 83 89 93 98 102 107 111 
0 1 10 14 18 23 41 45 49 56 74 83 89 93 98 102 107 111 
0 1 10 14 18 23 41 45 56 70 74 83 89 93 98 102 107 111 
0 1 10 14 18 23 41 46 51 57 69 74 83 93 98 102 107 111 
0 1 10 14 18 23 41 46 51 64 69 74 83 93 98 102 107 111 
0 1 10 14 18 23 41 46 53 64 69 83 88 93 98 102 107 111 
0 1 10 14 18 23 41 46 64 69 74 83 88 93 98 102 107 111 
0 1 10 14 18 23 46 51 57 62 69 74 83 93 98 102 107 111 
0 1 10 14 18 23 56 61 66 70 74 83 89 93 98 102 107 111 
0 1 10 14 18 28 43 47 61 65 70 83 89 94 98 102 107 111 
0 1 10 14 18 28 43 50 56 61 66 83 90 94 98 102 107 111 
0 1 10 14 18 28 43 56 61 66 70 83 89 94 98 102 107 111 
0 1 10 14 18 43 47 51 61 65 69 74 83 93 98 102 107 111 
0 1 10 14 18 43 47 61 65 70 74 83 89 93 98 102 107 111 
0 1 10 14 19 23 28 37 41 45 49 56 89 93 98 102 107 111 
0 1 10 14 19 23 28 37 41 45 49 56 89 94 98 102 107 111 
0 1 10 14 19 23 28 37 41 45 50 56 68 72 98 102 107 111 
0 1 10 14 19 23 28 37 41 45 50 56 89 94 98 102 107 111 
0 1 10 14 19 23 28 37 41 45 50 56 90 94 98 102 107 111 
0 1 10 14 19 23 28 37 41 45 56 70 89 94 98 102 107 111 
0 1 10 14 19 23 28 37 41 46 50 56 90 94 98 102 107 111 
0 1 10 14 19 23 28 37 41 46 50 57 90 94 98 102 107 111 
0 1 10 14 19 23 28 37 41 46 50 64 68 72 98 102 107 111 
0 1 10 14 19 23 28 37 41 46 50 64 68 94 98 102 107 111 
0 1 10 14 19 23 28 37 41 46 50 64 90 94 98 102 107 111 
0 1 10 14 19 23 28 37 41 56 66 70 89 94 98 102 107 111 
0 1 10 14 19 23 28 37 42 46 50 57 90 94 98 102 107 111 
0 1 10 14 19 23 28 37 50 56 62 66 90 94 98 102 107 111 
0 1 10 14 19 23 28 46 50 57 58 62 90 94 98 102 107 111 
0 1 10 14 19 23 28 46 50 57 62 83 90 94 98 102 107 111 
0 1 10 14 19 23 28 50 56 58 62 66 90 94 98 102 107 111 
0 1 10 14 19 23 28 50 56 62 66 83 90 94 98 102 107 111 
0 1 10 14 19 23 28 56 58 62 66 70 89 94 98 102 107 111 
0 1 10 14 19 23 28 56 62 66 70 83 89 94 98 102 107 111 
0 1 10 14 19 23 37 41 45 49 53 56 89 93 98 102 107 111 
0 1 10 14 19 23 37 41 45 49 56 74 89 93 98 102 107 111 
0 1 10 14 19 23 37 41 45 56 70 74 89 93 98 102 107 111 
0 1 10 14 19 23 37 41 46 51 64 69 74 93 98 102 107 111 
0 1 10 14 19 23 37 41 46 53 64 69 88 93 98 102 107 111 
0 1 10 14 19 23 37 41 46 64 69 74 88 93 98 102 107 111 
0 1 10 14 19 23 37 42 46 51 57 69 74 93 98 102 107 111 
0 1 10 14 19 23 37 46 51 57 62 69 74 93 98 102 107 111 
0 1 10 14 19 23 46 51 57 62 69 74 83 93 98 102 107 111 
0 1 10 14 19 24 28 37 42 46 50 57 90 94 98 102 107 111 
0 1 10 14 19 24 28 37 42 47 65 70 89 94 98 102 107 111 
0 1 10 14 19 24 28 42 46 50 57 58 90 94 98 102 107 111 
0 1 10 14 19 24 28 49 58 63 67 72 98 102 107 111 
0 1 10 14 19 24 28 58 63 68 72 87 98 102 107 111 
0 1 10 14 19 24 37 42 47 51 65 69 74 93 98 102 107 111 
0 1 10 14 19 24 37 42 47 65 70 74 89 93 98 102 107 111 
0 1 10 14 19 24 49 53 58 63 67 93 98 102 107 111 
0 1 10 14 19 28 37 42 46 50 57 60 90 94 98 102 107 111 
0 1 10 14 19 28 37 42 46 50 60 64 68 72 98 102 107 111 
0 1 10 14 19 28 37 42 46 50 60 64 68 94 98 102 107 111 
0 1 10 14 19 28 37 42 46 50 60 64 90 94 98 102 107 111 
0 1 10 14 19 28 37 42 47 60 65 70 89 94 98 102 107 111 
0 1 10 14 19 28 37 42 49 55 60 65 72 89 98 102 107 111 
0 1 10 14 19 28 37 42 49 55 60 65 89 93 98 102 107 111 
0 1 10 14 19 28 37 42 49 55 60 65 89 94 98 102 107 111 
0 1 10 14 19 28 37 42 55 60 65 70 89 94 98 102 107 111 
0 1 10 14 19 37 42 46 51 57 60 69 74 93 98 102 107 111 
0 1 10 14 19 37 42 46 51 60 65 69 74 93 98 102 107 111 
0 1 10 14 19 37 42 46 53 60 64 69 88 93 98 102 107 111 
0 1 10 14 19 37 42 46 60 64 69 74 88 93 98 102 107 111 
0 1 10 14 19 37 42 49 55 60 65 74 89 93 98 102 107 111 
0 1 10 14 19 37 42 51 55 60 65 69 74 93 98 102 107 111 
0 1 10 14 19 37 42 53 55 60 65 69 88 93 98 102 107 111 
0 1 10 14 19 37 42 55 60 65 69 74 89 93 98 102 107 111 
0 1 10 14 19 44 48 53 58 62 88 93 98 102 107 111 
0 1 10 14 19 44 49 53 58 62 67 93 98 102 107 111 
0 1 10 14 23 28 39 46 50 57 62 83 90 94 98 102 107 111 
0 1 10 14 23 39 46 51 57 62 69 74 83 93 98 102 107 111 
0 1 10 14 28 39 43 47 61 65 70 83 89 94 98 102 107 111 
0 1 10 14 28 39 43 50 56 61 66 83 90 94 98 102 107 111 
0 1 10 14 28 39 43 54 68 72 83 87 98 102 107 111 
0 1 10 14 28 39 43 56 61 66 70 83 89 94 98 102 107 111 
0 1 10 14 28 39 44 49 62 67 72 83 98 102 107 111 
0 1 10 14 39 43 47 51 61 65 69 74 83 93 98 102 107 111 
0 1 10 14 39 43 48 53 54 83 88 93 98 102 107 111 
0 1 10 14 39 44 48 53 62 83 88 93 98 102 107 111 
0 1 10 14 39 44 49 53 62 67 83 93 98 102 107 111 
0 1 10 15 19 23 28 33 37 41 45 49 56 89 93 98 102 107 
0 1 10 15 19 23 28 33 37 41 45 49 56 89 94 98 102 107 
0 1 10 15 19 23 28 33 37 41 45 50 56 68 72 98 102 107 
0 1 10 15 19 23 28 33 37 41 45 50 56 89 94 98 102 107 
0 1 10 15 19 23 28 33 37 41 45 50 56 90 94 98 102 107 
0 1 10 15 19 23 28 33 37 41 46 50 56 90 94 98 102 107 
0 1 10 15 19 23 28 33 37 41 46 50 57 90 94 98 102 107 
0 1 10 15 19 23 28 33 37 41 46 50 64 68 72 98 102 107 
0 1 10 15 19 23 28 33 37 41 46 50 64 68 94 98 102 107 
0 1 10 15 19 23 28 33 37 41 56 66 70 89 94 98 102 107 
0 1 10 15 19 23 28 33 37 42 46 50 57 90 94 98 102 107 
0 1 10 15 19 23 28 33 37 50 56 62 66 90 94 98 102 107 
0 1 10 15 19 23 28 33 37 56 62 66 70 89 94 98 102 107 
0 1 10 15 19 23 28 33 46 50 57 58 62 90 94 98 102 107 
0 1 10 15 19 23 28 33 50 56 58 62 66 90 94 98 102 107 
0 1 10 15 19 23 28 46 50 57 58 62 86 90 94 98 102 107 
0 1 10 15 19 23 28 46 50 57 58 62 90 94 98 102 107 111 
0 1 10 15 19 23 28 50 56 58 62 66 86 90 94 98 102 107 
0 1 10 15 19 23 28 50 56 58 62 66 90 94 98 102 107 111 
0 1 10 15 19 23 28 56 58 62 66 70 86 89 94 98 102 107 
0 1 10 15 19 23 28 56 58 62 66 70 89 94 98 102 107 111 
0 1 10 15 19 23 33 37 41 45 49 53 56 89 93 98 102 107 
0 1 10 15 19 23 33 37 41 45 49 56 74 89 93 98 102 107 
0 1 10 15 19 23 33 37 41 46 51 64 69 74 93 98 102 107 
0 1 10 15 19 23 33 37 41 46 53 64 69 88 93 98 102 107 
0 1 10 15 19 23 33 37 41 46 64 69 74 88 93 98 102 107 
0 1 10 15 19 23 33 37 42 46 51 57 69 74 93 98 102 107 
0 1 10 15 19 23 33 37 46 51 57 62 69 74 93 98 102 107 
0 1 10 15 19 23 33 46 51 57 58 62 69 74 93 98 102 107 
0 1 10 15 19 23 46 51 57 58 62 69 74 93 98 102 107 111 
0 1 10 15 19 24 28 33 38 42 46 50 57 90 94 98 102 107 
0 1 10 15 19 24 28 33 38 42 47 65 70 89 94 98 102 107 
0 1 10 15 19 24 28 33 49 58 63 67 72 98 102 107 
0 1 10 15 19 24 28 33 58 63 68 72 87 98 102 107 
0 1 10 15 19 24 28 42 46 50 57 58 90 94 98 102 107 111 
0 1 10 15 19 24 28 42 47 58 65 70 89 94 98 102 107 111 
0 1 10 15 19 24 28 49 58 63 67 72 86 98 102 107 
0 1 10 15 19 24 28 49 58 63 67 72 98 102 107 111 
0 1 10 15 19 24 28 58 63 68 72 86 87 98 102 107 
0 1 10 15 19 24 28 58 63 68 72 87 98 102 107 111 
0 1 10 15 19 24 33 38 42 46 51 57 69 74 93 98 102 107 
0 1 10 15 19 24 33 38 42 47 51 65 69 74 93 98 102 107 
0 1 10 15 19 24 33 42 47 51 58 65 69 74 93 98 102 107 
0 1 10 15 19 24 33 49 53 58 63 67 93 98 102 107 
0 1 10 15 19 24 42 46 51 57 58 69 74 93 98 102 107 111 
0 1 10 15 19 24 42 47 51 58 65 69 74 93 98 102 107 111 
0 1 10 15 19 24 49 53 58 63 67 86 93 98 102 107 
0 1 10 15 19 24 49 53 58 63 67 93 98 102 107 111 
0 1 10 15 19 28 33 37 42 46 50 60 64 68 72 98 102 107 
0 1 10 15 19 28 33 37 42 46 50 60 64 68 94 98 102 107 
0 1 10 15 19 28 33 37 42 46 50 60 64 90 94 98 102 107 
0 1 10 15 19 28 33 37 42 47 60 65 70 89 94 98 102 107 
0 1 10 15 19 28 33 37 42 49 55 60 65 72 89 98 102 107 
0 1 10 15 19 28 33 37 42 49 55 60 65 89 93 98 102 107 
0 1 10 15 19 28 33 37 42 55 60 65 70 89 94 98 102 107 
0 1 10 15 19 28 33 44 49 58 62 67 72 98 102 107 
0 1 10 15 19 28 44 49 58 62 67 72 86 98 102 107 
0 1 10 15 19 28 44 49 58 62 67 72 98 102 107 111 
0 1 10 15 19 33 37 42 46 53 60 64 69 88 93 98 102 107 
0 1 10 15 19 33 37 42 46 60 64 69 74 88 93 98 102 107 
0 1 10 15 19 33 37 42 49 55 60 65 74 89 93 98 102 107 
0 1 10 15 19 33 37 42 53 55 60 65 69 88 93 98 102 107 
0 1 10 15 19 44 48 53 58 62 86 88 93 98 102 107 
0 1 10 15 19 44 48 53 58 62 88 93 98 102 107 111 
0 1 10 15 19 44 49 53 58 62 67 86 93 98 102 107 
0 1 10 15 19 44 49 53 58 62 67 93 98 102 107 111 
0 1 10 15 20 24 28 33 38 42 46 50 57 90 94 98 102 107 
0 1 10 15 20 24 28 33 38 49 63 67 72 98 102 107 
0 1 10 15 20 24 28 33 38 63 68 72 87 98 102 107 
0 1 10 15 20 24 28 38 42 46 50 57 86 90 94 98 102 107 
0 1 10 15 20 24 28 38 42 47 65 70 86 89 94 98 102 107 
0 1 10 15 20 24 28 38 49 63 67 72 86 98 102 107 
0 1 10 15 20 24 28 38 63 68 72 86 87 98 102 107 
0 1 10 15 20 24 28 49 58 63 67 72 86 98 102 107 
0 1 10 15 20 24 28 49 59 63 67 72 86 98 102 107 
0 1 10 15 20 24 28 58 63 68 72 86 87 98 102 107 
0 1 10 15 20 24 28 59 63 68 72 86 87 98 102 107 
0 1 10 15 20 24 33 38 49 53 63 67 93 98 102 107 
0 1 10 15 20 24 38 42 46 51 57 69 74 86 93 98 102 107 
0 1 10 15 20 24 49 53 58 63 67 86 93 98 102 107 
0 1 10 15 20 24 49 53 59 63 67 86 93 98 102 107 
0 1 10 15 20 28 33 38 43 47 61 65 70 89 94 98 102 107 
0 1 10 15 20 28 33 38 43 50 56 61 66 90 94 98 102 107 
0 1 10 15 20 28 33 38 43 54 68 72 87 98 102 107 
0 1 10 15 20 28 33 38 43 56 61 66 70 89 94 98 102 107 
0 1 10 15 20 28 38 43 47 61 65 70 86 89 94 98 102 107 
0 1 10 15 20 28 38 43 50 56 61 66 86 90 94 98 102 107 
0 1 10 15 20 28 38 43 54 68 72 86 87 98 102 107 
0 1 10 15 20 28 38 43 56 61 66 70 86 89 94 98 102 107 
0 1 10 15 20 28 43 54 59 68 72 86 87 98 102 107 
0 1 10 15 20 28 45 49 59 63 67 72 86 98 102 107 
0 1 10 15 20 28 45 49 59 63 68 72 86 98 102 107 
0 1 10 15 20 28 45 49 59 63 72 86 89 98 102 107 
0 1 10 15 20 28 45 49 59 63 86 89 93 98 102 107 
0 1 10 15 20 28 45 50 59 63 68 86 94 98 102 107 
0 1 10 15 20 28 45 59 63 68 72 86 87 98 102 107 
0 1 10 15 20 28 50 54 59 64 68 72 86 98 102 107 
0 1 10 15 20 28 50 54 59 64 68 86 94 98 102 107 
0 1 10 15 20 28 54 59 63 68 72 86 87 98 102 107 
0 1 10 15 20 28 54 59 64 68 72 86 87 98 102 107 
0 1 10 15 20 33 38 43 48 53 54 88 93 98 102 107 
0 1 10 15 20 38 43 48 53 54 86 88 93 98 102 107 
0 1 10 15 20 43 48 53 54 59 86 88 93 98 102 107 
0 1 10 15 20 45 49 53 59 63 67 86 93 98 102 107 
0 1 10 15 20 45 49 53 59 63 86 89 93 98 102 107 
0 1 10 15 20 45 49 59 63 74 86 89 93 98 102 107 
0 1 10 15 20 48 53 54 59 64 86 88 93 98 102 107 
0 1 10 15 20 53 54 59 64 69 86 88 93 98 102 107 
0 1 10 15 20 54 59 64 69 74 86 88 93 98 102 107 
0 1 10 15 22 28 33 38 45 49 56 61 85 89 93 98 102 107 
0 1 10 15 22 28 33 38 45 50 56 61 68 72 85 98 102 107 
0 1 10 15 22 28 33 38 45 50 56 61 68 85 94 98 102 107 
0 1 10 15 22 28 33 38 45 50 56 61 85 89 94 98 102 107 
0 1 10 15 22 28 33 38 49 55 61 65 85 89 93 98 102 107 
0 1 10 15 22 28 33 38 50 56 61 66 85 90 94 98 102 107 
0 1 10 15 22 28 33 38 56 61 65 70 85 89 94 98 102 107 
0 1 10 15 22 33 38 45 49 56 61 74 85 89 93 98 102 107 
0 1 10 15 22 33 38 53 55 61 65 69 85 88 93 98 102 107 
0 1 10 15 24 28 33 38 42 46 50 57 85 90 94 98 102 107 
0 1 10 15 24 28 33 38 42 47 65 70 85 89 94 98 102 107 
0 1 10 15 24 28 40 49 58 63 67 72 86 98 102 107 
0 1 10 15 24 28 40 58 63 68 72 86 87 98 102 107 
0 1 10 15 24 40 49 53 58 63 67 86 93 98 102 107 
0 1 10 15 28 33 38 42 46 50 57 60 85 90 94 98 102 107 
0 1 10 15 28 33 38 42 46 50 60 64 68 72 85 98 102 107 
0 1 10 15 28 33 38 42 46 50 60 64 68 85 94 98 102 107 
0 1 10 15 28 33 38 42 46 50 60 64 85 90 94 98 102 107 
0 1 10 15 28 33 38 42 47 61 65 70 85 89 94 98 102 107 
0 1 10 15 28 33 38 42 49 55 60 65 72 85 89 98 102 107 
0 1 10 15 28 33 38 42 49 55 60 65 85 89 93 98 102 107 
0 1 10 15 28 33 38 42 55 60 65 70 85 89 94 98 102 107 
0 1 10 15 28 33 38 43 50 56 61 66 85 90 94 98 102 107 
0 1 10 15 28 33 38 43 56 61 66 70 85 89 94 98 102 107 
0 1 10 15 28 40 44 49 55 58 67 72 86 98 102 107 
0 1 10 15 28 40 44 49 55 58 72 86 89 98 102 107 
0 1 10 15 28 40 44 49 55 58 86 89 93 98 102 107 
0 1 10 15 28 40 44 49 58 62 67 72 86 98 102 107 
0 1 10 15 28 40 44 49 58 63 67 72 86 98 102 107 
0 1 10 15 28 40 45 49 58 63 67 72 86 98 102 107 
0 1 10 15 28 40 45 49 58 63 68 72 86 98 102 107 
0 1 10 15 28 40 45 49 58 63 72 86 89 98 102 107 
0 1 10 15 28 40 45 49 58 63 86 89 93 98 102 107 
0 1 10 15 28 40 45 50 58 63 68 86 94 98 102 107 
0 1 10 15 28 40 45 58 63 68 72 86 87 98 102 107 
0 1 10 15 33 38 42 46 53 60 64 69 85 88 93 98 102 107 
0 1 10 15 33 38 42 53 55 60 65 69 85 88 93 98 102 107 
0 1 10 15 40 44 48 53 58 62 86 88 93 98 102 107 
0 1 10 15 40 44 49 53 55 58 67 86 93 98 102 107 
0 1 10 15 40 44 49 53 55 58 86 88 93 98 102 107 
0 1 10 15 40 44 49 53 55 58 86 89 93 98 102 107 
0 1 10 15 40 44 49 53 58 62 67 86 93 98 102 107 
0 1 10 15 40 44 49 53 58 63 67 86 93 98 102 107 
0 1 10 15 40 44 49 55 58 74 86 89 93 98 102 107 
0 1 10 15 40 44 55 58 69 74 86 88 93 98 102 107 
0 1 10 15 40 45 49 53 58 63 67 86 93 98 102 107 
0 1 10 15 40 45 49 53 58 63 86 89 93 98 102 107 
0 1 10 15 40 45 49 58 63 74 86 89 93 98 102 107 
0 1 10 19 28 35 44 49 58 62 67 72 98 102 107 111 
0 1 10 19 35 44 49 53 58 62 67 93 98 102 107 111 
0 1 10 21 28 35 39 43 54 68 72 87 98 102 107 111 
0 1 10 21 28 35 39 44 49 55 67 72 98 102 107 111 
0 1 10 21 28 35 39 44 49 55 89 93 98 102 107 111 
0 1 10 21 28 35 39 50 54 64 68 94 98 102 107 111 
0 1 10 21 28 35 39 54 64 68 72 87 98 102 107 111 
0 1 10 21 35 39 44 48 53 54 88 93 98 102 107 111 
0 1 10 21 35 39 44 48 53 55 88 93 98 102 107 111 
0 1 10 21 35 39 44 48 53 62 88 93 98 102 107 111 
0 1 10 21 35 39 44 49 53 55 88 93 98 102 107 111 
0 1 10 21 35 39 44 49 53 55 89 93 98 102 107 111 
0 1 10 21 35 39 53 54 64 69 88 93 98 102 107 111 
0 1 10 23 28 35 39 46 50 57 62 83 90 94 98 102 107 111 
0 1 10 23 28 35 39 50 56 62 66 83 90 94 98 102 107 111 
0 1 10 23 28 35 39 56 62 66 70 83 89 94 98 102 107 111 
0 1 10 28 35 39 43 50 56 61 66 83 90 94 98 102 107 111 
0 1 10 28 35 40 44 49 55 58 89 93 98 102 107 111 
0 1 10 28 35 40 45 49 58 63 89 93 98 102 107 111 
0 1 10 28 35 40 45 50 58 63 68 94 98 102 107 111 
0 1 10 35 40 44 49 53 55 58 67 93 98 102 107 111 
0 1 10 35 40 44 49 53 55 58 88 93 98 102 107 111 
0 1 10 35 40 44 49 53 55 58 89 93 98 102 107 111 
0 1 13 16 20 24 28 30 34 38 42 46 50 57 90 94 98 102 
0 1 13 16 20 24 28 30 34 38 42 47 65 70 89 94 98 102 
0 1 13 16 20 24 28 30 34 38 49 63 67 72 98 102 
0 1 13 16 20 24 28 30 34 38 63 68 72 87 98 102 
0 1 13 16 20 24 28 30 34 49 59 63 67 72 98 102 
0 1 13 16 20 24 30 34 49 53 59 63 67 93 98 102 
0 1 13 16 20 28 30 34 38 43 47 61 65 70 89 94 98 102 
0 1 13 16 20 28 30 34 38 43 50 56 61 66 90 94 98 102 
0 1 13 16 20 28 30 34 38 43 56 61 66 70 89 94 98 102 
0 1 13 16 20 28 30 34 39 43 54 68 72 87 98 102 
0 1 13 16 20 28 30 34 45 49 59 63 68 72 98 102 
0 1 13 16 20 28 30 34 45 50 59 63 68 94 98 102 
0 1 13 16 20 28 30 34 50 54 59 64 68 72 98 102 
0 1 13 16 20 28 30 34 54 59 63 68 72 87 98 102 
0 1 13 16 20 30 34 39 43 48 53 54 88 93 98 102 
0 1 13 16 20 30 34 48 53 54 59 64 88 93 98 102 
0 1 13 16 20 30 34 53 54 59 64 69 88 93 98 102 
0 1 13 16 20 30 43 48 53 54 59 88 93 98 102 112 
0 1 13 16 21 28 30 35 39 44 49 55 67 72 98 102 
0 1 13 16 21 28 30 35 39 44 49 55 89 93 98 102 
0 1 13 16 21 28 30 44 49 55 60 67 72 98 102 112 
0 1 13 16 21 30 35 39 44 48 53 54 88 93 98 102 
0 1 13 16 21 30 35 39 44 49 53 55 88 93 98 102 
0 1 13 16 21 30 35 39 44 49 53 62 67 93 98 102 
0 1 13 16 21 30 35 39 53 54 64 69 88 93 98 102 
0 1 13 16 21 30 44 49 53 55 60 88 93 98 102 112 
0 1 13 16 23 28 30 34 39 56 62 66 70 83 89 94 98 102 
0 1 13 16 28 30 34 39 43 56 61 66 70 83 89 94 98 102 
0 1 13 16 30 34 39 44 48 53 62 83 88 93 98 102 
0 1 13 16 30 34 39 44 49 53 62 67 83 93 98 102 
0 1 13 17 21 30 35 40 44 49 53 55 88 93 98 102 
0 1 13 17 21 30 35 53 55 60 64 69 88 93 98 102 
0 1 13 17 22 30 35 40 53 55 65 69 88 93 98 102 
0 1 14 18 22 28 30 45 49 56 61 83 89 93 98 102 106 111 
0 1 14 18 22 28 30 45 50 56 61 83 89 94 98 102 106 111 
0 1 14 18 22 28 30 49 55 61 65 83 89 93 98 102 106 111 
0 1 14 18 22 28 30 56 61 65 70 83 89 94 98 102 106 111 
0 1 14 18 22 30 53 55 61 65 69 83 88 93 98 102 106 111 
0 1 14 18 23 28 30 41 45 49 56 83 89 93 98 102 106 111 
0 1 14 18 23 28 30 41 45 50 56 83 89 94 98 102 106 111 
0 1 14 18 23 28 30 41 46 50 56 83 90 94 98 102 106 111 
0 1 14 18 23 28 30 41 46 50 64 68 83 94 98 102 106 111 
0 1 14 18 23 28 30 50 56 61 66 83 90 94 98 102 106 111 
0 1 14 18 23 28 30 56 61 66 70 83 89 94 98 102 106 111 
0 1 14 18 23 30 41 46 53 64 69 83 88 93 98 102 106 111 
0 1 14 18 28 30 43 47 61 65 70 83 89 94 98 102 106 111 
0 1 14 19 23 28 30 37 41 45 49 56 89 93 98 102 106 111 
0 1 14 19 23 28 30 37 41 45 50 56 89 94 98 102 106 111 
0 1 14 19 23 28 30 37 41 46 50 56 90 94 98 102 106 111 
0 1 14 19 23 28 30 37 42 46 50 57 90 94 98 102 106 111 
0 1 14 19 23 28 30 46 50 57 62 83 90 94 98 102 106 111 
0 1 14 19 23 28 30 50 56 62 66 83 90 94 98 102 106 111 
0 1 14 19 23 30 37 41 46 53 64 69 88 93 98 102 106 111 
0 1 14 19 24 28 30 37 42 47 65 70 89 94 98 102 106 111 
0 1 14 19 24 28 30 42 46 50 57 58 90 94 98 102 106 111 
0 1 14 19 28 30 37 42 46 50 60 64 68 94 98 102 106 111 
0 1 14 19 28 30 37 42 46 50 60 64 90 94 98 102 106 111 
0 1 14 19 28 30 37 42 49 55 60 65 89 93 98 102 106 111 
0 1 14 19 30 37 42 46 53 60 64 69 88 93 98 102 106 111 
0 1 14 19 30 44 49 53 58 62 67 93 98 102 106 111 
0 1 15 20 24 28 31 38 42 46 50 57 86 90 94 98 102 107 
0 1 15 20 28 31 45 50 59 63 68 86 94 98 102 107 
0 1 16 20 24 28 30 34 38 42 46 50 57 90 94 98 102 106 
0 1 17 21 28 31 35 40 44 49 55 89 93 98 102 107 
0 1 17 21 31 35 40 44 49 53 55 88 93 98 102 107 
0 1 18 22 28 30 34 45 49 56 61 83 89 93 98 102 106 110 
0 1 18 22 28 30 34 45 50 56 61 83 89 94 98 102 106 110 
0 1 18 22 28 30 34 49 55 61 65 83 89 93 98 102 106 110 
0 1 18 23 28 30 34 41 45 49 56 83 89 93 98 102 106 110 
0 1 18 23 28 30 34 41 45 50 56 83 89 94 98 102 106 110 
0 1 18 23 28 30 34 41 46 50 56 83 90 94 98 102 106 110 
0 1 18 23 28 30 34 50 56 61 66 83 90 94 98 102 106 110 
0 1 19 23 28 30 35 46 50 57 58 62 90 94 98 102 107 111 
0 1 19 24 28 30 35 42 46 50 57 58 90 94 98 102 107 111 
0 1 20 24 28 30 34 38 42 46 50 57 90 94 98 102 106 110 
0 1 21 30 35 39 44 49 53 55 88 93 98 102 107 111 
0 1 22 28 30 34 38 45 49 56 61 85 89 93 98 102 106 110 
0 1 22 28 30 34 38 45 50 56 61 85 89 94 98 102 106 110 
0 1 24 28 30 34 38 42 46 50 57 85 90 94 98 102 106 110 
0 1 28 31 35 40 44 49 55 58 86 89 93 98 102 107 
0 3 7 13 16 20 24 26 30 34 38 42 47 51 57 74 78 91 
0 3 7 13 16 20 24 26 30 34 38 42 47 51 65 70 74 78 
0 3 7 13 16 20 24 26 30 34 38 43 47 51 74 78 87 91 
0 3 7 13 16 20 24 26 30 34 38 43 47 52 70 74 78 87 
0 3 7 13 16 20 24 27 30 34 38 42 46 51 57 69 74 78 
0 3 7 13 16 20 24 27 30 34 38 42 46 51 57 78 90 95 
0 3 7 13 16 20 24 27 30 34 38 42 47 51 65 69 74 78 
0 3 7 13 16 20 26 30 34 38 43 47 51 61 65 70 74 78 
0 3 7 13 16 20 27 30 34 38 43 47 51 61 65 69 74 78 
