0 1 5 12 16 20 28 40 52 61 69 76 77 81 88 
0 1 5 12 16 20 28 41 52 61 69 76 77 81 88 
0 1 5 12 16 20 28 41 52 61 69 76 77 82 88 
0 1 5 12 16 20 28 41 61 69 76 77 81 88 99 
0 1 5 12 16 20 28 41 61 69 76 77 82 88 99 
0 1 5 12 18 30 35 41 47 58 69 77 82 88 95 99 
0 1 5 12 18 30 35 41 47 59 69 77 82 88 95 99 
0 1 5 12 18 30 35 41 48 59 69 77 82 88 95 99 
0 1 5 12 18 30 40 47 52 58 69 76 77 81 88 94 
0 1 5 12 18 30 40 47 52 58 69 76 77 81 88 95 
0 1 5 12 18 30 40 47 52 59 69 76 77 81 88 94 
0 1 5 12 18 30 40 47 52 59 69 76 77 81 88 95 
0 1 5 12 18 30 40 48 52 59 69 76 77 81 88 95 
0 1 5 12 18 30 41 47 52 58 69 76 77 81 88 94 
0 1 5 12 18 30 41 47 52 58 69 76 77 82 88 94 
0 1 5 12 18 30 41 47 52 58 69 76 77 82 88 95 
0 1 5 12 18 30 41 47 52 59 69 76 77 81 88 94 
0 1 5 12 18 30 41 47 52 59 69 76 77 81 88 95 
0 1 5 12 18 30 41 47 52 59 69 76 77 82 88 94 
0 1 5 12 18 30 41 47 52 59 69 76 77 82 88 95 
0 1 5 12 18 30 41 47 58 69 76 77 81 88 94 99 
0 1 5 12 18 30 41 47 58 69 76 77 81 88 95 99 
0 1 5 12 18 30 41 47 58 69 76 77 82 88 94 99 
0 1 5 12 18 30 41 47 58 69 76 77 82 88 95 99 
0 1 5 12 18 30 41 48 52 59 69 76 77 81 88 95 
0 1 5 12 18 30 41 48 59 69 76 77 81 88 95 99 
0 1 5 12 18 30 41 48 59 69 76 77 82 88 95 99 
0 1 5 12 18 31 35 41 47 59 69 77 82 88 95 99 
0 1 5 12 18 31 41 48 59 69 76 77 81 88 95 99 
0 1 5 16 20 23 26 41 52 57 61 64 69 76 82 
0 1 5 16 20 23 26 41 52 57 61 69 76 77 81 
0 1 5 16 20 23 26 41 52 57 61 69 76 77 82 
0 1 5 16 20 23 26 41 57 61 64 69 76 82 99 
0 1 5 16 20 23 26 41 57 61 64 70 76 82 99 
0 1 5 16 20 23 26 41 57 61 69 76 77 81 99 
0 1 5 16 20 23 26 41 57 61 70 76 77 82 99 
0 1 5 16 20 23 28 41 52 57 61 64 69 76 82 
0 1 5 16 20 23 28 41 52 57 61 69 76 77 82 
0 1 5 16 20 23 28 41 52 61 64 69 76 82 88 
0 1 5 16 20 23 28 41 52 61 69 76 77 81 88 
0 1 5 16 20 23 28 41 52 61 69 76 77 82 88 
0 1 5 16 20 23 28 41 61 64 69 76 82 88 99 
0 1 5 16 20 23 28 41 61 69 76 77 82 88 99 
0 1 5 16 20 28 39 43 61 76 79 84 88 99 
0 1 5 16 23 26 41 52 57 61 64 69 76 82 95 
0 1 5 16 23 26 41 52 57 61 69 76 77 81 95 
0 1 5 16 23 26 41 52 57 61 69 76 77 82 95 
0 1 5 18 23 30 41 47 59 70 76 77 82 88 94 99 
0 1 6 16 23 26 41 57 61 64 66 70 82 95 103 
0 1 6 16 23 26 42 57 61 64 66 70 82 95 103 
0 1 7 12 16 20 28 36 41 52 61 76 77 88 101 
0 1 7 12 16 20 28 37 41 52 61 76 77 88 101 
0 1 7 12 16 20 28 37 41 61 76 77 88 101 103 
0 1 7 16 20 23 26 36 41 52 57 61 76 77 101 
0 1 7 16 20 23 26 37 41 52 57 61 76 77 101 
0 1 7 16 20 23 26 37 41 57 61 76 77 101 103 
0 1 7 16 20 23 28 36 41 52 57 61 76 77 101 
0 1 7 16 20 23 28 36 41 52 61 76 77 88 101 
0 1 7 16 20 23 28 37 41 52 57 61 76 77 101 
0 1 7 16 20 23 28 37 41 52 61 76 77 88 101 
0 1 7 16 20 23 28 37 41 57 61 76 77 101 103 
0 1 7 16 20 23 28 37 41 61 76 77 88 101 103 
0 1 8 16 20 23 26 37 42 57 61 64 76 102 103 
0 1 8 16 20 23 28 37 42 57 61 64 76 102 103 
0 1 16 20 23 26 37 41 52 57 61 64 76 82 101 
0 1 16 20 23 26 37 41 52 57 61 76 77 82 101 
0 1 16 20 23 26 37 41 57 61 64 76 82 101 103 
0 1 16 20 23 26 37 41 57 61 76 77 82 101 103 
0 2 7 12 16 20 28 32 36 71 77 88 92 96 100 
0 2 7 12 16 20 28 32 53 67 71 77 88 92 96 
0 2 7 12 16 25 28 32 53 67 71 77 88 92 96 
0 2 7 12 19 31 36 48 59 71 77 88 96 100 
0 2 7 12 19 31 48 53 59 67 71 77 88 96 
0 2 7 12 20 28 32 36 47 71 77 88 92 96 100 
0 2 7 12 20 28 32 47 53 67 71 77 88 92 96 
0 2 7 12 25 28 32 36 47 71 77 88 92 96 100 
0 2 7 12 25 28 32 47 53 67 71 77 88 92 96 
0 2 7 12 25 28 36 47 62 71 77 88 92 96 100 
0 2 7 16 25 28 32 36 43 71 84 88 92 96 100 
0 2 7 19 31 36 43 48 59 71 84 88 96 100 
0 2 7 25 28 32 36 43 47 71 84 88 92 96 100 
0 2 12 20 28 32 36 40 47 77 81 88 92 96 100 
0 3 7 12 16 20 28 32 37 41 61 77 88 97 101 
0 3 7 12 16 20 28 32 37 41 77 88 92 97 101 
0 3 7 12 16 20 28 32 37 61 71 77 88 97 101 
0 3 7 12 16 20 28 32 37 71 77 88 92 97 101 
0 3 7 12 16 20 28 32 41 61 67 77 88 96 101 
0 3 7 12 16 20 28 32 41 61 67 77 88 97 101 
0 3 7 12 16 20 28 32 41 67 77 88 92 97 101 
0 3 7 12 16 20 28 32 53 61 67 71 77 88 96 
0 3 7 12 16 20 28 32 53 67 71 77 88 92 96 
0 3 7 12 16 20 28 32 53 67 71 77 88 92 97 
0 3 7 12 16 24 28 37 63 71 77 88 92 97 101 
0 3 7 12 16 24 28 53 63 67 71 77 88 92 97 
0 3 7 12 16 24 28 63 67 71 77 88 92 97 101 
0 3 7 12 18 24 47 53 59 63 67 71 77 88 97 
