0 1 4 16 19 27 39 42 61 65 84 87 99 102 
0 2 6 12 15 25 28 32 36 57 61 64 83 87 91 
0 2 6 12 25 28 32 36 57 61 64 83 87 91 103 
0 2 6 12 25 28 32 36 57 61 64 83 91 97 103 
0 2 6 12 25 28 32 47 57 61 64 83 87 91 103 
0 2 6 12 25 28 32 47 57 61 64 83 91 97 103 
0 2 6 15 21 25 28 32 36 57 61 64 82 87 91 
0 2 6 15 21 25 28 32 36 57 61 64 83 87 91 
0 2 6 21 25 28 32 36 57 61 64 82 87 91 103 
0 2 6 21 25 28 32 36 57 61 77 82 91 97 103 
0 2 6 21 25 28 32 36 57 61 77 82 97 101 103 
0 2 7 12 15 25 28 32 37 57 61 64 83 87 91 
0 2 7 12 15 25 28 32 47 57 61 64 83 87 91 
0 2 7 12 15 25 32 37 57 61 64 70 83 87 91 
0 2 7 12 15 28 32 41 47 57 61 64 83 87 91 
0 2 7 12 15 32 37 41 57 61 64 70 83 87 91 
0 2 7 12 28 32 41 47 57 61 64 83 91 97 103 
0 2 7 15 21 28 32 41 47 57 61 64 83 87 91 
