0 1 5 9 20 34 39 43 52 68 76 79 82 92 100 
0 1 5 9 20 35 39 43 52 57 64 68 72 82 86 97 101 
0 1 5 9 20 35 39 43 52 63 67 72 77 82 86 97 101 
0 1 5 10 21 28 39 43 53 56 60 71 83 94 98 
0 1 5 10 21 28 39 43 53 56 61 76 83 94 98 
0 1 5 10 21 28 39 43 53 61 76 79 83 94 98 
0 1 5 10 21 28 39 43 53 61 76 79 83 94 99 
0 1 5 10 21 28 39 43 56 60 71 78 89 93 103 
0 1 5 10 21 28 39 43 56 60 71 89 93 98 103 
0 1 5 10 21 28 39 43 56 60 76 83 94 98 103 
0 1 5 10 21 28 39 43 56 60 76 89 93 98 103 
0 1 5 10 21 28 39 43 56 60 76 89 94 98 103 
0 1 5 10 21 28 39 43 56 61 76 83 94 98 103 
0 1 5 10 21 28 39 43 61 76 79 83 94 98 103 
0 1 5 16 20 28 39 43 61 76 79 84 88 99 
0 1 5 16 21 28 39 43 56 60 76 89 93 98 103 
0 1 6 10 21 28 39 43 56 60 71 83 94 98 103 
0 1 6 10 21 28 39 43 56 60 71 89 94 98 103 
