0 4 7 15 18 32 35 46 53 62 73 76 78 82 93 
0 4 8 11 13 17 21 28 32 49 59 63 67 95 103 
0 4 8 11 13 17 21 32 49 59 63 67 79 95 103 
0 4 8 11 13 17 32 44 49 59 63 67 79 95 103 
0 4 8 11 17 21 28 32 36 49 59 63 67 95 103 
0 4 8 11 17 21 28 36 54 59 63 67 71 95 103 
0 4 8 11 17 21 32 36 49 59 63 67 79 95 103 
0 4 8 11 17 21 32 36 59 63 67 71 79 95 103 
0 4 8 11 17 32 36 44 49 59 63 67 79 95 103 
0 4 8 11 17 36 44 54 59 63 71 79 90 95 103 
0 4 9 11 13 17 21 28 45 49 55 59 63 91 95 
0 4 9 11 17 21 28 36 45 49 55 59 63 91 95 
0 4 11 13 17 21 28 32 45 49 55 59 63 91 95 
0 4 11 13 17 21 28 32 45 49 59 63 91 95 103 
0 4 11 13 17 21 28 32 49 55 59 63 67 91 95 
0 4 11 17 21 32 36 49 59 63 67 79 91 95 103 
0 5 9 13 37 41 45 53 55 68 72 78 83 87 100 
0 6 13 20 24 31 38 45 55 62 69 80 87 94 101 
