0 2 6 10 14 18 22 25 28 32 64 72 94 98 102 
0 2 6 10 14 18 22 28 32 36 57 64 94 98 102 
0 2 6 10 14 18 28 32 36 53 57 64 90 98 102 
0 2 6 10 14 18 28 32 36 53 57 68 90 98 102 
0 2 6 10 14 18 28 32 36 57 68 90 94 98 102 
0 2 6 10 14 18 28 32 36 64 72 90 94 98 102 
0 2 6 10 14 22 28 32 36 53 57 64 65 86 98 
0 2 6 10 14 22 28 32 36 53 57 64 86 98 102 
0 2 6 10 14 22 28 32 36 57 64 65 86 94 98 
0 2 6 10 14 28 32 36 53 57 64 65 86 90 98 
0 2 6 10 14 32 36 43 53 57 64 65 86 90 98 
0 2 6 13 18 28 35 47 56 60 68 82 90 102 103 
0 3 8 15 20 25 29 34 59 65 69 77 85 95 103 
0 3 8 15 20 25 29 34 59 65 69 77 95 100 103 
0 3 8 15 20 25 29 34 59 65 69 90 95 100 103 
0 3 8 15 20 25 34 44 59 65 69 77 85 95 103 
0 3 8 15 25 27 34 44 59 69 77 88 95 100 103 
0 3 10 15 20 25 29 34 46 54 59 65 85 90 95 
