0 2 7 10 20 26 27 32 37 56 66 83 91 96 101 
0 2 7 10 20 26 32 37 42 56 66 83 91 96 101 
0 2 7 10 26 32 37 42 56 66 83 88 91 96 101 
0 2 7 20 23 24 27 32 58 64 66 71 83 101 103 
0 2 7 20 23 24 27 34 47 58 64 66 83 93 101 
0 2 7 20 23 24 32 42 58 64 66 71 83 101 103 
0 2 7 20 23 24 34 42 47 58 64 66 83 93 101 
0 2 7 20 23 24 42 47 58 64 66 71 83 93 101 
0 2 7 20 23 24 42 47 58 64 66 71 83 101 103 
0 2 7 20 23 27 32 37 64 66 71 83 96 101 103 
0 2 7 20 23 27 32 37 66 71 83 91 96 101 103 
0 2 7 20 23 27 34 37 47 58 64 66 83 93 101 
0 2 7 20 23 27 37 47 64 66 71 83 96 101 103 
0 2 7 20 23 32 37 42 58 64 66 71 83 101 103 
0 2 7 20 23 32 37 42 58 66 71 83 91 101 103 
0 2 7 20 23 32 37 42 64 66 71 83 96 101 103 
0 2 7 20 23 37 42 47 64 66 71 83 96 101 103 
0 2 7 20 24 27 34 47 58 64 66 80 83 93 101 
0 2 7 20 26 27 32 37 56 64 66 83 96 101 103 
0 2 7 20 26 27 32 37 64 66 71 83 96 101 103 
0 4 11 12 18 22 28 35 46 58 69 78 82 93 100 
