0 1 6 10 14 30 34 39 44 54 63 67 83 87 92 96 
0 1 6 10 14 30 35 39 44 54 63 67 83 87 92 96 
0 1 6 10 14 34 39 44 48 54 63 67 87 92 96 100 
0 1 6 10 14 35 39 44 48 54 63 67 87 92 96 100 
0 1 6 10 15 30 35 39 44 54 63 67 83 87 92 96 
0 1 6 10 15 31 35 39 44 54 63 67 83 87 92 96 
0 1 6 10 15 35 39 44 48 54 63 67 83 87 92 96 
0 1 6 10 15 35 39 44 48 54 63 67 87 92 96 100 
0 1 6 10 15 35 39 44 48 54 63 67 87 92 96 101 
0 1 6 10 16 26 30 39 44 54 63 69 83 92 96 102 
0 1 6 10 16 32 39 44 48 54 63 69 85 92 96 100 
0 1 6 10 17 26 30 39 44 54 63 69 79 83 92 96 
0 1 6 10 17 26 30 39 44 54 63 69 83 92 96 102 
0 1 6 10 17 26 31 39 44 54 63 69 79 83 92 96 
0 1 6 10 17 32 39 44 48 54 63 69 85 92 96 100 
0 1 6 10 17 33 39 44 48 54 63 69 85 92 96 100 
0 1 6 10 17 33 39 44 48 54 63 69 85 92 96 101 
0 1 6 10 26 30 34 39 44 54 63 83 87 92 96 102 
0 1 6 10 26 30 35 39 44 54 63 67 83 87 92 96 
0 1 6 10 26 30 35 39 44 54 63 79 83 87 92 96 
0 1 6 10 26 30 35 39 44 54 63 83 87 92 96 102 
0 1 6 10 26 30 39 44 54 63 69 83 87 92 96 102 
0 1 6 10 26 31 35 39 44 54 63 79 83 87 92 96 
0 1 6 12 15 31 35 39 44 54 63 67 83 87 92 96 
0 1 6 12 15 35 39 44 48 54 63 67 87 92 96 101 
0 1 6 12 17 26 31 39 44 54 63 69 79 83 92 96 
0 1 6 12 17 33 39 44 48 54 63 69 85 92 96 101 
0 1 6 12 26 31 35 39 44 54 63 79 83 87 92 96 
0 1 6 13 17 26 28 39 44 54 69 76 79 81 92 96 
0 1 6 13 17 26 29 39 44 54 69 76 79 81 92 96 
0 1 6 13 17 28 33 39 44 54 69 76 81 85 92 96 
0 1 6 13 26 28 35 39 44 54 76 79 81 87 92 96 
0 1 6 13 26 29 35 39 44 54 76 79 81 87 92 96 
0 1 6 14 28 34 39 44 48 54 67 81 87 92 96 100 
0 1 6 14 28 35 39 44 48 54 67 81 87 92 96 100 
0 1 6 15 28 35 39 44 48 54 67 81 87 92 96 100 
0 1 6 15 28 35 39 44 48 54 67 81 87 92 96 101 
0 1 6 15 29 35 39 44 48 54 67 81 87 92 96 101 
0 1 6 15 35 39 44 48 54 63 67 81 87 92 96 101 
0 1 6 16 23 26 28 39 44 54 69 76 81 92 96 102 
0 1 6 16 23 28 32 39 44 54 69 76 81 85 92 96 
0 1 6 16 28 32 39 44 48 54 69 81 85 92 96 100 
0 1 6 17 23 26 28 39 44 54 69 76 79 81 92 96 
0 1 6 17 23 26 28 39 44 54 69 76 81 85 92 96 
0 1 6 17 23 26 28 39 44 54 69 76 81 92 96 102 
0 1 6 17 23 28 32 39 44 54 69 76 81 85 92 96 
0 1 6 17 23 28 33 39 44 54 69 76 81 85 92 96 
0 1 6 17 28 32 39 44 48 54 69 81 85 92 96 100 
0 1 6 17 28 33 39 44 48 54 69 76 81 85 92 96 
0 1 6 17 28 33 39 44 48 54 69 81 85 92 96 100 
0 1 6 17 28 33 39 44 48 54 69 81 85 92 96 101 
0 1 6 17 33 39 44 48 54 63 69 81 85 92 96 101 
0 1 6 23 26 28 34 39 44 54 76 81 87 92 96 102 
0 1 6 23 26 28 35 39 44 54 76 79 81 87 92 96 
0 1 6 23 26 28 35 39 44 54 76 81 87 92 96 102 
0 1 6 23 26 28 39 44 54 69 76 81 87 92 96 102 
0 1 8 13 17 26 28 39 50 54 60 69 76 79 81 91 
0 1 8 13 17 26 28 39 50 54 60 69 76 79 81 92 
0 1 8 13 17 26 28 39 50 54 61 69 76 79 81 91 
0 1 8 13 17 26 28 39 50 54 61 69 76 79 81 92 
0 1 8 13 17 26 28 39 52 54 61 69 76 79 81 92 
0 1 8 13 17 26 29 39 50 54 61 69 76 79 81 91 
0 1 8 13 17 26 29 39 50 54 61 69 76 79 81 92 
0 1 8 13 17 26 29 39 52 54 61 69 76 79 81 92 
0 1 8 13 17 26 39 46 50 54 60 69 76 79 91 98 
0 1 8 13 17 26 39 46 50 54 60 69 76 79 92 98 
0 1 8 13 17 26 39 46 50 54 61 69 76 79 91 98 
0 1 8 13 17 26 39 46 50 54 61 69 76 79 91 99 
0 1 8 13 17 26 39 46 50 54 61 69 76 79 92 98 
0 1 8 13 17 26 39 46 50 54 61 69 76 79 92 99 
0 1 8 13 17 26 39 46 52 54 61 69 76 79 81 92 
0 1 8 13 17 26 39 46 52 54 61 69 76 79 92 98 
0 1 8 13 17 26 39 46 52 54 61 69 76 79 92 99 
0 1 8 13 17 28 33 39 50 54 60 69 76 81 85 91 
0 1 8 13 17 28 33 39 50 54 60 69 76 81 85 92 
0 1 8 13 17 28 33 39 50 54 61 69 76 81 85 91 
0 1 8 13 17 28 33 39 50 54 61 69 76 81 85 92 
0 1 8 13 17 28 33 39 52 54 61 69 76 81 85 92 
0 1 8 13 17 29 33 39 50 54 61 69 76 81 85 91 
0 1 8 13 17 33 39 46 50 54 60 69 76 85 91 98 
0 1 8 13 17 33 39 46 50 54 60 69 76 85 92 98 
0 1 8 13 17 33 39 46 50 54 61 69 76 85 91 98 
0 1 8 13 17 33 39 46 50 54 61 69 76 85 91 99 
0 1 8 13 17 33 39 46 50 54 61 69 76 85 92 98 
0 1 8 13 17 33 39 46 50 54 61 69 76 85 92 99 
0 1 8 13 17 33 39 46 52 54 61 69 76 81 85 92 
0 1 8 13 17 33 39 46 52 54 61 69 76 85 92 98 
0 1 8 13 17 33 39 46 52 54 61 69 76 85 92 99 
0 1 8 13 26 28 35 39 50 54 60 76 79 81 87 91 
0 1 8 13 26 28 35 39 50 54 60 76 79 81 87 92 
0 1 8 13 26 28 35 39 50 54 61 76 79 81 87 91 
0 1 8 13 26 28 35 39 50 54 61 76 79 81 87 92 
0 1 8 13 26 28 35 39 52 54 61 76 79 81 87 92 
0 1 8 13 26 29 35 39 50 54 61 76 79 81 87 91 
0 1 8 13 26 29 35 39 50 54 61 76 79 81 87 92 
0 1 8 13 26 29 35 39 52 54 61 76 79 81 87 92 
0 1 8 13 26 35 39 46 50 54 60 76 79 87 92 98 
0 1 8 13 26 35 39 46 50 54 61 76 79 87 91 99 
0 1 8 13 26 35 39 46 50 54 61 76 79 87 92 98 
0 1 8 13 26 35 39 46 50 54 61 76 79 87 92 99 
0 1 8 13 26 35 39 46 52 54 61 76 79 81 87 92 
0 1 8 13 26 35 39 46 52 54 61 76 79 87 92 98 
0 1 8 13 29 34 39 50 61 64 66 81 86 91 
0 1 8 13 34 39 46 50 61 64 66 86 91 99 
0 1 8 14 28 34 39 47 50 54 60 66 80 87 91 100 
0 1 8 14 28 34 39 47 50 54 60 66 80 87 92 100 
0 1 8 14 28 34 39 47 50 54 60 67 80 87 91 100 
0 1 8 14 28 34 39 47 50 54 60 67 80 87 92 100 
0 1 8 14 28 34 39 47 50 60 64 66 80 86 91 100 
0 1 8 14 28 34 39 47 50 60 64 66 80 87 91 100 
0 1 8 14 28 34 39 47 50 60 64 67 80 87 91 100 
0 1 8 14 28 34 39 48 50 54 60 67 80 87 91 100 
0 1 8 14 28 34 39 48 50 54 60 67 80 87 92 100 
0 1 8 14 28 34 39 48 50 54 60 67 81 87 91 100 
0 1 8 14 28 34 39 48 50 54 60 67 81 87 92 100 
0 1 8 14 28 34 39 48 50 54 61 67 81 87 91 100 
0 1 8 14 28 34 39 48 50 54 61 67 81 87 92 100 
0 1 8 14 28 34 39 48 50 54 67 81 87 92 96 100 
0 1 8 14 28 34 39 48 50 60 64 67 80 87 91 100 
0 1 8 14 28 34 39 48 50 61 64 67 81 87 91 100 
0 1 8 14 28 35 39 47 50 54 60 67 80 87 91 100 
0 1 8 14 28 35 39 47 50 54 60 67 80 87 92 100 
0 1 8 14 28 35 39 48 50 54 60 67 80 87 91 100 
0 1 8 14 28 35 39 48 50 54 60 67 80 87 92 100 
0 1 8 14 28 35 39 48 50 54 60 67 81 87 92 100 
0 1 8 14 28 35 39 48 50 54 61 67 81 87 92 100 
0 1 8 14 28 35 39 48 50 54 67 81 87 92 96 100 
0 1 8 14 30 34 39 45 50 54 60 66 82 87 91 98 
0 1 8 14 30 34 39 45 50 54 60 66 82 87 92 98 
0 1 8 14 30 34 39 45 50 54 60 67 82 87 91 98 
0 1 8 14 30 34 39 45 50 54 60 67 82 87 92 98 
0 1 8 14 30 34 39 45 50 54 60 67 83 87 91 98 
0 1 8 14 30 34 39 45 50 54 60 67 83 87 92 98 
0 1 8 14 30 34 39 45 50 54 60 82 87 91 98 102 
0 1 8 14 30 34 39 45 50 54 60 82 87 92 98 102 
0 1 8 14 30 34 39 45 50 60 64 66 82 86 91 98 
0 1 8 14 30 34 39 45 50 60 64 66 82 87 91 98 
0 1 8 14 30 34 39 45 50 60 64 67 82 87 91 98 
0 1 8 14 30 34 39 45 50 60 64 67 83 87 91 98 
0 1 8 14 30 34 39 45 50 60 64 82 87 91 98 102 
0 1 8 14 30 35 39 46 50 54 60 67 83 87 91 98 
0 1 8 14 30 35 39 46 50 54 60 67 83 87 92 98 
0 1 8 14 30 35 39 46 50 54 61 67 83 87 91 98 
0 1 8 14 30 35 39 46 50 54 61 67 83 87 92 98 
0 1 8 15 28 35 39 48 50 54 60 67 80 87 92 100 
0 1 8 15 28 35 39 48 50 54 60 67 81 87 92 100 
0 1 8 15 28 35 39 48 50 54 60 67 81 87 92 101 
0 1 8 15 28 35 39 48 50 54 61 67 81 87 92 100 
0 1 8 15 28 35 39 48 50 54 67 81 87 92 96 100 
0 1 8 15 28 35 39 48 50 54 67 81 87 92 96 101 
0 1 8 15 30 35 39 46 50 54 60 67 83 87 91 98 
0 1 8 15 30 35 39 46 50 54 60 67 83 87 92 98 
0 1 8 15 30 35 39 46 50 54 61 67 83 87 91 98 
0 1 8 15 31 35 39 46 50 54 60 67 83 87 91 98 
0 1 8 15 31 35 39 46 50 54 61 67 83 87 91 99 
0 1 8 16 23 26 28 39 50 54 60 69 76 80 91 102 
0 1 8 16 23 26 28 39 50 54 60 69 76 80 92 102 
0 1 8 16 23 26 28 39 50 54 60 69 76 91 98 102 
0 1 8 16 23 26 28 39 50 54 60 69 76 92 98 102 
0 1 8 16 23 26 30 39 45 50 54 60 69 91 98 102 
0 1 8 16 23 26 30 39 45 50 60 64 69 91 98 102 
0 1 8 16 23 26 39 45 50 54 60 69 76 91 98 102 
0 1 8 16 23 26 39 45 50 54 60 69 76 92 98 102 
0 1 8 16 23 26 39 46 50 54 60 69 76 91 98 102 
0 1 8 16 23 26 39 46 50 54 60 69 76 92 98 102 
0 1 8 16 23 26 39 46 50 61 64 69 76 91 98 102 
0 1 8 16 23 28 32 39 50 54 60 69 76 80 85 91 
0 1 8 16 23 28 32 39 50 54 60 69 76 85 91 98 
0 1 8 16 31 39 46 50 61 64 68 84 91 99 
0 1 8 17 23 26 28 39 50 54 60 69 76 79 80 91 
0 1 8 17 23 26 28 39 50 54 60 69 76 79 81 91 
0 1 8 17 23 26 28 39 50 54 60 69 76 79 81 92 
0 1 8 17 23 26 28 39 50 54 60 69 76 81 85 91 
0 1 8 17 23 26 28 39 50 54 60 69 76 81 85 92 
0 1 8 17 23 26 28 39 50 54 60 69 76 81 91 102 
0 1 8 17 23 26 28 39 50 54 60 69 76 85 91 98 
0 1 8 17 23 26 28 39 50 54 69 76 79 81 92 96 
0 1 8 17 23 26 28 39 50 54 69 76 81 85 92 96 
0 1 8 17 23 26 28 39 50 54 69 76 81 92 96 102 
0 1 8 17 23 26 30 39 45 50 54 60 69 91 98 102 
0 1 8 17 23 26 39 45 50 54 60 69 76 79 92 98 
0 1 8 17 23 26 39 45 50 54 60 69 76 85 92 98 
0 1 8 17 23 26 39 45 50 54 60 69 76 91 98 102 
0 1 8 17 23 26 39 45 50 54 60 69 76 92 98 102 
0 1 8 17 23 26 39 46 50 54 60 69 76 79 92 98 
0 1 8 17 23 26 39 46 50 54 60 69 76 85 92 98 
0 1 8 17 23 26 39 46 50 54 60 69 76 92 98 102 
0 1 8 17 23 33 39 45 50 54 60 69 76 85 91 98 
0 1 8 23 26 28 34 39 50 54 60 65 80 87 91 102 
0 1 8 23 26 28 34 39 50 54 60 76 80 87 91 102 
0 1 8 23 26 28 34 39 50 54 60 76 81 87 91 102 
0 1 8 23 26 28 34 39 50 54 60 76 81 87 92 102 
0 1 8 23 26 28 34 39 50 54 60 76 87 92 98 102 
0 1 8 23 26 28 34 39 50 54 76 81 87 92 96 102 
0 1 8 23 26 28 34 39 50 60 64 65 80 87 91 102 
0 1 8 23 26 28 34 39 50 61 64 76 81 87 91 102 
0 1 8 23 26 28 35 39 50 54 60 76 80 87 91 102 
0 1 8 23 26 28 35 39 50 54 60 76 81 87 92 102 
0 1 8 23 26 28 35 39 50 54 60 76 87 92 98 102 
0 1 8 23 26 30 34 39 45 50 54 60 87 92 98 102 
0 1 8 23 26 34 39 45 50 54 60 65 87 92 98 102 
0 1 8 23 26 34 39 45 50 54 60 76 87 92 98 102 
0 1 8 23 26 35 39 45 50 54 60 65 87 92 98 102 
0 1 8 23 26 35 39 45 50 54 60 76 79 87 92 98 
0 1 8 23 26 35 39 45 50 54 60 76 87 92 98 102 
0 1 8 23 26 35 39 46 50 54 60 76 79 87 92 98 
0 1 8 23 28 34 39 49 50 54 60 65 80 87 92 102 
0 1 8 23 34 39 45 49 50 54 60 65 87 92 98 102 
0 1 8 26 30 34 39 45 50 54 60 82 87 92 98 102 
0 1 8 26 30 34 39 45 50 54 60 83 87 92 98 102 
0 1 8 26 30 35 39 45 50 54 60 82 87 92 98 102 
0 1 8 26 30 35 39 45 50 54 60 83 87 92 98 102 
0 1 8 30 34 39 45 49 50 54 60 82 87 92 98 102 
0 1 10 14 28 34 39 43 48 50 54 67 87 91 96 100 
0 1 10 14 28 34 39 43 48 50 54 67 87 92 96 100 
0 1 10 14 28 34 39 43 48 50 64 67 87 91 96 100 
0 1 10 14 28 35 39 43 48 50 54 67 87 91 96 100 
0 1 10 14 28 35 39 43 48 50 54 67 87 92 96 100 
0 1 10 14 30 34 39 43 50 54 62 66 82 87 91 96 
0 1 10 14 30 34 39 43 50 54 62 66 82 87 92 96 
0 1 10 14 30 34 39 43 50 54 62 67 82 87 91 96 
0 1 10 14 30 34 39 43 50 54 62 67 82 87 92 96 
0 1 10 14 30 34 39 43 50 54 62 67 83 87 91 96 
0 1 10 14 30 34 39 43 50 54 62 67 83 87 92 96 
0 1 10 14 30 34 39 43 50 54 62 67 87 91 96 100 
0 1 10 14 30 34 39 43 50 54 62 67 87 92 96 100 
0 1 10 14 30 34 39 43 50 54 62 82 87 91 96 102 
0 1 10 14 30 34 39 43 50 54 62 82 87 92 96 102 
0 1 10 14 30 34 39 43 50 54 63 67 83 87 91 96 
0 1 10 14 30 34 39 43 50 54 63 67 83 87 92 96 
0 1 10 14 30 34 39 43 50 62 64 66 82 86 91 96 
0 1 10 14 30 34 39 43 50 62 64 66 82 87 91 96 
0 1 10 14 30 34 39 43 50 62 64 67 82 87 91 96 
0 1 10 14 30 34 39 43 50 62 64 67 83 87 91 96 
0 1 10 14 30 34 39 43 50 62 64 67 87 91 96 100 
0 1 10 14 30 34 39 43 50 63 64 67 83 87 91 96 
0 1 10 14 30 34 39 44 50 54 63 67 83 87 91 96 
0 1 10 14 30 34 39 44 50 54 63 67 83 87 92 96 
0 1 10 14 30 34 39 44 50 63 64 67 83 87 91 96 
0 1 10 14 30 35 39 43 50 54 62 67 82 87 91 96 
0 1 10 14 30 35 39 43 50 54 62 67 82 87 92 96 
0 1 10 14 30 35 39 43 50 54 62 67 83 87 91 96 
0 1 10 14 30 35 39 43 50 54 62 67 83 87 92 96 
0 1 10 14 30 35 39 43 50 54 62 67 87 91 96 100 
0 1 10 14 30 35 39 43 50 54 62 67 87 92 96 100 
0 1 10 14 30 35 39 43 50 54 63 67 83 87 91 96 
0 1 10 14 30 35 39 43 50 54 63 67 83 87 92 96 
0 1 10 14 30 35 39 44 50 54 63 67 83 87 91 96 
0 1 10 14 30 35 39 44 50 54 63 67 83 87 92 96 
0 1 10 14 34 39 43 47 50 54 62 66 87 91 96 100 
0 1 10 14 34 39 43 47 50 54 62 66 87 92 96 100 
0 1 10 14 34 39 43 47 50 54 62 67 87 91 96 100 
0 1 10 14 34 39 43 47 50 54 62 67 87 92 96 100 
0 1 10 14 34 39 43 48 50 54 62 67 87 91 96 100 
0 1 10 14 34 39 43 48 50 54 62 67 87 92 96 100 
0 1 10 14 35 39 43 47 50 54 62 67 87 91 96 100 
0 1 10 14 35 39 43 47 50 54 62 67 87 92 96 100 
0 1 10 14 35 39 43 48 50 54 62 67 87 91 96 100 
0 1 10 14 35 39 43 48 50 54 62 67 87 92 96 100 
0 1 10 15 28 35 39 43 48 50 54 67 87 91 96 100 
0 1 10 15 28 35 39 43 48 50 54 67 87 92 96 100 
0 1 10 15 30 35 39 43 50 54 62 67 83 87 91 96 
0 1 10 15 30 35 39 43 50 54 62 67 83 87 92 96 
0 1 10 26 30 34 39 43 50 54 62 82 87 91 96 102 
0 1 10 26 30 34 39 43 50 54 62 82 87 92 96 102 
0 1 10 26 30 34 39 43 50 54 62 83 87 91 96 102 
0 1 10 26 30 34 39 43 50 54 62 83 87 92 96 102 
0 1 10 26 30 34 39 43 50 54 63 83 87 91 96 102 
0 1 10 26 30 34 39 43 50 54 63 83 87 92 96 102 
0 1 10 26 30 34 39 43 50 62 64 82 87 91 96 102 
0 1 10 26 30 34 39 43 50 62 64 83 87 91 96 102 
0 1 10 26 30 34 39 43 50 63 64 83 87 91 96 102 
0 1 10 26 30 34 39 44 50 54 63 83 87 91 96 102 
0 1 10 26 30 34 39 44 50 54 63 83 87 92 96 102 
0 1 10 26 30 34 39 44 50 63 64 83 87 91 96 102 
0 1 10 26 30 34 39 44 52 54 63 83 87 92 96 102 
0 1 10 26 30 35 39 43 50 54 62 79 83 87 91 96 
0 1 10 26 30 35 39 43 50 54 62 79 83 87 92 96 
0 1 10 26 30 35 39 43 50 54 62 82 87 91 96 102 
0 1 10 26 30 35 39 43 50 54 62 82 87 92 96 102 
0 1 10 26 30 35 39 43 50 54 62 83 87 91 96 102 
0 1 10 26 30 35 39 43 50 54 62 83 87 92 96 102 
0 1 10 26 30 35 39 43 50 54 63 79 83 87 91 96 
0 1 10 26 30 35 39 43 50 54 63 79 83 87 92 96 
0 1 10 26 30 35 39 43 50 54 63 83 87 91 96 102 
0 1 10 26 30 35 39 43 50 54 63 83 87 92 96 102 
0 1 10 26 30 35 39 44 50 54 63 79 83 87 91 96 
0 1 10 26 30 35 39 44 50 54 63 79 83 87 92 96 
0 1 10 26 30 35 39 44 50 54 63 83 87 91 96 102 
0 1 10 26 30 35 39 44 50 54 63 83 87 92 96 102 
0 1 10 26 30 35 39 44 52 54 63 83 87 92 96 102 
0 1 10 26 31 35 39 43 50 54 63 79 83 87 91 96 
0 1 10 26 31 35 39 43 50 54 63 79 83 87 92 96 
0 1 10 26 31 35 39 44 50 54 63 79 83 87 91 96 
0 1 10 26 31 35 39 44 50 54 63 79 83 87 92 96 
0 1 10 30 34 39 43 49 50 54 62 82 87 91 96 102 
0 1 10 30 34 39 43 49 50 54 62 82 87 92 96 102 
0 1 12 26 31 35 39 44 50 54 63 79 83 87 91 96 
0 1 12 26 31 35 39 44 50 54 63 79 83 87 92 96 
0 1 12 34 39 44 49 50 63 64 86 91 96 101 
0 1 13 26 29 35 39 44 52 54 76 79 81 87 92 97 
0 1 23 26 28 34 39 44 50 54 76 81 87 91 96 102 
0 1 29 34 39 44 49 50 64 81 86 91 96 101 
0 2 6 10 14 30 35 39 44 54 63 67 83 87 92 96 
0 2 6 10 14 35 39 44 48 54 63 67 87 92 96 100 
0 2 6 10 15 30 35 39 44 54 63 67 83 87 92 96 
0 2 6 10 15 30 35 39 44 54 63 67 83 88 92 96 
0 2 6 10 15 31 35 39 44 54 63 67 83 87 92 96 
0 2 6 10 15 31 35 39 44 54 63 67 83 88 92 96 
0 2 6 10 15 31 35 39 44 54 63 68 83 88 92 96 
0 2 6 10 15 31 35 39 44 54 63 79 83 88 92 96 
0 2 6 10 15 35 39 44 48 54 63 67 83 87 92 96 
0 2 6 10 15 35 39 44 48 54 63 67 83 88 92 96 
0 2 6 10 15 35 39 44 48 54 63 67 87 92 96 100 
0 2 6 10 15 35 39 44 48 54 63 67 87 92 96 101 
0 2 6 10 15 35 39 44 48 54 63 67 88 92 96 100 
0 2 6 10 15 35 39 44 48 54 63 67 88 92 96 101 
0 2 6 10 15 35 39 44 48 54 63 68 88 92 96 101 
0 2 6 10 17 25 31 39 44 54 63 70 79 83 92 96 
0 2 6 10 17 26 30 35 39 44 54 63 79 83 92 96 
0 2 6 10 17 26 30 39 44 54 63 70 79 83 92 96 
0 2 6 10 17 26 31 35 39 44 54 63 79 83 92 96 
0 2 6 10 17 26 31 39 44 54 63 70 79 83 92 96 
0 2 6 10 25 31 35 39 44 54 63 79 83 88 92 96 
0 2 6 10 26 30 35 39 44 54 63 67 83 87 92 96 
0 2 6 10 26 30 35 39 44 54 63 79 83 87 92 96 
0 2 6 10 26 30 35 39 44 54 63 79 83 88 92 96 
0 2 6 10 26 30 35 39 44 54 63 83 87 92 96 102 
0 2 6 10 26 31 35 39 44 54 63 79 83 87 92 96 
0 2 6 10 26 31 35 39 44 54 63 79 83 88 92 96 
0 2 6 12 15 31 35 39 44 54 63 67 83 87 92 96 
0 2 6 12 15 31 35 39 44 54 63 67 83 88 92 96 
0 2 6 12 15 31 35 39 44 54 63 68 83 88 92 96 
0 2 6 12 15 31 35 39 44 54 63 68 84 88 92 96 
0 2 6 12 15 31 35 39 44 54 63 68 88 92 96 101 
0 2 6 12 15 31 35 39 44 54 63 79 83 88 92 96 
0 2 6 12 15 35 39 44 48 54 63 67 87 92 96 101 
0 2 6 12 15 35 39 44 48 54 63 67 88 92 96 101 
0 2 6 12 15 35 39 44 48 54 63 68 88 92 96 101 
0 2 6 12 15 35 39 44 49 54 63 68 88 92 96 101 
0 2 6 12 17 25 31 39 44 54 63 70 79 83 92 96 
0 2 6 12 17 25 31 39 44 54 63 70 79 84 92 96 
0 2 6 12 17 26 31 39 44 54 63 70 79 83 92 96 
0 2 6 12 25 31 35 39 44 54 63 79 83 88 92 96 
0 2 6 12 25 31 35 39 44 54 63 79 84 88 92 96 
0 2 6 12 26 31 35 39 44 54 63 79 83 87 92 96 
0 2 6 12 26 31 35 39 44 54 63 79 83 88 92 96 
0 2 6 14 28 35 39 44 48 54 67 81 87 92 96 100 
0 2 6 15 28 35 39 44 48 54 67 81 87 92 96 100 
0 2 6 15 28 35 39 44 48 54 67 81 87 92 96 101 
0 2 6 15 28 35 39 44 48 54 67 81 88 92 96 100 
0 2 6 15 35 39 44 48 54 63 67 81 87 92 96 101 
0 2 6 15 35 39 44 48 54 63 67 81 88 92 96 101 
0 2 6 15 35 39 44 48 54 63 68 81 88 92 96 101 
0 2 8 13 17 28 33 39 50 54 60 70 76 81 86 92 
0 2 8 14 28 35 39 47 50 54 60 67 80 87 92 100 
0 2 8 14 28 35 39 48 50 54 60 67 80 87 92 100 
0 2 8 14 28 35 39 48 50 54 60 67 81 87 92 100 
0 2 8 15 28 35 39 48 50 54 60 67 80 87 92 100 
0 2 8 15 28 35 39 48 50 54 60 67 80 88 92 100 
0 2 8 15 28 35 39 48 50 54 60 67 81 87 92 100 
0 2 10 14 28 35 39 43 48 50 54 67 87 92 96 100 
0 2 10 14 30 35 39 43 50 54 62 67 82 87 92 96 
0 2 10 14 30 35 39 43 50 54 62 67 83 87 92 96 
0 2 10 14 30 35 39 43 50 54 62 67 87 92 96 100 
0 2 10 14 30 35 39 43 50 54 63 67 83 87 92 96 
0 2 10 14 30 35 39 44 50 54 63 67 83 87 92 96 
0 2 10 14 35 39 43 47 50 54 62 67 87 92 96 100 
0 2 10 14 35 39 43 48 50 54 62 67 87 92 96 100 
0 2 10 14 35 39 43 48 50 54 63 67 87 92 96 100 
0 2 10 14 35 39 44 48 50 54 63 67 87 92 96 100 
0 2 10 15 28 35 39 43 48 50 54 67 87 92 96 100 
0 2 10 15 28 35 39 43 48 50 54 67 88 92 96 100 
0 2 10 15 30 35 39 43 50 54 62 67 83 87 92 96 
0 2 10 15 30 35 39 43 50 54 62 67 83 88 92 96 
0 2 10 15 30 35 39 43 50 54 63 67 83 87 92 96 
0 2 10 15 30 35 39 43 50 54 63 67 83 88 92 96 
0 2 10 15 30 35 39 44 50 54 63 67 83 87 92 96 
0 2 10 15 30 35 39 44 50 54 63 67 83 88 92 96 
0 2 10 15 31 35 39 43 50 54 63 67 83 87 92 96 
0 2 10 15 31 35 39 43 50 54 63 67 83 88 92 96 
0 2 10 15 31 35 39 43 50 54 63 68 83 88 92 96 
0 2 10 15 31 35 39 44 50 54 63 67 83 87 92 96 
0 2 10 15 31 35 39 44 50 54 63 67 83 88 92 96 
0 2 10 15 31 35 39 44 50 54 63 68 83 88 92 96 
0 2 10 15 31 35 40 44 52 55 63 79 83 88 92 96 
0 2 10 15 35 39 43 48 50 54 63 67 83 87 92 96 
0 2 10 15 35 39 43 48 50 54 63 67 83 88 92 96 
0 2 10 15 35 39 44 48 50 54 63 67 83 87 92 96 
0 2 10 25 31 35 39 43 50 54 63 79 83 88 92 96 
0 2 10 25 31 35 39 44 50 54 63 79 83 88 92 96 
0 2 10 25 31 35 40 44 52 55 63 79 83 88 92 96 
0 2 10 25 31 36 40 44 52 55 63 79 83 88 92 96 
0 2 10 26 30 35 39 43 50 54 62 82 87 92 96 102 
0 2 10 26 30 35 39 43 50 54 62 83 87 92 96 102 
0 2 10 26 30 35 39 43 50 54 63 67 83 87 92 96 
0 2 10 26 30 35 39 43 50 54 63 79 83 87 92 96 
0 2 10 26 30 35 39 43 50 54 63 79 83 88 92 96 
0 2 10 26 30 35 39 43 50 54 63 83 87 92 96 102 
0 2 10 26 30 35 39 44 50 54 63 67 83 87 92 96 
0 2 10 26 30 35 39 44 50 54 63 79 83 87 92 96 
0 2 10 26 30 35 39 44 50 54 63 79 83 88 92 96 
0 2 10 26 30 35 39 44 50 54 63 83 87 92 96 102 
0 2 10 26 31 35 39 43 50 54 63 79 83 87 92 96 
0 2 10 26 31 35 39 43 50 54 63 79 83 88 92 96 
0 2 10 26 31 35 39 44 50 54 63 79 83 87 92 96 
0 2 10 26 31 35 39 44 50 54 63 79 83 88 92 96 
0 2 12 25 31 35 39 44 50 54 63 79 83 88 92 96 
0 2 12 25 31 35 39 44 50 54 63 79 84 88 92 96 
0 2 12 25 31 35 40 44 52 55 65 79 84 88 92 97 
0 2 12 25 31 36 40 44 52 55 65 79 84 88 92 97 
0 3 8 13 17 28 33 37 50 56 60 69 76 81 85 89 
0 3 8 13 17 28 33 37 50 56 61 69 76 81 85 89 
0 3 8 13 17 29 33 37 50 56 61 69 76 81 85 89 
0 3 8 13 19 24 28 33 50 56 60 71 76 77 81 85 
0 3 8 13 19 24 28 33 50 56 61 71 76 77 81 85 
0 3 8 13 19 24 29 33 50 56 61 71 76 77 81 85 
0 3 8 13 24 28 33 37 50 56 60 76 77 81 85 89 
0 3 8 13 24 28 33 37 50 56 61 76 77 81 85 89 
0 3 8 13 24 29 33 37 50 56 61 76 77 81 85 89 
0 3 8 14 18 24 28 32 47 50 56 60 71 78 80 100 
0 3 8 14 18 24 28 47 50 56 60 67 71 78 80 100 
0 3 8 14 18 24 28 48 50 56 60 67 71 78 80 100 
0 3 8 14 18 24 28 48 50 56 61 67 71 78 81 100 
0 3 8 14 18 24 28 48 50 56 67 71 78 81 96 100 
0 3 8 14 19 24 28 32 47 50 56 60 71 78 80 100 
0 3 8 14 19 24 28 47 50 56 60 67 71 77 80 100 
0 3 8 14 19 24 28 47 50 56 60 67 71 78 80 100 
0 3 8 14 19 24 28 48 50 56 60 67 71 77 80 100 
0 3 8 14 19 24 28 48 50 56 60 67 71 77 81 100 
0 3 8 14 19 24 28 48 50 56 60 67 71 78 80 100 
0 3 8 14 19 24 28 48 50 56 61 67 71 77 81 100 
0 3 8 14 19 24 28 48 50 56 67 71 77 81 96 100 
0 3 8 14 24 28 32 47 50 56 60 71 78 80 89 100 
0 3 8 15 19 24 28 48 50 56 60 67 71 77 80 100 
0 3 8 15 19 24 28 48 50 56 60 67 71 77 81 100 
0 3 8 15 19 24 28 48 50 56 60 67 71 77 81 101 
0 3 8 15 19 24 28 48 50 56 61 67 71 77 81 100 
0 3 8 15 19 24 28 48 50 56 61 67 71 77 81 101 
0 3 8 15 19 24 28 48 50 56 67 71 77 81 96 100 
0 3 8 15 19 24 28 48 50 56 67 71 77 81 96 101 
0 3 8 16 23 28 32 36 50 56 60 65 68 80 84 89 
0 3 8 16 23 28 32 36 50 56 60 65 69 80 84 89 
0 3 8 16 23 28 32 36 50 56 60 65 78 80 84 89 
0 3 8 16 23 28 32 36 50 56 60 69 76 80 85 89 
0 3 8 16 23 28 32 36 50 56 61 69 76 81 85 89 
0 3 8 16 23 28 32 37 50 56 60 65 69 80 84 89 
0 3 8 16 23 28 32 37 50 56 60 69 76 80 85 89 
0 3 8 16 29 36 49 50 56 61 68 81 89 101 
0 3 8 17 23 28 32 37 50 56 60 69 76 80 85 89 
0 3 8 17 23 28 32 37 50 56 61 69 76 81 85 89 
0 3 8 18 23 24 28 32 50 56 60 71 78 80 85 100 
0 3 8 18 24 28 32 47 50 56 60 71 78 80 84 100 
0 3 8 18 24 28 32 47 50 56 60 71 78 80 85 100 
0 3 8 18 24 28 32 48 50 56 60 71 78 80 85 100 
0 3 8 18 24 28 32 48 50 56 61 71 78 81 85 100 
0 3 8 18 24 28 32 48 50 56 71 78 81 85 96 100 
0 3 8 19 23 24 28 32 50 56 60 71 77 80 85 100 
0 3 8 19 23 24 28 32 50 56 60 71 78 80 85 100 
0 3 8 19 24 28 32 47 50 56 60 71 77 80 85 100 
0 3 8 19 24 28 32 47 50 56 60 71 78 80 84 100 
0 3 8 19 24 28 32 47 50 56 60 71 78 80 85 100 
0 3 8 19 24 28 32 48 50 56 60 71 77 80 85 100 
0 3 8 19 24 28 32 48 50 56 60 71 77 81 85 100 
0 3 8 19 24 28 32 48 50 56 60 71 78 81 85 100 
0 3 8 19 24 28 32 48 50 56 71 77 81 85 96 100 
0 3 8 19 24 28 32 48 50 56 71 78 81 85 96 100 
0 3 8 19 24 28 33 48 50 56 71 77 81 85 96 100 
0 3 8 19 24 28 33 48 50 56 71 77 81 85 96 101 
0 3 8 19 24 28 48 50 56 67 71 77 81 85 96 100 
0 3 8 23 24 28 32 36 50 56 60 65 78 80 84 89 
0 3 8 23 24 28 32 36 50 56 60 65 78 80 85 89 
0 3 8 23 24 28 32 36 50 56 60 76 78 80 85 89 
0 3 8 23 24 28 32 36 50 56 60 78 80 85 89 100 
0 3 8 23 24 28 32 36 50 56 61 76 78 81 85 89 
0 3 8 23 24 28 32 37 50 56 60 65 78 80 84 89 
0 3 8 23 24 28 32 37 50 56 60 65 78 80 85 89 
0 3 8 23 24 28 32 37 50 56 60 69 76 80 85 89 
0 3 8 23 24 28 32 37 50 56 60 69 80 85 89 100 
0 3 8 23 24 28 32 37 50 56 60 76 77 80 85 89 
0 3 8 23 24 28 32 37 50 56 60 76 78 80 85 89 
0 3 8 23 24 28 32 37 50 56 60 78 80 85 89 100 
0 3 8 23 24 28 32 37 50 56 61 69 76 81 85 89 
0 3 8 23 24 28 32 37 50 56 61 76 77 81 85 89 
0 3 8 23 24 28 32 37 50 56 61 76 78 81 85 89 
0 3 8 23 24 28 33 37 50 56 60 76 77 80 85 89 
0 3 8 23 25 28 32 36 50 56 60 65 78 80 84 89 
0 3 8 24 28 32 37 47 50 56 60 78 80 85 89 100 
0 3 8 24 28 32 37 48 50 56 60 78 81 85 89 100 
0 3 8 24 28 32 37 48 50 56 61 78 81 85 89 100 
0 3 8 24 28 32 37 48 50 56 78 81 85 89 96 100 
0 3 8 24 28 32 48 50 56 71 78 81 85 89 96 100 
0 3 8 24 28 33 37 48 50 56 61 76 77 81 85 89 
0 3 8 24 28 33 37 48 50 56 61 77 81 85 89 100 
0 3 8 24 28 33 37 48 50 56 76 77 81 85 89 96 
0 3 8 24 28 33 37 48 50 56 77 81 85 89 96 100 
0 3 8 24 29 33 37 48 50 56 61 77 81 85 89 101 
0 3 10 16 26 30 36 43 50 56 62 69 82 89 96 102 
0 3 10 16 26 30 36 43 50 56 63 69 83 89 96 102 
0 3 10 16 26 30 36 44 50 56 63 69 83 89 96 102 
0 3 10 16 26 30 37 43 50 56 62 69 82 89 96 102 
0 3 10 16 26 30 37 43 50 56 62 69 83 89 96 102 
0 3 24 28 32 37 43 47 50 56 78 80 85 89 96 100 
0 3 24 28 32 37 43 48 50 56 78 81 85 89 96 100 
0 4 8 13 17 28 33 37 50 56 61 70 76 81 85 90 
0 4 8 13 17 28 33 37 50 56 61 76 77 81 85 90 
0 4 8 13 17 28 33 37 56 61 76 77 81 85 90 94 
0 4 8 13 17 33 37 46 56 61 70 76 79 81 90 94 
0 4 8 13 17 33 37 46 56 61 70 76 81 85 90 94 
0 4 8 13 17 33 37 46 56 61 76 77 81 85 90 94 
0 4 8 13 24 28 33 37 50 56 61 76 77 81 85 90 
0 4 8 13 24 28 33 37 56 61 76 77 81 85 90 94 
