0 1 5 9 22 29 33 37 53 60 68 78 83 96 100 
0 1 5 9 22 29 33 37 53 68 72 78 83 96 100 
0 1 5 9 22 33 37 41 53 55 68 72 78 83 100 
0 1 5 9 22 33 37 41 53 60 68 78 83 96 100 
0 1 5 9 22 33 37 41 53 68 72 78 83 96 100 
0 1 5 9 33 37 41 53 68 72 78 83 87 96 100 
0 1 5 10 15 28 33 49 66 71 79 84 89 93 98 
0 1 5 15 22 33 40 49 57 66 71 79 84 89 93 
0 1 5 15 22 33 40 49 57 66 71 79 84 89 94 
0 1 5 15 22 33 40 49 57 67 71 79 84 89 94 
0 1 6 10 15 20 28 33 38 55 71 79 89 94 98 
0 1 6 10 20 28 38 45 55 62 71 80 89 94 98 
0 1 6 10 28 45 49 62 66 71 80 84 89 94 98 
0 1 6 12 20 29 38 45 55 62 71 80 89 94 99 
0 5 9 13 37 41 45 53 55 68 72 78 83 87 100 
0 6 13 20 24 31 38 45 55 62 69 80 87 94 101 
