0 2 9 16 30 36 42 48 50 55 62 69 82 88 94 101 
0 2 9 16 30 36 42 48 50 55 62 69 82 88 95 101 
0 2 9 16 30 36 42 49 50 55 62 69 82 88 94 101 
0 2 9 16 30 36 42 49 50 55 62 69 82 88 95 101 
0 2 9 16 30 36 42 49 50 55 62 69 82 88 95 102 
0 2 9 16 30 36 42 49 50 55 62 69 82 89 95 101 
0 2 9 16 30 36 42 49 50 55 62 69 82 89 95 102 
0 2 9 16 30 36 42 49 50 55 62 69 83 89 95 101 
0 2 9 16 30 36 42 49 50 55 62 69 83 89 95 102 
0 2 9 16 30 36 43 49 50 55 62 69 82 88 95 101 
0 2 9 16 30 36 43 49 50 55 62 69 82 88 95 102 
0 2 9 16 30 36 43 49 50 55 62 69 82 89 95 101 
0 2 9 16 30 36 43 49 50 55 62 69 82 89 95 102 
0 2 9 16 30 36 43 49 50 55 62 69 83 89 95 101 
0 3 9 16 26 30 36 43 50 55 62 69 82 88 95 102 
0 3 9 16 26 30 36 43 50 55 62 69 82 89 95 102 
0 3 9 16 26 30 36 43 50 55 62 69 82 89 96 102 
0 3 9 16 26 30 36 43 50 55 62 69 83 89 95 102 
0 3 9 16 26 30 36 43 50 56 62 69 82 89 95 102 
0 3 9 16 26 30 37 43 50 55 62 69 82 89 95 102 
0 3 9 16 26 30 37 43 50 55 62 69 82 89 96 102 
0 3 9 16 26 30 37 43 50 55 62 69 83 89 95 102 
0 3 9 16 26 30 37 43 50 55 62 69 83 89 96 102 
0 3 9 16 26 30 37 43 50 55 62 69 83 90 96 102 
0 3 9 16 26 30 37 43 50 56 62 69 79 82 89 96 
0 3 9 16 26 30 37 43 50 56 62 69 79 83 89 96 
0 3 9 16 26 30 37 43 50 56 62 69 79 83 90 96 
0 3 9 16 26 30 37 43 50 56 62 69 82 89 95 102 
0 3 9 16 26 30 37 43 50 56 62 69 82 89 96 102 
0 3 9 16 26 30 37 43 50 56 62 69 83 89 95 102 
0 3 9 16 26 30 37 43 50 56 62 69 83 89 96 102 
0 3 9 16 26 30 37 43 50 56 62 69 83 90 96 102 
0 3 9 16 26 30 37 44 50 55 62 69 82 89 96 102 
0 3 9 16 26 30 37 44 50 55 62 69 83 89 96 102 
0 3 9 16 26 30 37 44 50 55 62 69 83 90 96 102 
0 3 9 16 26 30 37 44 50 56 62 69 79 83 89 96 
0 3 9 16 26 30 37 44 50 56 62 69 79 83 90 96 
0 3 9 16 26 30 37 44 50 56 62 69 79 83 90 97 
0 3 9 16 26 30 37 44 50 56 62 69 82 89 96 102 
0 3 9 16 26 30 37 44 50 56 62 69 83 89 96 102 
0 3 9 16 26 30 37 44 50 56 62 69 83 90 96 102 
0 3 9 16 30 37 43 49 50 55 62 69 82 89 95 101 
0 3 9 16 30 37 43 49 50 55 62 69 82 89 95 102 
0 3 9 16 30 37 43 49 50 55 62 69 82 89 96 102 
0 3 9 16 30 37 43 49 50 55 62 69 83 89 95 101 
0 3 9 16 30 37 43 49 50 55 62 69 83 89 95 102 
0 3 9 16 30 37 43 49 50 56 62 69 82 89 95 102 
0 3 10 16 26 30 36 43 50 55 62 69 82 89 95 102 
0 3 10 16 26 30 36 43 50 55 62 69 82 89 96 102 
0 3 10 16 26 30 36 43 50 55 62 69 83 89 95 102 
0 3 10 16 26 30 36 43 50 55 62 69 83 89 96 102 
0 3 10 16 26 30 36 43 50 56 62 69 82 89 95 102 
0 3 10 16 26 30 36 43 50 56 62 69 82 89 96 102 
0 3 10 16 26 30 36 43 50 56 62 69 83 89 95 102 
0 3 10 16 26 30 36 43 50 56 63 69 82 89 95 102 
0 3 10 16 26 30 36 43 50 56 63 69 82 89 96 102 
0 3 10 16 26 30 36 43 50 56 63 69 83 89 96 102 
0 3 10 16 26 30 37 43 50 55 62 69 82 89 95 102 
0 3 10 16 26 30 37 43 50 55 62 69 83 89 96 102 
0 3 10 16 26 30 37 43 50 55 62 69 83 90 96 102 
0 3 10 16 26 30 37 43 50 56 62 69 82 89 95 102 
0 3 10 16 26 30 37 43 50 56 62 69 82 89 96 102 
0 3 10 16 26 30 37 43 50 56 62 69 83 89 96 102 
0 3 10 16 26 30 37 44 50 55 62 69 83 89 96 102 
0 3 10 16 26 30 37 44 50 55 62 69 83 90 96 102 
0 3 10 16 26 30 37 44 50 56 62 69 79 83 89 96 
0 3 10 16 26 30 37 44 50 56 62 69 79 83 90 96 
0 3 10 16 26 30 37 44 50 56 62 69 83 89 96 102 
0 3 10 16 26 30 37 44 50 56 62 69 83 90 96 102 
0 3 10 16 30 36 43 49 50 55 62 69 83 89 96 102 
