0 1 5 12 15 28 39 43 53 55 61 66 78 83 89 93 
0 1 5 12 15 28 39 43 53 55 61 76 78 83 89 93 
0 1 5 12 15 28 39 43 53 55 66 70 78 83 89 93 
0 1 5 12 15 28 39 43 53 55 66 70 78 83 89 94 
0 1 5 12 15 28 39 43 53 55 70 76 78 83 89 93 
0 1 5 12 15 28 39 43 53 55 70 76 78 83 89 94 
0 1 5 12 15 29 39 43 53 55 66 70 78 83 89 94 
0 1 5 12 15 29 39 43 53 55 66 70 78 83 93 98 
0 1 5 12 16 29 39 43 53 55 66 70 78 83 93 98 
0 1 5 15 20 29 39 43 53 55 66 70 78 83 94 98 
0 1 5 16 20 28 39 43 61 76 79 84 88 99 
0 1 5 16 20 29 43 48 53 55 66 70 78 83 94 98 
