0 1 5 10 16 20 34 39 43 56 60 71 89 93 103 
0 1 5 10 16 20 34 43 56 60 82 89 93 102 103 
0 1 5 10 16 21 26 30 34 39 43 56 71 89 103 
0 1 5 10 16 21 26 30 34 43 56 82 89 102 103 
0 1 5 10 16 21 26 30 39 43 56 71 89 98 103 
0 1 5 10 16 21 26 30 43 56 82 89 98 102 103 
0 1 5 10 16 21 34 39 43 56 60 71 89 93 103 
0 1 5 10 16 21 34 43 56 60 82 89 93 102 103 
0 1 5 10 16 21 39 43 56 60 71 89 93 98 103 
0 1 5 10 16 21 43 56 60 82 89 93 98 102 103 
0 1 5 10 16 26 30 34 39 43 56 62 71 89 103 
0 1 5 10 16 26 30 34 43 56 62 82 89 102 103 
0 1 5 10 17 21 26 30 34 39 43 56 71 89 103 
0 1 5 10 17 21 26 30 34 39 43 56 71 90 103 
0 1 5 10 17 21 26 30 34 43 56 82 89 102 103 
0 1 5 10 17 21 26 30 34 43 56 82 90 102 103 
0 1 5 10 17 21 26 30 39 43 56 71 89 98 103 
0 1 5 10 17 21 26 30 39 43 56 71 90 98 103 
0 1 5 10 17 21 26 30 43 56 82 89 98 102 103 
0 1 5 10 17 21 26 30 43 56 82 90 98 102 103 
0 1 5 10 17 21 26 39 43 56 71 89 94 98 103 
0 1 5 10 17 21 26 39 43 56 71 90 94 98 103 
0 1 5 10 17 21 26 43 56 82 89 94 98 102 103 
0 1 5 10 17 21 26 43 56 82 90 94 98 102 103 
0 1 5 10 17 21 39 43 56 61 71 90 94 98 103 
0 1 5 10 17 21 43 56 61 82 90 94 98 102 103 
0 1 5 10 20 28 34 43 56 60 82 89 93 102 103 
0 1 5 10 21 28 34 39 43 56 60 71 89 93 103 
0 1 5 10 21 28 34 43 56 60 82 89 93 102 103 
0 1 5 10 21 28 39 43 56 60 71 89 93 98 103 
0 1 5 10 21 28 43 48 56 60 82 93 98 102 103 
0 1 5 10 21 28 43 48 56 60 82 94 98 102 103 
0 1 5 10 21 28 43 48 56 61 82 94 98 102 103 
0 1 5 10 21 28 43 56 60 82 89 93 98 102 103 
0 1 5 10 21 28 43 56 60 82 89 94 98 102 103 
0 1 5 16 21 26 30 39 56 71 77 85 89 98 103 
0 1 5 16 21 34 39 56 60 71 77 85 89 93 103 
0 1 5 17 21 26 30 39 56 71 77 85 89 98 103 
0 1 5 17 21 26 30 39 56 71 77 85 90 98 103 
0 1 5 17 21 26 39 56 71 77 85 89 94 98 103 
0 1 6 10 17 21 26 30 39 43 56 71 90 98 103 
0 1 6 10 17 21 26 35 39 43 56 67 71 89 94 
0 1 6 10 21 28 39 43 56 60 71 89 94 98 103 
0 1 8 16 21 35 56 60 67 77 81 85 89 93 101 
0 1 8 17 21 26 35 56 67 77 81 85 89 94 101 
0 1 8 21 28 35 48 56 60 67 77 81 85 93 101 
0 1 8 21 28 35 48 56 60 67 77 81 85 94 101 
0 1 8 21 28 35 56 60 67 77 81 85 89 94 101 
0 2 10 17 22 25 31 36 43 56 68 82 90 102 
0 3 7 12 15 19 24 28 32 36 40 44 48 50 68 72 
0 3 7 12 15 19 24 28 32 36 40 44 48 50 68 84 
0 3 7 12 15 19 24 28 32 36 40 44 48 65 68 84 
0 3 7 12 15 19 24 28 32 40 44 48 50 80 84 100 
0 3 7 12 15 19 24 28 40 44 48 50 80 84 96 100 
0 3 7 12 15 19 24 32 36 40 44 48 50 68 84 92 
0 3 7 12 15 19 40 44 48 50 63 80 84 92 96 100 
