0 1 4 9 16 27 30 41 50 76 77 83 90 97 102 
0 1 5 9 13 29 37 41 53 65 68 78 83 96 100 
0 1 5 9 13 37 41 53 55 68 72 78 83 87 91 
0 1 5 9 13 37 41 53 55 68 72 78 83 87 100 
0 1 5 9 13 37 41 53 55 68 72 78 83 96 100 
0 1 5 9 22 29 37 41 53 65 68 78 83 96 100 
0 1 5 9 22 37 41 53 55 68 72 78 83 87 100 
0 2 6 18 24 31 36 48 50 54 59 71 83 88 95 100 
0 2 6 18 24 31 36 48 50 59 65 71 83 88 95 100 
0 2 6 18 31 36 43 48 50 54 59 71 83 88 95 100 
0 2 6 18 31 36 43 48 50 59 65 71 77 83 88 100 
0 2 6 18 31 36 43 48 50 59 65 71 83 88 95 100 
0 2 7 14 19 31 36 43 48 53 54 59 71 84 95 100 
0 2 7 14 19 31 36 43 48 53 54 59 71 84 96 100 
0 2 7 14 19 31 36 43 48 53 55 59 71 84 91 96 
0 2 7 14 19 31 36 43 48 53 55 59 71 84 96 100 
0 2 7 14 19 31 36 43 48 54 59 71 83 88 95 100 
0 2 7 14 19 31 36 43 48 54 59 71 84 88 95 100 
0 2 7 18 31 36 43 48 50 54 59 71 83 88 95 100 
0 5 9 13 37 41 45 53 55 68 72 78 83 87 100 
0 6 13 20 24 31 38 45 55 62 69 80 87 94 101 
