0 2 6 12 15 19 25 28 32 36 40 50 63 67 71 80 
0 2 6 12 15 19 25 28 32 36 41 46 52 62 67 71 
0 2 6 12 15 19 25 28 32 36 41 46 52 67 71 82 
0 2 6 12 15 19 25 28 32 36 41 46 57 62 67 71 
0 2 6 12 15 19 25 28 32 36 47 50 59 63 67 71 
0 2 6 12 15 19 25 28 32 36 50 59 63 67 71 80 
0 2 6 12 15 19 25 28 32 37 41 46 52 62 67 71 
0 2 6 12 15 19 25 28 32 37 41 46 52 67 71 82 
0 2 6 12 15 19 25 28 32 41 46 52 55 62 67 71 
0 2 6 12 15 19 25 28 32 41 46 52 55 67 71 82 
0 2 6 12 15 19 25 28 32 46 52 55 60 67 71 82 
0 2 6 12 15 19 25 28 32 50 55 59 63 67 71 80 
0 2 6 12 15 19 25 28 41 46 52 55 62 67 71 78 
0 2 6 12 15 19 25 28 41 46 52 55 67 71 78 82 
0 2 6 12 15 19 25 28 43 47 55 59 63 67 71 78 
0 2 6 12 15 19 25 28 46 52 55 60 67 71 78 82 
0 2 6 12 15 19 25 28 47 50 55 59 63 67 71 78 
0 2 6 12 15 19 25 28 50 55 59 63 67 71 78 80 
0 2 6 12 15 19 26 28 32 36 40 45 50 61 66 71 
0 2 6 12 15 19 26 28 32 36 40 45 50 66 71 81 
0 2 6 12 15 19 26 28 32 36 40 45 50 71 81 86 
0 2 6 12 15 19 26 28 32 36 41 45 50 66 71 81 
0 2 6 12 15 19 26 28 32 36 41 45 52 66 71 81 
0 2 6 12 15 19 26 28 32 36 41 45 52 71 81 86 
0 2 6 12 15 19 26 28 32 36 41 45 57 61 66 71 
0 2 6 12 15 19 26 28 32 36 41 45 57 62 66 71 
0 2 6 12 15 19 26 28 32 36 41 45 57 66 71 81 
0 2 6 12 15 19 26 28 32 36 41 45 57 71 81 86 
0 2 6 12 15 19 26 28 32 36 41 46 52 62 66 71 
0 2 6 12 15 19 26 28 32 36 41 46 52 62 67 71 
0 2 6 12 15 19 26 28 32 36 41 46 52 62 71 86 
0 2 6 12 15 19 26 28 32 36 41 46 52 71 81 86 
0 2 6 12 15 19 26 28 32 36 41 46 52 71 82 86 
0 2 6 12 15 19 26 28 32 36 41 46 57 62 66 71 
0 2 6 12 15 19 26 28 32 36 41 46 57 62 67 71 
0 2 6 12 15 19 26 28 32 36 41 46 57 62 71 86 
0 2 6 12 15 19 26 28 32 36 41 52 65 71 81 86 
0 2 6 12 15 19 26 28 32 36 41 53 57 62 66 71 
0 2 6 12 15 19 26 28 32 36 45 50 59 66 71 81 
0 2 6 12 15 19 26 28 32 36 45 50 59 71 81 86 
0 2 6 12 15 19 26 28 32 36 50 59 65 71 81 86 
0 2 6 12 15 19 26 28 32 37 41 46 52 62 66 71 
0 2 6 12 15 19 26 28 32 37 41 46 52 62 67 71 
0 2 6 12 15 19 26 28 32 37 41 46 52 62 71 86 
0 2 6 12 15 19 26 28 32 41 45 52 55 66 71 81 
0 2 6 12 15 19 26 28 32 41 45 52 55 71 81 86 
0 2 6 12 15 19 26 28 32 41 46 52 55 62 66 71 
0 2 6 12 15 19 26 28 32 41 46 52 55 62 71 86 
0 2 6 12 15 19 26 28 32 41 46 52 55 71 82 86 
0 2 6 12 15 19 26 28 32 45 50 55 59 66 71 81 
0 2 6 12 15 19 26 28 32 45 50 55 59 71 81 86 
0 2 6 12 15 19 26 28 32 46 52 55 60 71 82 86 
0 2 6 12 15 19 26 28 41 45 52 55 66 71 78 81 
0 2 6 12 15 19 26 28 41 46 52 55 62 66 71 78 
0 2 6 12 15 19 26 28 41 46 52 55 62 71 78 86 
0 2 6 12 15 19 26 28 41 46 52 55 71 78 82 86 
0 2 6 12 15 19 26 28 45 50 55 59 66 71 78 81 
0 2 6 12 15 19 26 28 46 52 55 60 71 78 82 86 
0 2 6 12 15 19 28 32 36 40 44 50 67 71 80 84 
0 2 6 12 15 19 28 32 36 41 46 52 62 67 71 84 
0 2 6 12 15 19 28 32 36 41 46 57 62 67 71 84 
0 2 6 12 15 19 28 32 36 41 53 57 62 67 71 84 
0 2 6 12 15 19 28 32 41 46 52 55 62 67 71 84 
0 2 6 12 15 19 28 41 46 52 55 62 67 71 78 84 
0 2 6 12 15 19 28 50 55 59 63 67 71 78 80 84 
0 2 6 12 15 20 25 28 32 37 41 46 52 62 67 71 
0 2 6 12 15 20 25 28 32 37 41 46 52 67 71 82 
0 2 6 12 15 20 25 28 32 37 42 46 52 67 71 82 
0 2 6 12 15 20 25 28 32 37 42 46 58 67 71 82 
0 2 6 12 15 20 25 28 32 37 42 46 67 71 82 103 
0 2 6 12 15 20 25 28 32 37 46 52 60 67 71 82 
0 2 6 12 15 20 25 28 33 37 41 46 52 62 67 71 
0 2 6 12 15 20 25 28 33 37 42 46 52 67 71 82 
0 2 6 12 15 20 25 28 33 37 42 46 58 62 67 71 
0 2 6 12 15 20 25 28 33 37 42 46 67 71 82 103 
0 2 6 12 15 20 25 28 33 37 46 52 60 67 71 82 
0 2 6 12 15 20 25 28 37 41 46 52 62 67 71 78 
0 2 6 12 15 20 25 28 37 41 46 52 67 71 78 82 
0 2 6 12 15 20 25 28 37 42 46 58 62 67 71 78 
0 2 6 12 15 20 25 28 37 42 46 58 67 71 78 82 
0 2 6 12 15 20 25 28 37 42 46 67 71 78 82 103 
0 2 6 12 15 20 25 28 37 46 52 60 67 71 78 82 
0 2 6 12 15 20 25 28 42 46 56 67 71 78 82 103 
0 2 6 12 15 20 25 28 46 52 56 60 67 71 78 82 
0 2 6 12 15 20 26 28 32 37 41 46 52 62 66 71 
0 2 6 12 15 20 26 28 32 37 41 46 52 62 71 86 
0 2 6 12 15 20 26 28 32 37 41 46 52 71 82 86 
0 2 6 12 15 20 26 28 32 37 42 46 52 71 82 86 
0 2 6 12 15 20 26 28 32 37 42 46 58 62 66 71 
0 2 6 12 15 20 26 28 32 37 42 46 58 62 71 86 
0 2 6 12 15 20 26 28 32 37 42 46 58 71 82 86 
0 2 6 12 15 20 26 28 32 37 42 46 71 82 86 103 
0 2 6 12 15 20 26 28 32 37 46 52 60 71 82 86 
0 2 6 12 15 20 26 28 37 41 46 52 62 66 71 78 
0 2 6 12 15 20 26 28 37 41 46 52 71 78 82 86 
0 2 6 12 15 20 26 28 37 42 46 58 62 66 71 78 
0 2 6 12 15 20 26 28 37 42 46 58 71 78 82 86 
0 2 6 12 15 20 26 28 37 42 46 71 78 82 86 103 
0 2 6 12 15 20 26 28 37 46 52 60 71 78 82 86 
0 2 6 12 15 20 26 28 42 46 56 71 78 82 86 103 
0 2 6 12 15 20 26 28 46 52 55 60 71 78 82 86 
0 2 6 12 15 20 26 28 46 52 56 60 71 78 82 86 
0 2 6 12 15 20 28 37 41 46 52 62 67 71 78 84 
0 2 6 12 15 22 28 32 37 44 58 64 67 71 80 84 
0 2 6 12 15 25 28 32 37 41 46 52 64 67 71 82 
0 2 6 12 15 26 28 32 37 41 45 57 61 64 66 71 
0 2 6 12 15 26 28 32 37 41 46 52 64 71 82 86 
0 2 6 12 15 26 28 32 37 42 46 58 64 71 82 86 
0 2 7 12 15 19 25 28 32 36 40 50 63 67 71 80 
0 2 7 12 15 19 25 28 32 36 40 50 63 67 80 91 
0 2 7 12 15 19 25 28 32 36 41 46 52 62 67 71 
0 2 7 12 15 19 25 28 32 36 41 46 52 62 67 91 
0 2 7 12 15 19 25 28 32 36 41 46 52 67 71 82 
0 2 7 12 15 19 25 28 32 36 41 46 52 67 82 91 
0 2 7 12 15 19 25 28 32 36 41 46 52 82 87 91 
0 2 7 12 15 19 25 28 32 36 41 46 57 62 67 71 
0 2 7 12 15 19 25 28 32 36 41 46 57 62 67 91 
0 2 7 12 15 19 25 28 32 36 47 50 59 63 67 71 
0 2 7 12 15 19 25 28 32 36 47 50 59 63 67 91 
0 2 7 12 15 19 25 28 32 36 47 50 59 63 87 91 
0 2 7 12 15 19 25 28 32 36 50 59 63 67 71 80 
0 2 7 12 15 19 25 28 32 36 50 59 63 67 80 91 
0 2 7 12 15 19 25 28 32 41 46 52 55 62 67 71 
0 2 7 12 15 19 25 28 32 41 46 52 55 62 67 91 
0 2 7 12 15 19 25 28 32 41 46 52 55 67 71 82 
0 2 7 12 15 19 25 28 32 41 46 52 55 67 82 91 
0 2 7 12 15 19 25 28 32 41 46 52 55 82 87 91 
0 2 7 12 15 19 25 28 32 43 47 55 59 63 67 91 
0 2 7 12 15 19 25 28 32 43 47 55 59 63 87 91 
0 2 7 12 15 19 25 28 32 43 47 55 59 83 87 91 
0 2 7 12 15 19 25 28 32 46 52 55 60 67 71 82 
0 2 7 12 15 19 25 28 32 46 52 55 60 82 87 91 
0 2 7 12 15 19 25 28 32 47 50 55 59 63 67 71 
0 2 7 12 15 19 25 28 32 47 50 55 59 63 67 91 
0 2 7 12 15 19 25 28 32 47 50 55 59 63 87 91 
0 2 7 12 15 19 25 28 32 50 55 59 63 67 71 80 
0 2 7 12 15 19 25 28 32 50 55 59 63 67 80 91 
0 2 7 12 15 19 25 28 32 52 55 60 76 82 87 91 
0 2 7 12 15 19 25 28 41 46 52 55 62 67 71 78 
0 2 7 12 15 19 25 28 41 46 52 55 62 67 78 91 
0 2 7 12 15 19 25 28 41 46 52 55 67 71 78 82 
0 2 7 12 15 19 25 28 41 46 52 55 78 82 87 91 
0 2 7 12 15 19 25 28 43 47 55 59 63 67 78 91 
0 2 7 12 15 19 25 28 43 47 55 59 63 78 87 91 
0 2 7 12 15 19 25 28 46 52 55 60 78 82 87 91 
0 2 7 12 15 19 25 28 47 50 55 59 63 67 78 91 
0 2 7 12 15 19 25 28 47 50 55 59 63 78 87 91 
0 2 7 12 15 19 25 28 50 55 59 63 67 71 78 80 
0 2 7 12 15 19 25 28 50 55 59 63 67 78 80 91 
0 2 7 12 15 19 25 28 52 55 60 76 78 82 87 91 
0 2 7 12 15 19 25 41 46 52 55 62 67 71 78 100 
0 2 7 12 15 19 25 41 46 52 55 78 82 87 91 100 
0 2 7 12 15 19 25 43 47 55 59 63 67 71 78 100 
0 2 7 12 15 19 25 43 47 55 59 63 67 78 91 100 
0 2 7 12 15 19 25 46 52 55 60 78 82 87 91 100 
0 2 7 12 15 19 25 47 50 55 59 63 67 71 78 100 
0 2 7 12 15 19 25 47 50 55 59 63 67 78 91 100 
0 2 7 12 15 19 25 47 50 55 59 63 78 87 91 100 
0 2 7 12 15 19 25 50 55 59 63 67 71 78 80 100 
0 2 7 12 15 19 25 50 55 59 63 67 78 80 91 100 
0 2 7 12 15 19 25 52 55 60 76 78 82 87 91 100 
0 2 7 12 15 19 26 28 32 36 40 45 50 61 66 71 
0 2 7 12 15 19 26 28 32 36 40 45 50 66 71 81 
0 2 7 12 15 19 26 28 32 36 41 46 52 62 66 71 
0 2 7 12 15 19 26 28 32 36 41 46 52 62 71 86 
0 2 7 12 15 19 26 28 32 36 41 46 52 62 86 91 
0 2 7 12 15 19 26 28 32 36 41 46 52 82 86 91 
0 2 7 12 15 19 26 28 32 36 41 46 57 62 86 91 
0 2 7 12 15 19 26 28 32 36 41 52 65 71 81 86 
0 2 7 12 15 19 26 28 32 36 41 52 65 81 86 91 
0 2 7 12 15 19 26 28 32 36 41 53 57 62 66 71 
0 2 7 12 15 19 26 28 32 36 45 50 59 66 71 81 
0 2 7 12 15 19 26 28 32 36 45 50 59 71 81 86 
0 2 7 12 15 19 26 28 32 36 45 50 59 81 86 91 
0 2 7 12 15 19 26 28 32 36 50 59 65 71 81 86 
0 2 7 12 15 19 26 28 32 36 50 59 65 81 86 91 
0 2 7 12 15 19 26 28 32 41 46 52 55 62 66 71 
0 2 7 12 15 19 26 28 32 41 46 52 55 62 71 86 
0 2 7 12 15 19 26 28 32 41 46 52 55 62 86 91 
0 2 7 12 15 19 26 28 32 41 46 52 55 71 82 86 
0 2 7 12 15 19 26 28 32 41 46 52 55 82 86 91 
0 2 7 12 15 19 26 28 32 43 55 59 65 81 86 91 
0 2 7 12 15 19 26 28 32 45 50 55 59 71 81 86 
0 2 7 12 15 19 26 28 32 45 50 55 59 81 86 91 
0 2 7 12 15 19 26 28 32 46 52 55 60 71 82 86 
0 2 7 12 15 19 26 28 32 46 52 55 60 82 86 91 
0 2 7 12 15 19 26 28 32 50 55 59 65 71 81 86 
0 2 7 12 15 19 26 28 32 50 55 59 65 81 86 91 
0 2 7 12 15 19 26 28 41 46 52 55 62 66 71 78 
0 2 7 12 15 19 26 28 41 46 52 55 62 71 78 86 
0 2 7 12 15 19 26 28 41 46 52 55 62 78 86 91 
0 2 7 12 15 19 26 28 41 46 52 55 71 78 82 86 
0 2 7 12 15 19 26 28 41 46 52 55 78 82 86 91 
0 2 7 12 15 19 26 28 45 50 55 59 66 71 78 81 
0 2 7 12 15 19 26 28 46 52 55 60 71 78 82 86 
0 2 7 12 15 19 26 41 46 52 55 62 66 71 78 100 
0 2 7 12 15 19 26 41 46 52 55 62 71 78 86 100 
0 2 7 12 15 19 26 41 46 52 55 62 78 86 91 100 
0 2 7 12 15 19 26 45 50 55 59 66 71 78 81 100 
0 2 7 12 15 19 28 32 36 40 44 50 67 71 80 84 
0 2 7 12 15 19 28 32 36 40 50 63 67 71 80 84 
0 2 7 12 15 19 28 32 36 41 52 65 69 81 86 91 
0 2 7 12 15 19 50 55 59 63 67 71 78 80 84 100 
0 2 7 12 15 20 25 28 32 37 41 46 52 62 67 71 
0 2 7 12 15 20 25 28 32 37 41 46 52 62 67 91 
0 2 7 12 15 20 25 28 32 37 41 46 52 67 82 91 
0 2 7 12 15 20 25 28 32 37 41 46 52 82 87 91 
0 2 7 12 15 20 25 28 32 37 42 46 58 62 67 71 
0 2 7 12 15 20 25 28 32 37 42 46 58 62 67 91 
0 2 7 12 15 20 25 28 32 37 42 46 58 67 71 82 
0 2 7 12 15 20 25 28 32 37 42 46 58 67 82 91 
0 2 7 12 15 20 25 28 32 37 42 46 58 82 87 91 
0 2 7 12 15 20 25 28 32 37 42 46 67 71 82 103 
0 2 7 12 15 20 25 28 32 37 42 46 67 82 91 103 
0 2 7 12 15 20 25 28 32 37 42 46 82 87 91 103 
0 2 7 12 15 20 25 28 32 37 42 47 58 63 67 71 
0 2 7 12 15 20 25 28 32 37 42 47 58 63 67 91 
0 2 7 12 15 20 25 28 32 37 42 47 58 63 87 91 
0 2 7 12 15 20 25 28 32 37 42 47 63 67 71 103 
0 2 7 12 15 20 25 28 32 37 42 47 63 67 91 103 
0 2 7 12 15 20 25 28 32 37 42 47 63 87 91 103 
0 2 7 12 15 20 25 28 32 37 42 47 83 87 91 103 
0 2 7 12 15 20 25 28 32 37 42 76 82 87 91 103 
0 2 7 12 15 20 25 28 32 37 46 52 60 67 71 82 
0 2 7 12 15 20 25 28 32 37 46 52 60 82 87 91 
0 2 7 12 15 20 25 28 32 37 52 60 76 82 87 91 
0 2 7 12 15 20 25 28 37 41 46 52 62 67 71 78 
0 2 7 12 15 20 25 28 37 41 46 52 62 67 78 91 
0 2 7 12 15 20 25 28 37 41 46 52 67 71 78 82 
0 2 7 12 15 20 25 28 37 41 46 52 78 82 87 91 
0 2 7 12 15 20 25 28 37 42 46 58 78 82 87 91 
0 2 7 12 15 20 25 28 37 42 46 67 71 78 82 103 
0 2 7 12 15 20 25 28 37 42 46 67 78 82 91 103 
0 2 7 12 15 20 25 28 37 42 46 78 82 87 91 103 
0 2 7 12 15 20 25 28 37 42 76 78 82 87 91 103 
0 2 7 12 15 20 25 28 37 52 60 76 78 82 87 91 
0 2 7 12 15 20 25 28 42 46 56 67 71 78 82 103 
0 2 7 12 15 20 25 28 42 46 56 67 78 82 91 103 
0 2 7 12 15 20 25 28 46 52 56 60 67 71 78 82 
0 2 7 12 15 20 25 28 47 56 61 78 83 87 91 103 
0 2 7 12 15 20 25 28 56 61 76 78 82 87 91 103 
0 2 7 12 15 20 25 37 42 46 58 62 67 71 78 100 
0 2 7 12 15 20 25 37 42 46 58 62 67 78 91 100 
0 2 7 12 15 20 25 37 42 46 58 67 71 78 82 100 
0 2 7 12 15 20 25 37 42 46 58 67 78 82 91 100 
0 2 7 12 15 20 25 37 42 46 58 78 82 87 91 100 
0 2 7 12 15 20 25 37 42 46 67 71 78 82 100 103 
0 2 7 12 15 20 25 37 42 46 67 78 82 91 100 103 
0 2 7 12 15 20 25 47 56 61 78 83 87 91 100 103 
0 2 7 12 15 20 25 56 61 76 78 82 87 91 100 103 
0 2 7 12 15 20 26 28 32 37 42 46 58 62 66 71 
0 2 7 12 15 20 26 28 32 37 42 46 58 62 71 86 
0 2 7 12 15 20 26 28 32 37 42 46 58 62 86 91 
0 2 7 12 15 20 26 28 32 37 42 46 58 82 86 91 
0 2 7 12 15 20 26 28 37 42 46 58 62 66 71 78 
0 2 7 12 15 20 26 28 42 46 56 71 78 82 86 103 
0 2 7 12 15 20 26 37 42 46 58 62 66 71 78 100 
0 2 7 12 15 20 28 32 37 41 46 52 69 82 86 91 
0 2 7 12 15 20 28 32 37 52 60 69 76 82 86 91 
0 2 7 12 15 20 28 44 56 60 69 76 78 82 86 91 
0 2 7 12 15 25 28 32 37 41 46 52 64 82 87 91 
0 2 7 12 16 20 25 28 33 37 42 46 58 62 67 71 
0 2 7 12 16 20 25 28 33 37 42 46 58 62 67 91 
0 2 7 12 16 20 25 28 33 37 42 46 58 67 71 82 
0 2 7 12 16 20 25 28 33 37 42 76 82 87 91 103 
0 2 7 12 16 20 25 28 33 56 61 76 82 87 91 103 
0 2 7 12 16 21 26 45 57 61 66 71 77 100 
0 2 7 12 16 21 53 57 62 67 71 77 84 100 
0 2 7 12 22 26 35 39 53 62 66 71 78 100 
