0 1 5 12 15 21 28 34 38 44 48 55 66 88 98 103 
0 1 5 12 15 21 28 34 38 44 48 55 76 88 98 103 
0 1 5 12 15 21 28 34 38 44 48 56 66 88 98 103 
0 1 5 12 15 21 28 34 38 44 55 66 78 88 98 103 
0 1 5 12 15 21 28 34 38 44 55 76 78 88 98 103 
0 1 5 12 15 21 28 34 38 48 56 66 89 93 99 103 
0 1 5 12 15 21 28 34 44 48 55 66 88 94 98 103 
0 1 5 12 15 21 28 34 44 48 55 76 88 94 98 103 
0 1 5 12 15 28 34 44 55 66 70 78 88 94 98 103 
0 1 5 12 15 34 38 44 55 66 70 78 84 88 98 103 
0 2 7 23 32 37 42 64 66 71 83 96 101 103 
