0 1 5 7 16 20 32 45 49 54 58 62 67 71 98 102 
0 1 5 7 16 20 32 45 54 58 62 67 71 82 98 102 
0 1 5 7 16 26 32 41 45 54 58 63 67 71 79 98 
0 1 5 7 16 26 32 41 45 54 58 63 67 71 98 102 
0 1 5 7 16 26 32 41 54 58 63 67 71 79 98 103 
0 1 5 7 16 26 32 41 54 58 63 67 71 98 102 103 
0 1 5 7 16 26 32 41 54 59 63 67 71 79 98 103 
0 1 5 7 16 26 32 41 54 59 63 67 71 98 102 103 
0 1 5 7 16 32 40 45 49 54 58 62 67 71 98 102 
0 1 5 7 16 32 41 45 49 54 58 62 67 71 79 98 
0 1 5 7 16 32 41 45 49 54 58 62 67 71 98 102 
0 1 5 7 16 32 41 45 49 54 58 63 67 71 79 98 
0 1 5 7 16 32 41 45 49 54 58 63 67 71 98 102 
0 1 5 7 16 32 41 45 49 54 58 67 71 79 84 98 
0 1 5 7 16 32 41 45 49 54 58 67 71 84 98 102 
0 1 5 7 16 32 41 45 54 58 63 67 71 79 82 98 
0 1 5 7 16 32 41 45 54 58 63 67 71 82 98 102 
0 1 5 7 16 32 41 49 54 58 63 67 71 79 98 103 
0 1 5 7 16 32 41 49 54 58 63 67 71 98 102 103 
0 1 5 7 16 32 41 54 58 63 67 71 79 82 98 103 
0 1 5 7 20 32 36 45 49 54 58 62 67 71 98 102 
0 1 5 7 22 32 36 40 45 49 58 62 67 71 98 102 
0 1 5 7 26 32 36 41 45 54 58 63 67 71 98 102 
0 1 5 7 32 36 40 45 49 54 58 62 67 71 98 102 
0 1 5 7 32 36 40 45 49 58 62 64 67 71 98 102 
0 1 5 7 32 36 41 45 49 54 58 62 67 71 98 102 
0 1 5 7 32 36 41 45 49 54 58 63 67 71 98 102 
0 1 5 7 32 36 41 45 49 54 58 67 71 84 98 102 
0 1 5 13 21 27 35 58 63 67 71 78 82 101 103 
0 1 5 13 22 26 27 32 36 40 45 58 67 84 93 102 
0 1 5 13 22 26 27 32 36 41 45 58 67 84 93 102 
0 1 5 13 22 26 28 32 36 41 45 58 67 84 93 102 
0 1 5 13 22 27 32 36 41 45 49 58 67 84 93 102 
0 1 5 14 22 26 28 32 36 40 45 58 67 84 93 102 
0 1 5 14 22 26 28 32 36 41 45 58 67 84 93 102 
0 1 5 14 22 28 32 36 40 45 49 58 67 84 93 102 
0 1 5 14 26 28 32 37 42 46 50 59 67 79 85 93 
0 1 5 26 27 32 36 41 45 54 58 63 67 71 98 102 
0 1 5 26 28 32 36 41 45 54 58 63 67 71 79 98 
0 1 5 26 28 32 36 41 45 54 58 63 67 71 98 102 
0 1 5 26 28 32 36 41 45 54 58 63 67 72 79 98 
0 1 5 26 28 32 37 41 46 54 59 63 67 71 79 98 
0 1 7 15 30 38 46 50 60 68 77 84 92 97 
0 2 6 14 18 22 25 28 32 36 53 60 65 68 72 
0 2 6 14 18 22 25 28 32 36 53 60 65 68 94 
0 2 6 14 18 22 25 28 32 47 56 60 65 68 72 
0 2 6 14 18 22 25 28 32 53 56 60 65 68 94 
0 2 6 14 18 22 25 32 47 56 60 65 68 94 101 
0 2 6 14 18 22 28 32 36 53 60 65 68 72 83 
