0 1 5 10 14 19 28 40 62 64 67 90 97 102 
0 1 5 10 14 19 28 62 64 67 71 81 90 97 
0 1 5 10 14 19 40 49 58 62 64 67 97 102 
0 1 5 14 31 42 49 58 67 71 81 85 93 97 
0 1 5 15 19 29 35 39 43 58 62 77 82 86 97 101 
0 1 5 15 19 29 35 39 43 58 63 77 82 86 97 101 
0 1 5 15 19 35 39 43 49 58 62 77 82 86 97 101 
0 1 5 15 26 31 35 39 43 58 77 82 86 93 97 101 
0 1 5 15 26 35 39 43 58 63 77 82 86 93 97 101 
0 1 5 15 31 35 39 43 49 58 77 82 86 93 97 101 
0 1 5 19 28 35 39 43 47 62 77 82 86 90 97 101 
0 1 5 19 29 35 39 43 47 62 77 82 86 90 97 101 
0 1 7 14 19 28 35 42 53 62 69 78 85 90 97 
0 1 7 14 19 28 35 42 53 62 69 78 86 90 97 
0 1 7 14 19 28 35 42 53 62 69 79 85 90 97 
0 1 7 14 19 28 35 42 62 69 78 85 90 97 103 
0 1 7 14 19 28 35 42 62 69 78 86 90 97 103 
0 1 7 14 19 28 36 42 53 62 69 78 85 90 97 
0 1 7 14 19 28 36 42 53 62 69 78 86 90 97 
0 1 7 14 19 35 42 49 53 58 62 69 78 86 97 
0 1 7 14 19 35 42 49 58 62 69 78 85 97 103 
0 1 7 14 19 35 42 49 58 62 69 78 86 97 103 
0 1 7 14 19 35 42 49 58 62 69 79 85 97 103 
0 1 7 14 31 35 42 49 53 58 69 78 85 93 97 
0 1 7 14 31 35 42 49 53 58 69 78 86 93 97 
0 1 7 14 31 35 42 49 53 58 69 79 85 93 97 
0 1 7 14 31 35 42 49 58 69 78 85 93 97 103 
0 1 7 14 31 35 42 49 58 69 78 86 93 97 103 
0 1 7 14 31 35 42 49 58 69 79 85 93 97 103 
0 1 7 15 19 35 42 49 53 58 62 69 78 86 97 
0 1 7 15 19 35 42 49 58 62 69 78 86 97 103 
0 1 7 15 26 31 35 42 53 58 69 78 86 93 97 
0 1 7 15 26 31 35 42 58 69 78 86 93 97 103 
0 1 7 15 31 35 42 49 53 58 69 78 86 93 97 
0 1 7 15 31 35 42 49 58 69 78 86 93 97 103 
0 1 8 15 19 29 36 43 53 58 62 69 78 86 97 
0 1 8 15 26 31 35 42 53 58 69 78 86 93 97 
0 1 15 19 29 35 39 43 58 62 77 82 86 97 101 103 
0 1 15 26 31 35 39 43 58 77 82 86 93 97 101 103 
0 1 15 31 35 39 43 49 58 77 82 86 93 97 101 103 
0 2 6 10 14 18 28 32 36 40 57 64 94 98 102 
0 2 6 10 14 18 28 32 36 57 72 86 94 98 102 
0 2 6 10 14 18 28 32 36 64 72 90 94 98 102 
0 2 6 10 14 18 28 32 40 57 64 68 94 98 102 
0 2 6 10 14 18 28 32 57 64 68 72 82 94 98 
0 2 6 10 14 18 28 32 57 64 68 72 94 98 102 
0 2 6 10 14 20 30 36 40 48 57 63 64 92 98 102 
0 2 6 10 14 20 30 36 40 48 57 64 65 92 98 102 
0 2 6 10 14 20 30 36 40 49 57 64 65 92 98 102 
0 2 6 10 14 20 30 36 49 57 65 72 86 92 98 102 
0 2 6 10 14 20 30 40 48 57 63 64 68 92 98 102 
0 2 6 10 14 20 30 40 48 57 64 65 68 92 98 102 
0 2 6 10 14 20 30 40 49 57 64 65 68 92 98 102 
0 2 6 10 14 20 30 48 57 63 64 68 72 82 92 98 
0 2 6 10 14 20 30 48 57 63 64 68 72 92 98 102 
0 2 6 10 14 20 30 48 57 64 65 68 72 82 92 98 
0 2 6 10 14 20 30 48 57 64 65 68 72 92 98 102 
0 2 6 10 14 20 30 49 57 64 65 68 72 82 92 103 
0 2 6 10 14 20 30 49 57 64 65 68 72 92 98 102 
0 2 6 10 14 20 30 49 57 64 65 68 72 92 102 103 
0 2 6 10 14 21 30 40 48 57 64 65 68 92 98 102 
0 2 6 10 14 21 30 48 57 64 65 68 72 92 98 102 
0 2 6 10 14 21 30 49 57 64 65 68 72 82 92 103 
0 3 8 14 18 22 24 28 38 42 57 61 76 78 85 100 
0 3 8 14 18 22 24 38 42 48 57 61 76 78 85 100 
0 3 8 14 18 22 28 32 38 42 57 61 76 78 85 100 
0 3 8 14 18 22 28 32 38 42 61 76 78 85 90 100 
0 3 8 14 18 22 28 32 42 53 61 69 76 78 85 90 
0 3 8 14 18 22 32 38 42 48 57 61 76 78 85 100 
0 3 8 14 18 24 38 42 48 57 61 76 78 85 95 100 
0 3 14 18 22 24 28 38 42 57 61 76 78 81 85 100 
0 3 14 18 22 24 38 42 48 57 61 76 78 81 85 100 
0 3 14 18 22 28 32 38 42 61 76 78 81 85 90 100 
0 3 14 18 22 32 38 42 48 57 61 76 78 81 85 100 
0 4 8 11 14 18 28 34 38 42 57 61 78 86 96 100 
0 4 8 11 14 18 28 34 38 43 61 78 86 90 96 100 
0 4 8 11 14 18 28 34 38 43 62 78 86 90 96 100 
0 4 8 11 14 18 28 34 42 57 61 70 78 86 96 100 
0 4 8 11 14 18 28 34 42 61 70 78 86 90 96 100 
0 4 8 11 14 18 28 34 43 61 70 78 86 90 96 100 
0 4 8 11 14 18 28 38 42 57 61 66 78 86 96 100 
0 4 8 11 14 18 28 38 42 61 66 78 86 90 96 100 
0 4 8 11 14 18 28 38 43 61 66 78 86 90 96 100 
0 4 8 11 14 18 28 42 57 61 66 70 78 86 96 100 
0 4 8 11 14 18 28 43 61 66 70 78 80 86 90 96 
