0 1 4 16 19 27 39 42 61 65 84 87 99 102 
0 1 5 15 19 26 28 32 36 40 50 58 62 66 93 97 101 
0 1 5 15 19 26 28 32 36 46 50 58 62 66 89 93 97 
0 1 5 15 19 26 28 32 36 50 58 62 66 89 93 97 101 
0 1 12 15 19 26 28 32 36 46 50 55 59 63 89 93 97 
0 2 6 10 14 18 22 25 28 32 36 40 94 98 102 
0 2 6 10 14 18 22 25 28 32 36 47 90 94 98 
0 2 6 10 14 18 22 25 28 32 36 90 94 98 102 
0 2 6 10 14 18 22 25 28 32 43 47 86 90 94 
0 2 6 10 14 18 22 28 32 36 40 44 64 98 102 
0 2 6 10 14 18 22 28 32 36 40 64 94 98 102 
0 2 6 10 14 18 28 32 36 64 72 90 94 98 102 
0 3 7 12 15 19 24 28 32 36 40 44 48 50 
0 3 7 12 15 19 24 32 36 40 44 48 50 84 
