0 3 6 16 21 36 41 46 53 54 66 71 84 97 102 
0 3 6 16 21 36 41 46 53 54 66 71 92 97 102 
0 3 6 16 21 36 41 46 53 61 66 71 91 96 101 
0 3 6 16 21 36 41 46 53 61 66 71 92 97 102 
0 3 6 16 21 36 41 46 53 64 66 71 84 96 101 
0 3 8 13 18 25 29 34 39 54 59 65 84 89 94 
0 3 8 13 18 25 29 34 39 58 63 64 83 88 93 
0 3 8 13 18 25 29 34 39 58 63 64 84 89 94 
0 3 8 13 18 25 29 34 46 54 59 65 84 89 94 
0 3 8 13 18 25 29 34 46 58 63 64 83 88 93 
0 3 8 13 18 25 29 34 46 58 63 64 84 89 94 
0 3 8 13 25 29 34 39 53 54 59 65 84 89 94 
0 3 8 13 25 29 34 39 53 54 59 65 84 89 102 
0 3 8 13 25 29 34 39 53 58 63 64 84 89 94 
0 3 8 13 25 29 34 46 53 54 59 65 84 89 94 
0 3 8 13 25 29 34 46 53 54 59 65 84 89 102 
0 3 8 13 25 29 34 46 53 58 63 64 84 89 94 
0 3 8 13 25 29 34 46 53 58 63 64 84 89 101 
0 3 8 13 25 29 34 46 58 63 64 83 88 101 103 
0 3 8 18 21 25 29 34 46 54 59 65 84 89 94 
0 3 8 20 25 29 34 39 58 63 64 83 88 101 103 
0 3 8 20 25 29 34 39 58 63 64 83 96 101 103 
0 3 8 20 25 29 34 46 58 63 64 83 96 101 103 
0 3 15 20 25 29 34 46 58 63 64 91 96 101 103 
