0 1 5 10 15 28 33 49 66 71 79 84 89 93 98 
0 1 5 15 22 26 33 40 57 66 71 79 84 89 94 
0 1 5 15 22 33 40 49 57 66 71 79 84 89 93 
0 1 5 15 22 33 40 49 57 66 71 79 84 89 94 
0 1 5 16 20 28 39 43 61 76 79 84 88 99 
0 1 6 10 15 20 28 33 38 55 71 79 89 94 98 
0 1 6 10 20 28 38 45 55 62 71 80 89 94 98 
0 1 6 10 28 45 49 62 66 71 80 84 89 94 98 
0 1 6 12 20 29 38 45 55 62 71 80 89 94 99 
0 3 8 11 16 21 27 40 58 63 71 79 82 90 95 
0 3 8 11 16 21 40 55 58 63 71 79 82 90 95 
0 5 8 11 13 21 32 40 45 53 55 63 71 87 95 
0 5 8 11 13 21 32 40 45 55 58 63 71 79 95 
0 5 8 11 13 21 32 40 45 55 63 71 79 87 95 
0 5 8 11 13 21 32 40 45 55 63 79 87 95 100 
0 5 11 13 21 32 37 45 53 55 63 68 87 95 100 
0 6 13 20 24 31 38 45 55 62 69 80 87 94 101 
