0 2 5 13 18 26 29 37 42 53 60 73 84 92 100 
0 2 5 13 18 26 29 37 42 53 60 84 87 92 100 
0 2 5 13 18 29 37 42 53 60 63 84 87 92 100 
0 2 5 18 26 29 37 42 53 60 73 77 84 92 100 
0 2 5 18 26 29 37 42 53 60 77 84 87 92 100 
0 2 5 18 26 29 37 42 60 76 77 84 87 92 100 
0 3 8 11 16 21 27 32 40 45 48 63 71 79 82 
0 3 8 11 16 21 27 32 40 48 58 63 71 79 82 
0 5 8 11 13 16 21 32 40 45 63 79 82 87 95 
0 5 8 11 13 21 32 37 40 45 55 63 68 87 95 
0 5 8 11 13 21 32 37 45 53 55 63 68 87 95 
0 5 8 11 13 21 32 40 45 55 63 68 79 87 95 
0 5 11 13 21 32 37 45 53 55 63 68 87 95 100 
0 6 13 20 24 31 38 45 55 62 69 80 87 94 101 
