0 1 4 8 23 26 34 46 52 55 66 71 87 92 97 
0 1 4 13 26 35 39 46 52 55 60 71 86 93 97 
0 2 6 12 18 22 28 32 44 64 69 76 86 91 102 
0 2 6 12 18 22 28 33 44 64 69 76 86 91 102 
0 2 6 12 18 22 28 44 60 64 69 76 86 91 102 
0 2 6 12 18 22 28 44 60 69 76 82 86 91 102 
0 2 6 13 17 22 28 39 43 60 64 65 86 97 102 
0 2 6 13 17 22 28 39 43 60 65 82 86 97 102 
0 2 6 13 17 22 28 39 44 60 64 65 86 97 102 
0 2 6 13 17 22 28 39 44 60 65 82 86 97 102 
0 2 6 13 18 25 28 39 44 60 65 82 86 98 102 
0 2 7 12 18 22 28 33 44 54 58 69 76 91 102 
0 2 7 12 18 22 28 33 44 54 69 76 86 91 102 
0 2 7 12 18 22 28 33 44 58 69 76 82 91 102 
0 2 7 17 20 25 28 41 61 66 71 82 87 92 102 
0 2 7 17 20 25 29 41 61 66 71 82 87 92 102 
0 2 7 17 20 25 41 56 61 66 71 82 87 92 102 
0 2 7 17 22 23 28 33 38 43 54 58 63 97 102 
0 2 7 17 22 23 28 33 38 43 54 58 92 97 102 
0 2 7 17 22 23 28 33 38 43 54 63 87 97 102 
0 2 7 17 22 23 28 33 38 43 54 87 92 97 102 
0 2 7 17 22 23 28 33 38 43 58 63 64 97 102 
0 2 7 17 22 23 28 33 38 43 58 63 82 97 102 
0 2 7 17 22 23 28 33 38 43 58 64 92 97 102 
0 2 7 17 22 23 28 33 38 43 58 82 92 97 102 
0 2 7 17 22 23 28 33 38 43 63 64 87 97 102 
0 2 7 17 22 23 28 33 38 43 63 82 87 97 102 
0 2 7 17 22 23 28 33 38 43 64 87 92 97 102 
0 2 7 17 22 23 28 33 38 43 82 87 92 97 102 
0 2 7 17 22 23 28 33 38 54 58 71 92 97 102 
0 2 7 17 22 23 28 33 38 54 71 87 92 97 102 
0 2 7 17 22 23 28 33 38 58 64 71 92 97 102 
0 2 7 17 22 23 28 33 38 58 71 82 92 97 102 
0 2 7 17 22 23 28 33 38 71 82 87 92 97 102 
0 2 7 17 22 23 28 33 43 54 63 66 87 97 102 
0 2 7 17 22 23 28 33 43 54 66 87 92 97 102 
0 2 7 17 22 23 28 33 43 63 64 66 87 97 102 
0 2 7 17 22 23 28 33 43 63 66 82 87 97 102 
0 2 7 17 22 23 28 33 43 66 82 87 92 97 102 
0 2 7 17 22 23 28 33 54 66 71 87 92 97 102 
0 2 7 17 22 23 28 38 43 58 61 82 92 97 102 
0 2 7 17 22 23 28 38 43 61 82 87 92 97 102 
0 2 7 17 22 23 29 33 38 43 54 63 87 97 102 
0 2 7 17 23 25 28 33 38 58 71 82 92 97 102 
