0 1 4 16 19 27 39 42 61 65 84 87 99 102 
0 1 6 9 17 25 27 32 35 43 60 68 77 86 103 
0 1 6 9 17 25 27 35 43 60 68 77 86 97 103 
0 2 5 9 14 19 26 29 34 41 46 53 65 84 101 
0 2 5 10 14 19 26 29 34 41 46 53 65 84 101 
0 2 6 15 19 33 37 46 54 63 72 79 81 90 94 
0 2 9 14 19 26 29 33 38 46 65 69 77 84 100 
0 2 9 14 19 26 29 33 41 46 53 65 69 84 100 
0 2 9 14 19 26 29 33 46 53 65 69 77 84 100 
0 2 9 14 19 26 29 34 38 46 65 69 77 84 100 
0 2 9 14 19 26 29 34 41 46 53 65 69 84 100 
0 2 9 14 19 26 29 34 46 53 65 69 77 84 100 
0 2 9 14 19 26 29 34 46 53 65 69 77 84 101 
0 4 9 11 16 21 36 40 45 53 54 59 71 91 95 
0 4 9 11 16 21 36 40 53 54 59 71 86 91 95 
0 4 9 11 16 21 36 41 53 54 59 71 86 91 95 
0 4 9 11 16 21 36 41 53 55 59 71 86 91 96 
