0 1 4 20 23 27 34 42 45 59 67 83 90 101 
0 1 4 20 23 27 34 42 59 67 83 90 98 101 
0 1 4 20 23 27 34 45 59 67 83 90 93 101 
0 1 4 20 23 27 35 42 45 59 67 83 90 101 
0 1 4 20 23 27 35 42 59 67 83 90 98 101 
0 1 4 20 23 27 35 42 59 67 83 91 98 101 
0 1 4 20 23 31 34 42 45 59 67 79 90 101 
0 1 4 20 23 31 34 42 59 67 79 90 98 101 
0 1 4 20 23 31 34 45 59 67 79 90 93 101 
0 1 4 20 23 31 39 42 59 67 79 87 98 101 
0 1 4 20 23 31 39 42 59 67 80 87 98 101 
0 1 4 20 23 31 39 46 59 67 80 87 94 101 
0 1 4 20 23 31 42 45 59 67 79 87 90 101 
0 1 4 20 23 31 42 59 67 79 87 90 98 101 
0 1 4 20 23 31 42 59 67 80 87 90 98 101 
0 1 4 20 23 32 35 42 59 67 80 91 98 101 
0 1 4 20 23 32 39 42 59 67 80 87 98 101 
0 1 4 20 23 35 42 45 59 67 80 83 90 101 
0 1 4 20 23 35 42 59 67 80 83 90 98 101 
0 1 4 20 23 35 42 59 67 80 83 91 98 101 
0 1 9 17 20 27 34 37 42 56 75 83 90 98 
0 1 9 17 20 27 35 37 42 56 75 83 90 98 
0 1 9 17 20 27 35 37 42 56 75 83 91 98 
0 1 9 17 20 27 35 37 43 56 75 83 91 98 
0 1 9 17 20 27 35 46 49 56 75 78 83 94 
0 1 9 17 20 27 35 46 56 75 78 83 91 94 
0 1 9 17 20 27 46 49 56 75 78 83 86 94 
0 1 9 17 20 31 34 37 42 56 75 79 90 98 
0 1 9 17 20 31 37 39 42 56 75 79 87 98 
0 1 9 17 20 31 37 39 42 56 75 80 87 98 
0 1 9 17 20 31 37 42 56 75 79 87 90 98 
0 1 9 17 20 31 37 42 56 75 80 87 90 98 
0 1 9 17 20 31 39 46 56 75 78 79 87 94 
0 1 9 17 20 31 39 46 56 75 78 80 87 94 
0 1 9 17 20 31 46 49 56 75 78 79 87 94 
0 1 9 17 20 31 46 49 56 75 78 80 87 94 
0 1 9 17 20 32 37 39 42 56 75 80 87 98 
0 1 9 17 20 32 39 46 56 75 78 80 87 94 
0 1 9 20 23 27 34 42 56 67 83 90 98 101 
0 1 9 20 23 27 35 37 42 56 67 83 90 98 
0 1 9 20 23 27 35 37 42 56 67 83 91 98 
0 1 9 20 23 27 35 42 56 67 83 90 98 101 
0 1 9 20 23 27 46 49 56 67 83 86 94 101 
0 1 9 20 23 31 37 39 42 56 67 79 87 98 
0 4 20 23 32 40 48 59 67 76 80 88 96 
