0 3 7 19 23 24 28 32 39 44 48 58 64 80 91 96 
0 3 7 19 23 24 28 32 39 44 48 59 64 80 91 96 
0 3 7 19 23 24 28 39 44 48 54 58 64 80 91 96 
0 3 7 19 23 24 28 39 44 48 54 59 64 80 91 96 
0 3 7 19 23 24 28 39 44 54 58 64 70 80 91 96 
0 3 7 19 23 24 28 39 44 54 59 64 70 80 91 96 
0 3 7 19 23 28 39 44 50 54 58 64 70 80 91 96 
0 3 8 13 19 26 28 33 39 44 50 59 64 68 80 96 
0 3 8 13 19 26 28 33 39 44 50 59 64 80 92 96 
0 3 8 13 19 26 28 33 39 44 50 59 68 80 87 96 
0 3 8 13 19 26 28 33 39 44 59 63 64 68 80 96 
0 3 8 13 19 26 28 33 39 44 59 63 68 80 87 96 
0 3 8 13 19 26 28 33 40 44 50 59 68 80 87 96 
0 3 8 13 19 26 28 33 40 44 50 59 80 87 92 96 
0 3 8 13 19 26 28 33 40 44 59 63 68 80 87 96 
0 3 8 13 19 26 28 33 40 44 59 63 68 81 87 96 
0 3 8 13 19 26 33 40 44 50 59 68 77 80 87 96 
0 3 8 13 19 28 33 39 44 48 59 63 64 68 80 96 
0 3 8 13 19 28 33 39 44 48 59 63 68 80 87 96 
0 3 8 13 19 28 33 40 44 48 59 63 68 80 87 96 
0 3 8 15 19 25 28 35 40 44 50 54 59 70 87 91 
0 3 8 15 19 25 28 35 40 44 50 54 59 70 87 92 
0 3 8 15 19 25 28 35 40 44 50 55 59 70 87 91 
0 3 8 15 19 25 35 40 44 50 54 59 70 77 87 91 
0 3 8 15 19 25 35 40 44 50 54 59 70 77 87 92 
0 3 8 15 19 25 35 40 44 50 55 59 70 77 87 91 
0 3 8 15 19 25 35 40 44 50 55 59 70 77 87 92 
0 3 8 15 19 25 35 40 50 54 59 66 70 77 87 92 
0 3 8 15 19 25 35 40 50 55 59 66 70 77 87 92 
0 3 8 15 20 25 35 40 50 55 59 66 70 77 87 92 
0 3 8 19 23 26 28 33 40 44 50 59 68 80 87 96 
0 3 8 19 23 26 28 33 40 44 59 63 68 80 87 96 
0 3 8 19 23 26 28 33 40 44 59 63 68 81 87 96 
0 3 8 19 23 28 33 40 44 48 59 63 68 80 87 96 
0 3 8 19 25 35 40 44 50 54 59 70 77 87 92 96 
0 4 20 23 32 40 48 59 67 76 80 88 96 
