0 1 5 10 14 20 28 33 38 42 48 51 55 68 75 86 97 
0 1 5 10 14 20 28 33 42 48 51 55 62 68 86 91 97 
0 1 5 10 14 20 33 38 42 48 51 53 68 75 82 86 97 
0 1 5 10 14 20 33 42 48 51 53 62 68 82 86 91 97 
0 1 5 10 14 21 28 33 38 42 48 51 55 68 75 86 97 
0 1 5 10 14 21 28 33 42 48 51 55 62 68 86 91 97 
0 1 5 10 14 21 28 33 42 48 51 55 62 69 86 91 97 
0 1 5 10 14 21 33 38 42 48 51 53 68 75 82 86 97 
0 1 5 10 14 21 33 38 42 48 51 53 69 75 82 86 97 
0 1 5 10 14 21 33 42 48 51 53 62 68 82 86 91 97 
0 1 5 10 15 20 28 33 43 48 49 51 55 60 65 70 
0 1 5 10 15 20 28 33 43 48 49 51 55 60 65 96 
0 1 5 10 15 20 28 33 43 48 49 51 55 60 70 91 
0 1 5 10 15 20 28 33 43 48 49 51 55 60 91 96 
0 1 5 10 15 20 28 33 43 48 49 51 55 65 70 86 
0 1 5 10 15 20 28 33 43 48 49 51 55 65 86 96 
0 1 5 10 15 20 28 33 43 48 49 51 55 70 86 91 
0 1 5 10 15 20 28 33 43 48 49 51 55 86 91 96 
0 1 5 10 15 20 28 33 43 48 51 55 62 70 86 91 
0 1 5 10 15 20 28 33 43 48 51 55 62 86 91 96 
0 1 5 10 15 20 28 33 48 49 51 55 60 67 91 96 
0 1 5 10 15 20 28 33 48 49 51 55 67 86 91 96 
0 1 5 10 15 20 28 33 48 51 55 62 67 86 91 96 
0 1 5 10 15 20 33 43 48 49 51 53 60 65 70 82 
0 1 5 10 15 20 33 43 48 49 51 53 60 65 82 96 
0 1 5 10 15 20 33 43 48 49 51 53 60 70 82 91 
0 1 5 10 15 20 33 43 48 49 51 53 60 82 91 96 
0 1 5 10 15 20 33 43 48 51 53 62 70 82 86 91 
0 1 5 10 15 20 33 43 48 51 53 62 82 86 91 96 
0 1 5 10 15 20 33 48 49 51 53 60 67 82 91 96 
0 1 5 10 15 20 33 48 49 51 53 67 82 86 91 96 
0 1 5 10 15 21 28 33 42 48 51 55 62 69 86 91 97 
0 1 5 10 15 21 33 42 48 49 51 53 60 69 82 91 97 
0 1 5 10 15 21 33 42 48 49 51 53 69 82 86 91 97 
0 1 5 10 15 28 33 43 48 51 55 62 70 86 91 99 
0 1 5 10 15 33 43 48 49 51 53 60 65 70 82 99 
0 1 5 10 15 33 43 48 49 51 53 60 70 82 91 99 
0 1 5 10 16 20 28 33 38 48 51 55 68 75 86 92 97 
0 1 5 10 16 21 28 33 38 48 51 55 68 75 86 92 97 
0 1 5 10 16 21 33 38 48 51 53 68 75 82 86 92 97 
0 1 5 10 16 33 44 48 49 51 53 60 70 75 82 93 99 
0 1 5 10 18 33 48 49 51 53 60 65 70 82 94 99 
0 1 5 10 18 33 48 49 51 53 65 70 82 86 94 99 
0 1 5 10 20 33 43 48 49 51 53 60 65 70 82 94 
0 1 5 10 33 43 48 49 51 53 60 65 70 82 94 99 
0 1 5 12 18 33 39 48 51 53 59 65 70 82 88 94 99 
0 1 5 12 18 33 39 48 51 53 59 66 70 82 88 94 99 
0 1 5 12 20 33 39 43 48 51 53 59 65 70 82 88 94 
0 1 5 13 18 33 41 48 51 53 60 70 82 89 94 99 
0 1 5 13 18 33 48 51 53 60 65 70 82 89 94 99 
0 1 5 13 20 28 33 40 48 51 55 60 67 89 96 
0 1 5 13 20 28 33 41 48 51 55 60 68 89 96 
0 1 5 13 20 28 33 41 48 51 55 60 68 89 97 
0 1 5 13 20 33 40 48 51 53 60 67 82 89 96 
0 1 5 13 20 33 41 48 51 53 60 67 82 89 96 
0 1 5 13 20 33 41 48 51 53 60 68 82 89 96 
0 1 5 13 20 33 41 48 51 53 60 68 82 89 97 
0 1 5 13 20 33 43 48 51 53 60 65 70 82 89 94 
0 1 5 13 21 28 33 41 48 51 55 60 68 89 97 
0 1 5 13 21 33 41 48 51 53 60 68 82 89 97 
0 1 5 13 33 43 48 51 53 60 65 70 82 89 94 99 
0 1 5 14 20 33 38 42 48 51 53 59 68 75 82 88 97 
0 1 5 14 21 33 38 42 48 51 53 59 68 75 82 88 97 
0 1 5 15 20 28 33 43 48 49 51 55 60 65 89 96 
0 1 5 15 20 33 43 48 49 51 53 60 65 70 82 89 
0 1 5 15 20 33 43 48 49 51 53 60 65 82 89 96 
0 1 5 15 33 43 48 49 51 53 60 65 70 82 89 99 
0 1 5 16 20 28 33 38 48 51 55 59 68 75 88 92 97 
0 1 5 18 33 48 49 51 53 60 65 70 82 89 94 99 
0 1 5 20 23 33 40 48 51 53 59 67 82 88 96 
0 1 5 20 23 33 40 48 51 53 60 67 82 88 96 
0 1 5 20 23 33 40 48 51 53 60 67 82 89 96 
0 1 5 20 33 43 48 49 51 53 60 65 70 82 89 94 
0 1 5 33 43 48 49 51 53 60 65 70 82 89 94 99 
0 1 6 10 15 20 33 43 48 49 51 53 60 65 70 82 
0 1 6 10 15 20 33 43 48 49 51 53 60 65 82 96 
0 1 6 10 15 20 43 48 49 51 53 58 65 70 82 87 
0 1 6 10 15 33 43 48 49 51 53 60 65 70 82 99 
0 1 6 10 15 43 48 49 51 53 58 65 70 82 87 99 
0 1 6 10 18 33 48 49 51 53 60 65 70 82 94 99 
0 1 6 10 18 48 49 51 53 58 65 70 82 87 94 99 
0 1 6 10 20 33 43 48 49 51 53 60 65 70 82 94 
0 1 6 10 20 43 48 49 51 53 58 65 70 82 87 94 
0 1 6 10 33 43 48 49 51 53 60 65 70 82 94 99 
0 1 6 10 43 48 49 51 53 58 65 70 82 87 94 99 
0 1 6 12 15 20 43 48 49 51 53 58 65 70 82 87 
0 1 6 12 15 43 48 49 51 53 58 65 70 82 87 99 
0 1 6 12 15 43 48 51 53 58 64 70 82 87 92 99 
0 1 6 12 16 21 29 34 39 48 56 61 68 76 92 97 
0 1 6 12 16 21 29 34 39 48 56 68 76 87 92 97 
0 1 6 12 16 21 29 34 39 48 61 68 76 82 92 97 
0 1 6 12 16 21 29 34 39 48 68 76 82 87 92 97 
0 1 6 12 16 21 29 34 48 56 64 68 76 87 92 97 
0 1 6 12 16 24 29 34 43 56 64 70 76 87 92 99 
0 1 6 12 16 24 29 34 43 64 70 76 82 87 92 99 
0 1 6 12 16 24 29 39 43 58 70 76 82 87 92 99 
0 1 6 12 16 24 29 39 44 58 70 76 82 87 92 99 
0 1 6 12 16 24 29 43 58 64 70 76 82 87 92 99 
0 1 6 12 16 24 29 44 58 64 70 76 82 87 92 99 
0 1 6 12 18 24 29 34 41 46 56 64 68 76 87 92 99 
0 1 6 12 18 24 29 39 46 58 65 76 82 87 94 99 
0 1 6 12 18 24 29 39 46 58 66 76 82 87 94 99 
0 1 6 13 20 29 33 40 48 51 60 67 82 89 96 
0 1 6 13 20 29 33 41 48 51 60 67 82 89 96 
0 1 6 13 20 29 33 41 48 51 60 68 82 89 96 
0 1 6 13 20 29 33 41 48 51 60 68 82 89 97 
0 1 6 13 20 29 34 40 48 51 56 61 67 89 96 
0 1 6 13 20 29 34 40 48 51 60 67 82 89 96 
0 1 6 13 20 29 34 40 48 51 61 67 82 89 96 
0 1 6 13 20 29 34 40 48 56 60 67 76 89 96 
0 1 6 13 20 29 34 40 48 56 61 67 76 89 96 
0 1 6 13 20 29 34 40 48 61 67 76 82 89 96 
0 1 6 13 20 29 34 41 48 51 56 60 67 89 96 
0 1 6 13 20 29 34 41 48 51 56 60 68 89 96 
0 1 6 13 20 29 34 41 48 51 56 60 68 89 97 
0 1 6 13 20 29 34 41 48 51 56 61 67 89 96 
0 1 6 13 20 29 34 41 48 51 56 61 67 90 96 
0 1 6 13 20 29 34 41 48 51 56 61 68 89 96 
0 1 6 13 20 29 34 41 48 51 56 61 68 89 97 
0 1 6 13 20 29 34 41 48 51 56 61 68 90 96 
0 1 6 13 20 29 34 41 48 51 60 68 82 89 96 
0 1 6 13 20 29 34 41 48 51 60 68 82 89 97 
0 1 6 13 20 29 34 41 48 51 61 67 82 89 96 
0 1 6 13 20 29 34 41 48 51 61 67 82 90 96 
0 1 6 13 20 29 34 41 48 60 68 76 82 89 96 
0 1 6 13 20 29 34 41 48 60 68 76 82 89 97 
0 1 6 13 20 29 34 41 48 61 67 76 82 90 96 
0 1 6 13 20 29 34 41 48 61 68 76 82 89 97 
0 1 6 13 20 33 41 48 51 53 60 68 82 89 97 
0 1 6 13 21 26 29 34 41 56 60 68 76 89 97 
0 1 6 13 21 29 34 41 48 51 56 60 68 89 97 
0 1 6 14 20 34 42 48 51 53 61 68 82 90 97 
0 1 8 13 20 28 36 40 48 51 55 67 84 89 96 
0 1 8 13 20 28 36 41 48 51 55 64 68 84 96 
0 1 8 13 20 28 36 41 48 51 55 64 68 84 97 
0 1 8 13 20 28 36 41 48 51 55 67 84 89 96 
0 1 8 13 20 28 36 41 48 51 55 68 84 89 96 
0 1 8 13 20 28 36 41 48 51 55 68 84 89 97 
0 1 8 13 20 28 41 48 51 55 60 68 84 89 96 
0 1 8 13 20 28 41 48 51 55 60 68 84 89 97 
0 1 8 13 20 29 36 40 48 55 67 76 84 89 96 
0 1 8 13 20 29 36 40 48 56 67 76 84 89 96 
0 1 8 13 20 29 36 41 48 51 55 64 68 84 96 
0 1 8 13 20 29 36 41 48 51 55 64 68 84 97 
0 1 8 13 20 29 36 41 48 51 55 68 84 89 96 
0 1 8 13 20 29 36 41 48 56 67 76 84 89 96 
0 1 8 13 20 29 40 48 56 60 67 76 84 89 96 
0 1 8 13 21 26 29 41 56 60 68 76 84 89 97 
0 1 8 15 20 28 36 48 51 55 62 67 84 91 96 
0 1 8 15 20 28 36 48 51 55 64 67 84 91 96 
0 4 20 23 32 40 48 59 67 76 80 88 96 
