0 1 4 8 17 33 38 40 53 57 61 83 87 91 
0 1 9 16 24 31 46 49 59 63 67 83 90 98 
0 1 9 16 24 31 46 49 60 63 67 83 90 98 
0 1 9 16 31 39 46 50 60 63 67 83 91 98 
0 2 7 14 17 26 34 39 44 50 58 81 86 91 96 101 
0 2 7 14 19 26 29 34 39 44 50 81 86 91 96 101 
0 2 7 14 26 29 34 39 44 50 58 81 86 91 96 101 
0 2 7 17 26 34 39 44 50 53 58 68 86 91 96 101 
0 2 7 17 26 34 39 44 53 58 64 81 86 91 96 101 
0 2 7 19 26 29 34 39 44 50 53 81 86 91 96 101 
0 2 7 26 29 34 39 44 50 53 58 81 86 91 96 101 
0 6 11 13 20 31 38 44 54 61 67 79 86 93 100 
0 6 11 13 20 31 38 44 54 61 68 79 86 93 100 
0 6 11 13 20 31 44 49 54 61 68 79 86 93 100 
0 6 11 13 20 31 45 49 54 61 68 79 86 93 100 
