0 1 5 8 13 29 34 49 54 61 66 79 84 88 93 
0 1 5 8 29 34 48 49 54 61 78 79 83 88 93 
0 1 5 10 15 34 43 48 49 54 64 78 88 93 97 
0 1 5 10 15 43 48 49 54 64 68 78 88 93 97 
0 1 5 10 29 34 43 48 49 54 78 83 88 93 97 
0 1 5 10 34 43 48 49 54 64 78 83 88 93 97 
0 1 5 13 29 34 43 49 54 61 66 79 84 88 93 
0 1 5 13 29 34 43 49 54 66 79 84 88 93 98 
0 1 5 15 29 43 48 49 54 68 78 79 88 93 98 
0 1 5 29 34 43 48 49 52 54 78 83 88 92 97 
0 1 5 29 34 43 48 49 52 54 78 83 88 93 97 
0 1 5 29 34 43 48 49 54 61 78 79 83 88 93 
0 1 5 29 34 43 48 49 54 66 79 84 88 93 98 
0 1 5 29 34 43 48 49 54 77 79 84 88 93 98 
0 1 5 29 34 43 48 49 54 78 79 83 88 93 97 
0 1 5 29 34 43 48 49 54 78 79 83 88 93 98 
0 1 5 29 34 43 48 49 54 78 79 84 88 93 98 
0 1 8 13 22 29 34 39 54 61 66 79 84 88 93 
0 1 8 13 22 29 34 49 54 61 66 79 84 88 93 
0 1 8 22 29 34 48 49 54 61 78 79 83 88 93 
0 1 10 15 22 34 39 43 48 54 64 78 88 93 97 
0 1 10 22 29 34 39 43 48 54 78 83 88 93 97 
0 1 10 22 29 34 43 48 49 54 78 83 88 93 97 
0 1 10 22 34 39 43 48 54 64 78 83 88 93 97 
0 1 10 22 34 43 48 49 54 64 78 83 88 93 97 
0 1 15 22 29 34 39 43 48 54 78 79 88 93 98 
0 1 22 29 34 39 43 48 54 78 79 83 88 93 97 
0 1 22 29 34 39 43 48 54 78 79 83 88 93 98 
0 1 22 29 34 39 43 48 54 78 79 84 88 93 98 
0 2 7 12 16 21 28 33 52 56 60 65 70 76 82 
0 2 7 16 21 23 28 33 52 56 60 65 70 76 82 
0 2 7 16 21 23 28 33 52 56 60 65 70 82 87 
0 2 7 16 21 28 33 47 52 56 60 65 70 76 82 
0 2 7 16 21 28 33 47 52 56 60 65 70 82 87 
0 2 7 16 21 28 33 47 52 56 60 70 76 82 101 
0 2 7 16 21 28 33 47 52 56 60 70 82 87 101 
0 3 7 10 14 18 22 25 47 57 62 63 67 71 97 101 
0 3 7 12 15 22 28 32 36 52 56 60 63 75 82 86 
0 3 7 12 15 28 32 36 52 56 60 63 75 82 86 90 
0 3 7 12 22 25 28 32 36 52 56 60 63 82 86 101 
0 3 7 15 23 31 36 45 52 56 61 68 86 90 100 
0 3 7 15 23 31 36 45 56 61 68 86 90 95 100 
0 3 7 15 31 36 45 56 61 68 81 86 90 95 100 
0 3 7 17 21 23 28 33 52 56 61 65 70 76 83 
0 3 7 17 21 23 28 33 52 56 65 70 76 83 97 
0 3 7 17 21 23 28 37 52 56 65 70 76 83 97 
0 3 7 17 21 23 33 45 52 56 61 65 70 76 83 
0 3 7 17 21 23 33 45 56 61 65 70 76 83 95 
0 3 7 17 21 23 37 45 52 56 61 65 70 76 83 
0 3 7 17 21 28 33 47 52 56 65 70 76 83 97 
0 3 7 17 21 28 37 47 52 56 65 70 76 83 97 
0 3 7 17 23 28 33 52 56 65 70 76 83 90 97 
0 3 7 17 23 31 36 37 45 52 56 61 76 90 100 
0 3 7 17 23 31 36 37 45 56 61 76 90 95 100 
0 3 7 17 23 31 37 45 52 56 61 70 76 90 100 
0 3 7 17 23 33 36 45 52 56 61 65 76 83 90 
