0 1 6 13 18 26 29 33 49 58 64 70 80 91 95 100 
0 1 6 13 18 26 29 33 49 58 64 70 80 91 96 100 
0 1 6 13 18 26 29 34 49 58 64 70 80 91 95 100 
0 1 6 13 18 26 30 38 42 58 64 70 83 88 95 100 103 
0 1 13 18 24 39 44 48 53 58 64 81 85 90 
0 2 6 12 18 24 34 39 43 63 64 68 80 85 96 100 
0 2 6 12 18 24 34 39 43 63 64 68 80 85 96 101 
0 2 6 12 18 24 34 43 49 63 64 68 80 85 96 100 
0 2 6 12 18 24 34 43 49 63 64 68 80 85 96 101 
0 2 7 12 18 24 34 39 43 63 64 68 80 85 96 100 
0 2 7 12 18 24 34 39 43 63 64 68 80 85 96 101 
0 2 7 12 18 24 34 43 49 63 64 68 80 85 96 101 
0 2 7 14 18 24 30 34 37 39 59 75 81 92 96 101 
0 2 7 14 18 24 30 34 37 39 59 75 81 92 97 101 
0 2 7 14 18 24 30 35 37 39 59 75 81 92 96 101 
0 2 7 14 18 24 30 35 37 39 59 75 81 92 97 101 
0 2 7 14 18 24 34 37 39 43 59 75 80 85 96 101 
0 2 7 14 18 24 34 37 39 43 59 75 81 85 96 101 
0 2 7 14 18 24 34 37 39 59 75 80 85 92 96 101 
0 2 7 14 18 24 34 37 39 59 75 80 85 92 97 101 
0 2 7 14 18 24 34 37 39 59 75 81 85 92 96 101 
0 2 7 14 18 24 34 37 39 59 75 81 85 92 97 101 
0 2 7 14 19 24 30 34 37 39 59 75 81 92 96 101 
0 2 7 14 19 24 30 34 37 39 59 75 81 92 97 101 
0 2 7 14 19 24 34 37 39 59 75 80 85 92 97 101 
0 2 7 14 19 24 34 37 39 59 75 81 85 92 96 101 
0 2 7 18 24 34 37 39 43 59 68 75 80 85 96 101 
0 4 8 13 25 30 34 39 65 70 78 92 97 103 
