0 2 7 12 16 20 31 36 40 45 51 59 63 68 82 91 100 
0 2 7 12 16 20 31 36 40 51 59 63 70 82 91 95 100 
0 2 7 12 16 20 31 40 45 51 61 63 68 82 86 91 100 
0 2 7 12 16 20 31 40 51 61 63 70 82 86 91 95 100 
0 2 7 12 16 21 31 36 40 45 51 59 63 68 82 91 100 
0 2 7 12 16 21 31 36 40 45 51 59 63 82 91 96 100 
0 2 7 12 16 21 31 40 45 51 61 63 82 86 91 96 100 
0 2 7 12 16 31 36 40 47 51 59 63 70 82 91 95 100 
0 2 7 12 16 31 36 40 47 51 59 63 70 82 91 96 100 
0 2 7 12 18 31 36 42 47 51 59 63 65 70 82 91 100 
0 2 7 12 18 31 36 42 47 51 59 63 66 70 82 91 100 
0 2 7 12 20 31 36 42 51 59 63 65 70 82 91 95 100 
0 2 7 12 20 31 42 51 61 63 65 70 82 86 91 95 100 
0 2 7 12 31 36 42 47 51 59 63 65 70 82 91 95 100 
0 2 7 13 20 31 38 42 51 61 63 65 70 82 86 95 100 
0 2 7 13 20 31 38 44 51 61 63 67 82 86 92 100 
0 2 7 13 20 31 38 44 51 61 63 67 82 86 93 100 
0 2 7 13 20 31 38 44 51 61 63 68 82 86 93 100 
0 2 7 13 20 31 38 45 51 61 63 68 82 86 93 100 
0 2 7 13 20 31 44 49 51 61 63 67 82 86 93 100 
0 2 7 13 20 31 44 49 51 61 63 67 82 87 93 100 
0 2 7 13 20 31 44 49 51 61 63 68 82 86 93 100 
0 2 7 13 20 31 44 49 51 61 63 68 82 87 93 100 
0 2 7 13 20 31 45 49 51 61 63 68 82 86 93 100 
0 2 7 13 20 31 45 49 51 61 63 68 82 87 93 100 
0 2 7 13 20 44 49 51 57 61 63 68 82 87 93 100 
0 2 7 13 20 45 49 51 57 61 63 68 82 87 93 100 
0 2 7 13 21 31 38 45 51 61 63 68 82 86 93 100 
0 2 7 13 21 31 45 49 51 61 63 68 82 86 93 100 
0 2 7 13 21 31 45 49 51 61 63 68 82 87 93 100 
0 2 7 13 21 45 49 51 57 61 63 68 82 87 93 100 
0 2 7 14 20 31 44 49 51 61 63 68 82 86 93 100 
0 2 7 14 20 31 44 49 51 61 63 68 82 87 93 100 
0 2 7 14 20 31 44 49 51 62 63 68 82 87 93 100 
0 2 7 14 20 31 45 49 51 61 63 68 82 86 93 100 
0 2 7 14 20 31 45 49 51 61 63 68 82 87 93 100 
0 2 7 14 20 44 49 51 57 61 63 68 82 87 93 100 
0 2 7 14 20 45 49 51 57 61 63 68 82 87 93 100 
0 2 7 14 20 45 49 51 57 61 63 68 82 87 94 100 
0 2 7 14 20 45 49 51 57 62 63 68 82 87 93 100 
0 2 7 14 20 45 49 51 57 62 63 68 82 87 94 100 
0 2 7 14 21 31 45 49 51 61 63 68 82 86 93 100 
0 2 7 14 21 39 45 51 57 62 63 69 82 87 94 100 
0 2 7 14 21 45 49 51 57 61 63 68 82 87 93 100 
0 2 7 14 21 45 49 51 57 61 63 68 82 87 94 100 
0 2 7 14 21 45 49 51 57 61 63 69 82 87 94 100 
0 2 7 14 21 45 49 51 57 62 63 68 82 87 93 100 
0 2 7 14 21 45 49 51 57 62 63 68 82 87 94 100 
0 2 7 14 21 45 49 51 57 62 63 69 82 87 94 100 
0 2 7 15 20 31 39 44 51 62 63 67 82 87 100 
0 2 7 15 20 31 39 44 51 62 63 82 87 95 100 
0 2 7 15 20 31 39 51 62 63 70 82 87 95 100 
0 2 7 15 20 39 44 51 57 62 63 67 82 87 100 
0 2 7 15 20 39 44 51 57 62 63 82 87 95 100 
0 2 7 15 20 39 51 57 62 63 70 82 87 95 100 
0 2 7 15 31 39 47 51 62 63 70 82 87 95 100 
0 2 7 16 21 23 36 45 51 57 63 66 82 87 91 96 100 
0 2 7 20 23 36 44 51 57 63 67 82 87 92 100 
0 2 7 20 23 44 51 57 62 63 67 82 87 92 100 
0 2 7 20 39 44 51 57 62 63 67 82 87 92 100 
0 2 8 13 20 33 38 44 51 56 63 67 82 88 92 100 
0 2 8 13 20 33 38 44 51 56 63 67 82 88 93 100 
0 2 8 13 20 33 38 44 51 56 63 68 82 88 93 100 
0 2 8 13 20 33 38 45 51 56 63 68 82 88 93 100 
0 2 8 13 20 33 44 51 56 63 64 67 82 88 93 100 
0 2 8 13 20 33 44 51 56 63 64 68 82 88 93 100 
0 2 8 13 20 33 45 51 56 63 64 68 82 88 93 100 
0 2 8 13 21 33 38 45 51 56 63 68 82 88 93 100 
0 2 8 15 20 33 40 44 51 56 63 64 82 88 95 100 
0 2 8 20 33 40 44 51 56 63 64 68 82 88 93 100 
0 2 9 13 20 33 44 49 51 56 61 63 67 82 93 100 
0 2 9 13 20 33 44 49 51 56 61 63 68 82 93 100 
0 2 9 13 20 33 44 49 51 57 61 63 67 82 93 100 
0 2 9 13 20 33 44 49 51 57 61 63 68 82 93 100 
0 2 9 13 20 33 44 51 56 63 64 67 82 88 93 100 
0 2 9 13 20 33 44 51 56 63 64 68 82 88 93 100 
0 2 9 13 20 33 44 51 57 63 64 67 82 88 93 100 
0 2 9 13 20 33 44 51 57 63 64 68 82 88 93 100 
0 2 9 13 20 33 45 49 51 56 61 63 68 82 93 100 
0 2 9 13 20 33 45 49 51 57 61 63 68 82 93 100 
0 2 9 13 20 33 45 51 56 63 64 68 82 88 93 100 
0 2 9 13 20 33 45 51 57 63 64 68 82 88 93 100 
0 2 9 13 21 33 45 49 51 56 61 63 68 82 93 100 
0 2 9 13 21 33 45 49 51 57 61 63 68 82 93 100 
0 2 9 13 21 33 45 51 56 63 64 68 82 88 93 100 
0 2 9 13 21 33 45 51 57 63 64 68 82 88 93 100 
0 2 9 14 20 33 44 49 51 56 61 63 68 82 93 100 
0 2 9 14 20 33 44 49 51 56 63 68 82 89 93 100 
0 2 9 14 20 33 44 49 51 57 61 63 68 82 93 100 
0 2 9 14 20 33 45 49 51 56 61 63 68 82 93 100 
0 2 9 14 20 33 45 49 51 56 63 68 82 89 93 100 
0 2 9 14 20 33 45 49 51 57 61 63 68 82 93 100 
0 2 9 14 20 33 45 49 51 57 61 63 68 82 94 100 
0 2 9 14 20 33 45 49 51 57 63 68 82 89 93 100 
0 2 9 14 20 33 45 49 51 57 63 68 82 89 94 100 
0 2 9 14 20 34 44 49 51 57 63 68 82 89 93 100 
0 2 9 14 20 34 45 49 51 57 63 68 82 89 93 100 
0 2 9 14 21 33 45 49 51 56 61 63 68 82 93 100 
0 2 9 14 21 33 45 49 51 56 61 63 68 82 94 100 
0 2 9 14 21 33 45 49 51 56 63 68 82 89 93 100 
0 2 9 14 21 33 45 49 51 56 63 68 82 89 94 100 
0 2 9 14 21 33 45 49 51 57 61 63 68 82 93 100 
0 2 9 14 21 33 45 49 51 57 61 63 68 82 94 100 
0 2 9 14 21 33 45 49 51 57 63 68 82 89 93 100 
0 2 9 14 21 33 45 49 51 57 63 68 82 89 94 100 
0 2 9 14 21 34 45 49 51 57 63 68 82 89 93 100 
0 2 9 14 21 34 45 49 51 57 63 68 82 89 94 100 
0 2 9 15 20 33 40 44 51 56 63 64 82 88 95 100 
0 2 9 15 20 33 40 44 51 56 63 64 82 89 95 100 
0 2 9 16 21 33 40 45 51 56 63 64 82 88 96 100 
0 2 9 16 21 33 40 45 51 56 63 64 82 89 96 100 
0 2 9 16 21 33 40 45 51 56 63 75 82 89 96 100 
0 2 9 16 21 33 40 45 51 57 63 64 82 89 96 100 
0 2 9 16 21 33 40 45 51 57 63 75 82 89 96 100 
0 2 9 16 21 33 41 45 51 56 63 75 82 89 96 100 
0 2 9 16 21 33 41 45 51 57 63 75 82 89 96 100 
0 2 9 16 21 34 40 45 51 57 63 75 82 89 96 100 
0 2 9 16 21 34 41 45 51 57 63 75 82 89 96 100 
0 2 10 15 20 34 39 44 51 57 62 63 67 82 100 
0 2 10 15 20 34 39 44 51 57 62 63 82 95 100 
0 2 10 15 20 34 39 44 51 57 63 67 82 90 100 
0 2 10 15 20 34 39 44 51 57 63 82 90 95 100 
0 2 10 15 20 34 44 51 57 63 65 82 90 95 100 
0 2 10 16 21 34 41 45 51 57 63 75 82 89 96 100 
0 2 10 16 21 34 41 45 51 57 63 75 82 90 96 100 
0 2 15 20 34 39 44 51 57 62 63 82 87 95 100 
0 4 8 13 20 25 28 44 58 64 67 79 83 88 93 100 
0 4 8 13 20 25 28 44 58 64 68 79 83 88 93 100 
0 4 8 13 20 25 28 45 58 64 68 79 83 88 93 100 
0 4 8 13 20 28 33 38 44 51 56 63 67 88 92 100 
0 4 8 13 20 28 33 38 44 51 56 63 67 88 93 100 
0 4 8 13 20 28 33 38 44 51 56 63 68 88 93 100 
0 4 8 13 20 28 33 44 51 56 63 64 67 88 93 100 
0 4 8 13 20 28 33 44 51 56 63 64 68 88 93 100 
0 4 8 13 20 28 33 45 51 56 63 64 68 88 93 100 
0 4 8 15 20 25 28 40 44 58 64 79 83 88 95 100 
0 4 8 15 20 28 33 40 44 51 56 63 64 88 95 100 
0 4 9 11 14 20 29 33 45 49 63 68 84 89 93 100 
0 4 9 11 14 21 29 33 45 49 63 68 84 89 93 100 
0 4 9 11 14 21 29 33 45 49 63 68 84 89 94 100 
0 4 9 11 14 21 29 33 45 63 68 75 84 89 94 100 
0 4 9 11 14 21 29 45 59 63 68 75 84 89 94 100 
0 4 9 11 14 21 45 54 59 68 75 79 84 89 94 100 
0 4 9 11 16 20 29 33 40 45 63 64 68 84 89 100 
0 4 9 11 16 20 29 33 40 45 63 68 75 84 89 100 
0 4 9 11 16 20 29 40 45 59 63 64 68 84 89 100 
0 4 9 11 16 20 29 40 59 63 64 70 84 89 95 100 
0 4 9 11 16 20 40 54 59 64 70 79 84 89 95 100 
0 4 9 11 16 21 29 33 40 45 63 64 68 84 89 100 
0 4 9 11 16 21 29 33 40 45 63 64 84 89 96 100 
0 4 9 11 16 21 29 33 40 45 63 75 84 89 96 100 
0 4 9 11 16 21 29 33 41 45 63 75 84 89 96 100 
0 4 9 11 16 21 29 40 45 59 63 64 68 84 89 100 
0 4 9 11 16 21 29 40 45 59 63 68 75 84 89 100 
0 4 9 11 16 21 40 45 54 59 64 68 79 84 89 100 
0 4 9 11 16 29 40 47 59 63 64 70 84 89 95 100 
0 4 11 20 23 29 36 44 59 63 67 84 92 100 
0 4 20 23 25 36 44 54 59 67 79 84 92 100 
0 5 10 11 15 20 29 34 39 44 57 62 63 67 100 
0 5 10 11 15 20 29 34 39 44 57 62 63 95 100 
0 5 10 11 15 20 29 34 39 44 57 63 90 95 100 
0 5 10 11 15 20 29 34 39 57 63 70 90 95 100 
0 5 11 13 20 29 38 44 60 63 67 85 92 100 
0 5 11 13 20 29 38 44 60 63 67 85 93 100 
0 5 11 13 20 29 38 44 60 63 68 85 93 100 
0 5 11 13 20 29 38 45 60 63 68 85 93 100 
