0 3 7 12 25 28 32 36 52 56 60 63 82 86 
0 3 7 16 21 23 25 28 33 38 42 46 51 66 86 
0 3 7 16 21 23 25 28 33 38 42 46 51 82 86 
0 3 7 16 21 23 25 33 38 42 46 51 66 86 95 
0 3 7 16 21 23 25 33 42 46 51 66 76 86 95 
0 3 7 16 21 23 25 33 42 46 51 76 82 86 95 
0 3 7 16 21 23 25 33 42 51 60 76 82 86 95 
0 3 7 16 21 23 25 33 42 52 60 76 82 86 95 
0 3 7 16 23 25 28 33 38 41 46 51 57 66 86 
0 3 7 16 23 25 33 38 41 46 51 57 66 86 95 
0 3 7 16 23 25 33 42 51 57 60 67 77 86 95 
0 4 20 23 32 40 48 59 67 76 80 88 96 
