0 2 8 16 21 23 28 37 42 46 51 56 60 87 91 95 
0 2 8 16 21 23 28 37 42 46 56 60 63 87 91 95 
0 2 8 16 21 28 36 37 42 46 51 56 60 87 91 95 
0 2 8 16 21 28 36 37 42 46 56 60 63 87 91 95 
0 2 8 17 21 23 28 37 42 46 51 56 60 87 91 95 
0 2 8 17 21 23 28 37 42 46 56 60 63 87 91 95 
0 2 8 17 21 28 36 37 42 46 51 56 60 87 91 95 
0 2 8 17 21 28 36 37 42 46 56 60 63 87 91 95 
0 2 8 17 21 28 36 37 42 51 56 60 69 87 91 95 
0 2 16 21 23 28 32 37 42 46 51 56 60 87 91 95 
0 2 16 21 23 28 32 37 42 46 56 60 63 87 91 95 
0 2 16 21 28 32 36 37 42 46 51 56 60 87 91 95 
0 2 16 21 28 32 36 37 42 46 56 60 63 87 91 95 
0 2 17 21 23 28 32 37 42 46 51 56 60 87 91 95 
0 2 17 21 23 28 32 37 42 46 56 60 63 87 91 95 
0 2 17 21 28 32 36 37 42 46 51 56 60 87 91 95 
0 3 7 12 17 21 25 28 32 38 51 57 61 65 69 96 
0 3 7 12 17 21 25 32 38 51 57 61 65 69 76 96 
0 3 7 12 17 21 28 32 36 37 46 51 61 65 81 95 
0 3 7 12 21 25 32 38 41 51 57 61 65 69 76 96 
0 3 7 13 17 21 25 28 32 46 51 57 61 65 91 96 
0 3 7 13 17 21 25 28 32 51 57 61 65 69 91 96 
0 3 7 13 17 21 25 28 33 47 53 57 61 65 92 96 
0 3 7 17 21 25 28 33 38 47 53 57 61 65 92 96 
0 3 7 17 21 25 32 38 51 57 61 65 69 76 91 96 
0 3 10 17 29 36 37 43 50 54 61 68 78 81 88 95 
0 3 12 16 29 37 38 42 50 54 62 67 78 81 89 94 
0 3 13 17 21 25 28 32 46 51 57 61 65 87 91 96 
