0 1 7 13 21 31 45 49 54 62 69 80 87 94 100 
0 1 7 14 21 31 39 45 55 62 69 80 87 94 101 
0 1 7 14 21 31 39 46 55 62 69 80 87 94 101 
0 1 7 14 21 31 39 46 55 62 69 81 87 94 101 
0 1 7 14 21 31 45 49 54 62 69 80 87 94 100 
0 1 7 14 21 31 45 49 54 62 69 80 87 94 101 
0 1 7 14 21 31 45 49 55 62 69 80 87 94 100 
0 1 7 14 21 31 45 49 55 62 69 80 87 94 101 
0 1 7 14 21 32 39 45 55 62 69 80 87 94 101 
0 1 7 14 21 32 45 49 54 62 69 80 87 94 101 
0 6 11 13 20 30 38 44 53 61 68 79 86 93 100 
0 6 11 13 20 30 38 44 54 61 68 79 86 93 100 
0 6 11 13 20 30 38 45 54 61 68 79 86 93 100 
0 6 11 13 20 30 44 49 54 61 68 79 86 93 100 
0 6 11 13 20 31 38 44 54 61 68 79 86 93 100 
0 6 11 13 20 31 44 49 54 61 68 79 86 93 100 
0 6 11 13 20 31 45 49 54 61 68 79 86 93 100 
