0 2 7 12 28 33 37 38 50 53 58 62 78 80 85 89 
0 2 12 15 28 37 38 41 50 53 62 66 78 80 89 93 
0 4 7 17 22 36 41 46 53 65 70 79 84 96 101 
0 4 7 17 22 36 41 46 53 65 70 79 91 96 101 
0 4 9 14 19 25 29 34 39 53 58 64 83 88 93 
0 4 9 14 19 25 29 34 39 53 58 64 84 89 94 
0 4 9 14 19 25 29 34 39 57 62 63 83 88 93 
0 4 9 14 19 25 29 34 46 53 58 64 83 88 93 
0 4 9 14 19 25 29 34 46 53 58 64 84 89 94 
0 4 9 14 25 29 34 39 52 53 58 64 83 88 93 
0 4 9 14 25 29 34 39 52 57 62 63 83 88 100 
0 4 9 14 25 29 34 46 52 53 58 64 83 88 101 
0 4 9 14 25 29 34 46 53 58 64 79 84 89 94 
0 4 9 14 25 29 34 46 53 58 64 79 84 89 101 
0 5 10 11 15 20 29 34 39 51 57 62 63 90 95 100 
0 5 10 11 15 20 29 34 39 51 57 63 70 90 95 100 
0 5 10 11 15 20 29 34 39 51 62 63 65 90 95 100 
0 5 10 11 15 29 34 39 51 62 63 65 80 90 95 100 
