0 1 5 16 20 28 33 38 48 51 55 59 75 88 92 97 
0 1 5 16 20 28 33 38 48 51 55 59 75 88 93 97 
0 1 5 16 20 28 33 38 48 51 55 60 75 88 92 97 
0 1 5 16 20 28 33 38 48 51 55 60 75 88 93 97 
0 1 5 16 20 28 33 38 48 60 75 78 83 87 98 
0 1 5 16 20 28 33 44 48 51 55 59 75 88 92 97 
0 1 5 16 20 28 33 44 48 51 55 59 75 88 93 97 
0 1 5 16 20 29 33 44 48 51 55 59 75 88 92 97 
0 1 5 16 20 29 33 44 48 51 55 59 75 88 93 97 
0 1 5 16 20 29 33 44 48 51 55 60 75 88 92 97 
0 1 5 16 20 29 33 44 48 60 75 78 83 87 98 
0 1 5 16 21 28 33 38 48 51 55 59 75 88 92 97 
0 1 12 16 20 28 33 44 48 60 75 78 83 87 98 
0 1 12 16 20 29 33 44 48 60 75 78 83 87 98 
0 1 16 20 23 26 28 33 44 60 75 78 83 87 98 
0 1 16 20 23 26 29 33 44 60 75 78 83 87 98 
0 1 16 20 23 28 33 44 48 60 75 78 83 87 98 
0 1 16 20 23 29 33 44 48 60 75 78 83 87 98 
0 1 16 23 26 28 33 44 60 75 78 79 83 87 98 
0 1 16 23 26 29 33 44 60 75 78 79 83 87 98 
0 1 16 23 26 29 33 44 60 75 78 79 83 94 98 
0 1 16 23 29 33 44 48 60 75 78 79 83 87 98 
0 2 6 10 21 28 39 43 51 55 59 70 82 93 97 
0 2 6 10 21 28 39 43 51 55 59 70 88 92 97 
0 2 6 10 21 28 39 43 51 55 59 70 88 93 97 
0 2 6 10 21 28 39 43 51 55 59 75 82 93 97 
0 2 6 10 21 28 39 43 51 55 60 75 82 93 97 
0 2 6 10 21 28 39 43 52 55 59 70 82 93 97 
0 2 6 10 21 28 39 43 52 55 59 75 82 93 97 
0 2 6 10 21 28 39 43 52 55 60 75 82 93 97 
0 2 6 12 15 28 39 43 52 55 59 70 82 93 97 
0 2 6 12 15 28 39 43 52 55 59 75 82 93 97 
0 2 6 12 15 28 39 43 52 60 75 78 82 93 98 
0 2 6 12 21 28 39 43 52 55 59 70 82 93 97 
0 2 6 12 21 28 39 43 52 55 60 75 82 93 97 
0 2 6 12 22 28 39 43 52 55 59 70 89 93 97 
0 2 6 12 22 28 39 43 52 55 59 75 89 93 97 
0 2 6 12 22 28 39 43 52 55 60 75 82 93 97 
0 2 6 12 22 28 39 43 52 60 75 78 82 93 97 
0 2 6 12 22 28 39 43 52 60 75 78 82 93 98 
0 2 6 12 22 35 39 43 52 55 66 71 76 89 93 
