0 1 6 9 27 32 40 45 50 57 60 63 79 84 92 97 
0 1 6 19 27 32 37 45 50 57 63 70 78 79 84 97 
0 1 6 19 27 32 40 45 50 57 63 70 79 84 92 97 
0 1 6 19 32 38 40 45 50 57 63 70 84 89 92 97 
0 2 5 9 17 21 42 49 62 66 70 87 92 96 100 
0 2 10 14 18 31 39 47 59 64 67 85 89 93 97 
0 3 7 12 15 25 28 32 36 56 60 63 82 86 90 
0 3 7 12 15 32 36 40 56 60 63 68 82 86 90 
0 3 7 12 25 28 32 36 52 56 60 63 82 86 90 
0 3 7 12 25 28 32 47 52 56 60 63 82 86 101 
0 3 8 16 23 25 28 32 47 62 66 70 83 87 91 96 100 
0 3 12 16 29 37 38 42 50 54 62 67 78 81 89 94 
0 4 20 23 32 40 48 59 67 76 80 88 96 
