0 1 5 10 15 20 28 33 43 48 49 51 60 65 70 
0 1 5 10 15 20 28 33 43 48 49 51 65 70 82 
0 1 5 10 15 20 28 33 43 48 49 51 65 82 91 
0 1 5 10 15 20 28 33 43 48 49 55 65 70 82 
0 1 5 10 15 20 28 33 43 48 49 55 65 82 91 
0 1 5 10 15 20 33 43 48 49 51 65 82 91 101 
0 1 5 10 15 20 33 43 48 49 55 65 82 91 101 
0 1 5 10 15 20 33 43 48 51 58 65 82 91 101 
0 1 5 10 15 20 33 43 48 55 58 65 82 91 101 
0 1 6 10 15 20 28 33 43 48 49 51 60 65 70 
0 1 6 10 15 20 28 33 43 48 49 51 60 70 87 
0 1 6 10 15 20 28 33 43 48 49 51 65 70 82 
0 1 6 10 15 20 28 33 43 48 49 51 70 82 87 
0 1 6 10 15 20 28 33 43 48 49 55 65 70 82 
0 1 6 10 15 20 33 43 48 49 51 60 65 70 101 
0 1 6 10 15 20 33 43 48 49 51 60 70 87 101 
0 1 6 10 15 20 33 43 48 49 51 65 70 82 101 
0 1 6 10 15 20 33 43 48 49 51 65 82 92 101 
0 1 6 10 15 20 33 43 48 49 51 70 82 87 101 
0 1 6 10 15 20 33 43 48 49 51 82 87 92 101 
0 1 6 10 15 20 33 43 48 49 55 60 65 70 101 
0 1 6 10 15 20 33 43 48 49 55 65 70 82 101 
0 1 6 10 15 20 33 43 48 49 55 65 82 92 101 
0 1 6 10 15 20 33 43 48 51 58 65 70 82 101 
0 1 6 10 15 20 33 43 48 51 58 65 82 92 101 
0 1 6 10 15 20 33 43 48 51 58 70 82 87 101 
0 1 6 10 15 20 33 43 48 51 58 82 87 92 101 
0 1 6 10 15 20 33 43 48 55 58 65 70 82 101 
0 1 6 10 15 20 33 43 48 55 58 65 82 92 101 
0 1 6 10 15 20 33 43 51 58 65 68 82 92 101 
0 1 6 10 15 20 33 43 51 58 68 82 87 92 101 
0 1 6 10 15 28 33 43 48 49 51 60 70 77 87 
0 2 12 15 28 37 38 41 50 53 62 66 78 80 89 93 
