0 1 4 9 16 29 36 41 48 50 60 67 81 88 93 100 
0 1 4 9 16 29 36 41 48 60 67 72 81 88 93 100 
0 1 4 9 16 32 40 48 50 60 67 84 92 100 
0 1 4 9 17 29 36 41 48 50 60 68 81 88 93 100 
0 1 4 9 17 32 40 48 50 60 68 84 92 100 
0 1 8 16 29 32 38 45 50 59 63 67 89 97 
0 1 8 16 29 36 41 48 50 59 63 67 81 88 93 100 
0 1 8 16 29 38 45 50 59 63 67 81 89 97 
0 1 8 16 31 39 46 50 59 63 67 83 91 98 
0 1 8 16 31 46 49 50 59 63 67 83 90 98 
0 1 8 16 32 39 46 50 59 63 67 84 91 98 
0 1 8 16 32 40 45 50 59 63 67 84 92 97 
0 1 8 16 32 40 48 50 59 63 67 84 92 100 
0 1 9 16 29 36 41 48 50 60 63 67 81 88 93 100 
0 1 9 16 31 39 46 50 60 63 67 83 91 98 
0 2 5 10 17 26 29 36 41 50 61 68 81 88 93 101 
0 2 5 10 17 26 29 36 50 61 68 81 88 93 96 101 
0 2 5 10 17 26 29 38 42 50 61 68 81 89 94 101 
0 2 9 16 26 29 36 41 50 53 60 67 81 88 93 101 
0 2 9 16 26 29 38 42 50 53 60 67 81 89 94 101 
0 2 9 17 26 29 36 41 50 53 60 68 81 88 93 101 
0 3 6 12 19 31 37 43 49 50 62 70 78 83 90 95 
0 3 6 12 29 32 37 38 50 62 67 70 78 89 94 97 
0 3 8 16 29 36 41 48 50 54 59 67 81 88 93 100 
0 3 10 17 29 36 37 43 50 54 61 68 78 81 88 95 
0 3 10 17 29 36 41 48 50 54 61 68 81 88 93 100 
0 3 10 17 29 36 43 48 50 54 61 68 81 88 95 100 
0 3 10 17 29 37 38 42 50 54 61 68 78 81 89 94 
0 3 12 16 29 36 43 48 50 54 62 67 81 88 95 100 
0 3 12 16 29 37 38 42 50 54 62 67 78 81 89 94 
0 3 12 16 31 36 43 48 50 54 62 67 83 88 95 100 
0 4 7 19 23 25 31 36 39 44 50 64 70 77 83 96 
0 4 7 19 23 25 31 39 44 50 64 70 77 83 91 96 
0 4 9 16 26 29 36 41 50 55 60 67 81 88 93 101 
0 4 9 16 26 29 36 44 50 55 60 67 81 88 96 101 
0 4 9 16 29 36 43 48 50 55 60 67 81 88 95 100 
