0 1 5 9 13 20 28 33 50 56 60 63 71 75 80 85 
0 1 5 9 13 20 28 33 50 56 60 71 75 76 80 85 
0 1 5 9 13 20 33 46 50 56 60 63 65 71 85 98 
0 1 5 9 13 20 33 46 50 56 60 63 71 75 85 98 
0 1 5 9 13 20 33 46 50 56 60 65 71 76 85 98 
0 1 5 9 13 20 33 46 50 56 60 71 75 76 85 98 
0 1 5 9 14 20 29 33 50 56 60 63 65 71 81 85 
0 1 5 9 14 20 33 46 50 56 60 63 65 71 85 98 
0 1 5 9 16 20 29 48 50 56 60 63 67 71 81 100 
0 1 5 9 16 20 31 46 50 56 60 63 67 71 83 98 
0 1 5 9 20 28 33 48 50 56 60 63 71 80 85 100 
0 1 5 9 20 28 33 48 50 56 60 63 71 81 85 100 
0 1 5 9 20 28 33 48 50 56 60 71 76 81 85 100 
0 1 5 9 20 29 33 48 50 56 60 63 71 81 85 100 
0 1 5 9 20 29 33 48 50 56 60 71 76 80 85 100 
0 1 5 9 20 29 33 48 50 56 60 71 76 81 85 100 
0 1 5 12 20 33 44 48 50 56 62 63 71 85 96 100 
0 1 5 12 20 33 44 48 50 56 62 71 76 85 96 100 
0 1 5 20 29 33 44 48 50 56 63 71 81 85 96 100 
0 2 9 13 17 28 37 39 50 53 60 68 75 78 80 91 
0 2 9 13 28 35 37 39 50 53 60 75 78 80 87 91 
0 2 9 14 29 34 39 50 53 60 65 81 86 91 
0 2 9 14 34 39 46 50 53 60 65 86 91 98 
0 2 9 15 28 35 39 48 50 53 60 66 80 87 91 100 
0 2 12 15 30 35 39 43 50 53 62 66 82 87 91 95 
0 2 12 30 35 37 39 43 50 53 62 78 82 87 91 95 
0 2 14 29 34 39 44 50 53 65 81 86 91 96 
0 2 26 29 34 39 44 50 53 81 86 91 96 101 
0 4 9 16 26 29 36 50 55 60 67 81 88 100 
0 4 9 16 26 29 36 50 55 60 67 81 88 101 
0 4 9 16 26 29 36 50 55 60 68 81 88 101 
0 4 9 16 28 36 48 50 55 60 67 80 88 100 
0 4 9 16 28 36 48 50 55 60 67 81 88 100 
0 4 9 16 29 36 48 50 55 60 67 81 88 100 
0 4 12 17 30 37 38 43 50 55 62 68 78 82 89 95 
