0 1 5 8 23 29 36 41 50 56 59 63 64 81 88 93 
0 1 5 8 23 29 36 41 50 56 63 64 68 81 88 93 
0 1 5 8 23 29 36 41 50 56 64 68 76 81 88 92 
0 1 5 8 23 29 36 41 50 56 64 68 76 81 88 93 
0 1 5 8 23 29 36 41 50 63 64 68 81 88 93 100 
0 1 5 8 23 29 36 41 50 63 68 75 81 88 93 100 
0 1 5 17 23 29 36 41 50 56 63 64 68 81 88 93 
0 1 5 17 23 29 36 41 50 56 64 68 76 80 92 97 
0 1 5 17 23 29 36 41 50 56 64 68 76 81 88 92 
0 1 5 17 23 29 36 41 50 56 64 68 76 81 88 93 
0 1 5 17 23 29 36 41 50 56 64 68 76 81 92 97 
0 1 5 17 23 29 36 41 50 56 64 68 76 81 93 97 
0 1 5 17 23 29 36 41 50 59 63 64 81 88 93 100 
0 1 5 17 23 29 36 41 50 59 63 75 81 88 93 100 
0 1 5 17 23 29 36 41 50 63 64 68 81 88 93 100 
0 1 5 17 23 29 36 41 50 64 68 76 81 88 93 100 
0 1 5 17 23 29 36 41 56 64 68 76 80 85 92 97 
0 1 5 17 23 29 36 41 56 64 68 76 81 85 92 97 
0 1 8 13 20 29 36 41 48 51 59 63 75 84 89 100 
0 1 8 13 20 29 36 41 48 51 59 63 75 88 93 100 
0 1 8 13 29 36 41 48 50 59 63 75 81 88 93 100 
