0 1 6 10 15 20 28 33 38 54 70 78 88 93 97 
0 1 6 10 15 20 28 33 38 54 70 78 88 93 98 
0 1 6 10 20 28 38 44 54 61 70 79 88 93 97 
0 1 6 10 20 28 38 44 54 61 70 79 88 93 98 
0 1 6 10 26 28 44 61 65 70 79 83 88 93 97 
0 1 6 12 15 20 26 28 33 54 70 78 88 93 97 
0 1 6 12 15 20 26 28 33 54 70 78 88 93 98 
0 1 6 12 15 20 26 28 33 65 70 78 88 93 97 
0 1 6 12 15 20 28 33 38 54 70 78 88 93 97 
0 1 6 12 15 20 28 33 38 54 70 78 88 93 98 
0 1 6 12 15 20 28 33 49 54 70 78 88 93 97 
0 1 6 12 15 26 28 33 54 70 78 84 88 93 98 
0 1 6 12 15 26 28 33 56 65 70 78 84 88 93 
0 1 6 12 15 26 28 33 65 70 78 83 88 92 97 
0 1 6 12 15 26 28 33 65 70 78 83 88 93 97 
0 1 6 12 15 26 28 33 65 70 78 84 88 93 97 
0 1 6 12 15 26 28 33 65 70 78 84 88 93 98 
0 1 6 12 20 26 28 44 54 61 70 79 88 93 97 
0 1 6 12 20 26 28 44 54 61 70 79 88 93 98 
0 1 6 12 20 26 28 44 54 61 70 79 89 93 98 
0 1 6 12 20 28 38 44 54 61 70 79 88 93 97 
0 1 6 12 20 28 38 44 54 61 70 79 88 93 98 
0 1 6 12 20 28 38 44 54 61 70 79 89 93 98 
0 1 6 12 20 28 44 49 54 61 70 79 88 93 97 
0 1 6 12 20 28 44 49 54 61 70 79 88 93 98 
0 1 6 12 20 28 44 49 54 61 70 79 89 93 98 
0 1 6 12 26 28 44 54 61 70 79 84 88 93 98 
0 1 6 12 26 28 44 54 61 70 79 84 89 93 98 
0 2 5 12 18 26 29 51 59 63 66 72 84 91 98 
0 2 6 12 15 20 26 28 33 54 70 78 88 93 97 
0 2 6 12 15 20 26 28 33 54 70 78 88 93 98 
0 2 6 12 15 20 28 33 38 54 70 78 88 93 97 
0 2 6 12 15 26 28 33 54 70 78 84 88 93 98 
0 2 6 12 15 26 28 33 56 65 70 78 84 88 93 
0 2 6 12 15 26 28 33 65 70 78 84 88 93 98 
0 2 6 12 15 26 28 33 66 70 78 84 88 93 98 
0 2 6 12 15 26 33 40 56 65 70 78 84 88 93 
0 2 6 12 15 26 33 40 56 66 70 78 84 88 93 
0 2 6 12 15 26 33 40 66 70 78 84 88 93 98 
0 2 6 12 16 20 26 28 33 51 54 70 78 93 98 
0 2 6 12 16 20 26 28 33 54 61 70 89 93 98 
0 2 6 12 16 20 26 28 33 54 70 78 88 93 98 
0 2 6 12 16 20 28 33 49 54 61 70 89 93 98 
0 2 6 12 16 20 28 33 49 54 70 78 88 93 98 
0 2 6 12 16 26 28 33 51 54 70 78 84 93 98 
0 2 6 12 16 26 28 33 51 65 70 78 84 93 98 
0 2 6 12 16 26 28 33 54 61 70 84 89 93 98 
0 2 6 12 16 26 33 40 51 66 70 78 84 93 98 
0 2 6 12 16 26 33 40 56 65 70 78 84 88 93 
0 2 6 12 16 26 33 40 56 66 70 78 84 88 93 
0 2 6 12 16 26 33 40 61 66 70 84 89 93 98 
0 2 6 12 16 26 33 40 66 70 77 84 89 93 98 
0 2 6 12 16 26 33 40 66 70 78 84 89 93 98 
0 2 6 12 20 26 28 33 54 61 70 79 88 93 97 
0 2 6 12 20 26 28 33 54 61 70 79 88 93 98 
0 2 6 12 20 26 28 44 54 61 70 79 89 93 98 
0 2 6 12 20 26 28 45 54 61 70 79 89 93 98 
0 2 6 12 20 28 38 44 54 61 70 79 88 93 97 
0 2 6 12 20 28 38 44 54 61 70 79 88 93 98 
0 2 6 12 20 28 38 44 54 61 70 79 89 93 98 
0 2 6 12 20 28 38 45 54 61 70 79 88 93 97 
0 2 6 12 20 28 38 45 54 61 70 79 88 93 98 
0 2 6 12 20 28 44 49 54 61 70 79 88 93 97 
0 2 6 12 20 28 44 49 54 61 70 79 88 93 98 
0 2 6 15 24 26 33 40 56 65 70 77 84 93 100 
0 2 6 15 24 26 33 40 56 66 70 77 84 93 100 
0 6 11 13 20 31 44 49 54 61 68 79 86 93 100 
0 6 11 13 20 31 45 49 54 61 68 79 86 93 100 
