0 1 4 7 22 26 52 65 68 71 77 83 94 99 
0 1 5 8 23 30 35 41 50 63 64 70 82 87 93 98 
0 1 5 8 23 30 35 41 50 63 64 70 82 87 94 98 
0 1 5 13 17 28 35 46 50 57 63 64 68 87 94 98 
0 1 5 13 17 28 35 46 50 57 63 64 68 87 94 99 
0 1 5 17 23 24 28 35 46 56 63 64 68 80 86 98 
0 1 5 17 23 24 28 35 46 56 63 64 68 80 87 98 
0 1 5 17 23 24 28 35 46 56 64 68 80 86 91 98 
0 1 5 17 23 24 28 35 46 56 64 68 80 87 91 98 
0 1 5 17 23 24 28 35 46 57 63 64 68 80 87 98 
0 1 5 17 23 24 28 35 46 57 63 64 68 87 94 98 
0 1 5 17 23 24 28 35 46 57 64 68 87 91 94 98 
0 1 5 17 23 28 35 46 50 56 63 64 68 80 87 98 
0 1 5 23 24 30 35 41 46 56 63 64 82 87 93 98 
0 1 5 23 24 30 35 41 46 63 64 70 82 87 93 98 
0 1 5 23 24 30 35 41 46 63 64 70 82 87 94 98 
0 1 5 23 30 35 41 46 50 56 63 64 82 87 93 98 
0 1 5 23 30 35 41 46 50 63 64 70 82 87 93 98 
0 1 5 23 30 35 41 46 50 63 64 70 82 87 94 98 
0 1 6 13 17 31 35 42 47 50 57 63 64 87 94 99 
0 1 6 13 17 31 35 42 47 50 57 63 75 87 94 99 
0 1 6 13 17 35 42 46 50 57 63 64 68 87 94 99 
0 1 6 13 17 35 42 47 50 57 63 64 68 87 94 99 
0 1 6 13 17 35 42 47 50 57 63 68 75 87 94 99 
0 1 6 13 31 36 42 47 50 57 63 75 83 88 94 99 
0 4 20 23 32 40 48 59 67 76 80 88 96 
