0 1 5 8 19 23 24 30 35 41 46 63 64 82 87 93 
0 1 5 8 19 23 24 30 35 42 46 63 64 82 87 93 
0 1 5 8 19 23 30 35 41 46 50 63 64 82 87 93 
0 1 5 9 13 28 32 36 52 54 58 62 82 86 
0 1 5 9 22 26 28 32 52 54 58 77 82 86 
0 1 5 16 23 24 28 34 39 46 56 64 68 80 87 98 
0 1 5 16 23 24 28 35 39 46 56 64 68 80 87 98 
0 1 5 17 23 24 28 34 39 46 56 64 68 80 87 98 
0 1 5 17 23 24 28 34 46 56 63 64 68 80 87 98 
0 1 5 17 23 24 28 35 39 46 56 64 68 80 87 98 
0 1 5 17 23 24 28 35 39 46 57 64 68 80 87 98 
0 1 5 17 23 24 28 35 46 56 63 64 68 80 87 98 
0 1 5 17 23 24 28 35 46 57 63 64 68 80 87 98 
0 1 5 17 23 28 35 46 50 56 63 64 68 80 87 98 
0 1 5 19 23 24 30 35 41 46 63 64 82 87 93 98 
0 1 5 19 23 30 35 41 46 50 63 64 82 87 93 98 
0 1 5 19 23 30 35 42 46 50 63 64 82 87 93 98 
0 1 5 23 24 30 35 41 46 56 63 64 82 87 93 98 
0 1 5 23 30 35 41 46 50 56 63 64 82 87 93 98 
0 1 6 13 17 35 42 46 50 57 63 64 68 87 94 99 
0 1 6 13 17 35 42 47 50 57 63 64 68 87 94 99 
0 1 6 13 17 35 42 47 50 57 63 68 75 87 94 99 
0 1 6 13 17 35 42 47 50 57 63 75 83 87 94 99 
0 1 6 13 17 35 42 47 50 57 63 75 83 88 94 99 
0 1 6 13 17 35 46 50 57 63 64 68 80 87 94 99 
0 1 6 13 31 36 42 47 50 57 63 75 83 88 94 99 
