0 2 7 12 15 19 24 28 32 36 37 45 57 66 80 89 
0 2 7 12 15 19 24 28 32 36 40 45 61 66 84 89 
0 2 7 12 15 19 24 28 32 36 45 57 61 66 84 89 
0 2 7 12 15 19 24 28 32 36 45 57 66 80 84 89 
0 2 7 12 15 19 24 28 32 37 45 53 57 66 80 89 
0 2 7 12 15 19 24 28 32 45 53 57 61 66 84 89 
0 2 7 12 15 19 24 28 32 45 53 57 66 80 84 89 
0 2 7 12 15 19 24 28 45 53 57 61 66 78 84 89 
0 2 7 12 15 19 24 45 53 57 61 66 78 84 89 98 
0 2 7 12 15 19 28 32 36 37 41 45 57 66 80 89 
0 2 7 12 15 19 28 32 36 37 41 57 62 66 80 89 
0 2 7 12 15 19 28 32 36 37 41 57 62 80 85 89 
0 2 7 12 15 19 28 32 36 41 57 62 66 80 84 89 
0 2 7 12 15 19 28 32 37 41 45 50 53 66 80 89 
0 2 7 12 15 19 28 32 37 41 45 53 57 66 80 89 
0 2 7 12 15 19 28 32 37 41 46 50 53 62 66 89 
0 2 7 12 15 19 28 32 37 41 46 50 53 62 85 89 
0 2 7 12 15 19 28 32 37 41 50 53 62 66 80 89 
0 2 7 12 15 19 28 32 37 41 50 53 62 80 85 89 
0 2 7 12 15 19 28 32 37 41 53 57 62 66 80 89 
0 2 7 12 15 19 28 32 37 41 53 57 62 80 85 89 
0 2 7 12 15 19 28 32 41 45 50 53 66 80 84 89 
0 2 7 12 15 19 28 32 41 45 53 57 61 66 84 89 
0 2 7 12 15 19 28 32 41 45 53 57 66 80 84 89 
0 2 7 12 15 19 28 32 41 50 53 62 66 80 84 89 
0 2 7 12 15 19 28 32 41 53 57 62 66 80 84 89 
0 2 7 12 15 19 28 37 41 45 50 53 66 78 80 89 
0 2 7 12 15 19 28 37 41 45 53 57 66 78 80 89 
0 2 7 12 15 19 28 37 41 46 50 53 62 66 78 89 
0 2 7 12 15 19 28 37 41 46 50 53 62 78 85 89 
0 2 7 12 15 19 28 37 41 50 53 62 66 78 80 89 
0 2 7 12 15 19 28 37 41 53 57 62 66 78 80 89 
0 2 7 12 15 19 28 37 41 53 57 62 78 80 85 89 
0 2 7 12 15 19 28 41 45 53 57 61 66 78 84 89 
0 2 7 12 15 19 28 41 45 53 57 66 78 80 84 89 
0 2 7 12 15 19 28 41 53 57 62 66 78 80 84 89 
0 2 7 12 15 19 37 41 45 53 57 66 78 80 89 98 
0 2 7 12 15 19 37 41 53 57 62 66 78 80 89 98 
0 2 7 12 15 19 37 41 53 57 62 78 80 85 89 98 
0 2 7 12 15 19 41 45 53 57 66 78 80 84 89 98 
0 2 7 12 15 20 28 37 38 41 45 50 66 78 80 89 
0 2 7 12 15 20 28 37 38 41 46 50 62 66 78 89 
0 2 7 12 15 20 28 37 38 41 46 50 62 78 85 89 
0 2 7 12 15 20 28 37 38 41 50 62 66 78 80 89 
0 2 7 12 15 20 28 37 38 46 50 58 62 66 78 89 
0 2 7 12 15 20 28 37 38 46 50 58 62 78 85 89 
0 2 7 12 15 20 28 37 38 46 50 58 78 81 85 89 
0 2 7 12 15 20 28 37 38 50 58 62 66 78 80 89 
0 2 7 12 15 20 28 37 38 50 58 62 78 80 85 89 
0 2 7 12 15 28 32 37 38 41 50 53 62 66 80 89 
0 2 7 12 15 28 32 37 38 41 50 53 62 80 85 89 
0 2 7 12 15 28 32 37 38 41 53 57 62 80 85 89 
0 2 7 12 15 28 32 37 38 46 50 53 58 62 66 89 
0 2 7 12 15 28 32 37 38 46 50 53 58 62 85 89 
0 2 7 12 15 28 32 37 38 46 50 53 58 81 85 89 
0 2 7 12 15 28 32 37 38 50 53 58 62 66 80 89 
0 2 7 12 15 28 32 37 38 50 53 58 62 80 85 89 
0 2 7 12 15 28 32 38 50 53 58 62 66 80 84 89 
0 2 7 12 15 28 37 38 41 45 50 53 66 78 80 89 
0 2 7 12 15 28 37 38 41 45 53 57 66 78 80 89 
0 2 7 12 15 28 37 38 41 50 53 62 66 78 80 89 
0 2 7 12 15 28 37 38 41 50 53 62 78 80 85 89 
0 2 7 12 15 28 37 38 41 53 57 62 66 78 80 89 
0 2 7 12 15 28 37 38 41 53 57 62 78 80 85 89 
0 2 7 12 15 28 37 38 46 50 53 58 62 66 78 89 
0 2 7 12 15 28 37 38 46 50 53 58 62 78 85 89 
0 2 7 12 15 28 37 38 50 53 58 62 66 78 80 89 
0 2 7 12 15 28 37 38 50 53 58 62 78 80 85 89 
0 2 7 12 15 28 38 41 45 50 53 66 78 80 84 89 
0 2 7 12 15 28 38 41 45 53 57 66 78 80 84 89 
0 2 7 12 15 28 38 41 50 53 62 66 78 80 84 89 
0 2 7 12 15 37 38 41 45 53 57 66 78 80 89 98 
0 2 7 12 15 37 38 41 50 53 62 66 78 80 89 98 
0 2 7 12 15 37 38 41 50 53 62 78 80 85 89 98 
0 2 7 12 15 37 38 46 50 53 58 62 66 78 89 98 
0 2 7 12 15 37 38 50 53 58 62 78 80 85 89 98 
0 2 7 12 15 38 41 45 50 53 66 78 80 84 89 98 
0 2 7 12 15 38 41 45 53 57 66 78 80 84 89 98 
0 2 7 12 20 28 33 37 38 50 58 62 66 78 80 89 
0 2 7 12 20 33 37 38 41 50 62 66 78 80 89 98 
0 2 7 12 20 33 37 38 50 58 62 66 78 80 89 98 
0 2 7 12 28 33 37 38 50 53 58 62 78 80 85 89 
0 2 7 12 33 38 41 45 53 57 66 78 80 84 89 98 
0 2 12 15 28 37 38 41 50 53 62 66 78 80 89 93 
