0 1 6 13 18 32 39 47 
0 1 6 13 18 32 40 47 
0 1 6 13 18 32 40 48 
0 1 6 13 18 34 39 47 
0 1 6 13 18 34 41 48 
0 1 6 13 18 35 40 48 
0 1 6 13 18 35 43 48 
0 1 6 13 21 34 41 48 
0 1 6 13 21 34 42 47 
0 1 6 13 21 35 40 48 
0 1 6 13 21 35 42 47 
0 1 6 14 19 34 39 47 
0 1 6 14 19 34 41 48 
0 1 6 14 19 34 42 47 
0 1 6 14 19 35 42 47 
0 2 7 14 19 34 41 49 
0 2 7 14 19 34 42 49 
0 2 7 14 21 34 41 48 
0 2 7 14 21 34 41 49 
0 2 10 18 27 35 43 
0 2 10 18 34 41 48 
0 2 10 18 34 41 49 
0 3 10 18 34 41 49 
0 3 10 18 34 42 49 
0 4 11 18 26 32 39 46 
0 4 11 19 26 32 39 46 
