0 1 5 9 13 24 33 46 53 62 76 81 
0 1 5 9 13 24 46 53 57 62 73 76 
0 1 5 9 13 24 46 53 57 62 76 81 
0 1 5 9 13 24 46 53 57 67 73 76 
0 1 5 9 16 33 39 49 53 62 72 81 
0 1 5 9 24 33 39 53 62 72 76 81 
0 1 5 9 24 39 53 57 62 72 73 76 
0 1 5 9 24 39 53 57 62 72 76 81 
0 1 5 9 24 39 53 57 67 72 76 81 
0 1 8 15 25 32 38 43 47 54 63 71 77 
0 2 8 13 17 23 32 43 50 54 63 71 
0 2 8 13 17 23 32 50 54 63 65 71 
0 2 8 15 25 32 38 43 47 54 63 71 77 
0 2 8 15 25 32 38 43 47 54 63 71 78 
0 2 9 13 17 20 32 46 50 54 63 65 
0 2 9 13 17 23 32 43 50 54 63 71 
0 4 8 13 17 23 27 32 50 63 71 80 
0 4 8 13 17 23 27 32 63 71 75 80 
0 4 8 13 17 23 27 50 56 63 71 80 
0 4 8 13 17 23 28 32 50 63 71 80 
0 4 8 13 17 23 28 50 56 63 71 80 
