0 1 5 12 25 31 37 42 49 62 67 74 
0 1 5 12 25 31 37 42 49 62 67 83 
0 1 5 12 26 31 37 42 49 62 67 83 
0 1 5 13 25 31 37 42 49 62 67 83 
0 1 5 13 26 31 37 42 49 62 67 83 
0 1 5 13 26 31 37 42 50 62 67 83 
0 1 5 13 26 31 37 49 54 62 67 83 
0 1 5 13 26 31 37 50 54 62 67 83 
0 1 6 13 26 31 37 49 54 62 67 83 
0 2 6 12 16 20 23 27 37 40 55 61 67 
0 2 6 12 16 20 23 27 37 40 61 67 73 
0 2 6 12 16 20 23 27 37 61 67 73 81 
0 2 6 12 16 20 23 27 37 62 67 73 81 
0 2 6 12 16 20 23 37 40 61 67 73 77 
0 2 6 12 16 20 23 37 40 62 67 73 77 
0 2 6 12 16 20 23 37 61 67 73 77 81 
0 2 6 16 20 23 27 37 47 61 67 73 81 
