0 1 6 13 24 30 32 37 45 53 64 68 75 
0 1 6 13 24 30 32 37 45 53 64 68 76 
0 1 6 13 24 30 32 37 45 53 64 69 76 
0 1 6 13 24 30 32 37 45 53 68 74 80 
0 1 6 13 24 30 32 37 45 53 68 74 81 
0 1 6 13 24 30 32 37 45 53 68 75 80 
0 1 6 13 24 30 32 37 45 53 68 76 81 
0 1 6 13 24 30 32 37 45 53 69 76 81 
0 1 6 13 24 30 32 37 45 53 69 81 83 
0 1 6 13 24 30 32 37 46 53 63 68 76 
0 1 6 13 24 30 32 37 46 53 63 69 76 
0 1 6 13 24 30 32 37 46 53 63 69 77 
0 1 6 13 24 30 32 37 46 53 68 74 81 
0 1 6 13 24 30 32 37 46 53 68 75 82 
0 1 6 13 24 30 32 37 46 53 68 76 81 
0 1 6 13 24 30 32 37 46 53 69 76 81 
0 1 6 13 24 30 32 37 46 53 69 77 82 
0 1 6 13 24 30 32 37 46 53 69 81 83 
0 1 6 13 24 30 32 37 46 53 69 82 83 
0 1 6 13 24 30 32 37 46 54 63 68 76 
0 1 6 13 24 30 32 37 46 54 63 69 76 
0 1 6 13 24 30 32 37 46 54 63 69 77 
0 1 6 13 24 30 32 37 46 54 68 74 81 
0 1 6 13 24 30 32 37 46 54 68 75 82 
0 1 6 13 24 30 32 37 46 54 68 76 81 
0 1 6 13 24 30 32 37 46 54 69 76 81 
0 1 6 13 24 30 32 37 46 54 69 77 82 
0 1 6 13 24 30 32 37 46 54 69 81 83 
0 1 6 13 24 30 32 37 47 54 62 69 77 
0 1 6 13 24 30 32 37 47 54 64 68 75 
0 1 6 13 24 30 32 37 47 54 64 68 76 
0 1 6 13 24 30 32 37 47 54 64 69 76 
0 1 6 13 24 30 32 37 47 54 68 75 82 
0 1 6 13 24 30 32 37 47 54 69 77 82 
0 1 6 13 24 30 32 37 48 53 63 68 76 
0 1 6 13 24 30 32 37 48 53 63 69 76 
0 1 6 13 24 30 32 37 48 53 63 69 77 
0 1 6 13 24 30 32 37 48 53 64 68 75 
0 1 6 13 24 30 32 37 48 53 64 68 76 
0 1 6 13 24 30 32 37 48 53 64 69 76 
0 1 6 13 24 30 32 37 49 54 62 68 74 80 
0 1 6 13 24 30 32 37 49 54 62 69 77 
0 1 6 13 24 30 32 37 49 54 63 68 76 
0 1 6 13 24 30 32 37 49 54 63 69 76 
0 1 6 13 24 30 32 37 49 54 63 69 77 
0 1 6 13 24 30 36 40 45 53 64 68 75 
0 1 6 13 24 30 36 40 45 53 64 68 76 
0 1 6 13 24 30 36 40 45 53 64 69 76 
0 1 6 13 24 30 36 40 45 53 68 75 80 
0 1 6 13 24 30 36 40 45 53 68 76 81 
0 1 6 13 24 30 36 40 45 53 69 76 81 
0 1 6 13 24 30 36 40 45 53 69 81 83 
0 1 6 13 24 30 36 40 46 53 63 68 76 
0 1 6 13 24 30 36 40 46 53 63 69 76 
0 1 6 13 24 30 36 40 46 53 68 75 82 
0 1 6 13 24 30 36 40 46 53 68 76 81 
0 1 6 13 24 30 36 40 46 53 69 81 83 
0 1 6 13 24 30 36 40 46 53 69 82 83 
0 1 6 13 24 30 36 40 46 54 63 68 76 
0 1 6 13 24 30 36 40 46 54 68 75 82 
0 1 6 13 24 30 36 40 46 54 69 81 83 
0 1 6 13 24 30 36 40 46 54 69 82 83 
0 1 6 13 24 30 36 40 47 54 64 68 75 
0 1 6 13 24 30 36 40 47 54 69 82 83 
0 1 6 13 24 32 37 43 45 53 64 69 76 
0 1 6 13 24 32 37 43 45 53 64 71 76 
0 1 6 13 24 32 37 43 45 53 69 76 81 
0 1 6 13 24 32 37 43 45 53 72 80 
0 1 6 13 24 32 37 43 46 53 63 69 76 
0 1 6 13 24 32 37 43 46 53 63 69 77 
0 1 6 13 24 32 37 43 46 53 63 71 76 
0 1 6 13 24 32 37 43 46 53 63 72 77 
0 1 6 13 24 32 37 43 46 53 69 76 81 
0 1 6 13 24 32 37 43 46 53 69 77 82 
0 1 6 13 24 32 37 43 46 54 63 69 76 
0 1 6 13 24 32 37 43 46 54 63 69 77 
0 1 6 13 24 32 37 43 46 54 63 71 76 
0 1 6 13 24 32 37 43 46 54 63 72 77 
0 1 6 13 24 32 37 43 46 54 69 76 81 
0 1 6 13 24 32 37 43 46 54 69 77 82 
0 1 6 13 24 32 37 43 47 54 62 69 77 
0 1 6 13 24 32 37 43 47 54 62 71 78 
0 1 6 13 24 32 37 43 47 54 62 72 77 
0 1 6 13 24 32 37 43 47 54 64 69 76 
0 1 6 13 24 32 37 43 47 54 64 71 76 
0 1 6 13 24 32 37 43 47 54 64 71 78 
0 1 6 13 24 32 37 43 47 54 69 77 82 
0 1 6 13 24 32 37 43 48 53 63 69 76 
0 1 6 13 24 32 37 43 48 53 63 69 77 
0 1 6 13 24 32 37 43 48 53 63 71 76 
0 1 6 13 24 32 37 43 48 53 63 71 79 
0 1 6 13 24 32 37 43 48 53 63 72 77 
0 1 6 13 24 32 37 43 48 53 63 72 79 
0 1 6 13 24 32 37 43 48 53 64 69 76 
0 1 6 13 24 32 37 43 48 53 64 71 76 
0 1 6 13 24 32 37 43 48 53 64 71 78 
0 1 6 13 24 32 37 45 53 64 68 73 75 
0 1 6 13 24 32 37 45 53 64 68 73 76 
0 1 6 13 24 32 37 45 53 64 70 73 75 
0 1 6 13 24 32 37 45 53 64 71 73 76 
0 1 6 13 24 32 37 45 53 68 73 75 80 
0 1 6 13 24 32 37 45 53 68 73 76 81 
0 1 6 13 24 32 37 46 53 63 68 73 76 
0 1 6 13 24 32 37 46 53 63 70 73 77 
0 1 6 13 24 32 37 46 53 63 71 73 76 
0 1 6 13 24 32 37 46 53 68 73 75 82 
0 1 6 13 24 32 37 46 53 68 73 76 81 
0 1 6 13 24 32 37 46 53 70 73 75 82 
0 1 6 13 24 32 37 46 53 70 73 77 82 
0 1 6 13 24 32 37 46 54 63 68 73 76 
0 1 6 13 24 32 37 46 54 63 70 73 77 
0 1 6 13 24 32 37 46 54 63 71 73 76 
0 1 6 13 24 32 37 46 54 68 73 75 82 
0 1 6 13 24 32 37 46 54 68 73 76 81 
0 1 6 13 24 32 37 46 54 70 73 75 82 
0 1 6 13 24 32 37 46 54 70 73 77 82 
0 1 6 13 24 32 37 47 54 62 70 73 77 
0 1 6 13 24 32 37 47 54 62 70 73 78 
0 1 6 13 24 32 37 47 54 62 71 73 78 
0 1 6 13 24 32 37 47 54 64 68 73 75 
0 1 6 13 24 32 37 47 54 64 68 73 76 
0 1 6 13 24 32 37 47 54 64 70 73 75 
0 1 6 13 24 32 37 47 54 64 70 73 78 
0 1 6 13 24 32 37 47 54 64 71 73 76 
0 1 6 13 24 32 37 47 54 64 71 73 78 
0 1 6 13 24 32 37 47 54 68 73 75 82 
0 1 6 13 24 32 37 47 54 70 73 75 82 
0 1 6 13 24 32 37 47 54 70 73 77 82 
0 1 6 13 24 32 37 48 53 63 68 73 76 
0 1 6 13 24 32 37 48 53 63 70 73 77 
0 1 6 13 24 32 37 48 53 63 71 73 76 
0 1 6 13 24 32 37 48 53 63 71 73 79 
0 1 6 13 24 32 37 48 53 64 68 73 75 
0 1 6 13 24 32 37 48 53 64 68 73 76 
0 1 6 13 24 32 37 48 53 64 70 73 75 
0 1 6 13 24 32 37 48 53 64 70 73 78 
0 1 6 13 24 32 37 48 53 64 71 73 76 
0 1 6 13 24 32 37 48 53 64 71 73 78 
0 1 6 13 24 36 40 43 45 53 64 69 76 
0 1 6 13 24 36 40 43 45 53 64 71 76 
0 1 6 13 24 36 40 43 45 53 69 76 81 
0 1 6 13 24 36 40 43 45 53 72 80 
0 1 6 13 24 36 40 43 46 53 63 69 76 
0 1 6 13 24 36 40 43 46 53 63 69 77 
0 1 6 13 24 36 40 43 46 53 63 71 76 
0 1 6 13 24 36 40 43 46 53 63 72 77 
0 1 6 13 24 36 40 43 46 53 69 76 81 
0 1 6 13 24 36 40 43 46 53 69 77 82 
0 1 6 13 24 36 40 43 48 53 63 69 76 
0 1 6 13 24 36 40 43 48 53 63 69 77 
0 1 6 13 24 36 40 43 48 53 63 72 77 
0 1 6 13 24 36 40 43 48 53 64 69 76 
0 1 6 13 24 36 40 43 48 53 64 71 76 
0 1 6 13 24 36 40 43 48 53 64 71 78 
0 1 6 13 24 36 40 45 53 64 68 73 75 
0 1 6 13 24 36 40 45 53 64 68 73 76 
0 1 6 13 24 36 40 45 53 64 70 73 75 
0 1 6 13 24 36 40 45 53 64 71 73 76 
0 1 6 13 24 36 40 45 53 68 73 75 80 
0 1 6 13 24 36 40 45 53 68 73 76 81 
0 1 6 13 24 36 40 46 53 63 68 73 76 
0 1 6 13 24 36 40 46 53 63 70 73 77 
0 1 6 13 24 36 40 46 53 63 71 73 76 
0 1 6 13 24 36 40 46 53 68 73 75 82 
0 1 6 13 24 36 40 46 53 68 73 76 81 
0 1 6 13 24 36 40 46 53 70 73 75 82 
0 1 6 13 24 36 40 46 53 70 73 77 82 
0 1 6 13 24 36 40 48 53 63 70 73 77 
0 1 6 13 24 36 40 48 53 64 68 73 75 
0 1 6 13 24 36 40 48 53 64 68 73 76 
0 1 6 13 24 36 40 48 53 64 70 73 75 
0 1 6 13 24 36 40 48 53 64 70 73 78 
0 1 6 13 24 36 40 48 53 64 71 73 76 
0 1 6 13 24 36 40 48 53 64 71 73 78 
0 1 6 14 24 32 37 42 45 53 64 70 75 
0 1 6 14 24 32 37 42 46 53 63 70 77 
0 1 6 14 24 32 37 42 46 53 70 75 82 
0 1 6 14 24 32 37 42 48 53 64 70 75 
0 1 6 14 24 32 37 43 45 53 64 69 76 
0 1 6 14 24 32 37 43 45 53 64 71 76 
0 1 6 14 24 32 37 43 45 53 69 76 81 
0 1 6 14 24 32 37 43 45 53 72 80 
0 1 6 14 24 32 37 43 46 53 63 69 76 
0 1 6 14 24 32 37 43 46 53 63 69 77 
0 1 6 14 24 32 37 43 46 53 63 71 76 
0 1 6 14 24 32 37 43 46 53 63 72 77 
0 1 6 14 24 32 37 43 46 53 69 76 81 
0 1 6 14 24 32 37 43 46 53 69 77 82 
0 1 6 14 24 32 37 43 48 53 63 69 76 
0 1 6 14 24 32 37 43 48 53 63 69 77 
0 1 6 14 24 32 37 43 48 53 63 71 76 
0 1 6 14 24 32 37 43 48 53 63 71 79 
0 1 6 14 24 32 37 43 48 53 63 72 77 
0 1 6 14 24 32 37 43 48 53 64 69 76 
0 1 6 14 24 32 37 43 48 53 64 71 76 
0 1 6 14 24 32 37 43 48 53 64 71 78 
0 1 6 14 24 32 37 45 53 65 72 80 
0 1 6 14 24 32 37 45 53 65 74 80 
0 1 6 14 24 32 37 45 53 65 74 81 
0 1 6 14 24 32 37 46 53 63 65 70 77 
0 1 6 14 24 32 37 46 53 63 65 72 77 
0 1 6 14 24 32 37 46 53 65 70 77 82 
0 1 6 14 24 32 37 46 53 65 74 81 
0 1 6 14 24 32 37 48 53 63 65 70 77 
0 1 6 14 24 32 37 48 53 63 65 72 77 
0 1 6 14 24 32 37 48 53 64 65 70 78 
0 1 8 13 24 32 37 43 45 53 64 69 76 
0 1 8 13 24 32 37 43 45 53 64 71 76 
0 1 8 13 24 32 37 43 45 53 72 80 
0 1 8 13 24 32 37 43 46 53 63 69 76 
0 1 8 13 24 32 37 43 46 53 63 69 77 
0 1 8 13 24 32 37 43 46 53 63 71 76 
0 1 8 13 24 32 37 43 46 53 63 72 77 
0 1 8 13 24 32 37 43 46 53 69 77 82 
0 1 8 13 24 32 37 43 46 54 63 69 76 
0 1 8 13 24 32 37 43 46 54 63 71 76 
0 1 8 13 24 32 37 43 46 54 63 72 77 
0 1 8 13 24 32 37 43 46 54 69 77 82 
0 1 8 13 24 32 37 43 47 54 62 71 78 
0 1 8 13 24 32 37 43 47 54 64 69 76 
0 1 8 13 24 32 37 43 47 54 64 71 76 
0 1 8 13 24 32 37 43 47 54 64 71 78 
0 1 8 13 24 32 37 43 47 54 69 77 82 
0 1 8 13 24 32 37 43 48 53 63 71 76 
0 1 8 13 24 32 37 43 48 53 63 72 77 
0 1 8 13 24 32 37 43 48 53 64 71 76 
0 1 8 13 24 32 37 43 48 53 64 71 78 
0 1 8 13 24 32 37 45 53 64 68 73 75 
0 1 8 13 24 32 37 45 53 64 68 73 76 
0 1 8 13 24 32 37 45 53 64 70 73 75 
0 1 8 13 24 32 37 45 53 64 71 73 76 
0 1 8 13 24 32 37 45 53 68 73 75 80 
0 1 8 13 24 32 37 46 53 63 68 73 76 
0 1 8 13 24 32 37 46 53 63 70 73 77 
0 1 8 13 24 32 37 46 53 63 71 73 76 
0 1 8 13 24 32 37 46 53 68 73 75 82 
0 1 8 13 24 32 37 46 53 70 73 75 82 
0 1 8 13 24 32 37 46 53 70 73 77 82 
0 1 8 13 24 32 37 46 54 63 68 73 76 
0 1 8 13 24 32 37 46 54 63 70 73 77 
0 1 8 13 24 32 37 46 54 63 71 73 76 
0 1 8 13 24 32 37 46 54 68 73 75 82 
0 1 8 13 24 32 37 46 54 70 73 75 82 
0 1 8 13 24 32 37 46 54 70 73 77 82 
0 1 8 13 24 32 37 47 54 62 70 73 78 
0 1 8 13 24 32 37 47 54 64 68 73 75 
0 1 8 13 24 32 37 47 54 64 68 73 76 
0 1 8 13 24 32 37 47 54 64 70 73 75 
0 1 8 13 24 32 37 47 54 64 70 73 78 
0 1 8 13 24 32 37 47 54 64 71 73 76 
0 1 8 13 24 32 37 47 54 64 71 73 78 
0 1 8 13 24 32 37 47 54 68 73 75 82 
0 1 8 13 24 32 37 47 54 70 73 75 82 
0 1 8 13 24 32 37 47 54 70 73 77 82 
0 1 8 13 24 32 37 48 53 63 68 73 76 
0 1 8 13 24 32 37 48 53 63 70 73 77 
0 1 8 13 24 32 37 48 53 63 71 73 76 
0 1 8 13 24 32 37 48 53 64 68 73 75 
0 1 8 13 24 32 37 48 53 64 68 73 76 
0 1 8 13 24 32 37 48 53 64 70 73 75 
0 1 8 13 24 32 37 48 53 64 70 73 78 
0 1 8 13 24 32 37 48 53 64 71 73 76 
0 1 8 13 24 32 37 48 53 64 71 73 78 
0 1 8 13 24 32 39 43 45 53 64 71 76 
0 1 8 13 24 32 39 43 45 53 72 80 
0 1 8 13 24 32 39 43 46 53 63 71 76 
0 1 8 13 24 32 39 43 46 53 63 72 77 
0 1 8 13 24 32 39 43 46 54 63 71 76 
0 1 8 13 24 32 39 43 46 54 63 72 77 
0 1 8 13 24 32 39 43 47 54 62 71 78 
0 1 8 13 24 32 39 43 47 54 64 71 76 
0 1 8 13 24 32 39 43 47 54 64 71 78 
0 1 8 13 24 32 39 43 48 53 63 71 76 
0 1 8 13 24 32 39 43 48 53 64 71 76 
0 1 8 13 24 32 39 43 48 53 64 71 78 
0 1 8 13 24 32 39 43 49 54 62 71 78 
0 1 8 13 24 32 39 43 49 54 62 72 80 
0 1 8 13 24 32 39 43 49 54 63 71 76 
0 1 8 13 24 32 39 43 49 54 63 72 77 
0 1 8 13 24 32 39 45 53 64 68 73 75 
0 1 8 13 24 32 39 45 53 64 68 73 76 
0 1 8 13 24 32 39 45 53 64 71 73 76 
0 1 8 13 24 32 39 45 53 68 73 75 80 
0 1 8 13 24 32 39 46 53 63 68 73 76 
0 1 8 13 24 32 39 46 53 63 70 73 77 
0 1 8 13 24 32 39 46 53 63 71 73 76 
0 1 8 13 24 32 39 46 53 68 73 75 82 
0 1 8 13 24 32 39 46 53 70 73 75 82 
0 1 8 13 24 32 39 46 53 70 73 77 82 
0 1 8 13 24 32 39 46 54 63 68 73 76 
0 1 8 13 24 32 39 46 54 63 70 73 77 
0 1 8 13 24 32 39 46 54 63 71 73 76 
0 1 8 13 24 32 39 46 54 68 73 75 82 
0 1 8 13 24 32 39 46 54 70 73 75 82 
0 1 8 13 24 32 39 46 54 70 73 77 82 
0 1 8 13 24 32 39 47 54 62 70 73 77 
0 1 8 13 24 32 39 47 54 62 70 73 78 
0 1 8 13 24 32 39 47 54 62 71 73 78 
0 1 8 13 24 32 39 47 54 64 68 73 75 
0 1 8 13 24 32 39 47 54 64 68 73 76 
0 1 8 13 24 32 39 47 54 64 70 73 75 
0 1 8 13 24 32 39 47 54 64 70 73 78 
0 1 8 13 24 32 39 47 54 64 71 73 76 
0 1 8 13 24 32 39 47 54 64 71 73 78 
0 1 8 13 24 32 39 47 54 68 73 75 82 
0 1 8 13 24 32 39 47 54 70 73 75 82 
0 1 8 13 24 32 39 47 54 70 73 77 82 
0 1 8 13 24 32 39 48 53 63 68 73 76 
0 1 8 13 24 32 39 48 53 63 70 73 77 
0 1 8 13 24 32 39 48 53 64 68 73 75 
0 1 8 13 24 32 39 48 53 64 68 73 76 
0 1 8 13 24 32 39 48 53 64 70 73 75 
0 1 8 13 24 32 39 48 53 64 70 73 78 
0 1 8 13 24 32 39 48 53 64 71 73 78 
0 1 8 13 24 32 39 49 54 62 70 73 77 
0 1 8 13 24 32 39 49 54 62 70 73 78 
0 1 8 13 24 32 39 49 54 62 71 73 78 
0 1 8 13 24 32 39 49 54 63 68 73 76 
0 1 8 13 24 32 39 49 54 63 70 73 77 
0 1 8 13 24 36 40 43 45 53 72 80 
0 1 8 13 24 36 40 43 46 53 63 69 76 
0 1 8 13 24 36 40 43 46 53 63 69 77 
0 1 8 13 24 36 40 43 46 53 69 77 82 
0 1 8 13 24 36 40 43 46 54 69 77 82 
0 1 8 13 24 36 40 43 47 54 62 69 77 
0 1 8 13 24 36 40 43 47 54 62 71 78 
0 1 8 13 24 36 40 43 47 54 64 69 76 
0 1 8 13 24 36 40 43 47 54 64 71 76 
0 1 8 13 24 36 40 43 47 54 64 71 78 
0 1 8 13 24 36 40 43 47 54 69 77 82 
0 1 8 13 24 36 40 43 49 54 62 69 77 
0 1 8 13 24 36 40 43 49 54 62 71 78 
0 1 8 13 24 36 40 43 49 54 62 72 80 
0 1 8 13 24 36 40 43 49 54 63 69 76 
0 1 8 13 24 36 40 43 49 54 63 69 77 
0 1 8 13 24 36 40 43 49 54 63 71 76 
0 1 8 13 24 36 40 43 49 54 63 72 77 
0 1 8 13 24 36 40 45 53 64 71 73 76 
0 1 8 13 24 36 40 46 53 63 70 73 77 
0 1 8 13 24 36 40 46 53 70 73 75 82 
0 1 8 13 24 36 40 46 53 70 73 77 82 
0 1 8 13 24 36 40 46 54 70 73 75 82 
0 1 8 13 24 36 40 46 54 70 73 77 82 
0 1 8 13 24 36 40 47 54 62 70 73 77 
0 1 8 13 24 36 40 47 54 62 70 73 78 
0 1 8 13 24 36 40 47 54 62 71 73 78 
0 1 8 13 24 36 40 47 54 64 70 73 75 
0 1 8 13 24 36 40 47 54 64 70 73 78 
0 1 8 13 24 36 40 47 54 64 71 73 76 
0 1 8 13 24 36 40 47 54 64 71 73 78 
0 1 8 13 24 36 40 47 54 70 73 75 82 
0 1 8 13 24 36 40 47 54 70 73 77 82 
0 1 8 13 24 36 40 49 54 62 70 73 77 
0 1 8 13 24 36 40 49 54 62 70 73 78 
0 1 8 13 24 36 40 49 54 62 71 73 78 
0 1 8 13 24 36 40 49 54 63 70 73 77 
0 1 8 13 24 36 40 49 54 63 71 73 76 
0 1 8 13 27 32 39 43 45 53 72 80 
0 1 8 13 27 32 39 43 46 53 63 72 77 
0 1 8 13 27 32 39 43 46 54 63 72 77 
0 1 8 13 27 32 39 43 47 54 62 71 78 
0 1 8 13 27 32 39 43 47 54 62 72 77 
0 1 8 13 27 32 39 43 48 53 63 72 77 
0 1 8 13 27 32 39 45 53 68 73 75 80 
0 1 8 13 27 32 39 46 53 63 68 73 76 
0 1 8 13 27 32 39 46 53 63 70 73 77 
0 1 8 13 27 32 39 46 53 68 73 75 82 
0 1 8 13 27 32 39 46 53 70 73 75 82 
0 1 8 13 27 32 39 46 53 70 73 77 82 
0 1 8 13 27 32 39 46 54 63 68 73 76 
0 1 8 13 27 32 39 46 54 63 70 73 77 
0 1 8 13 27 32 39 46 54 68 73 75 82 
0 1 8 13 27 32 39 46 54 70 73 75 82 
0 1 8 13 27 32 39 46 54 70 73 77 82 
0 1 8 13 27 32 39 47 54 62 70 73 77 
0 1 8 13 27 32 39 47 54 62 70 73 78 
0 1 8 13 27 32 39 47 54 62 71 73 78 
0 1 8 13 27 32 39 47 54 64 68 73 75 
0 1 8 13 27 32 39 47 54 64 68 73 76 
0 1 8 13 27 32 39 47 54 64 70 73 75 
0 1 8 13 27 32 39 47 54 64 70 73 78 
0 1 8 13 27 32 39 47 54 64 71 73 78 
0 1 8 13 27 32 39 47 54 68 73 75 82 
0 1 8 13 27 32 39 47 54 70 73 75 82 
0 1 8 13 27 32 39 47 54 70 73 77 82 
0 1 8 13 27 32 39 48 53 63 70 73 77 
0 1 8 13 27 32 39 48 53 63 71 73 79 
0 1 8 13 27 32 39 48 53 64 68 73 75 
0 1 8 13 27 32 39 48 53 64 70 73 75 
0 1 8 13 27 32 39 48 53 64 70 73 78 
0 1 8 13 27 32 39 48 53 64 71 73 78 
0 1 8 15 24 32 37 45 53 65 72 80 
0 1 8 15 24 32 37 45 53 65 74 80 
0 1 8 15 24 32 37 45 53 65 74 81 
0 1 8 15 24 32 37 45 53 66 74 80 
0 1 8 15 24 32 37 45 53 66 74 81 
0 1 8 15 24 32 37 45 53 66 81 83 
0 1 8 15 24 32 37 46 53 63 65 70 77 
0 1 8 15 24 32 37 46 53 63 70 73 77 
0 1 8 15 24 32 37 46 53 63 71 73 76 
0 1 8 15 24 32 37 46 53 65 70 77 82 
0 1 8 15 24 32 37 46 53 65 74 81 
0 1 8 15 24 32 37 46 53 66 74 81 
0 1 8 15 24 32 37 46 53 66 81 83 
0 1 8 15 24 32 37 46 53 66 82 83 
0 1 8 15 24 32 37 46 53 70 73 75 82 
0 1 8 15 24 32 37 46 53 70 73 77 82 
0 1 8 15 24 32 37 46 54 63 65 70 77 
0 1 8 15 24 32 37 46 54 63 70 73 77 
0 1 8 15 24 32 37 46 54 63 71 73 76 
0 1 8 15 24 32 37 46 54 65 70 77 82 
0 1 8 15 24 32 37 46 54 65 74 81 
0 1 8 15 24 32 37 46 54 66 74 81 
0 1 8 15 24 32 37 46 54 66 81 83 
0 1 8 15 24 32 37 46 54 66 82 83 
0 1 8 15 24 32 37 46 54 70 73 75 82 
0 1 8 15 24 32 37 46 54 70 73 77 82 
0 1 8 15 24 32 37 47 54 64 65 70 78 
0 1 8 15 24 32 37 47 54 64 66 71 78 
0 1 8 15 24 32 37 47 54 64 70 73 78 
0 1 8 15 24 32 37 47 54 65 70 77 82 
0 1 8 15 24 32 37 47 54 66 82 83 
0 1 8 15 24 32 37 47 54 70 73 75 82 
0 1 8 15 24 32 37 47 54 70 73 77 82 
0 1 8 15 24 32 37 48 53 63 65 70 77 
0 1 8 15 24 32 37 48 53 64 65 70 78 
0 1 8 15 24 32 37 48 53 64 70 73 75 
0 1 8 15 24 32 37 48 53 64 70 73 78 
0 1 8 15 24 32 37 48 53 64 71 73 78 
0 1 8 15 24 32 39 45 53 65 72 80 
0 1 8 15 24 32 39 45 53 65 74 80 
0 1 8 15 24 32 39 45 53 65 74 81 
0 1 8 15 24 32 39 45 53 66 74 80 
0 1 8 15 24 32 39 45 53 66 74 81 
0 1 8 15 24 32 39 45 53 66 81 83 
0 1 8 15 24 32 39 46 53 63 65 70 77 
0 1 8 15 24 32 39 46 53 65 70 77 82 
0 1 8 15 24 32 39 46 53 65 74 81 
0 1 8 15 24 32 39 46 53 66 74 81 
0 1 8 15 24 32 39 46 53 66 81 83 
0 1 8 15 24 32 39 46 53 66 82 83 
0 1 8 15 24 32 39 46 53 70 73 75 82 
0 1 8 15 24 32 39 46 53 70 73 77 82 
0 1 8 15 24 32 39 46 54 63 65 70 77 
0 1 8 15 24 32 39 46 54 63 70 73 77 
0 1 8 15 24 32 39 46 54 65 70 77 82 
0 1 8 15 24 32 39 46 54 65 74 81 
0 1 8 15 24 32 39 46 54 66 74 81 
0 1 8 15 24 32 39 46 54 66 81 83 
0 1 8 15 24 32 39 46 54 66 82 83 
0 1 8 15 24 32 39 46 54 70 73 75 82 
0 1 8 15 24 32 39 46 54 70 73 77 82 
0 1 8 15 24 32 39 47 54 62 65 70 77 
0 1 8 15 24 32 39 47 54 62 65 70 78 
0 1 8 15 24 32 39 47 54 62 65 74 78 
0 1 8 15 24 32 39 47 54 62 66 71 78 
0 1 8 15 24 32 39 47 54 62 66 74 78 
0 1 8 15 24 32 39 47 54 62 70 73 77 
0 1 8 15 24 32 39 47 54 62 70 73 78 
0 1 8 15 24 32 39 47 54 62 71 73 78 
0 1 8 15 24 32 39 47 54 64 66 71 78 
0 1 8 15 24 32 39 47 54 64 70 73 75 
0 1 8 15 24 32 39 47 54 64 70 73 78 
0 1 8 15 24 32 39 47 54 65 70 77 82 
0 1 8 15 24 32 39 47 54 66 82 83 
0 1 8 15 24 32 39 47 54 70 73 75 82 
0 1 8 15 24 32 39 47 54 70 73 77 82 
0 1 8 15 24 32 39 48 53 64 70 73 75 
0 1 8 15 24 32 39 48 53 64 70 73 78 
0 1 8 15 24 32 39 48 53 64 71 73 78 
0 1 8 15 24 36 40 45 53 65 72 80 
0 1 8 15 24 36 40 45 53 65 74 80 
0 1 8 15 24 36 40 45 53 65 74 81 
0 1 8 15 24 36 40 45 53 66 74 80 
0 1 8 15 24 36 40 45 53 66 74 81 
0 1 8 15 24 36 40 45 53 66 81 83 
0 1 8 15 24 36 40 46 53 65 70 77 82 
0 1 8 15 24 36 40 46 53 65 74 81 
0 1 8 15 24 36 40 46 53 66 74 81 
0 1 8 15 24 36 40 46 53 66 81 83 
0 1 8 15 24 36 40 46 53 66 82 83 
0 1 8 15 24 36 40 46 53 70 73 77 82 
0 1 8 15 24 36 40 46 54 65 70 77 82 
0 1 8 15 24 36 40 46 54 65 74 81 
0 1 8 15 24 36 40 46 54 66 74 81 
0 1 8 15 24 36 40 46 54 66 81 83 
0 1 8 15 24 36 40 46 54 66 82 83 
0 1 8 15 24 36 40 46 54 70 73 75 82 
0 1 8 15 24 36 40 46 54 70 73 77 82 
0 1 8 15 24 36 40 47 54 62 65 74 78 
0 1 8 15 24 36 40 47 54 62 66 71 78 
0 1 8 15 24 36 40 47 54 62 66 74 78 
0 1 8 15 24 36 40 47 54 62 70 73 77 
0 1 8 15 24 36 40 47 54 62 70 73 78 
0 1 8 15 24 36 40 47 54 62 71 73 78 
0 1 8 15 24 36 40 47 54 64 66 71 78 
0 1 8 15 24 36 40 47 54 64 70 73 75 
0 1 8 15 24 36 40 47 54 66 82 83 
0 1 8 15 24 36 40 47 54 70 73 75 82 
0 1 8 15 24 36 40 47 54 70 73 77 82 
0 1 8 15 24 39 40 45 53 65 72 80 
0 1 8 15 24 39 40 45 53 65 74 80 
0 1 8 15 24 39 40 45 53 65 74 81 
0 1 8 15 24 39 40 45 53 66 74 80 
0 1 8 15 24 39 40 45 53 66 74 81 
0 1 8 15 24 39 40 45 53 66 81 83 
0 1 8 15 24 39 40 46 53 65 70 77 82 
0 1 8 15 24 39 40 46 53 65 74 81 
0 1 8 15 24 39 40 46 53 66 74 81 
0 1 8 15 24 39 40 46 53 66 81 83 
0 1 8 15 24 39 40 46 53 66 82 83 
0 1 8 15 24 39 40 46 53 70 73 75 82 
0 1 8 15 24 39 40 46 53 70 73 77 82 
0 1 8 15 24 39 40 46 54 63 65 70 77 
0 1 8 15 24 39 40 46 54 65 70 77 82 
0 1 8 15 24 39 40 46 54 65 74 81 
0 1 8 15 24 39 40 46 54 66 74 81 
0 1 8 15 24 39 40 46 54 66 81 83 
0 1 8 15 24 39 40 46 54 66 82 83 
0 1 8 15 24 39 40 46 54 70 73 75 82 
0 1 8 15 24 39 40 46 54 70 73 77 82 
0 1 8 15 24 39 40 48 53 64 70 73 75 
0 1 8 15 24 39 40 48 53 64 71 73 78 
0 1 8 15 26 39 40 45 53 66 74 80 
0 1 8 15 26 39 40 45 53 66 74 81 
0 1 8 15 26 39 40 45 53 66 81 83 
0 1 8 15 26 39 40 46 53 66 74 81 
0 1 8 15 26 39 40 46 53 66 81 83 
0 1 8 15 26 39 40 46 53 66 82 83 
0 1 8 15 26 39 40 46 54 66 74 81 
0 1 8 15 26 39 40 46 54 66 81 83 
0 1 8 15 27 32 39 45 53 65 72 80 
0 1 8 15 27 32 39 45 53 65 74 80 
0 1 8 15 27 32 39 45 53 65 74 81 
0 1 8 15 27 32 39 45 53 66 74 80 
0 1 8 15 27 32 39 45 53 66 74 81 
0 1 8 15 27 32 39 45 53 66 81 83 
0 1 8 15 27 32 39 46 53 63 65 70 77 
0 1 8 15 27 32 39 46 53 63 65 72 77 
0 1 8 15 27 32 39 46 53 63 70 73 77 
0 1 8 15 27 32 39 46 53 65 70 77 82 
0 1 8 15 27 32 39 46 53 65 74 81 
0 1 8 15 27 32 39 46 53 66 74 81 
0 1 8 15 27 32 39 46 53 66 81 83 
0 1 8 15 27 32 39 46 53 66 82 83 
0 1 8 15 27 32 39 46 53 70 73 75 82 
0 1 8 15 27 32 39 46 53 70 73 77 82 
0 1 8 15 27 32 39 46 54 63 65 70 77 
0 1 8 15 27 32 39 46 54 63 65 72 77 
0 1 8 15 27 32 39 46 54 63 70 73 77 
0 1 8 15 27 32 39 46 54 65 70 77 82 
0 1 8 15 27 32 39 46 54 65 74 81 
0 1 8 15 27 32 39 46 54 66 74 81 
0 1 8 15 27 32 39 46 54 66 81 83 
0 1 8 15 27 32 39 46 54 66 82 83 
0 1 8 15 27 32 39 46 54 70 73 75 82 
0 1 8 15 27 32 39 46 54 70 73 77 82 
0 1 8 15 27 32 39 48 53 63 65 70 77 
0 1 8 15 27 32 39 48 53 63 65 72 77 
0 1 8 15 27 32 39 48 53 63 65 72 79 
0 1 8 15 27 32 39 48 53 63 70 73 77 
0 1 8 15 27 32 39 48 53 63 71 73 79 
0 1 8 15 27 32 39 48 53 64 70 73 75 
0 1 8 16 24 32 37 43 45 53 72 80 
0 1 8 16 24 32 37 45 53 64 67 75 
0 1 8 16 24 32 37 45 53 66 74 80 
0 1 8 16 24 32 37 45 53 66 74 81 
0 1 8 16 24 32 37 45 53 66 81 83 
0 1 8 16 24 32 37 45 53 67 72 80 
0 1 8 16 24 32 37 45 53 67 75 80 
0 1 8 16 24 32 37 45 53 67 81 83 
0 1 8 16 24 32 37 46 53 66 74 81 
0 1 8 16 24 32 37 46 53 66 81 83 
0 1 8 16 24 32 37 46 53 66 82 83 
0 1 8 16 24 32 37 46 53 67 75 82 
0 1 8 16 24 32 37 46 53 67 81 83 
0 1 8 16 24 32 37 46 53 67 82 83 
0 1 8 16 24 32 37 48 53 64 67 75 
0 1 8 16 24 32 39 43 45 53 72 80 
0 1 8 16 24 32 39 45 53 64 67 75 
0 1 8 16 24 32 39 45 53 66 74 80 
0 1 8 16 24 32 39 45 53 66 74 81 
0 1 8 16 24 32 39 45 53 66 81 83 
0 1 8 16 24 32 39 45 53 67 72 80 
0 1 8 16 24 32 39 45 53 67 75 80 
0 1 8 16 24 32 39 45 53 67 81 83 
0 1 8 16 24 32 39 46 53 66 74 81 
0 1 8 16 24 32 39 46 53 66 81 83 
0 1 8 16 24 32 39 46 53 66 82 83 
0 1 8 16 24 32 39 46 53 67 75 82 
0 1 8 16 24 32 39 46 53 67 81 83 
0 1 8 16 24 32 39 46 53 67 82 83 
0 1 8 16 24 32 39 46 54 66 74 81 
0 1 8 16 24 32 39 46 54 66 81 83 
0 1 8 16 24 32 39 46 54 66 82 83 
0 1 8 16 24 32 39 46 54 67 75 82 
0 1 8 16 24 32 39 46 54 67 81 83 
0 1 8 16 24 32 39 46 54 67 82 83 
0 1 8 16 24 32 39 48 53 64 67 75 
0 1 8 16 24 36 40 43 45 53 72 80 
0 1 8 16 24 36 40 45 53 64 67 75 
0 1 8 16 24 36 40 45 53 66 74 80 
0 1 8 16 24 36 40 45 53 66 74 81 
0 1 8 16 24 36 40 45 53 66 81 83 
0 1 8 16 24 36 40 45 53 67 72 80 
0 1 8 16 24 36 40 45 53 67 75 80 
0 1 8 16 24 36 40 45 53 67 81 83 
0 1 8 16 24 36 40 46 53 66 74 81 
0 1 8 16 24 36 40 46 53 66 81 83 
0 1 8 16 24 36 40 46 54 66 74 81 
0 1 8 16 24 36 40 46 54 66 81 83 
0 1 8 16 24 36 40 46 54 66 82 83 
0 1 8 16 24 36 40 46 54 67 75 82 
0 1 8 16 24 36 40 46 54 67 81 83 
0 1 8 16 24 36 40 46 54 67 82 83 
0 1 8 16 24 39 40 43 45 53 72 80 
0 1 8 16 24 39 40 45 53 64 67 75 
0 1 8 16 24 39 40 45 53 66 74 80 
0 1 8 16 24 39 40 45 53 66 74 81 
0 1 8 16 24 39 40 45 53 66 81 83 
0 1 8 16 24 39 40 45 53 67 72 80 
0 1 8 16 24 39 40 45 53 67 75 80 
0 1 8 16 24 39 40 45 53 67 81 83 
0 1 8 16 24 39 40 46 53 66 74 81 
0 1 8 16 24 39 40 46 53 66 81 83 
0 1 8 16 24 39 40 46 53 66 82 83 
0 1 8 16 24 39 40 46 53 67 75 82 
0 1 8 16 24 39 40 46 53 67 81 83 
0 1 8 16 24 39 40 46 53 67 82 83 
0 1 8 16 24 39 40 48 53 64 67 75 
0 1 8 16 26 39 40 43 45 53 72 80 
0 1 8 16 26 39 40 45 53 64 67 75 
0 1 8 16 26 39 40 45 53 66 74 80 
0 1 8 16 26 39 40 45 53 66 74 81 
0 1 8 16 26 39 40 45 53 66 81 83 
0 1 8 16 26 39 40 45 53 67 75 80 
0 1 8 16 26 39 40 45 53 67 81 83 
0 1 8 16 26 39 40 46 53 66 74 81 
0 1 8 16 26 39 40 46 53 66 81 83 
0 1 8 16 27 32 39 45 53 64 67 75 
0 1 8 16 27 32 39 45 53 66 74 80 
0 1 8 16 27 32 39 45 53 66 74 81 
0 1 8 16 27 32 39 45 53 66 81 83 
0 1 8 16 27 32 39 45 53 67 72 80 
0 1 8 16 27 32 39 45 53 67 75 80 
0 1 8 16 27 32 39 45 53 67 81 83 
0 1 8 16 27 32 39 46 53 66 74 81 
0 1 8 16 27 32 39 46 53 66 81 83 
0 1 8 16 27 32 39 46 53 66 82 83 
0 1 8 16 27 32 39 46 53 67 75 82 
0 1 8 16 27 32 39 46 53 67 81 83 
0 1 8 16 27 32 39 46 53 67 82 83 
0 1 8 16 27 32 39 48 53 64 67 75 
0 1 9 14 24 32 37 45 53 65 72 80 
0 1 9 14 24 32 37 45 53 65 74 80 
0 1 9 14 24 32 37 45 53 65 74 81 
0 1 9 14 24 32 37 46 53 65 74 81 
0 1 9 14 24 32 37 48 53 64 65 70 78 
0 1 9 14 24 36 40 43 45 53 72 80 
0 1 9 14 24 36 40 45 53 65 72 80 
0 1 9 14 24 36 40 45 53 65 74 80 
0 1 9 14 24 36 40 45 53 65 74 81 
0 1 9 14 24 39 40 43 45 53 72 80 
0 1 9 14 24 39 40 45 53 65 72 80 
0 1 9 14 24 39 40 45 53 65 74 80 
0 1 9 14 24 39 40 45 53 65 74 81 
0 1 9 14 24 39 40 46 53 65 74 81 
0 1 9 14 26 39 40 43 45 53 72 80 
0 1 9 14 26 39 40 45 53 65 72 80 
0 1 9 14 26 39 40 45 53 65 74 80 
0 1 9 14 26 39 40 45 53 65 74 81 
0 1 9 14 26 39 40 46 53 65 74 81 
0 1 9 16 24 32 37 43 45 53 72 80 
0 1 9 16 24 32 37 45 53 64 67 75 
0 1 9 16 24 32 37 45 53 66 74 80 
0 1 9 16 24 32 37 45 53 66 74 81 
0 1 9 16 24 32 37 45 53 66 81 83 
0 1 9 16 24 32 37 45 53 67 72 80 
0 1 9 16 24 32 37 45 53 67 75 80 
0 1 9 16 24 32 37 45 53 67 81 83 
0 1 9 16 24 32 37 46 53 66 74 81 
0 1 9 16 24 32 37 46 53 66 81 83 
0 1 9 16 24 32 37 46 53 66 82 83 
0 1 9 16 24 32 37 46 53 67 75 82 
0 1 9 16 24 32 37 46 53 67 81 83 
0 1 9 16 24 32 37 46 53 67 82 83 
0 1 9 16 24 32 39 45 53 64 67 75 
0 1 9 16 24 32 39 45 53 66 74 80 
0 1 9 16 24 32 39 45 53 66 74 81 
0 1 9 16 24 32 39 45 53 66 81 83 
0 1 9 16 24 32 39 45 53 67 72 80 
0 1 9 16 24 32 39 45 53 67 75 80 
0 1 9 16 24 32 39 45 53 67 81 83 
0 1 9 16 24 32 39 46 53 66 74 81 
0 1 9 16 24 32 39 46 53 66 81 83 
0 1 9 16 24 32 39 46 53 66 82 83 
0 1 9 16 24 32 39 46 53 67 75 82 
0 1 9 16 24 32 39 46 53 67 81 83 
0 1 9 16 24 32 39 46 53 67 82 83 
0 1 9 16 24 36 40 43 45 53 72 80 
0 1 9 16 24 36 40 45 53 66 74 80 
0 1 9 16 24 36 40 45 53 66 74 81 
0 1 9 16 24 36 40 45 53 66 81 83 
0 1 9 16 24 36 40 45 53 67 72 80 
0 1 9 16 24 36 40 45 53 67 75 80 
0 1 9 16 24 39 40 43 45 53 72 80 
0 1 9 16 24 39 40 45 53 64 67 75 
0 1 9 16 24 39 40 45 53 66 74 80 
0 1 9 16 24 39 40 45 53 66 74 81 
0 1 9 16 24 39 40 45 53 66 81 83 
0 1 9 16 24 39 40 45 53 67 72 80 
0 1 9 16 24 39 40 45 53 67 75 80 
0 1 9 16 24 39 40 45 53 67 81 83 
0 1 9 16 26 39 40 45 53 64 67 75 
0 1 9 16 26 39 40 45 53 66 74 80 
0 1 9 16 26 39 40 45 53 66 74 81 
0 1 9 16 26 39 40 45 53 66 81 83 
0 1 9 16 26 39 40 45 53 67 72 80 
0 1 9 16 26 39 40 45 53 67 75 80 
0 1 9 16 26 39 40 45 53 67 81 83 
0 1 9 17 24 32 37 45 53 64 67 75 
0 1 9 17 24 32 37 45 53 64 68 75 
0 1 9 17 24 32 37 45 53 64 68 76 
0 1 9 17 24 32 37 45 53 65 72 80 
0 1 9 17 24 32 37 45 53 65 74 80 
0 1 9 17 24 32 37 45 53 65 74 81 
0 1 9 17 24 32 37 45 53 67 72 80 
0 1 9 17 24 32 37 45 53 67 75 80 
0 1 9 17 24 32 37 45 53 67 81 83 
0 1 9 17 24 32 37 45 53 68 74 80 
0 1 9 17 24 32 37 45 53 68 74 81 
0 1 9 17 24 32 37 45 53 68 75 80 
0 1 9 17 24 32 37 45 53 68 76 81 
0 1 9 17 24 32 39 45 53 64 67 75 
0 1 9 17 24 32 39 45 53 64 68 75 
0 1 9 17 24 32 39 45 53 64 68 76 
0 1 9 17 24 32 39 45 53 65 72 80 
0 1 9 17 24 32 39 45 53 65 74 80 
0 1 9 17 24 32 39 45 53 65 74 81 
0 1 9 17 24 32 39 45 53 67 72 80 
0 1 9 17 24 32 39 45 53 67 75 80 
0 1 9 17 24 32 39 45 53 67 81 83 
0 1 9 17 24 32 39 45 53 68 74 80 
0 1 9 17 24 32 39 45 53 68 74 81 
0 1 9 17 24 32 39 45 53 68 75 80 
0 1 9 17 24 32 39 45 53 68 76 81 
0 1 9 17 24 36 40 45 53 65 72 80 
0 1 9 17 24 36 40 45 53 65 74 80 
0 1 9 17 24 36 40 45 53 67 72 80 
0 2 7 14 24 38 40 42 45 53 64 69 76 
0 2 7 14 24 38 40 42 45 53 69 76 81 
0 2 7 14 24 38 40 42 45 53 69 81 83 
0 2 7 14 24 38 40 42 46 53 69 76 81 
0 2 7 14 24 38 40 42 46 53 69 81 83 
0 2 7 14 24 38 40 42 46 54 69 76 81 
0 2 7 14 24 38 40 42 46 54 69 81 83 
0 2 7 14 24 38 40 42 47 54 62 69 77 
0 2 7 14 24 38 40 42 47 54 64 69 76 
0 2 7 14 24 38 40 42 49 54 62 69 77 
0 2 7 14 24 38 40 43 45 53 64 69 76 
0 2 7 14 24 38 40 43 45 53 69 76 81 
0 2 7 14 24 38 40 43 45 53 72 80 
0 2 7 14 24 38 40 43 47 54 62 69 77 
0 2 7 14 24 38 40 43 47 54 62 71 78 
0 2 7 14 24 38 40 43 47 54 64 71 76 
0 2 7 14 24 38 40 45 53 65 72 80 
0 2 7 14 24 38 40 45 53 65 74 80 
0 2 7 14 24 38 40 45 53 65 74 81 
0 2 7 14 24 38 40 46 53 65 74 81 
0 2 7 14 24 38 40 46 54 65 74 81 
0 2 7 14 26 33 38 42 45 53 69 76 81 
0 2 7 14 26 33 38 42 45 53 69 81 83 
0 2 7 14 26 33 38 42 46 53 63 69 76 
0 2 7 14 26 33 38 42 46 53 63 69 77 
0 2 7 14 26 33 38 42 46 53 69 76 81 
0 2 7 14 26 33 38 42 46 53 69 81 83 
0 2 7 14 26 33 38 42 46 54 63 69 76 
0 2 7 14 26 33 38 42 46 54 63 69 77 
0 2 7 14 26 33 38 42 46 54 69 76 81 
0 2 7 14 26 33 38 42 46 54 69 81 83 
0 2 7 14 26 33 38 42 47 54 62 69 77 
0 2 7 14 26 33 38 42 47 54 64 69 76 
0 2 7 14 26 33 38 42 48 53 63 69 77 
0 2 7 14 26 33 38 42 48 56 63 69 77 
0 2 7 14 26 33 38 42 49 56 62 69 77 
0 2 7 14 26 33 38 42 49 56 63 69 77 
0 2 7 14 26 33 38 43 44 49 56 72 80 
0 2 7 14 26 33 38 43 45 53 64 69 76 
0 2 7 14 26 33 38 43 45 53 72 80 
0 2 7 14 26 33 38 43 47 54 62 69 77 
0 2 7 14 26 33 38 43 47 54 62 71 78 
0 2 7 14 26 33 38 43 47 54 64 69 76 
0 2 7 14 26 33 38 43 48 53 63 69 76 
0 2 7 14 26 33 38 43 48 53 63 69 77 
0 2 7 14 26 33 38 43 48 53 63 72 77 
0 2 7 14 26 33 38 43 48 53 64 69 76 
0 2 7 14 26 33 38 43 48 56 63 69 76 
0 2 7 14 26 33 38 43 48 56 63 69 77 
0 2 7 14 26 33 38 43 48 56 64 69 76 
0 2 7 14 26 33 38 43 49 56 63 69 76 
0 2 7 14 26 33 38 44 49 56 65 72 80 
0 2 7 14 26 33 38 45 53 65 72 80 
0 2 7 14 26 33 38 45 53 65 74 80 
0 2 7 14 26 33 38 45 53 65 74 81 
0 2 7 14 26 33 38 46 53 63 65 72 77 
0 2 7 14 26 33 38 46 53 65 74 81 
0 2 7 14 26 33 38 46 54 65 74 81 
0 2 7 14 26 33 38 48 53 63 65 72 77 
0 2 7 14 26 33 38 48 56 63 65 72 77 
0 2 7 14 26 33 38 49 56 62 65 72 77 
0 2 7 14 26 33 38 49 56 62 65 72 80 
0 2 7 14 26 33 38 49 56 62 65 74 80 
0 2 7 14 26 33 38 49 56 63 65 72 77 
0 2 7 14 26 38 40 43 45 53 64 69 76 
0 2 7 14 26 38 40 43 45 53 72 80 
0 2 7 14 26 38 40 43 47 54 64 69 76 
0 2 7 14 26 38 40 43 47 54 64 71 78 
0 2 7 14 26 38 40 43 49 54 63 69 77 
0 2 7 14 26 38 40 45 53 65 72 80 
0 2 7 14 26 38 40 45 53 65 74 80 
0 2 7 14 26 38 40 46 53 63 65 72 77 
0 2 7 15 24 32 37 45 53 65 72 80 
0 2 7 15 24 32 37 45 53 65 74 80 
0 2 7 15 24 32 37 45 53 65 74 81 
0 2 7 15 24 32 37 45 53 66 74 80 
0 2 7 15 24 32 37 45 53 66 74 81 
0 2 7 15 24 32 37 46 53 65 74 81 
0 2 7 15 24 38 40 45 53 65 72 80 
0 2 7 15 24 38 40 45 53 65 74 80 
0 2 7 15 24 38 40 45 53 65 74 81 
0 2 7 15 24 38 40 45 53 66 74 80 
0 2 7 15 24 38 40 45 53 66 74 81 
0 2 7 15 24 38 40 46 53 65 74 81 
0 2 7 15 26 38 40 45 53 65 72 80 
0 2 7 15 26 38 40 45 53 65 74 80 
0 2 7 15 26 38 40 45 53 65 74 81 
0 2 7 15 26 38 40 45 53 66 74 80 
0 2 7 15 26 38 40 45 53 66 74 81 
0 2 7 15 26 38 40 45 53 66 81 83 
0 2 7 15 26 38 40 46 53 65 74 81 
0 2 7 15 26 38 40 46 53 66 74 81 
0 2 7 15 26 38 40 46 53 66 81 83 
0 2 7 15 26 38 40 46 53 66 82 83 
0 2 7 15 26 38 40 46 54 65 74 81 
0 2 7 15 26 38 40 46 54 66 74 81 
0 2 7 15 26 38 40 46 54 66 81 83 
0 2 7 15 26 38 40 46 54 66 82 83 
0 2 7 15 26 38 40 47 54 66 82 83 
0 2 9 14 24 38 40 43 45 53 72 80 
0 2 9 14 24 38 40 45 53 65 72 80 
0 2 9 14 24 38 40 45 53 65 74 80 
0 2 9 16 21 24 32 43 45 53 72 80 
0 2 9 16 21 24 32 45 53 64 67 75 
0 2 9 16 21 24 32 45 53 66 74 80 
0 2 9 16 21 24 32 45 53 66 74 81 
0 2 9 16 21 24 32 45 53 66 81 83 
0 2 9 16 21 24 32 45 53 67 72 80 
0 2 9 16 21 24 32 45 53 67 75 80 
0 2 9 16 21 24 32 45 53 67 81 83 
0 2 9 16 21 24 32 46 53 66 74 81 
0 2 9 16 21 24 32 46 53 66 81 83 
0 2 9 16 21 24 32 46 53 66 82 83 
0 2 9 16 21 24 32 46 53 67 75 82 
0 2 9 16 21 24 32 46 53 67 81 83 
0 2 9 16 21 24 32 46 53 67 82 83 
0 2 9 16 21 24 32 46 54 66 74 81 
0 2 9 16 21 24 32 46 54 66 81 83 
0 2 9 16 21 24 32 46 54 66 82 83 
0 2 9 16 21 24 32 46 54 67 75 82 
0 2 9 16 21 24 32 46 54 67 81 83 
0 2 9 16 21 24 32 46 54 67 82 83 
0 2 9 16 21 24 32 47 54 64 67 75 
0 2 9 16 21 24 32 47 54 67 75 82 
0 2 9 16 21 24 32 48 53 64 67 75 
0 2 9 16 21 26 33 45 53 64 67 75 
0 2 9 16 21 26 33 45 53 66 74 80 
0 2 9 16 21 26 33 45 53 66 74 81 
0 2 9 16 21 26 33 45 53 66 81 83 
0 2 9 16 21 26 33 45 53 67 72 80 
0 2 9 16 21 26 33 45 53 67 75 80 
0 2 9 16 21 26 33 45 53 67 81 83 
0 2 9 16 21 26 33 46 53 66 74 81 
0 2 9 16 21 26 33 46 53 66 81 83 
0 2 9 16 21 26 33 46 53 67 75 82 
0 2 9 16 21 26 33 46 53 67 81 83 
0 2 9 16 21 26 33 46 53 67 82 83 
0 2 9 16 21 26 33 46 54 66 74 81 
0 2 9 16 21 26 33 46 54 67 75 82 
0 2 9 16 21 26 33 46 54 67 81 83 
0 2 9 16 21 26 33 46 54 67 82 83 
0 2 9 16 21 26 33 47 54 64 67 75 
0 2 9 16 21 26 33 47 54 67 75 82 
0 2 9 16 21 26 33 47 54 67 82 83 
0 2 9 16 21 26 33 48 53 64 67 75 
0 2 9 16 24 32 37 43 45 53 72 80 
0 2 9 16 24 32 37 45 53 64 67 75 
0 2 9 16 24 32 37 45 53 66 74 80 
0 2 9 16 24 32 37 45 53 66 74 81 
0 2 9 16 24 32 37 45 53 66 81 83 
0 2 9 16 24 32 37 45 53 67 72 80 
0 2 9 16 24 32 37 45 53 67 75 80 
0 2 9 16 24 32 37 45 53 67 81 83 
0 2 9 16 24 32 37 46 53 66 74 81 
0 2 9 16 24 32 37 46 53 66 81 83 
0 2 9 16 24 32 37 46 53 66 82 83 
0 2 9 16 24 32 37 46 53 67 81 83 
0 2 9 16 24 32 37 46 53 67 82 83 
0 2 9 16 24 38 40 43 45 53 72 80 
0 2 9 16 24 38 40 45 53 66 74 80 
0 2 9 16 24 38 40 45 53 66 74 81 
0 2 9 16 24 38 40 45 53 66 81 83 
0 2 9 16 24 38 40 45 53 67 72 80 
0 2 9 16 24 38 40 45 53 67 75 80 
0 2 9 16 24 38 40 45 53 67 81 83 
0 2 9 16 24 38 40 46 53 66 74 81 
0 2 9 16 24 38 40 46 53 66 81 83 
0 2 9 16 24 38 40 46 53 66 82 83 
0 2 9 16 24 38 40 46 53 67 75 82 
0 2 9 16 24 38 40 46 53 67 81 83 
0 2 9 16 24 38 40 46 53 67 82 83 
0 2 9 16 24 38 40 46 54 66 74 81 
0 2 9 16 24 38 40 46 54 66 81 83 
0 2 9 16 24 38 40 46 54 66 82 83 
0 2 9 16 24 38 40 46 54 67 75 82 
0 2 9 16 24 38 40 46 54 67 81 83 
0 2 9 16 24 38 40 46 54 67 82 83 
0 2 9 16 26 38 40 45 53 64 67 75 
0 2 9 16 26 38 40 45 53 67 72 80 
0 2 9 16 26 38 40 45 53 67 75 80 
0 2 9 16 26 38 40 45 53 67 81 83 
0 2 9 16 26 38 40 46 53 67 75 82 
0 2 9 16 26 38 40 46 53 67 81 83 
0 2 9 16 26 38 40 46 53 67 82 83 
0 2 9 17 21 24 32 45 53 64 67 75 
0 2 9 17 21 24 32 45 53 64 68 75 
0 2 9 17 21 24 32 45 53 64 68 76 
0 2 9 17 21 24 32 45 53 67 72 80 
0 2 9 17 21 24 32 45 53 67 75 80 
0 2 9 17 21 24 32 45 53 67 81 83 
0 2 9 17 21 24 32 45 53 68 74 80 
0 2 9 17 21 24 32 45 53 68 74 81 
0 2 9 17 21 24 32 45 53 68 75 80 
0 2 9 17 21 24 32 45 53 68 76 81 
0 2 9 17 21 24 32 46 53 67 75 82 
0 2 9 17 21 24 32 46 53 67 81 83 
0 2 9 17 21 24 32 46 53 67 82 83 
0 2 9 17 21 24 32 46 53 68 74 81 
0 2 9 17 21 24 32 46 53 68 75 82 
0 2 9 17 21 24 32 46 53 68 76 81 
0 2 9 17 21 24 32 46 54 67 75 82 
0 2 9 17 21 24 32 46 54 67 81 83 
0 2 9 17 21 24 32 46 54 68 74 81 
0 2 9 17 21 24 32 48 53 64 67 75 
0 2 9 17 21 24 32 48 53 64 68 75 
0 2 9 17 21 24 32 48 53 64 68 76 
0 2 9 17 21 26 33 45 53 64 67 75 
0 2 9 17 21 26 33 45 53 64 68 75 
0 2 9 17 21 26 33 45 53 64 68 76 
0 2 9 17 21 26 33 45 53 67 72 80 
0 2 9 17 21 26 33 45 53 67 75 80 
0 2 9 17 21 26 33 45 53 67 81 83 
0 2 9 17 21 26 33 45 53 68 74 80 
0 2 9 17 21 26 33 45 53 68 74 81 
0 2 9 17 21 26 33 45 53 68 75 80 
0 2 9 17 21 26 33 45 53 68 76 81 
0 2 9 17 21 26 33 46 53 63 68 76 
0 2 9 17 21 26 33 46 53 67 75 82 
0 2 9 17 21 26 33 46 53 67 81 83 
0 2 9 17 21 26 33 46 53 67 82 83 
0 2 9 17 21 26 33 46 53 68 74 81 
0 2 9 17 21 26 33 46 53 68 75 82 
0 2 9 17 21 26 33 46 53 68 76 81 
0 2 9 17 21 26 33 48 53 63 68 76 
0 2 9 17 21 26 33 48 53 64 67 75 
0 2 9 17 21 26 33 48 53 64 68 75 
0 2 9 17 21 26 33 48 53 64 68 76 
0 2 9 17 24 32 37 45 53 64 67 75 
0 2 9 17 24 32 37 45 53 64 68 75 
0 2 9 17 24 32 37 45 53 65 72 80 
0 2 9 17 24 32 37 45 53 65 74 80 
0 2 9 17 24 32 37 45 53 65 74 81 
0 2 9 17 24 32 37 45 53 67 72 80 
0 2 9 17 24 32 37 45 53 67 75 80 
0 2 9 17 24 32 37 45 53 67 81 83 
0 2 9 17 24 32 37 45 53 68 74 80 
0 2 9 17 24 32 37 45 53 68 74 81 
0 2 9 17 24 32 37 45 53 68 75 80 
0 2 9 17 24 32 37 45 53 68 76 81 
0 2 9 17 24 32 37 46 53 65 74 81 
0 2 9 17 24 32 37 46 53 67 81 83 
0 2 9 17 24 32 37 46 53 68 74 81 
0 2 9 17 24 38 40 45 53 65 72 80 
0 2 9 17 24 38 40 45 53 65 74 80 
0 2 9 17 24 38 40 45 53 65 74 81 
0 2 9 17 24 38 40 45 53 67 72 80 
0 2 9 17 24 38 40 45 53 67 75 80 
0 2 9 17 24 38 40 45 53 67 81 83 
0 2 9 17 24 38 40 45 53 68 74 80 
0 2 9 17 24 38 40 45 53 68 74 81 
0 2 9 17 24 38 40 45 53 68 75 80 
0 2 9 17 24 38 40 45 53 68 76 81 
0 2 9 17 24 38 40 46 53 65 74 81 
0 2 9 17 24 38 40 46 53 67 75 82 
0 2 9 17 24 38 40 46 53 67 81 83 
0 2 9 17 24 38 40 46 53 67 82 83 
0 2 9 17 24 38 40 46 53 68 74 81 
0 2 9 17 24 38 40 46 53 68 75 82 
0 2 9 17 24 38 40 46 53 68 76 81 
0 2 9 17 26 33 38 45 53 64 67 75 
0 2 9 17 26 33 38 45 53 64 68 75 
0 2 9 17 26 33 38 45 53 64 68 76 
0 2 9 17 26 33 38 45 53 65 72 80 
0 2 9 17 26 33 38 45 53 65 74 80 
0 2 9 17 26 33 38 45 53 65 74 81 
0 2 9 17 26 33 38 45 53 67 72 80 
0 2 9 17 26 33 38 45 53 67 75 80 
0 2 9 17 26 33 38 45 53 67 81 83 
0 2 9 17 26 33 38 45 53 68 75 80 
0 2 9 17 26 33 38 46 53 65 74 81 
0 2 9 17 26 33 38 46 53 67 75 82 
0 2 9 17 26 33 38 46 53 67 82 83 
0 2 10 15 21 24 32 45 53 66 81 83 
0 2 10 15 21 24 32 46 53 66 81 83 
0 2 10 15 21 24 32 46 53 66 82 83 
0 2 10 15 24 38 40 45 53 65 72 80 
0 2 10 15 24 38 40 45 53 65 74 80 
0 2 10 15 24 38 40 45 53 65 74 81 
0 2 10 15 24 38 40 45 53 66 74 80 
0 2 10 15 24 38 40 45 53 66 74 81 
0 2 10 15 24 38 40 45 53 66 81 83 
0 2 10 15 24 38 40 46 53 65 74 81 
0 2 10 15 24 38 40 46 53 66 74 81 
0 2 10 15 24 38 40 46 53 66 81 83 
0 2 10 15 24 38 40 46 53 66 82 83 
0 2 10 15 26 38 40 45 53 65 72 80 
0 2 10 15 26 38 40 45 53 65 74 80 
0 2 10 15 26 38 40 45 53 65 74 81 
0 2 10 15 26 38 40 45 53 66 74 80 
0 2 10 15 26 38 40 45 53 66 74 81 
0 2 10 15 26 38 40 45 53 66 81 83 
0 2 10 15 26 38 40 46 53 65 74 81 
0 2 10 15 26 38 40 46 53 66 74 81 
0 2 10 15 26 38 40 46 53 66 81 83 
0 2 10 15 26 38 40 46 53 66 82 83 
0 2 10 17 21 24 32 45 53 64 67 75 
0 2 10 17 21 24 32 45 53 64 68 75 
0 2 10 17 21 24 32 45 53 67 72 80 
0 2 10 17 21 24 32 45 53 67 75 80 
0 2 10 17 21 24 32 45 53 67 81 83 
0 2 10 17 21 24 32 45 53 68 74 80 
0 2 10 17 21 24 32 45 53 68 74 81 
0 2 10 17 21 24 32 45 53 68 75 80 
0 2 10 17 21 24 32 45 53 68 76 81 
0 2 10 17 21 24 32 46 53 67 75 82 
0 2 10 17 21 24 32 46 53 67 81 83 
0 2 10 17 21 24 32 46 53 68 74 81 
0 2 10 17 21 26 33 45 53 64 67 75 
0 2 10 17 21 26 33 45 53 64 68 75 
0 2 10 17 21 26 33 45 53 64 68 76 
0 2 10 17 21 26 33 45 53 67 72 80 
0 2 10 17 21 26 33 45 53 67 75 80 
0 2 10 17 21 26 33 45 53 67 81 83 
0 2 10 17 21 26 33 45 53 68 74 80 
0 2 10 17 21 26 33 45 53 68 74 81 
0 2 10 17 21 26 33 45 53 68 75 80 
0 2 10 17 21 26 33 45 53 68 76 81 
0 2 10 17 21 26 33 46 53 63 68 76 
0 2 10 17 21 26 33 46 53 67 75 82 
0 2 10 17 21 26 33 46 53 67 81 83 
0 2 10 17 21 26 33 46 53 67 82 83 
0 2 10 17 21 26 33 46 53 68 74 81 
0 2 10 17 21 26 33 46 53 68 75 82 
0 2 10 17 21 26 33 46 53 68 76 81 
0 2 10 17 24 32 37 45 53 65 72 80 
0 2 10 17 24 32 37 45 53 65 74 80 
0 2 10 17 24 32 37 45 53 65 74 81 
0 2 10 17 24 32 37 45 53 67 72 80 
0 2 10 17 24 32 37 45 53 67 75 80 
0 2 10 17 24 32 37 45 53 67 81 83 
0 2 10 17 24 32 37 45 53 68 74 80 
0 2 10 17 24 32 37 45 53 68 74 81 
0 2 10 17 24 32 37 45 53 68 75 80 
0 2 10 17 24 38 40 45 53 65 72 80 
0 2 10 17 24 38 40 45 53 65 74 80 
0 2 10 17 24 38 40 45 53 65 74 81 
0 2 10 17 24 38 40 45 53 67 72 80 
0 2 10 17 24 38 40 45 53 67 75 80 
0 2 10 17 24 38 40 45 53 67 81 83 
0 2 10 17 24 38 40 45 53 68 74 80 
0 2 10 17 24 38 40 45 53 68 74 81 
0 2 10 17 24 38 40 45 53 68 75 80 
0 2 10 17 24 38 40 45 53 68 76 81 
0 2 10 17 26 33 38 45 53 64 67 75 
0 2 10 17 26 33 38 45 53 64 68 75 
0 2 10 17 26 33 38 45 53 64 68 76 
0 2 10 17 26 33 38 45 53 65 72 80 
0 2 10 17 26 33 38 45 53 65 74 80 
0 2 10 17 26 33 38 45 53 65 74 81 
0 2 10 17 26 33 38 45 53 67 72 80 
0 2 10 17 26 33 38 45 53 67 75 80 
0 2 10 17 26 33 38 45 53 67 81 83 
0 2 10 17 26 33 38 45 53 68 74 80 
0 2 10 17 26 33 38 45 53 68 74 81 
0 2 10 17 26 33 38 45 53 68 75 80 
0 2 10 17 26 33 38 45 53 68 76 81 
0 2 10 17 26 33 38 46 53 63 65 72 77 
0 2 10 17 26 33 38 46 53 63 68 76 
0 2 10 17 26 33 38 46 53 65 74 81 
0 2 10 17 26 33 38 46 53 67 75 82 
0 2 10 17 26 33 38 46 53 67 81 83 
0 2 10 17 26 33 38 46 53 67 82 83 
0 2 10 17 26 33 38 46 53 68 74 81 
0 2 10 17 26 33 38 46 53 68 75 82 
0 2 10 17 26 33 38 46 53 68 76 81 
0 2 10 17 26 38 40 45 53 64 67 75 
0 2 10 17 26 38 40 45 53 64 68 75 
0 2 10 17 26 38 40 45 53 64 68 76 
0 2 10 17 26 38 40 45 53 65 72 80 
0 2 10 17 26 38 40 45 53 65 74 80 
0 2 10 17 26 38 40 45 53 65 74 81 
0 2 10 17 26 38 40 45 53 67 72 80 
0 2 10 17 26 38 40 45 53 67 75 80 
0 2 10 17 26 38 40 45 53 67 81 83 
0 2 10 17 26 38 40 45 53 68 74 80 
0 2 10 17 26 38 40 45 53 68 74 81 
0 2 10 17 26 38 40 45 53 68 75 80 
0 2 10 17 26 38 40 45 53 68 76 81 
0 2 10 21 24 30 32 45 53 68 74 80 
0 2 10 21 24 30 32 45 53 68 74 81 
0 2 10 21 24 30 32 45 53 68 75 80 
0 2 10 21 26 30 33 45 53 64 68 75 
0 2 10 21 26 30 33 45 53 64 68 76 
0 2 10 21 26 30 33 45 53 64 69 76 
0 2 10 21 26 30 33 45 53 68 74 80 
0 2 10 21 26 30 33 45 53 68 74 81 
0 2 10 21 26 30 33 45 53 68 75 80 
0 2 10 21 26 30 33 45 53 68 76 81 
0 2 10 21 26 30 33 45 53 69 76 81 
0 2 10 21 26 30 33 45 53 69 81 83 
0 2 10 21 27 30 32 45 53 64 69 76 
0 2 10 21 27 30 32 45 53 69 76 81 
0 2 10 26 30 33 38 45 53 64 68 75 
0 2 10 26 30 33 38 45 53 64 68 76 
0 2 10 26 30 33 38 45 53 64 69 76 
0 2 10 26 30 33 38 45 53 66 74 80 
0 2 10 26 30 33 38 45 53 66 74 81 
0 2 10 26 30 33 38 45 53 66 81 83 
0 2 10 26 30 33 38 45 53 68 74 80 
0 2 10 26 30 33 38 45 53 68 74 81 
0 2 10 26 30 33 38 45 53 68 75 80 
0 2 10 26 30 33 38 45 53 68 76 81 
0 2 10 26 30 33 38 45 53 69 76 81 
0 2 10 26 30 33 38 45 53 69 81 83 
0 3 8 15 24 38 40 45 53 65 74 80 
0 3 8 15 24 38 40 45 53 65 74 81 
0 3 8 15 24 38 40 45 53 66 74 80 
0 3 8 15 24 38 40 45 53 66 74 81 
0 3 8 15 24 38 40 45 53 66 81 83 
0 3 8 15 24 38 40 46 53 65 74 81 
0 3 8 15 24 38 40 46 53 66 74 81 
0 3 8 15 24 38 40 46 53 66 81 83 
0 3 8 15 24 38 40 46 53 66 82 83 
0 3 8 15 24 39 40 45 53 66 74 80 
0 3 8 15 24 39 40 45 53 66 74 81 
0 3 8 15 24 39 40 45 53 66 81 83 
0 3 8 15 24 39 40 46 53 66 74 81 
0 3 8 15 24 39 40 46 53 66 81 83 
0 3 8 15 24 39 40 46 53 66 82 83 
0 3 8 15 24 39 40 46 54 66 74 81 
0 3 8 15 24 39 40 46 54 66 81 83 
0 3 8 15 27 34 39 45 53 66 74 80 
0 3 8 15 27 34 39 45 53 66 74 81 
0 3 8 15 27 34 39 45 53 66 81 83 
0 3 8 15 27 34 39 46 53 66 74 81 
0 3 8 15 27 34 39 46 53 66 81 83 
0 3 8 15 27 34 39 46 54 66 74 81 
0 3 8 15 27 34 39 47 54 70 73 75 82 
0 3 8 16 24 32 39 45 53 66 74 80 
0 3 8 16 24 32 39 45 53 66 74 81 
0 3 8 16 24 32 39 45 53 66 81 83 
0 3 8 16 24 32 39 45 53 67 75 80 
0 3 8 16 24 32 39 45 53 67 81 83 
0 3 8 16 24 32 39 46 53 66 74 81 
0 3 8 16 24 32 39 46 53 66 81 83 
0 3 8 16 24 32 39 46 53 66 82 83 
0 3 8 16 24 32 39 46 53 67 75 82 
0 3 8 16 24 32 39 46 53 67 81 83 
0 3 8 16 24 32 39 46 53 67 82 83 
0 3 8 16 24 39 40 45 53 66 74 80 
0 3 8 16 24 39 40 45 53 66 74 81 
0 3 8 16 24 39 40 45 53 66 81 83 
0 3 8 16 24 39 40 45 53 67 75 80 
0 3 8 16 24 39 40 45 53 67 81 83 
0 3 8 16 24 39 40 46 53 66 74 81 
0 3 8 16 24 39 40 46 53 66 81 83 
0 3 8 16 27 32 39 45 53 64 67 75 
0 3 8 16 27 32 39 45 53 66 74 80 
0 3 8 16 27 32 39 45 53 66 74 81 
0 3 8 16 27 32 39 45 53 66 81 83 
0 3 8 16 27 32 39 45 53 67 81 83 
0 3 8 16 27 32 39 46 53 66 74 81 
0 3 8 16 27 32 39 46 53 66 81 83 
0 3 8 16 27 32 39 46 53 66 82 83 
0 3 8 16 27 32 39 46 53 67 81 83 
0 3 8 16 27 32 39 46 54 66 74 81 
0 3 8 16 27 32 39 46 54 66 81 83 
0 3 10 15 24 38 40 45 53 65 74 80 
0 3 10 15 24 38 40 45 53 65 74 81 
0 3 10 15 24 38 40 45 53 66 74 80 
0 3 10 15 24 38 40 45 53 66 74 81 
0 3 10 15 24 38 40 45 53 66 81 83 
0 3 10 15 24 38 40 46 53 65 74 81 
0 3 10 15 24 38 40 46 53 66 74 81 
0 3 10 15 24 38 40 46 53 66 81 83 
0 3 10 15 24 38 40 46 53 66 82 83 
0 3 10 17 20 26 33 45 53 64 68 75 
0 3 10 17 20 26 33 45 53 64 68 76 
0 3 10 17 20 26 33 45 53 68 76 81 
0 3 10 17 20 26 33 46 53 63 68 76 
0 3 10 17 20 26 33 46 53 68 75 82 
0 3 10 17 20 26 33 46 53 68 76 81 
0 3 10 17 20 26 33 46 54 63 68 76 
0 3 10 17 20 26 33 46 54 68 75 82 
0 3 10 17 20 26 33 46 54 68 76 81 
0 3 10 17 20 26 33 47 54 64 68 75 
0 3 10 17 20 26 33 47 54 64 68 76 
0 3 10 17 20 26 33 47 54 68 75 82 
0 3 10 17 20 26 33 48 53 63 68 76 
0 3 10 17 20 26 33 48 53 64 68 75 
0 3 10 17 20 26 33 48 53 64 68 76 
0 3 10 17 24 32 39 45 53 67 75 80 
0 3 10 17 24 32 39 45 53 67 81 83 
0 3 10 17 24 32 39 45 53 68 74 80 
0 3 10 17 24 32 39 45 53 68 74 81 
0 3 10 17 24 32 39 45 53 68 75 80 
0 3 10 17 24 32 39 45 53 68 76 81 
0 3 10 17 24 32 39 46 53 67 75 82 
0 3 10 17 24 32 39 46 53 67 81 83 
0 3 10 17 24 32 39 46 53 67 82 83 
0 3 10 17 24 32 39 46 53 68 75 82 
0 3 10 17 24 32 39 46 53 68 76 81 
0 3 10 17 24 32 39 46 54 67 75 82 
0 3 10 17 24 32 39 46 54 67 81 83 
0 3 10 17 24 32 39 46 54 67 82 83 
0 3 10 17 24 32 39 46 54 68 75 82 
0 3 10 17 24 32 39 46 54 68 76 81 
0 3 10 17 24 38 40 45 53 65 74 80 
0 3 10 17 24 38 40 45 53 65 74 81 
0 3 10 17 24 38 40 45 53 67 75 80 
0 3 10 17 24 38 40 45 53 67 81 83 
0 3 10 17 24 38 40 45 53 68 74 80 
0 3 10 17 24 38 40 45 53 68 74 81 
0 3 10 17 24 38 40 45 53 68 75 80 
0 3 10 17 24 38 40 45 53 68 76 81 
0 3 10 17 24 38 40 46 53 67 81 83 
0 3 10 17 24 38 40 46 53 68 74 81 
0 3 10 17 24 38 40 46 53 68 76 81 
0 3 10 17 24 39 40 45 53 67 81 83 
0 3 10 17 24 39 40 45 53 68 74 80 
0 3 10 17 24 39 40 45 53 68 74 81 
0 3 10 17 24 39 40 45 53 68 75 80 
0 3 10 17 24 39 40 45 53 68 76 81 
0 3 10 17 24 39 40 46 53 67 75 82 
0 3 10 17 24 39 40 46 53 67 81 83 
0 3 10 17 24 39 40 46 53 67 82 83 
0 3 10 17 24 39 40 46 53 68 74 81 
0 3 10 17 24 39 40 46 53 68 76 81 
0 3 10 17 24 39 40 46 54 67 75 82 
0 3 10 17 24 39 40 46 54 67 81 83 
0 3 10 17 24 39 40 46 54 67 82 83 
0 3 10 17 24 39 40 46 54 68 74 81 
0 3 10 17 24 39 40 46 54 68 75 82 
0 3 10 17 24 39 40 46 54 68 76 81 
0 3 10 17 26 38 40 45 53 64 68 75 
0 3 10 17 26 38 40 45 53 64 68 76 
0 3 10 17 26 38 40 45 53 68 74 80 
0 3 10 17 26 38 40 45 53 68 74 81 
0 3 10 17 26 38 40 45 53 68 75 80 
0 3 10 17 26 38 40 45 53 68 76 81 
0 3 10 17 26 38 40 46 53 68 74 81 
0 3 10 17 26 38 40 46 53 68 76 81 
0 3 10 17 26 39 40 45 53 64 68 75 
0 3 10 17 26 39 40 45 53 64 68 76 
0 3 10 17 26 39 40 45 53 68 74 80 
0 3 10 17 26 39 40 45 53 68 74 81 
0 3 10 17 26 39 40 45 53 68 76 81 
0 3 10 17 26 39 40 46 53 68 74 81 
0 3 10 17 26 39 40 46 53 68 76 81 
0 3 10 20 26 30 33 45 53 64 68 75 
0 3 10 20 26 30 33 45 53 64 68 76 
0 3 10 20 26 30 33 45 53 64 69 76 
0 3 10 20 26 30 33 45 53 68 76 81 
0 3 10 20 26 30 33 45 53 69 76 81 
0 3 10 20 26 30 33 45 53 69 81 83 
0 3 10 20 26 30 33 46 53 63 68 76 
0 3 10 20 26 30 33 46 53 63 69 76 
0 3 10 20 26 30 33 46 53 68 76 81 
0 3 10 20 26 30 33 46 53 69 76 81 
0 3 10 20 26 30 33 46 53 69 81 83 
0 3 10 20 26 30 33 46 53 69 82 83 
0 3 10 20 26 30 33 48 53 63 68 76 
0 3 10 20 26 30 33 48 53 64 68 75 
0 3 10 20 26 30 33 48 53 64 68 76 
0 3 10 20 26 30 33 48 53 64 69 76 
0 3 10 20 26 30 34 45 53 64 68 76 
0 3 10 20 26 30 34 45 53 64 69 76 
0 3 10 20 26 30 34 45 53 68 76 81 
0 3 10 20 26 30 34 45 53 69 76 81 
0 3 10 20 26 30 34 45 53 69 81 83 
0 3 10 20 26 30 34 46 53 63 69 76 
0 3 10 20 26 30 34 46 53 63 69 77 
0 3 10 20 26 30 34 46 53 68 76 81 
0 3 10 20 26 30 34 46 53 69 76 81 
0 3 10 20 26 30 34 46 53 69 77 82 
0 3 10 20 26 30 34 46 53 69 81 83 
0 3 10 20 26 30 34 46 53 69 82 83 
0 3 10 20 26 30 34 48 53 63 69 76 
0 3 10 20 26 30 34 48 53 63 69 77 
0 3 10 20 26 30 34 48 53 64 69 76 
0 3 10 24 30 32 39 45 53 66 81 83 
0 3 10 24 30 32 39 45 53 68 76 81 
0 3 10 24 30 32 39 45 53 69 76 81 
0 3 10 24 30 32 39 45 53 69 81 83 
0 3 10 24 30 32 39 46 53 66 81 83 
0 3 10 24 30 32 39 46 53 68 76 81 
0 3 10 24 30 32 39 46 53 69 76 81 
0 3 10 24 30 32 39 46 53 69 81 83 
0 3 10 24 30 32 39 46 53 69 82 83 
0 3 10 24 30 38 40 45 53 66 74 80 
0 3 10 24 30 38 40 45 53 66 74 81 
0 3 10 24 30 38 40 45 53 66 81 83 
0 3 10 24 30 38 40 45 53 68 74 81 
0 3 10 24 30 38 40 45 53 68 75 80 
0 3 10 24 30 38 40 45 53 68 76 81 
0 3 10 24 30 38 40 45 53 69 76 81 
0 3 10 24 30 38 40 45 53 69 81 83 
0 3 10 24 30 38 40 46 53 66 74 81 
0 3 10 24 30 38 40 46 53 66 81 83 
0 3 10 24 30 38 40 46 53 68 74 81 
0 3 10 24 30 38 40 46 53 68 76 81 
0 3 10 24 30 38 40 46 53 69 76 81 
0 3 10 24 30 38 40 46 53 69 81 83 
0 3 10 24 30 39 40 45 53 66 81 83 
0 3 10 24 30 39 40 45 53 68 74 81 
0 3 10 24 30 39 40 45 53 68 76 81 
0 3 10 24 30 39 40 45 53 69 76 81 
0 3 10 24 30 39 40 45 53 69 81 83 
0 3 10 24 30 39 40 46 53 66 81 83 
0 3 10 24 30 39 40 46 53 68 76 81 
0 3 10 24 30 39 40 46 53 69 76 81 
0 3 10 24 30 39 40 46 53 69 81 83 
0 3 10 26 30 33 38 45 53 64 68 75 
0 3 10 26 30 33 38 45 53 64 68 76 
0 3 10 26 30 33 38 45 53 64 69 76 
0 3 10 26 30 33 38 45 53 66 74 80 
0 3 10 26 30 33 38 45 53 66 74 81 
0 3 10 26 30 33 38 45 53 66 81 83 
0 3 10 26 30 33 38 45 53 68 74 81 
0 3 10 26 30 33 38 45 53 68 76 81 
0 3 10 26 30 33 38 45 53 69 76 81 
0 3 10 26 30 33 38 45 53 69 81 83 
0 3 11 16 24 32 39 46 53 67 81 83 
0 3 11 16 24 39 40 46 53 66 81 83 
0 3 11 16 24 39 40 46 53 67 81 83 
0 3 11 16 26 38 40 45 53 64 67 75 
0 3 11 16 26 39 40 45 53 64 67 75 
0 3 11 16 26 39 40 46 53 66 81 83 
0 3 11 16 26 39 40 46 53 67 81 83 
0 3 11 20 26 30 33 46 53 69 82 83 
0 3 11 20 26 30 34 46 53 63 69 76 
0 4 9 16 24 39 40 45 53 67 75 80 
0 4 9 17 21 24 32 45 53 68 76 81 
0 4 9 17 21 24 32 46 53 68 76 81 
0 4 9 17 24 32 39 45 53 67 75 80 
0 4 11 21 26 30 33 46 53 68 75 82 
0 5 13 18 27 35 43 45 53 72 80 
0 5 13 20 26 33 43 45 53 72 80 
0 5 13 20 27 34 43 45 53 72 80 
0 6 13 19 26 34 43 45 53 72 80 
0 6 13 20 26 34 43 45 53 72 80 
0 6 14 19 26 34 43 45 53 72 80 
0 6 14 19 26 34 45 53 65 72 80 
0 6 14 19 26 34 45 53 65 74 80 
0 6 14 19 27 34 45 53 65 74 80 
0 6 14 19 27 35 45 53 65 74 80 
0 6 14 19 27 35 45 53 65 74 81 
