0 2 7 14 19 25 27 30 34 39 61 66 99 104 106 
0 2 7 14 19 25 30 35 47 51 61 66 90 95 100 
0 2 7 14 19 29 36 40 45 51 61 66 73 84 89 100 105 
0 2 7 14 19 29 36 40 45 61 66 73 78 84 89 100 104 
0 2 7 14 19 29 36 40 45 61 66 73 78 84 89 100 105 
0 2 7 14 19 29 36 41 45 61 66 73 78 84 89 100 104 
0 2 7 14 19 29 36 41 45 61 66 73 78 84 89 100 105 
0 2 7 14 19 29 36 41 51 61 66 73 84 89 96 100 105 
0 2 7 14 19 29 36 41 51 61 66 73 84 89 96 101 105 
0 2 7 14 19 29 40 44 49 61 66 73 78 84 88 94 104 
0 2 7 14 19 29 40 45 49 61 66 73 78 84 88 94 104 
0 2 7 14 19 29 40 45 49 61 66 73 78 84 89 94 104 
0 2 7 14 19 29 40 45 61 66 73 78 84 88 94 100 105 
0 2 7 14 19 29 40 45 61 66 73 78 84 89 94 100 105 
0 2 7 14 19 32 37 44 49 53 61 66 73 78 85 92 97 104 
0 2 7 14 19 36 40 45 53 61 66 73 78 84 89 100 105 
0 2 14 19 23 27 29 34 46 56 61 66 89 99 106 
0 2 14 19 25 27 29 34 46 56 61 66 89 99 106 
0 3 7 12 19 25 29 34 41 45 50 55 66 71 89 105 106 
0 3 7 12 19 25 29 34 41 46 50 55 66 71 89 105 106 
0 3 7 12 19 25 29 34 41 46 55 66 71 89 101 105 106 
0 3 7 12 19 25 29 34 45 50 55 66 71 89 98 105 106 
0 3 7 14 19 36 40 45 51 53 61 66 73 84 89 100 105 
0 3 7 14 19 36 41 45 51 53 61 66 73 84 89 100 105 
0 3 8 12 19 25 29 34 41 45 50 55 66 71 89 105 106 
