0 1 5 10 14 29 38 42 54 56 61 65 80 85 90 106 
0 1 5 10 14 29 38 42 54 56 65 69 80 85 90 106 
0 1 5 10 14 29 38 42 54 56 65 69 80 85 98 106 
0 1 5 14 18 29 38 42 54 56 65 69 80 85 98 106 
0 1 13 18 23 28 31 49 51 56 61 66 89 99 106 
0 3 8 13 18 23 30 35 40 45 55 60 65 82 95 100 105 
0 3 8 13 18 23 30 35 40 45 55 60 73 82 95 100 105 
0 3 8 13 18 23 30 35 40 45 56 61 66 89 99 106 
0 3 8 13 18 23 30 35 40 51 56 61 66 89 99 106 
0 3 8 13 18 30 35 40 45 56 61 66 81 84 89 106 
0 3 8 13 18 30 35 40 45 56 61 66 84 89 99 106 
0 3 8 13 18 30 35 47 51 56 61 66 81 84 89 106 
0 3 8 13 30 35 40 45 52 56 61 66 84 89 99 106 
0 3 8 13 30 35 40 51 52 56 61 66 81 84 89 106 
