0 1 5 8 16 21 28 32 36 41 46 50 52 65 84 94 
0 1 5 8 16 21 28 32 36 41 46 50 56 65 84 94 
0 1 5 8 16 21 28 32 37 41 46 50 56 65 84 94 
0 1 5 8 17 21 28 32 37 41 46 50 56 65 84 94 
0 1 5 8 21 27 28 37 41 46 57 61 65 70 78 102 
0 1 5 8 21 27 28 37 41 46 57 65 70 78 84 102 
0 1 5 8 21 28 32 37 41 46 50 56 65 84 94 102 
0 1 5 14 19 23 32 56 61 65 69 74 81 82 95 102 
0 1 5 14 19 28 32 46 56 61 65 70 74 80 82 102 
0 1 5 14 19 32 45 56 61 65 69 74 81 82 95 102 
0 1 5 14 19 32 46 56 61 65 69 74 80 82 95 102 
0 1 5 14 19 32 46 56 61 65 69 74 81 82 95 102 
0 1 5 14 19 32 46 56 61 65 70 74 80 82 95 102 
0 1 5 14 19 32 46 56 61 65 70 74 80 82 96 102 
0 1 5 14 19 32 46 56 61 65 70 74 81 82 95 102 
0 1 5 14 21 28 32 41 46 50 56 60 65 69 74 102 
0 1 5 14 21 28 32 41 46 50 56 60 65 70 74 102 
0 1 5 14 21 28 32 41 46 50 56 60 65 74 94 102 
0 1 5 14 21 28 32 41 46 56 60 65 70 74 82 102 
0 1 5 14 21 28 32 41 46 56 61 65 70 74 82 102 
0 1 5 14 23 28 32 41 50 56 60 65 69 74 81 102 
0 1 5 14 23 32 41 50 56 60 65 69 74 81 93 102 
0 1 5 14 23 32 41 50 56 60 65 69 74 81 95 102 
0 1 5 14 23 32 41 54 56 60 65 69 74 81 95 102 
0 1 5 14 23 32 41 56 60 65 69 74 81 82 95 102 
0 1 5 14 23 32 41 56 61 65 69 74 81 82 95 102 
0 1 5 14 28 32 41 45 50 56 60 65 69 74 81 102 
0 1 5 14 28 32 41 46 50 56 60 65 69 74 80 102 
0 1 5 14 28 32 41 46 50 56 60 65 69 74 81 102 
0 1 5 14 28 32 41 46 50 56 60 65 70 74 80 102 
0 1 5 14 28 32 41 46 50 56 60 65 70 74 81 102 
0 1 5 14 28 32 41 46 50 56 60 65 74 80 94 102 
0 1 5 14 28 32 41 46 50 56 60 65 74 81 94 102 
0 1 5 14 28 32 41 46 56 60 65 70 74 80 82 102 
0 1 5 14 28 32 41 46 56 60 65 70 74 81 82 102 
0 1 5 14 28 32 41 46 56 61 65 70 74 81 82 102 
0 1 5 14 32 41 45 50 56 60 65 69 74 81 93 102 
0 1 5 14 32 41 45 50 56 60 65 69 74 81 95 102 
0 1 5 14 32 41 45 54 56 60 65 69 74 81 95 102 
0 1 5 14 32 41 45 56 60 65 69 74 81 82 95 102 
0 1 5 14 32 41 46 56 60 65 69 74 81 82 95 102 
0 1 5 14 32 41 46 56 60 65 70 74 81 82 95 102 
0 1 5 14 32 41 46 56 61 65 70 74 81 82 95 102 
0 1 5 16 21 28 32 36 41 46 50 52 60 65 74 94 
0 1 5 16 21 28 32 36 41 46 50 52 65 84 94 97 
0 1 5 16 21 28 32 37 41 46 50 56 65 84 94 97 
0 1 5 16 21 32 36 41 46 50 52 65 84 94 97 104 
0 1 5 16 21 32 37 41 46 50 56 65 84 93 94 97 
0 1 5 16 21 32 37 41 46 50 56 65 84 94 97 104 
0 1 5 16 23 32 37 41 50 56 65 69 81 84 93 97 
0 1 5 16 28 32 36 41 46 50 52 60 65 74 81 94 
0 1 5 19 23 32 37 50 56 61 65 69 74 81 95 102 
0 1 5 19 28 32 37 46 50 56 61 65 70 74 80 102 
0 1 5 19 28 32 37 46 50 56 61 65 74 80 94 102 
0 1 5 19 32 37 45 50 56 61 65 69 74 81 95 102 
0 1 5 21 28 32 37 41 46 50 56 60 65 70 74 102 
0 1 5 21 28 32 37 41 46 50 56 60 65 74 94 102 
0 1 5 28 32 37 41 46 50 56 60 65 69 74 81 102 
0 4 9 15 22 24 36 40 49 55 64 68 73 83 105 107 
0 4 9 15 22 24 36 40 49 55 64 68 83 96 105 107 
0 4 9 15 24 36 40 45 49 55 64 73 81 83 92 93 
0 4 9 16 23 27 29 37 44 56 63 70 85 92 104 
0 4 9 18 22 24 29 36 49 55 60 64 68 73 101 106 
0 4 9 18 22 24 29 36 54 55 60 64 68 73 101 106 
0 4 9 18 22 24 36 49 55 60 64 68 73 101 105 106 
0 4 9 18 22 24 36 54 55 60 64 68 73 101 105 106 
0 4 9 18 22 29 36 43 49 51 55 60 68 86 101 106 
0 4 9 18 22 29 36 43 54 55 60 68 73 86 101 106 
0 4 9 18 22 29 36 49 55 60 64 68 73 86 101 106 
0 4 9 18 22 29 36 54 55 60 64 68 73 86 101 106 
0 4 9 18 22 36 54 55 60 64 68 73 86 101 105 106 
0 4 9 18 24 36 45 49 55 60 64 69 73 81 93 101 
0 4 9 18 24 36 45 49 55 60 64 73 81 92 93 101 
0 4 9 18 24 36 45 54 55 60 64 69 73 81 93 101 
0 4 9 18 24 36 45 54 55 60 64 69 73 81 95 101 
0 4 9 18 36 45 54 55 60 64 69 73 81 86 93 101 
0 4 9 22 24 36 40 54 55 60 64 68 73 101 105 106 
0 4 9 24 36 40 45 54 55 60 64 69 73 81 93 101 
0 4 18 24 32 36 45 50 52 60 64 69 74 81 93 101 
0 4 18 24 32 36 45 50 52 60 64 69 81 93 97 101 
0 4 18 24 32 36 45 50 56 60 64 69 81 93 97 101 
0 4 22 24 31 36 40 49 55 60 64 68 73 101 105 106 
0 4 24 31 36 40 44 49 55 60 64 68 73 101 105 107 
0 4 24 31 36 40 45 49 55 60 64 69 73 81 93 101 
0 57 60 63 66 69 72 75 78 81 100 103 
