0 1 10 14 18 22 27 46 58 62 67 78 92 96 101 105 
0 1 10 14 18 22 27 54 58 63 67 78 92 96 101 105 
0 1 10 14 18 22 46 50 58 62 78 87 92 96 101 105 
0 1 10 14 18 23 27 40 54 63 67 78 92 96 101 105 
0 1 10 14 18 23 27 47 59 63 67 78 92 96 101 105 
0 1 10 14 18 23 27 47 59 63 78 88 92 96 101 105 
0 1 10 14 18 23 27 54 58 63 67 78 92 96 101 105 
0 1 10 14 18 23 27 54 59 63 67 78 92 96 101 105 
0 1 10 14 18 23 40 45 50 78 82 87 92 96 101 105 
0 1 10 14 18 23 45 50 59 78 82 87 92 96 101 105 
0 1 10 14 18 23 50 59 64 78 82 87 92 96 101 105 
0 1 10 14 18 23 59 64 69 78 82 87 92 96 101 105 
0 1 10 14 18 27 42 46 58 62 67 78 92 96 101 105 
0 1 10 14 18 27 42 46 58 63 67 78 92 96 101 105 
0 1 10 14 18 27 42 46 58 67 78 83 92 96 101 105 
0 1 10 14 18 27 42 46 58 78 83 87 92 96 101 105 
0 1 10 14 18 27 42 46 58 78 83 88 92 96 101 105 
0 1 10 14 18 27 42 47 58 63 67 78 92 96 101 105 
0 1 10 14 18 27 42 47 58 63 78 88 92 96 101 105 
0 1 10 14 18 27 42 54 58 63 67 78 92 96 101 105 
0 1 10 14 18 42 46 50 58 62 78 87 92 96 101 105 
0 1 10 14 18 42 46 50 58 78 83 87 92 96 101 105 
0 1 10 14 18 42 46 58 69 78 83 87 92 96 101 105 
0 1 10 14 19 23 27 36 40 54 63 67 92 96 101 105 
0 1 10 14 19 23 27 36 47 59 63 67 92 96 101 105 
0 1 10 14 19 23 27 36 47 59 63 88 92 96 101 105 
0 1 10 14 19 23 27 47 55 59 63 67 92 96 101 105 
0 1 10 14 19 23 27 47 55 59 63 88 92 96 101 105 
0 1 10 14 19 23 27 47 59 63 67 78 92 96 101 105 
0 1 10 14 19 23 27 47 59 63 78 88 92 96 101 105 
0 1 10 14 19 23 27 54 55 59 63 67 92 96 101 105 
0 1 10 14 19 23 27 54 59 63 67 78 92 96 101 105 
0 1 10 14 19 23 36 40 45 50 82 87 92 96 101 105 
0 1 10 14 19 23 36 41 45 50 82 87 92 96 101 105 
0 1 10 14 19 23 36 45 50 59 82 87 92 96 101 105 
0 1 10 14 19 23 36 50 59 64 82 87 92 96 101 105 
0 1 10 14 19 23 45 50 55 59 82 87 92 96 101 105 
0 1 10 14 19 23 45 50 59 78 82 87 92 96 101 105 
0 1 10 14 19 23 50 55 59 64 82 87 92 96 101 105 
0 1 10 14 19 23 50 59 64 78 82 87 92 96 101 105 
0 1 10 14 19 23 55 59 64 69 82 87 92 96 101 105 
0 1 10 14 19 23 59 64 69 78 82 87 92 96 101 105 
0 1 10 14 19 25 27 36 41 46 62 67 92 96 101 105 
0 1 10 14 19 25 27 36 41 46 67 83 92 96 101 105 
0 1 10 14 19 25 27 36 41 46 83 87 92 96 101 105 
0 1 10 14 19 25 27 36 41 46 83 88 92 96 101 105 
0 1 10 14 19 25 27 41 46 55 62 67 92 96 101 105 
0 1 10 14 19 25 27 41 46 55 67 83 92 96 101 105 
0 1 10 14 19 25 27 41 46 55 83 87 92 96 101 105 
0 1 10 14 19 25 27 41 46 55 83 88 92 96 101 105 
0 1 10 14 19 25 27 46 55 60 67 83 92 96 101 105 
0 1 10 14 19 25 27 46 55 60 83 87 92 96 101 105 
0 1 10 14 19 25 27 46 55 60 83 88 92 96 101 105 
0 1 10 14 19 25 27 55 60 65 83 88 92 96 101 105 
0 1 10 14 19 25 36 41 45 50 82 87 92 96 101 105 
0 1 10 14 19 25 36 41 46 50 62 87 92 96 101 105 
0 1 10 14 19 25 36 41 46 50 82 87 92 96 101 105 
0 1 10 14 19 25 36 41 46 50 83 87 92 96 101 105 
0 1 10 14 19 25 36 41 46 69 83 87 92 96 101 105 
0 1 10 14 19 25 36 41 50 64 82 87 92 96 101 105 
0 1 10 14 19 25 36 41 64 69 82 87 92 96 101 105 
0 1 10 14 19 25 41 45 50 55 82 87 92 96 101 105 
0 1 10 14 19 25 41 46 50 55 62 87 92 96 101 105 
0 1 10 14 19 25 41 46 50 55 82 87 92 96 101 105 
0 1 10 14 19 25 41 46 50 55 83 87 92 96 101 105 
0 1 10 14 19 25 41 46 55 69 83 87 92 96 101 105 
0 1 10 14 19 25 41 50 55 64 82 87 92 96 101 105 
0 1 10 14 19 25 41 55 64 69 82 87 92 96 101 105 
0 1 10 14 19 25 46 50 55 60 83 87 92 96 101 105 
0 1 10 14 19 25 46 55 60 69 83 87 92 96 101 105 
0 1 10 14 19 25 48 55 60 64 69 87 92 96 101 105 
0 1 10 14 19 25 50 55 59 64 82 87 92 96 101 105 
0 1 10 14 19 25 50 55 60 64 82 87 92 96 101 105 
0 1 10 14 19 25 55 59 64 69 82 87 92 96 101 105 
0 1 10 14 19 25 55 60 64 69 82 87 92 96 101 105 
0 1 10 14 19 25 55 60 64 69 83 87 92 96 101 105 
0 1 10 14 19 25 55 60 65 69 83 87 92 96 101 105 
0 1 10 14 19 27 36 41 46 57 62 67 92 96 101 105 
0 1 10 14 19 27 43 47 55 59 63 67 92 96 101 105 
0 1 10 14 19 27 43 47 55 59 63 88 92 96 101 105 
0 1 10 14 19 27 43 47 55 59 84 88 92 96 101 105 
0 1 10 14 19 36 41 45 50 57 82 87 92 96 101 105 
0 1 10 14 19 36 41 46 50 57 62 87 92 96 101 105 
0 1 10 14 19 43 48 55 59 64 69 87 92 96 101 105 
0 1 10 14 19 43 50 55 59 64 82 87 92 96 101 105 
0 1 10 14 19 43 55 59 64 69 82 87 92 96 101 105 
0 1 10 14 23 27 38 47 59 63 67 78 92 96 101 105 
0 1 10 14 23 27 38 47 59 63 78 88 92 96 101 105 
0 1 10 14 23 27 38 54 59 63 67 78 92 96 101 105 
0 1 10 14 23 38 45 50 59 78 82 87 92 96 101 105 
0 1 10 14 23 38 50 59 64 78 82 87 92 96 101 105 
0 1 10 14 23 38 59 64 69 78 82 87 92 96 101 105 
0 1 10 14 27 38 42 46 52 67 78 83 92 96 101 105 
0 1 10 14 27 38 42 46 52 78 83 87 92 96 101 105 
0 1 10 14 27 38 42 46 52 78 83 88 92 96 101 105 
0 1 10 14 27 38 42 46 58 62 67 78 92 96 101 105 
0 1 10 14 27 38 42 46 58 63 67 78 92 96 101 105 
0 1 10 14 27 38 42 46 58 67 78 83 92 96 101 105 
0 1 10 14 27 38 42 46 58 78 83 87 92 96 101 105 
0 1 10 14 27 38 42 46 58 78 83 88 92 96 101 105 
0 1 10 14 27 38 42 47 52 63 67 78 92 96 101 105 
0 1 10 14 27 38 42 47 52 63 78 88 92 96 101 105 
0 1 10 14 27 38 42 47 52 78 83 88 92 96 101 105 
0 1 10 14 27 38 42 47 52 78 84 88 92 96 101 105 
0 1 10 14 27 38 42 47 58 63 67 78 92 96 101 105 
0 1 10 14 27 38 42 47 58 63 78 88 92 96 101 105 
0 1 10 14 27 38 42 47 59 63 67 78 92 96 101 105 
0 1 10 14 27 38 42 47 59 63 78 88 92 96 101 105 
0 1 10 14 27 38 42 54 58 63 67 78 92 96 101 105 
0 1 10 14 27 38 43 47 59 63 67 78 92 96 101 105 
0 1 10 14 27 38 43 47 59 63 78 88 92 96 101 105 
0 1 10 14 27 38 43 47 59 78 84 88 92 96 101 105 
0 1 10 14 38 42 46 50 52 78 83 87 92 96 101 105 
0 1 10 14 38 42 46 50 58 62 78 87 92 96 101 105 
0 1 10 14 38 42 46 50 58 78 83 87 92 96 101 105 
0 1 10 14 38 42 46 52 69 78 83 87 92 96 101 105 
0 1 10 14 38 42 46 58 69 78 83 87 92 96 101 105 
0 1 10 14 38 42 52 65 69 78 83 87 92 96 101 105 
0 1 10 14 38 43 48 59 64 69 78 87 92 96 101 105 
0 1 10 14 38 43 50 59 64 78 82 87 92 96 101 105 
0 1 10 14 38 43 59 64 69 78 82 87 92 96 101 105 
0 1 10 15 19 23 27 32 36 40 54 63 67 92 96 101 
0 1 10 15 19 23 27 32 36 47 59 63 67 92 96 101 
0 1 10 15 19 23 27 32 36 47 59 63 88 92 96 101 
0 1 10 15 19 23 27 32 36 54 59 63 67 92 96 101 
0 1 10 15 19 23 27 32 47 55 59 63 67 92 96 101 
0 1 10 15 19 23 27 32 47 55 59 63 88 92 96 101 
0 1 10 15 19 23 27 32 54 55 59 63 67 92 96 101 
0 1 10 15 19 23 27 47 55 59 63 67 81 92 96 101 
0 1 10 15 19 23 27 47 55 59 63 67 92 96 101 105 
0 1 10 15 19 23 27 47 55 59 63 81 88 92 96 101 
0 1 10 15 19 23 27 47 55 59 63 88 92 96 101 105 
0 1 10 15 19 23 27 54 55 59 63 67 81 92 96 101 
0 1 10 15 19 23 27 54 55 59 63 67 92 96 101 105 
0 1 10 15 19 23 32 36 40 45 50 82 87 92 96 101 
0 1 10 15 19 23 32 36 41 45 50 82 87 92 96 101 
0 1 10 15 19 23 32 36 45 50 59 82 87 92 96 101 
0 1 10 15 19 23 32 36 50 59 64 82 87 92 96 101 
0 1 10 15 19 23 32 36 59 64 69 82 87 92 96 101 
0 1 10 15 19 23 32 45 50 55 59 82 87 92 96 101 
0 1 10 15 19 23 32 50 55 59 64 82 87 92 96 101 
0 1 10 15 19 23 32 55 59 64 69 82 87 92 96 101 
0 1 10 15 19 23 45 50 55 59 81 82 87 92 96 101 
0 1 10 15 19 23 45 50 55 59 82 87 92 96 101 105 
0 1 10 15 19 23 50 55 59 64 81 82 87 92 96 101 
0 1 10 15 19 23 50 55 59 64 82 87 92 96 101 105 
0 1 10 15 19 23 55 59 64 69 81 82 87 92 96 101 
0 1 10 15 19 23 55 59 64 69 82 87 92 96 101 105 
0 1 10 15 19 25 27 32 36 41 46 62 67 92 96 101 
0 1 10 15 19 25 27 32 36 41 46 67 83 92 96 101 
0 1 10 15 19 25 27 32 36 41 46 83 87 92 96 101 
0 1 10 15 19 25 27 32 36 41 46 83 88 92 96 101 
0 1 10 15 19 25 27 32 37 41 46 62 67 92 96 101 
0 1 10 15 19 25 27 32 37 41 46 67 83 92 96 101 
0 1 10 15 19 25 27 32 37 41 46 83 87 92 96 101 
0 1 10 15 19 25 27 32 37 41 46 83 88 92 96 101 
0 1 10 15 19 25 27 32 41 46 55 62 67 92 96 101 
0 1 10 15 19 25 27 32 41 46 55 67 83 92 96 101 
0 1 10 15 19 25 27 32 41 46 55 83 87 92 96 101 
0 1 10 15 19 25 27 32 46 55 60 67 83 92 96 101 
0 1 10 15 19 25 27 32 46 55 60 83 87 92 96 101 
0 1 10 15 19 25 27 41 46 55 62 67 81 92 96 101 
0 1 10 15 19 25 27 41 46 55 62 67 92 96 101 105 
0 1 10 15 19 25 27 41 46 55 67 81 83 92 96 101 
0 1 10 15 19 25 27 41 46 55 67 83 92 96 101 105 
0 1 10 15 19 25 27 41 46 55 81 83 87 92 96 101 
0 1 10 15 19 25 27 41 46 55 81 83 88 92 96 101 
0 1 10 15 19 25 27 41 46 55 83 87 92 96 101 105 
0 1 10 15 19 25 27 41 46 55 83 88 92 96 101 105 
0 1 10 15 19 25 27 46 55 60 67 81 83 92 96 101 
0 1 10 15 19 25 27 46 55 60 67 83 92 96 101 105 
0 1 10 15 19 25 27 46 55 60 81 83 87 92 96 101 
0 1 10 15 19 25 27 46 55 60 81 83 88 92 96 101 
0 1 10 15 19 25 27 46 55 60 83 87 92 96 101 105 
0 1 10 15 19 25 27 46 55 60 83 88 92 96 101 105 
0 1 10 15 19 25 27 55 60 65 81 83 88 92 96 101 
0 1 10 15 19 25 27 55 60 65 83 88 92 96 101 105 
0 1 10 15 19 25 32 36 41 45 50 82 87 92 96 101 
0 1 10 15 19 25 32 36 41 46 50 62 87 92 96 101 
0 1 10 15 19 25 32 36 41 46 50 82 87 92 96 101 
0 1 10 15 19 25 32 36 41 46 50 83 87 92 96 101 
0 1 10 15 19 25 32 36 41 46 69 83 87 92 96 101 
0 1 10 15 19 25 32 36 41 50 64 82 87 92 96 101 
0 1 10 15 19 25 32 36 41 64 69 82 87 92 96 101 
0 1 10 15 19 25 32 37 41 45 50 82 87 92 96 101 
0 1 10 15 19 25 32 37 41 46 50 62 87 92 96 101 
0 1 10 15 19 25 32 37 41 46 50 82 87 92 96 101 
0 1 10 15 19 25 32 37 41 46 50 83 87 92 96 101 
0 1 10 15 19 25 32 37 41 46 69 83 87 92 96 101 
0 1 10 15 19 25 32 37 41 50 64 82 87 92 96 101 
0 1 10 15 19 25 32 37 41 64 69 82 87 92 96 101 
0 1 10 15 19 25 32 41 46 50 55 62 87 92 96 101 
0 1 10 15 19 25 32 41 46 50 55 82 87 92 96 101 
0 1 10 15 19 25 32 41 46 50 55 83 87 92 96 101 
0 1 10 15 19 25 32 41 46 55 69 83 87 92 96 101 
0 1 10 15 19 25 32 41 50 55 64 82 87 92 96 101 
0 1 10 15 19 25 32 46 50 55 60 83 87 92 96 101 
0 1 10 15 19 25 41 45 50 55 81 82 87 92 96 101 
0 1 10 15 19 25 41 45 50 55 82 87 92 96 101 105 
0 1 10 15 19 25 41 46 50 55 81 82 87 92 96 101 
0 1 10 15 19 25 41 46 50 55 81 83 87 92 96 101 
0 1 10 15 19 25 41 46 50 55 82 87 92 96 101 105 
0 1 10 15 19 25 41 46 50 55 83 87 92 96 101 105 
0 1 10 15 19 25 41 46 55 69 81 83 87 92 96 101 
0 1 10 15 19 25 41 46 55 69 83 87 92 96 101 105 
0 1 10 15 19 25 41 50 55 64 82 87 92 96 101 105 
0 1 10 15 19 25 46 50 55 60 81 83 87 92 96 101 
0 1 10 15 19 25 46 50 55 60 83 87 92 96 101 105 
0 1 10 15 19 25 46 55 60 69 81 83 87 92 96 101 
0 1 10 15 19 25 46 55 60 69 83 87 92 96 101 105 
0 1 10 15 19 25 50 55 59 64 81 82 87 92 96 101 
0 1 10 15 19 25 50 55 59 64 82 87 92 96 101 105 
0 1 10 15 19 25 50 55 60 64 81 82 87 92 96 101 
0 1 10 15 19 25 50 55 60 64 82 87 92 96 101 105 
0 1 10 15 19 25 55 59 64 69 81 82 87 92 96 101 
0 1 10 15 19 25 55 59 64 69 82 87 92 96 101 105 
0 1 10 15 19 25 55 60 64 69 81 82 87 92 96 101 
0 1 10 15 19 25 55 60 64 69 81 83 87 92 96 101 
0 1 10 15 19 25 55 60 64 69 83 87 92 96 101 105 
0 1 10 15 19 27 32 36 41 46 57 62 67 92 96 101 
0 1 10 15 19 27 32 43 47 55 59 63 67 92 96 101 
0 1 10 15 19 27 43 47 55 59 63 67 81 92 96 101 
0 1 10 15 19 27 43 47 55 59 63 67 92 96 101 105 
0 1 10 15 19 27 43 47 55 59 63 81 88 92 96 101 
0 1 10 15 19 27 43 47 55 59 63 88 92 96 101 105 
0 1 10 15 19 27 43 47 55 59 81 84 88 92 96 101 
0 1 10 15 19 27 43 47 55 59 84 88 92 96 101 105 
0 1 10 15 19 32 36 41 46 50 57 62 87 92 96 101 
0 1 10 15 19 43 48 55 59 64 69 81 87 92 96 101 
0 1 10 15 19 43 48 55 59 64 69 87 92 96 101 105 
0 1 10 15 19 43 50 55 59 64 81 82 87 92 96 101 
0 1 10 15 19 43 50 55 59 64 82 87 92 96 101 105 
0 1 10 15 19 43 55 59 64 69 81 82 87 92 96 101 
0 1 10 15 19 43 55 59 64 69 82 87 92 96 101 105 
0 1 10 15 20 25 27 32 37 41 46 62 67 92 96 101 
0 1 10 15 20 25 27 32 37 41 46 83 87 92 96 101 
0 1 10 15 20 25 27 32 37 41 46 83 88 92 96 101 
0 1 10 15 20 25 27 32 37 42 46 83 87 92 96 101 
0 1 10 15 20 25 27 32 37 42 46 83 88 92 96 101 
0 1 10 15 20 25 27 32 37 60 65 83 88 92 96 101 
0 1 10 15 20 25 27 37 41 46 62 67 81 92 96 101 
0 1 10 15 20 25 27 37 41 46 81 83 87 92 96 101 
0 1 10 15 20 25 27 37 41 46 81 83 88 92 96 101 
0 1 10 15 20 25 27 37 42 46 81 83 87 92 96 101 
0 1 10 15 20 25 27 37 42 46 81 83 88 92 96 101 
0 1 10 15 20 25 27 37 60 65 81 83 88 92 96 101 
0 1 10 15 20 25 27 46 55 60 81 83 87 92 96 101 
0 1 10 15 20 25 27 46 55 60 81 83 88 92 96 101 
0 1 10 15 20 25 27 46 56 60 81 83 87 92 96 101 
0 1 10 15 20 25 27 46 56 60 81 83 88 92 96 101 
0 1 10 15 20 25 27 55 60 65 81 83 88 92 96 101 
0 1 10 15 20 25 27 56 60 65 81 83 88 92 96 101 
0 1 10 15 20 25 32 37 41 45 50 82 87 92 96 101 
0 1 10 15 20 25 32 37 41 46 50 82 87 92 96 101 
0 1 10 15 20 25 32 37 41 46 50 83 87 92 96 101 
0 1 10 15 20 25 32 37 41 46 69 83 87 92 96 101 
0 1 10 15 20 25 32 37 41 50 64 82 87 92 96 101 
0 1 10 15 20 25 32 37 41 64 69 82 87 92 96 101 
0 1 10 15 20 25 32 37 42 46 50 83 87 92 96 101 
0 1 10 15 20 25 32 37 42 46 69 83 87 92 96 101 
0 1 10 15 20 25 32 37 46 60 69 83 87 92 96 101 
0 1 10 15 20 25 32 37 50 60 64 82 87 92 96 101 
0 1 10 15 20 25 37 41 45 50 81 82 87 92 96 101 
0 1 10 15 20 25 37 41 46 50 81 82 87 92 96 101 
0 1 10 15 20 25 37 41 46 50 81 83 87 92 96 101 
0 1 10 15 20 25 37 41 46 69 81 83 87 92 96 101 
0 1 10 15 20 25 37 41 50 64 81 82 87 92 96 101 
0 1 10 15 20 25 37 41 64 69 81 82 87 92 96 101 
0 1 10 15 20 25 37 42 46 50 81 83 87 92 96 101 
0 1 10 15 20 25 37 42 46 69 81 83 87 92 96 101 
0 1 10 15 20 25 37 46 60 69 81 83 87 92 96 101 
0 1 10 15 20 25 46 50 55 60 81 83 87 92 96 101 
0 1 10 15 20 25 46 50 56 60 81 83 87 92 96 101 
0 1 10 15 20 25 50 55 60 64 81 82 87 92 96 101 
0 1 10 15 20 25 50 56 60 64 81 82 87 92 96 101 
0 1 10 15 20 27 32 37 42 46 52 83 87 92 96 101 
0 1 10 15 20 27 32 37 42 46 52 83 88 92 96 101 
0 1 10 15 20 27 32 37 42 46 58 62 67 92 96 101 
0 1 10 15 20 27 32 37 42 46 58 63 67 92 96 101 
0 1 10 15 20 27 32 37 42 46 58 67 83 92 96 101 
0 1 10 15 20 27 32 37 42 46 58 83 87 92 96 101 
0 1 10 15 20 27 32 37 42 46 58 83 88 92 96 101 
0 1 10 15 20 27 32 37 42 47 52 63 67 92 96 101 
0 1 10 15 20 27 32 37 42 47 52 63 88 92 96 101 
0 1 10 15 20 27 32 37 42 47 52 83 88 92 96 101 
0 1 10 15 20 27 32 37 42 47 52 84 88 92 96 101 
0 1 10 15 20 27 32 37 42 47 58 63 67 92 96 101 
0 1 10 15 20 27 32 37 42 47 58 63 88 92 96 101 
0 1 10 15 20 27 32 37 42 54 58 63 67 92 96 101 
0 1 10 15 20 27 37 42 46 52 81 83 87 92 96 101 
0 1 10 15 20 27 37 42 46 52 81 83 88 92 96 101 
0 1 10 15 20 27 37 42 46 58 62 67 81 92 96 101 
0 1 10 15 20 27 37 42 46 58 63 67 81 92 96 101 
0 1 10 15 20 27 37 42 46 58 67 81 83 92 96 101 
0 1 10 15 20 27 37 42 46 58 81 83 88 92 96 101 
0 1 10 15 20 27 37 42 47 52 63 67 81 92 96 101 
0 1 10 15 20 27 37 42 47 52 63 81 88 92 96 101 
0 1 10 15 20 27 37 42 47 52 81 83 88 92 96 101 
0 1 10 15 20 27 37 42 47 52 81 84 88 92 96 101 
0 1 10 15 20 27 37 42 47 58 63 67 81 92 96 101 
0 1 10 15 20 27 37 42 47 58 63 81 88 92 96 101 
0 1 10 15 20 27 37 42 54 58 63 67 81 92 96 101 
0 1 10 15 20 27 42 46 52 56 81 83 87 92 96 101 
0 1 10 15 20 27 42 46 52 56 81 83 88 92 96 101 
0 1 10 15 20 27 42 47 52 56 63 67 81 92 96 101 
0 1 10 15 20 27 42 47 52 56 81 83 88 92 96 101 
0 1 10 15 20 27 42 47 52 56 81 84 88 92 96 101 
0 1 10 15 20 27 47 52 56 61 81 84 88 92 96 101 
0 1 10 15 20 27 52 56 60 65 81 83 88 92 96 101 
0 1 10 15 20 27 52 56 61 65 81 83 88 92 96 101 
0 1 10 15 20 32 37 42 46 50 52 83 87 92 96 101 
0 1 10 15 20 32 37 42 46 50 58 62 87 92 96 101 
0 1 10 15 20 32 37 42 46 52 69 83 87 92 96 101 
0 1 10 15 20 37 42 46 50 52 81 83 87 92 96 101 
0 1 10 15 20 37 42 46 50 58 62 81 87 92 96 101 
0 1 10 15 20 37 42 46 52 69 81 83 87 92 96 101 
0 1 10 15 20 42 46 50 52 56 81 83 87 92 96 101 
0 1 10 15 20 42 46 52 56 69 81 83 87 92 96 101 
0 1 10 15 22 27 32 37 46 58 62 67 79 92 96 101 
0 1 10 15 22 27 32 37 54 58 63 67 79 92 96 101 
0 1 10 15 25 27 32 37 41 46 62 67 79 92 96 101 
0 1 10 15 25 27 32 37 41 46 67 79 83 92 96 101 
0 1 10 15 25 27 32 37 41 46 79 83 87 92 96 101 
0 1 10 15 25 27 32 37 41 46 79 83 88 92 96 101 
0 1 10 15 25 32 37 41 46 50 62 79 87 92 96 101 
0 1 10 15 25 32 37 41 46 50 79 83 87 92 96 101 
0 1 10 15 27 32 37 41 46 57 62 67 79 92 96 101 
0 1 10 15 27 32 37 41 46 58 62 67 79 92 96 101 
0 1 10 15 27 32 37 42 46 58 62 67 79 92 96 101 
0 1 10 15 27 32 37 42 46 58 63 67 79 92 96 101 
0 1 10 15 27 32 37 42 46 58 67 79 83 92 96 101 
0 1 10 15 27 32 37 42 46 58 79 83 87 92 96 101 
0 1 10 15 27 32 37 42 46 58 79 83 88 92 96 101 
0 1 10 15 27 32 37 42 47 58 63 67 79 92 96 101 
0 1 10 15 27 32 37 42 47 58 63 79 88 92 96 101 
0 1 10 15 27 39 43 47 53 55 81 84 88 92 96 101 
0 1 10 15 27 39 43 47 55 59 63 67 81 92 96 101 
0 1 10 15 27 39 43 47 55 59 63 81 88 92 96 101 
0 1 10 15 27 39 43 47 55 59 81 84 88 92 96 101 
0 1 10 15 27 39 44 55 60 65 81 83 88 92 96 101 
0 1 10 15 32 37 41 45 50 57 79 82 87 92 96 101 
0 1 10 15 32 37 41 46 50 57 62 79 87 92 96 101 
0 1 10 15 32 37 41 46 50 58 62 79 87 92 96 101 
0 1 10 15 32 37 42 46 50 58 62 79 87 92 96 101 
0 1 10 15 32 37 42 46 50 58 79 83 87 92 96 101 
0 1 10 15 32 37 42 46 58 69 79 83 87 92 96 101 
0 1 10 15 39 43 50 55 59 64 81 82 87 92 96 101 
0 1 10 19 27 34 43 47 55 59 63 67 92 96 101 105 
0 1 10 19 27 34 43 47 55 59 63 88 92 96 101 105 
0 1 10 21 27 34 38 42 46 52 83 87 92 96 101 105 
0 1 10 21 27 34 38 42 46 52 83 88 92 96 101 105 
0 1 10 21 27 34 38 42 47 52 63 67 92 96 101 105 
0 1 10 21 27 34 38 42 47 52 83 88 92 96 101 105 
0 1 10 21 27 34 38 42 47 52 84 88 92 96 101 105 
0 1 10 21 27 34 38 43 47 52 84 88 92 96 101 105 
0 1 10 21 27 34 38 43 47 53 84 88 92 96 101 105 
0 1 10 21 27 34 38 43 47 59 84 88 92 96 101 105 
0 1 10 21 27 34 38 52 61 65 83 88 92 96 101 105 
0 1 10 21 34 38 42 46 50 52 83 87 92 96 101 105 
0 1 10 23 34 38 45 50 59 78 82 87 92 96 101 105 
0 1 10 23 34 38 50 59 64 78 82 87 92 96 101 105 
0 1 10 25 27 34 39 46 55 60 83 87 92 96 101 105 
0 1 10 25 27 34 39 46 55 60 83 88 92 96 101 105 
0 1 10 25 34 39 46 50 55 60 83 87 92 96 101 105 
0 1 10 25 34 39 50 55 60 64 82 87 92 96 101 105 
0 1 10 27 34 38 42 46 52 78 83 87 92 96 101 105 
0 1 10 27 34 38 42 46 52 78 83 88 92 96 101 105 
0 1 10 27 34 38 42 46 58 78 83 87 92 96 101 105 
0 1 10 27 34 38 42 46 58 78 83 88 92 96 101 105 
0 1 10 27 34 38 42 47 52 63 78 88 92 96 101 105 
0 1 10 27 34 38 42 47 52 78 83 88 92 96 101 105 
0 1 10 27 34 38 42 47 52 78 84 88 92 96 101 105 
0 1 10 27 34 39 43 47 53 55 84 88 92 96 101 105 
0 1 10 27 34 39 43 47 55 59 63 88 92 96 101 105 
0 1 10 27 34 39 43 47 55 59 84 88 92 96 101 105 
0 1 12 16 20 25 27 29 33 37 41 46 62 67 92 96 
0 1 12 16 20 25 27 29 33 37 41 46 83 87 92 96 
0 1 12 16 20 25 27 29 33 37 41 46 83 88 92 96 
0 1 12 16 20 25 27 29 33 37 42 46 83 87 92 96 
0 1 12 16 20 25 27 29 33 37 42 46 83 88 92 96 
0 1 12 16 20 25 27 29 33 37 60 65 83 88 92 96 
0 1 12 16 20 25 27 29 33 46 56 60 83 87 92 96 
0 1 12 16 20 25 27 29 33 46 56 60 83 88 92 96 
0 1 12 16 20 25 27 29 33 56 60 65 83 88 92 96 
0 1 12 16 20 25 27 29 46 56 60 80 83 87 92 96 
0 1 12 16 20 25 27 29 46 56 60 80 83 88 92 96 
0 1 12 16 20 25 27 29 56 60 65 80 83 88 92 96 
0 1 12 16 20 25 29 33 37 41 45 50 82 87 92 96 
0 1 12 16 20 25 29 33 37 41 46 50 82 87 92 96 
0 1 12 16 20 25 29 33 37 41 46 50 83 87 92 96 
0 1 12 16 20 25 29 33 37 42 46 50 83 87 92 96 
0 1 12 16 20 25 29 33 37 50 60 64 82 87 92 96 
0 1 12 16 20 25 29 33 46 50 56 60 83 87 92 96 
0 1 12 16 20 25 29 33 50 56 60 64 82 87 92 96 
0 1 12 16 20 25 29 46 50 56 60 80 83 87 92 96 
0 1 12 16 20 27 29 33 37 42 46 52 83 87 92 96 
0 1 12 16 20 27 29 33 37 42 46 52 83 88 92 96 
0 1 12 16 20 27 29 33 37 42 47 52 83 88 92 96 
0 1 12 16 20 27 29 33 37 42 47 52 84 88 92 96 
0 1 12 16 20 27 29 33 37 42 47 58 63 88 92 96 
0 1 12 16 20 27 29 33 38 42 46 52 83 87 92 96 
0 1 12 16 20 27 29 33 38 42 46 52 83 88 92 96 
0 1 12 16 20 27 29 33 38 42 47 52 63 67 92 96 
0 1 12 16 20 27 29 33 38 42 47 52 83 88 92 96 
0 1 12 16 20 27 29 33 52 56 60 65 83 88 92 96 
0 1 12 16 20 27 29 33 52 56 61 65 83 88 92 96 
0 1 12 16 20 27 29 42 46 52 56 80 83 87 92 96 
0 1 12 16 20 27 29 42 46 52 56 80 83 88 92 96 
0 1 12 16 20 27 29 42 47 52 56 63 67 80 92 96 
0 1 12 16 20 29 33 37 42 46 50 52 83 87 92 96 
0 1 12 16 20 29 33 37 42 46 50 58 62 87 92 96 
0 1 12 16 20 29 33 38 42 46 50 52 83 87 92 96 
0 1 12 16 20 29 42 46 50 52 56 80 83 87 92 96 
0 1 12 16 21 27 29 33 38 42 46 52 83 87 92 96 
0 1 12 16 21 27 29 33 38 42 46 52 83 88 92 96 
0 1 12 16 21 27 29 33 38 52 61 65 83 88 92 96 
0 1 12 16 21 27 29 34 38 42 46 52 83 87 92 96 
0 1 12 16 21 27 29 34 38 52 61 65 83 88 92 96 
0 1 12 16 21 29 33 38 42 46 50 52 83 87 92 96 
0 1 12 16 21 29 33 38 43 50 59 64 82 87 92 96 
0 1 12 16 21 29 34 38 42 46 50 52 83 87 92 96 
0 1 12 16 21 29 34 38 43 50 59 64 82 87 92 96 
0 1 12 16 23 29 33 38 45 50 59 78 82 87 92 96 
0 1 12 16 23 29 33 38 50 59 64 78 82 87 92 96 
0 1 12 16 29 33 38 42 46 50 58 62 78 87 92 96 
0 1 12 16 29 33 38 42 46 50 58 78 83 87 92 96 
0 1 12 16 29 33 38 43 50 59 64 78 82 87 92 96 
0 1 12 17 21 29 34 38 42 46 50 52 83 87 92 96 
0 1 12 17 21 29 34 38 43 50 59 64 82 87 92 96 
0 1 12 17 25 29 34 39 50 55 60 64 82 87 92 96 
0 1 14 18 23 29 40 45 50 78 82 87 92 96 100 105 
0 1 14 18 23 29 45 50 59 78 82 87 92 96 100 105 
0 1 14 18 23 29 50 59 64 78 82 87 92 96 100 105 
0 1 14 18 27 29 42 47 58 63 78 88 92 96 100 105 
0 1 14 19 23 29 36 40 45 50 82 87 92 96 100 105 
0 1 14 19 23 29 36 41 45 50 82 87 92 96 100 105 
0 1 14 19 23 29 45 50 55 59 82 87 92 96 100 105 
0 1 14 19 23 29 45 50 59 78 82 87 92 96 100 105 
0 1 14 19 23 29 50 55 59 64 82 87 92 96 100 105 
0 1 14 19 23 29 50 59 64 78 82 87 92 96 100 105 
0 1 14 19 25 27 29 36 41 46 83 87 92 96 100 105 
0 1 14 19 25 27 29 36 41 46 83 88 92 96 100 105 
0 1 14 19 25 27 29 41 46 55 83 87 92 96 100 105 
0 1 14 19 25 27 29 41 46 55 83 88 92 96 100 105 
0 1 14 19 25 27 29 46 55 60 83 87 92 96 100 105 
0 1 14 19 25 27 29 46 55 60 83 88 92 96 100 105 
0 1 14 19 25 27 29 55 60 65 83 88 92 96 100 105 
0 1 14 19 25 29 36 41 45 50 82 87 92 96 100 105 
0 1 14 19 25 29 36 41 46 50 82 87 92 96 100 105 
0 1 14 19 25 29 36 41 46 50 83 87 92 96 100 105 
0 1 14 19 25 29 41 45 50 55 82 87 92 96 100 105 
0 1 14 19 25 29 41 46 50 55 82 87 92 96 100 105 
0 1 14 19 25 29 41 46 50 55 83 87 92 96 100 105 
0 1 14 19 25 29 46 50 55 60 83 87 92 96 100 105 
0 1 14 19 25 29 50 55 59 64 82 87 92 96 100 105 
0 1 14 19 25 29 50 55 60 64 82 87 92 96 100 105 
0 1 14 19 27 29 43 47 55 59 63 88 92 96 100 105 
0 1 14 19 29 36 41 46 50 57 62 87 92 96 100 105 
0 1 15 19 23 30 45 50 55 59 81 82 87 92 96 101 
0 1 15 19 23 30 50 55 59 64 81 82 87 92 96 101 
0 1 15 19 25 27 30 41 46 55 81 83 87 92 96 101 
0 1 15 19 25 27 30 41 46 55 81 83 88 92 96 101 
0 1 15 19 25 27 30 46 55 60 81 83 87 92 96 101 
0 1 15 19 25 27 30 46 55 60 81 83 88 92 96 101 
0 1 15 19 25 30 41 45 50 55 81 82 87 92 96 101 
0 1 15 19 25 30 41 46 50 55 81 82 87 92 96 101 
0 1 15 19 25 30 41 46 50 55 81 83 87 92 96 101 
0 1 15 19 25 30 46 50 55 60 81 83 87 92 96 101 
0 1 15 19 25 30 50 55 59 64 81 82 87 92 96 101 
0 1 15 19 25 30 50 55 60 64 81 82 87 92 96 101 
0 1 15 20 25 27 30 37 41 46 81 83 87 92 96 101 
0 1 15 20 25 27 30 37 41 46 81 83 88 92 96 101 
0 1 15 20 25 27 30 37 42 46 81 83 87 92 96 101 
0 1 15 20 25 27 30 37 42 46 81 83 88 92 96 101 
0 1 15 20 25 27 30 46 55 60 81 83 87 92 96 101 
0 1 15 20 25 27 30 46 55 60 81 83 88 92 96 101 
0 1 15 20 25 27 30 46 56 60 81 83 87 92 96 101 
0 1 15 20 25 27 30 46 56 60 81 83 88 92 96 101 
0 1 15 20 25 30 37 41 45 50 81 82 87 92 96 101 
0 1 15 20 25 30 37 41 46 50 81 82 87 92 96 101 
0 1 15 20 25 30 37 41 46 50 81 83 87 92 96 101 
0 1 15 20 25 30 37 42 46 50 81 83 87 92 96 101 
0 1 15 20 25 30 46 50 55 60 81 83 87 92 96 101 
0 1 15 20 25 30 46 50 56 60 81 83 87 92 96 101 
0 1 15 20 27 30 37 42 46 52 81 83 87 92 96 101 
0 1 15 20 27 30 37 42 46 52 81 83 88 92 96 101 
0 1 15 20 27 30 37 42 47 52 81 83 88 92 96 101 
0 1 15 20 27 30 37 42 47 52 81 84 88 92 96 101 
0 1 15 20 27 30 37 42 47 58 63 81 88 92 96 101 
0 1 15 20 27 30 42 46 52 56 81 83 87 92 96 101 
0 1 15 20 27 30 42 46 52 56 81 83 88 92 96 101 
0 1 15 20 27 30 42 47 52 56 81 83 88 92 96 101 
0 1 15 20 27 30 42 47 52 56 81 84 88 92 96 101 
0 1 15 20 27 30 47 52 56 61 81 84 88 92 96 101 
0 1 15 20 30 37 42 46 50 52 81 83 87 92 96 101 
0 1 15 20 30 42 46 50 52 56 81 83 87 92 96 101 
0 1 16 20 25 27 29 33 37 41 46 83 87 92 96 100 
0 1 16 20 25 27 29 33 37 41 46 83 88 92 96 100 
0 1 16 20 25 27 29 33 37 42 46 83 87 92 96 100 
0 1 16 20 25 27 29 33 37 42 46 83 88 92 96 100 
0 1 16 20 25 29 33 37 41 45 50 82 87 92 96 100 
0 1 16 20 25 29 33 37 41 46 50 82 87 92 96 100 
0 1 16 20 25 29 33 37 41 46 50 83 87 92 96 100 
0 1 16 20 25 29 33 37 42 46 50 83 87 92 96 100 
0 1 16 20 27 29 33 37 42 46 52 83 87 92 96 100 
0 1 16 20 27 29 33 37 42 46 52 83 88 92 96 100 
0 1 16 20 27 29 33 38 42 46 52 83 87 92 96 100 
0 1 16 20 29 33 37 42 46 50 52 83 87 92 96 100 
0 1 16 20 29 33 38 42 46 50 52 83 87 92 96 100 
0 1 16 21 29 33 38 42 46 50 52 83 87 92 96 100 
0 1 17 21 27 30 34 38 42 46 52 83 87 92 96 101 
0 1 17 21 27 30 34 38 42 46 52 83 88 92 96 101 
0 1 17 21 27 30 34 38 42 47 52 83 88 92 96 101 
0 1 17 21 27 30 34 38 42 47 52 84 88 92 96 101 
0 1 17 21 30 34 38 42 46 50 52 83 87 92 96 101 
0 1 18 23 29 33 40 45 50 78 82 87 92 96 100 104 
0 1 18 23 29 33 45 50 59 78 82 87 92 96 100 104 
0 1 19 23 29 34 45 50 55 59 82 87 92 96 100 105 
0 1 19 23 29 34 45 50 55 59 82 87 92 96 101 105 
0 1 19 23 30 34 45 50 55 59 82 87 92 96 101 105 
0 1 19 25 27 29 34 41 46 55 83 87 92 96 100 105 
0 1 19 25 27 29 34 41 46 55 83 87 92 96 101 105 
0 1 19 25 27 29 34 41 46 55 83 88 92 96 100 105 
0 1 19 25 27 29 34 41 46 55 83 88 92 96 101 105 
0 1 19 25 27 29 34 46 55 60 83 87 92 96 100 105 
0 1 19 25 27 29 34 46 55 60 83 87 92 96 101 105 
0 1 19 25 27 29 34 46 55 60 83 88 92 96 100 105 
0 1 19 25 27 30 34 41 46 55 83 87 92 96 101 105 
0 1 19 25 27 30 34 41 46 55 83 88 92 96 101 105 
0 1 19 25 27 30 34 46 55 60 83 87 92 96 101 105 
0 1 19 25 27 30 34 46 55 60 83 88 92 96 101 105 
0 1 19 25 29 34 41 45 50 55 82 87 92 96 100 105 
0 1 19 25 29 34 41 45 50 55 82 87 92 96 101 105 
0 1 19 25 29 34 41 46 50 55 82 87 92 96 100 105 
0 1 19 25 29 34 41 46 50 55 82 87 92 96 101 105 
0 1 19 25 29 34 41 46 50 55 83 87 92 96 100 105 
0 1 19 25 29 34 41 46 50 55 83 87 92 96 101 105 
0 1 19 25 30 34 41 45 50 55 82 87 92 96 101 105 
0 1 19 25 30 34 41 46 50 55 82 87 92 96 101 105 
0 1 19 25 30 34 41 46 50 55 83 87 92 96 101 105 
0 1 19 25 30 34 46 50 55 60 83 87 92 96 101 105 
0 1 20 25 27 29 33 37 41 46 83 87 92 96 100 104 
0 1 20 25 27 29 33 37 41 46 83 88 92 96 100 104 
0 1 20 25 27 29 33 37 42 46 83 87 92 96 100 104 
0 1 20 25 29 33 37 41 45 50 82 87 92 96 100 104 
0 1 20 25 29 33 37 41 46 50 82 87 92 96 100 104 
0 1 20 25 29 33 37 41 46 50 83 87 92 96 100 104 
0 1 20 25 29 33 37 42 46 50 83 87 92 96 100 104 
0 1 20 27 30 35 42 46 52 56 81 83 87 92 96 101 
0 1 20 27 30 35 42 46 52 56 81 83 88 92 96 101 
0 1 20 27 30 35 42 47 52 56 81 83 88 92 96 101 
0 1 20 27 30 35 42 47 52 56 81 84 88 92 96 101 
0 1 20 29 33 37 42 46 50 52 83 87 92 96 100 104 
0 1 20 30 35 42 46 50 52 56 81 83 87 92 96 101 
0 1 21 27 29 34 38 42 46 52 83 87 92 96 100 105 
0 1 21 27 29 34 38 42 46 52 83 87 92 96 101 105 
0 1 21 27 29 34 38 42 46 52 83 88 92 96 100 105 
0 1 21 27 29 34 38 42 46 52 83 88 92 96 101 105 
0 1 21 27 29 34 38 42 47 52 83 88 92 96 100 105 
0 1 21 27 29 34 38 42 47 52 83 88 92 96 101 105 
0 1 21 27 29 34 38 42 47 52 84 88 92 96 100 105 
0 1 21 27 29 34 38 43 47 52 84 88 92 96 100 105 
0 1 21 27 29 34 38 43 47 53 84 88 92 96 100 105 
0 1 21 27 29 34 38 43 47 53 84 88 92 96 101 105 
0 1 21 27 30 34 38 43 47 53 84 88 92 96 101 105 
0 1 22 27 30 35 39 43 47 53 81 84 88 92 96 101 
0 1 25 27 29 33 37 41 46 79 83 87 92 96 100 104 
0 1 25 27 29 33 37 41 46 79 83 88 92 96 100 104 
0 1 25 29 33 37 41 46 50 79 83 87 92 96 100 104 
0 1 27 29 33 38 42 46 52 78 83 87 92 96 100 104 
0 1 27 29 33 38 42 46 52 78 83 87 92 96 100 105 
0 1 27 29 33 38 42 46 52 78 83 88 92 96 100 104 
0 1 27 29 33 38 42 46 52 78 83 88 92 96 100 105 
0 1 27 29 33 38 42 47 52 78 83 88 92 96 100 104 
0 1 27 29 33 38 42 47 52 78 83 88 92 96 100 105 
0 1 27 29 33 38 42 47 52 78 84 88 92 96 100 104 
0 1 27 29 34 38 42 46 52 78 83 88 92 96 100 105 
0 1 27 30 34 38 42 47 52 78 84 88 92 96 101 105 
0 3 7 12 16 20 29 33 37 42 47 51 52 63 68 73 
0 3 7 12 16 20 29 33 37 42 47 51 52 68 73 84 
0 3 7 12 16 20 29 33 37 42 47 51 52 73 84 89 
0 3 7 12 16 20 29 33 37 42 47 51 58 63 68 73 
0 3 7 12 16 20 29 33 38 42 47 51 52 63 68 73 
0 3 7 12 16 20 29 33 38 42 47 51 52 68 73 84 
0 3 7 12 16 21 26 29 33 38 43 48 53 64 69 73 
0 3 7 12 16 21 26 29 33 38 43 48 53 69 73 85 
0 3 7 12 16 21 26 29 34 38 43 48 53 64 69 73 
0 3 7 12 16 21 26 29 34 38 43 48 53 69 73 85 
0 3 7 12 16 21 26 29 34 38 43 48 59 64 69 73 
0 3 7 12 16 21 29 33 38 42 47 51 52 63 68 73 
0 3 7 12 16 21 29 33 38 42 47 51 52 68 73 84 
0 3 7 12 16 21 29 33 38 42 47 51 52 73 84 89 
0 3 7 12 16 21 29 33 38 43 47 51 52 68 73 84 
0 3 7 12 16 21 29 33 38 43 47 51 52 73 84 89 
0 3 7 12 16 21 29 33 38 43 47 51 53 68 73 84 
0 3 7 12 16 21 29 33 38 43 47 51 53 73 84 89 
0 3 7 12 16 21 29 33 38 43 47 51 59 63 68 73 
0 3 7 12 16 21 29 33 38 43 47 51 59 64 68 73 
0 3 7 12 16 21 29 33 38 43 48 51 53 64 68 73 
0 3 7 12 16 21 29 33 38 43 48 51 53 73 84 89 
0 3 7 12 16 21 29 33 38 43 48 51 53 73 85 89 
0 3 7 12 16 21 29 33 38 43 48 51 59 64 68 73 
0 3 7 12 16 21 29 34 38 43 47 51 52 68 73 84 
0 3 7 12 16 21 29 34 38 43 47 51 53 68 73 84 
0 3 7 12 16 21 29 34 38 43 47 51 53 73 84 89 
0 3 7 12 16 21 29 34 38 43 47 51 59 63 68 73 
0 3 7 12 16 21 29 34 38 43 47 51 59 64 68 73 
0 3 7 12 16 29 33 38 42 47 51 58 63 68 73 78 
0 3 7 12 16 29 33 38 42 47 51 59 63 68 73 78 
0 3 7 12 16 29 33 38 43 47 51 59 63 68 73 78 
0 3 7 12 16 29 33 38 43 47 51 59 64 68 73 78 
0 3 7 12 16 29 33 38 43 48 51 59 64 68 73 78 
0 3 7 12 17 21 29 34 38 42 47 51 52 63 68 73 
0 3 7 12 17 21 29 34 38 42 47 51 52 68 73 84 
0 3 7 12 17 21 29 34 38 42 47 51 52 73 84 89 
0 3 7 12 17 21 29 34 38 43 47 51 53 68 73 84 
0 3 7 12 17 21 29 34 38 43 47 51 53 73 84 89 
0 3 7 12 17 21 29 34 38 43 47 51 59 63 68 73 
0 3 7 12 17 21 29 34 38 43 47 51 59 64 68 73 
0 3 7 12 17 21 29 34 38 43 48 51 53 64 68 73 
0 3 7 12 17 21 29 34 38 43 48 51 53 73 84 89 
0 3 7 12 17 21 29 34 38 43 48 51 53 73 85 89 
0 3 7 12 17 22 29 34 39 43 47 51 53 68 73 84 
0 3 7 12 17 22 29 34 39 43 47 51 53 73 84 89 
0 3 7 12 17 22 29 34 39 43 48 51 53 73 85 89 
0 3 7 12 17 22 29 34 39 44 48 51 54 73 85 89 
0 3 8 12 16 20 25 26 29 33 37 41 45 49 82 86 90 106 
0 3 8 12 16 20 25 26 29 33 37 41 46 62 67 85 90 106 
0 3 8 12 16 20 25 29 33 37 41 45 50 66 71 82 89 106 
0 3 8 12 16 20 25 29 33 37 41 46 62 67 71 85 89 106 
0 3 8 12 16 20 26 29 33 37 42 46 58 62 67 85 90 106 
0 3 8 12 16 20 26 29 33 37 42 49 54 58 63 86 90 106 
0 3 8 12 16 20 26 29 33 37 42 54 58 63 67 85 90 106 
0 3 8 12 16 20 29 33 37 42 47 51 52 63 68 73 
0 3 8 12 16 20 29 33 37 42 47 51 52 68 73 84 
0 3 8 12 16 20 29 33 37 42 47 51 52 84 89 106 
0 3 8 12 16 20 29 33 37 42 54 58 63 67 71 85 89 106 
0 3 8 12 16 21 26 29 33 38 43 48 53 64 69 73 
0 3 8 12 16 21 26 29 33 38 43 48 53 69 73 85 
0 3 8 12 16 21 26 29 33 38 43 48 53 85 90 106 
0 3 8 12 16 21 26 29 33 38 43 48 59 64 69 73 
0 3 8 12 16 21 29 33 38 42 47 51 52 84 89 106 
0 3 8 12 16 21 29 33 38 43 47 51 53 68 73 84 
0 3 8 12 16 21 29 33 38 43 47 51 53 73 84 89 
0 3 8 12 16 21 29 33 38 43 47 51 53 84 89 106 
0 3 8 12 16 21 29 33 38 43 47 51 59 63 68 73 
0 3 8 12 16 21 29 33 38 43 48 51 53 85 89 106 
0 3 8 12 16 23 26 29 33 38 49 54 59 63 78 86 90 106 
0 3 8 12 16 23 26 29 33 38 54 59 63 67 78 85 90 106 
0 3 8 12 16 23 29 33 38 45 50 59 66 71 78 82 89 106 
0 3 8 12 16 26 29 33 38 42 54 58 63 67 78 85 90 106 
0 3 8 12 17 21 26 29 34 38 43 48 53 64 69 73 
0 3 8 12 17 21 26 29 34 38 43 48 53 69 73 85 
0 3 8 12 17 21 26 29 34 38 43 48 53 85 90 106 
0 3 8 12 17 21 29 34 38 43 48 51 53 64 68 73 
0 3 8 12 17 21 29 34 38 43 48 51 53 85 89 106 
0 3 8 12 17 22 26 29 34 39 43 48 53 85 90 106 
0 3 8 12 19 23 29 34 45 50 55 59 66 71 82 89 105 106 
0 3 8 12 19 25 26 29 34 41 46 55 62 67 85 90 105 106 
0 3 8 12 19 25 29 34 41 45 50 55 66 71 82 89 105 106 
0 3 8 13 18 23 30 35 40 45 50 61 66 71 89 106 
0 3 8 13 18 23 30 35 40 45 50 66 71 82 89 106 
0 3 8 13 18 23 30 35 40 45 61 66 71 84 89 106 
0 3 8 13 18 30 35 40 45 50 56 61 66 71 89 106 
0 3 8 13 18 30 35 40 45 51 56 61 66 84 89 106 
0 3 8 13 18 30 35 40 45 56 61 66 71 84 89 106 
0 3 8 13 18 30 35 40 52 56 61 66 71 84 89 106 
0 3 8 13 30 35 40 51 52 56 61 66 81 84 89 106 
