0 2 7 14 19 32 37 44 49 53 61 66 73 78 85 92 97 104 
0 2 7 14 22 26 32 40 48 54 57 84 89 97 104 
0 2 7 14 22 26 32 40 48 57 65 73 84 97 104 
0 2 7 14 22 26 32 40 48 57 65 84 89 97 104 
0 2 7 14 22 32 40 48 57 65 73 84 92 97 104 
0 2 7 15 22 26 33 40 48 57 65 73 84 97 105 
0 2 7 15 22 33 40 48 57 65 73 84 92 97 105 
0 4 8 12 16 20 24 29 33 37 41 45 61 65 87 91 
0 4 8 12 16 20 24 29 33 37 41 61 65 74 83 87 
0 4 8 12 16 20 24 29 33 37 41 61 65 83 87 91 
0 4 8 12 16 20 29 33 37 41 61 65 69 83 87 91 
0 4 8 12 16 24 29 33 37 41 45 57 61 65 87 91 
0 4 8 12 16 24 29 33 37 41 57 61 65 83 87 91 
0 4 8 12 16 24 29 33 37 50 52 57 61 83 87 91 
0 4 8 12 16 24 29 33 37 52 57 61 65 83 87 91 
0 4 8 12 16 29 33 37 52 57 61 65 69 83 87 91 
0 4 8 12 21 24 29 33 50 52 57 61 79 83 87 91 
0 4 8 12 24 29 33 37 41 57 61 65 79 83 87 91 
0 4 8 12 24 29 33 37 52 57 61 65 79 83 87 91 
0 4 11 18 31 38 45 51 52 57 64 71 81 85 92 99 
0 7 14 21 24 32 39 46 56 63 71 82 90 97 104 
