0 14 17 20 23 27 30 48 60 63 75 89 92 93 
0 14 17 20 23 30 53 63 66 69 72 75 93 
0 14 17 20 23 30 53 69 72 75 83 86 93 
0 14 17 20 23 30 53 72 75 83 86 89 93 
0 14 17 20 23 30 53 75 83 86 89 92 93 
0 14 17 20 27 30 45 48 57 60 75 89 92 93 
0 14 17 20 27 30 48 57 60 63 75 89 92 93 
0 14 17 20 30 45 48 57 60 75 86 89 92 93 
0 17 20 23 30 33 53 63 66 69 72 75 93 
0 17 20 23 30 33 53 66 69 72 75 83 93 
0 17 20 23 30 33 53 72 75 83 86 89 93 
0 20 23 30 33 36 53 66 69 72 75 83 93 
0 57 60 63 66 69 72 75 78 81 100 103 
