0 1 5 9 13 17 22 29 38 42 46 50 53 74 97 
0 1 5 9 13 17 22 29 38 42 46 50 53 84 97 
0 1 5 9 13 17 22 29 42 46 50 53 84 97 101 
0 1 5 9 13 18 22 27 34 38 42 46 53 84 94 
0 1 5 9 13 18 22 27 34 38 42 46 70 84 94 
0 1 5 9 13 18 22 27 34 42 46 70 84 94 101 
0 1 5 9 13 18 22 29 38 42 46 50 53 74 97 
0 1 5 9 13 18 22 29 38 42 46 50 53 84 97 
0 1 5 9 13 18 22 29 42 46 50 53 84 97 101 
0 1 5 9 13 18 22 38 42 46 53 59 74 94 97 
0 1 5 9 13 18 22 38 42 46 53 59 84 94 97 
0 1 5 9 13 22 29 33 42 46 50 53 61 84 101 
0 1 5 9 13 22 29 34 42 46 50 53 61 84 101 
0 1 5 9 13 22 29 34 42 46 50 61 70 84 101 
0 1 6 11 18 27 30 34 39 46 54 57 66 80 86 
0 1 6 11 18 27 30 34 39 54 57 66 80 86 91 
0 1 6 11 27 30 34 39 54 57 61 66 80 86 91 
0 1 6 11 27 30 34 39 54 57 62 66 80 86 91 
0 1 7 11 22 29 40 44 50 53 57 61 67 72 86 91 97 101 
