0 1 4 8 16 20 39 43 61 65 69 73 88 94 97 101 
0 1 4 8 16 20 39 43 65 69 73 88 94 97 101 105 
0 1 9 13 17 32 40 48 62 66 70 86 90 98 102 106 
0 2 6 10 14 18 29 33 37 41 55 59 63 87 91 95 
0 2 6 10 14 18 33 37 41 55 59 63 71 87 91 95 
0 2 6 10 14 29 33 37 41 55 59 63 81 83 87 91 
0 2 6 10 14 29 33 37 41 55 59 63 83 87 91 95 
0 2 6 10 14 33 37 41 55 59 63 71 83 87 91 95 
0 2 6 10 18 33 37 41 52 55 59 63 71 87 91 95 
0 2 6 10 29 33 37 41 52 55 59 63 83 87 91 95 
0 2 6 10 29 33 37 51 52 55 59 63 81 83 87 91 
0 2 7 11 15 29 33 48 51 65 69 73 84 88 92 97 101 105 
