0 1 6 11 16 21 30 35 40 45 50 53 58 63 68 73 79 
0 2 7 11 18 22 29 36 40 45 54 57 62 73 79 92 97 101 
0 3 6 11 18 32 45 51 57 65 70 85 92 100 105 
0 3 6 11 18 32 45 51 58 65 70 85 94 100 105 
0 3 6 11 19 26 32 45 58 65 70 85 94 100 105 
0 3 6 11 19 32 45 51 58 65 70 85 94 100 105 
0 3 11 16 23 29 37 45 50 62 70 85 90 97 105 
0 3 11 16 23 30 37 45 50 58 63 70 85 97 105 
0 3 11 16 23 30 37 45 50 58 63 70 85 98 105 
0 3 11 16 23 30 37 45 50 63 70 85 90 98 105 
0 3 11 16 25 30 37 45 50 63 70 85 90 98 105 
0 4 11 18 25 27 31 37 45 57 64 70 85 92 98 105 
0 4 11 18 25 27 31 38 45 57 64 70 85 92 98 105 
0 4 11 18 25 27 31 38 45 57 64 70 85 92 99 105 
0 4 11 18 25 27 31 38 45 57 64 71 81 85 92 99 
0 4 11 18 25 27 31 38 45 57 64 71 85 92 98 105 
0 4 11 18 25 27 31 38 45 57 64 71 85 92 99 105 
0 4 11 18 27 31 38 45 52 57 64 71 85 92 99 105 
0 4 11 18 31 38 45 51 52 57 64 71 81 85 92 99 
