0 2 7 14 19 23 27 30 34 56 61 66 99 104 106 
0 2 7 14 19 25 27 30 34 56 61 66 90 95 99 
0 2 7 14 19 25 27 30 34 56 61 66 90 99 106 
0 2 7 14 19 25 27 30 34 56 61 66 95 99 104 
0 2 7 14 19 25 27 30 34 56 61 66 99 104 106 
0 2 7 14 19 32 37 44 49 53 61 66 73 78 85 92 97 104 
0 2 8 14 18 29 35 45 51 52 55 61 71 81 89 99 
0 2 8 14 18 29 35 45 51 52 61 71 81 89 95 99 
0 2 8 14 18 35 45 51 52 55 61 67 71 81 89 99 
0 2 8 18 29 35 45 51 52 55 61 71 81 83 89 99 
0 2 8 19 29 35 46 51 52 55 61 72 81 83 89 100 
0 2 14 18 23 27 29 34 46 56 61 65 89 99 106 
0 2 14 18 23 27 29 34 46 56 61 66 89 99 106 
0 2 14 18 23 27 30 34 46 56 61 66 89 99 106 
0 2 14 19 23 27 29 34 46 56 61 66 89 99 106 
