0 1 6 9 14 17 44 51 52 70 81 82 87 90 95 98 
0 1 6 9 17 36 44 51 52 62 70 81 82 87 90 98 
0 1 6 17 22 27 35 42 46 58 62 67 71 88 92 97 107 
0 1 6 17 22 27 35 42 58 62 67 71 81 88 92 97 107 
0 1 7 14 21 28 34 41 48 57 64 71 81 85 92 99 
0 1 7 14 21 28 34 41 48 57 64 71 85 92 98 105 
0 1 7 14 21 28 34 41 48 57 64 71 85 92 99 105 
0 1 7 14 21 28 35 41 48 57 64 71 81 86 92 99 
0 1 7 14 21 28 35 41 48 57 64 71 85 92 98 105 
0 1 7 14 21 28 35 41 48 57 64 71 85 92 99 105 
0 1 7 14 21 28 35 41 48 57 64 71 86 92 99 105 
0 1 7 14 21 28 35 42 48 57 64 71 81 86 94 99 
0 1 7 14 21 28 35 42 48 57 64 71 86 92 99 105 
0 1 8 14 21 28 34 41 48 57 64 71 85 92 99 105 
0 1 8 14 21 28 35 41 48 57 64 71 81 85 92 99 
0 1 8 14 21 28 35 41 48 57 64 71 85 92 99 105 
0 1 9 17 28 36 44 51 52 62 70 78 81 82 90 98 
