0 1 4 13 28 31 38 45 51 54 55 69 86 95 105 
0 1 7 15 22 33 40 47 57 64 71 83 90 98 104 
0 1 7 15 22 33 40 47 57 64 71 83 90 98 105 
0 1 8 15 22 33 40 47 57 64 71 83 90 98 105 
0 2 7 14 19 32 37 44 49 53 61 66 73 78 85 92 97 104 
0 3 7 12 26 29 33 38 42 54 58 63 67 78 85 90 106 
0 3 7 12 26 29 33 38 42 54 59 63 67 78 85 90 106 
0 3 7 12 26 29 34 38 42 54 58 63 67 78 85 90 106 
0 3 8 12 23 26 29 34 38 49 54 59 63 78 86 90 105 
0 6 14 21 24 32 39 46 56 63 70 82 89 97 104 
0 6 14 21 26 32 39 46 56 63 70 82 89 96 104 
0 7 14 21 24 32 39 46 56 63 71 82 90 97 104 
