0 1 5 9 20 25 29 40 44 57 62 73 79 82 94 97 
0 1 5 9 20 25 29 40 44 57 62 73 79 89 94 97 
0 1 5 9 20 25 29 40 44 58 62 67 82 94 97 102 
0 1 5 9 20 25 29 40 44 58 62 67 82 94 98 102 
0 1 5 9 20 25 29 40 44 58 62 67 83 87 98 102 
0 1 5 9 20 25 29 40 44 58 62 67 83 94 98 102 
0 1 5 9 20 25 29 40 44 58 62 67 83 98 102 106 
0 1 5 9 20 25 29 40 44 58 62 67 89 94 98 102 
0 1 5 9 20 25 29 40 44 58 62 73 78 83 98 106 
0 1 5 9 20 25 29 40 44 58 62 73 78 89 94 98 
0 1 5 9 20 25 29 40 44 58 62 73 78 89 98 106 
0 1 5 9 20 25 29 40 44 58 62 73 79 82 94 97 
0 1 5 9 20 25 29 40 44 58 62 73 79 89 94 97 
0 1 5 9 20 25 29 40 44 58 62 73 79 89 94 98 
0 1 5 9 20 25 29 40 44 58 62 73 79 89 94 104 
0 1 5 9 20 25 29 40 44 58 62 73 82 94 97 102 
0 1 5 9 20 25 29 40 44 58 62 73 82 94 98 102 
0 1 5 9 20 25 29 40 44 58 62 73 83 87 98 102 
0 1 5 9 20 25 29 40 44 58 62 73 83 94 98 102 
0 1 5 9 20 25 29 40 44 58 62 73 83 98 102 106 
0 1 5 9 20 25 29 40 44 58 62 73 89 94 98 102 
0 1 5 9 20 25 29 40 44 58 63 67 78 83 98 106 
0 1 5 9 20 25 29 40 44 58 63 67 78 89 98 106 
0 1 5 9 20 25 29 40 44 58 63 67 82 94 97 102 
0 1 5 9 20 25 29 40 44 58 63 67 82 94 98 102 
0 1 5 9 20 25 29 40 44 58 63 67 83 87 98 102 
0 1 5 9 20 25 29 40 44 58 63 67 83 94 98 102 
0 1 5 9 20 25 29 40 44 58 63 67 83 98 102 106 
0 1 5 9 20 25 29 40 44 58 63 67 83 98 103 106 
0 1 5 9 20 25 29 40 44 58 63 67 89 94 98 102 
0 1 5 9 20 25 29 40 44 58 63 73 78 83 98 106 
0 1 5 9 20 25 29 40 44 58 63 73 78 89 98 106 
0 1 5 9 20 25 29 40 44 58 63 74 78 83 98 106 
0 1 5 9 20 25 29 40 44 58 63 74 78 89 98 106 
0 1 5 9 20 25 29 40 44 58 69 73 78 83 98 106 
0 1 5 9 20 25 29 40 44 58 69 73 78 89 98 106 
0 1 5 9 20 25 29 40 44 59 63 67 83 98 103 106 
0 1 5 9 20 25 29 40 44 59 63 67 83 99 103 106 
0 1 5 9 20 25 29 40 44 59 63 74 78 83 98 106 
0 1 5 9 20 25 29 40 44 59 63 74 78 89 98 106 
0 1 5 9 20 25 29 40 44 63 67 80 83 87 98 102 
0 1 5 9 20 25 29 40 44 63 67 80 83 87 98 103 
0 1 5 9 20 25 29 40 44 63 67 80 83 98 103 106 
0 1 5 9 20 25 35 40 44 58 69 73 78 83 98 106 
0 1 5 9 20 25 35 40 44 58 69 73 78 89 98 106 
0 1 5 9 20 25 36 40 44 58 63 74 78 83 98 106 
0 1 5 9 20 25 36 40 44 58 63 74 78 89 98 106 
0 1 5 9 20 25 36 40 44 58 69 73 78 83 98 106 
0 1 5 9 20 25 36 40 44 58 69 73 78 89 98 106 
0 1 5 9 20 25 36 40 44 58 69 74 78 83 98 106 
0 1 5 9 20 29 40 44 52 58 62 67 83 98 102 106 
0 1 5 9 20 29 40 44 52 58 62 73 78 83 98 106 
0 1 5 9 20 29 40 44 52 58 62 73 83 98 102 106 
0 1 5 9 20 29 40 44 52 58 63 67 78 83 98 106 
0 1 5 9 20 29 40 44 52 58 63 67 83 98 102 106 
0 1 5 9 20 29 40 44 52 58 63 67 83 98 103 106 
0 1 5 9 20 29 40 44 52 58 63 73 78 83 98 106 
0 1 5 9 20 29 40 44 52 58 63 74 78 83 98 106 
0 1 5 9 20 29 40 44 52 58 69 73 78 83 98 106 
0 1 5 9 20 29 40 44 52 59 63 67 83 98 103 106 
0 1 5 9 20 29 40 44 52 63 67 80 83 98 103 106 
0 1 5 9 20 35 40 44 52 58 69 73 78 83 98 106 
0 1 5 9 20 36 40 44 52 58 69 73 78 83 98 106 
0 1 5 10 14 29 40 44 52 58 63 67 78 83 98 106 
0 1 5 10 14 29 40 44 52 58 63 67 83 87 98 102 
0 1 5 10 14 29 40 44 52 58 63 67 83 98 103 106 
0 1 5 10 14 29 40 44 52 58 69 73 78 83 98 106 
0 1 5 10 14 29 40 44 52 63 67 80 83 87 98 102 
0 1 5 10 14 29 40 44 52 63 67 80 83 87 98 103 
0 1 5 10 14 29 40 44 52 63 67 80 83 88 92 103 
0 1 5 10 14 29 40 44 52 63 67 80 83 88 98 103 
0 1 5 10 20 29 40 44 52 58 63 67 83 98 103 106 
0 1 5 10 20 29 40 44 52 58 63 73 78 83 98 106 
0 1 5 10 21 35 40 44 52 59 67 70 84 95 99 104 
0 1 5 10 21 35 40 44 53 59 67 70 84 95 99 104 
0 1 5 10 21 36 40 44 52 58 63 74 78 90 98 106 
0 1 5 10 21 36 40 44 52 58 69 74 78 90 98 106 
0 1 6 10 21 35 40 44 52 59 67 70 84 95 99 104 
0 2 6 11 15 36 40 45 53 58 69 73 78 84 89 94 104 
0 2 6 11 15 36 40 45 53 58 69 73 78 84 89 100 104 
0 2 6 11 15 36 40 45 53 58 69 73 78 85 89 100 104 
0 2 6 11 15 36 40 45 53 58 69 73 79 84 89 94 104 
0 2 6 11 15 36 40 45 53 58 69 74 78 84 89 100 104 
0 2 6 11 15 36 40 45 53 58 69 74 79 84 89 94 104 
0 2 6 11 15 36 40 45 53 65 69 74 78 84 89 100 105 
0 2 6 11 15 36 41 45 53 58 69 73 79 84 89 94 104 
