0 2 7 11 16 21 32 37 41 46 53 61 70 78 85 104 106 
0 2 7 11 16 21 32 37 41 46 53 61 78 85 99 104 106 
0 2 7 11 16 21 32 37 41 53 61 73 78 85 99 104 106 
0 2 7 11 16 21 32 37 46 53 61 68 78 85 99 104 106 
0 2 7 11 16 21 32 37 53 61 68 73 78 85 99 104 106 
0 2 7 11 16 21 32 41 46 53 63 70 78 85 89 104 106 
0 2 7 11 16 21 32 41 46 53 63 78 85 89 99 104 106 
0 2 7 11 16 21 32 41 53 63 73 78 85 89 99 104 106 
0 2 7 11 16 21 32 46 53 63 68 78 85 89 99 104 106 
0 2 7 11 16 21 32 53 63 68 73 78 85 89 99 104 106 
0 2 7 11 16 22 32 37 41 47 53 61 72 78 85 98 104 106 
0 2 7 11 16 22 32 41 47 53 63 72 78 85 89 98 104 106 
0 2 7 11 16 32 37 41 49 53 61 73 78 85 99 104 106 
0 2 7 11 16 32 37 49 53 61 68 73 78 85 99 104 106 
0 2 7 11 17 22 32 43 47 53 63 67 78 85 89 100 104 106 
0 2 7 11 17 32 37 43 49 53 61 67 73 78 85 100 104 106 
0 2 7 11 19 32 37 44 49 53 61 68 73 78 85 104 106 
0 2 7 11 21 32 37 44 53 61 68 73 78 85 99 104 106 
0 2 7 11 21 32 44 53 63 68 73 78 85 89 99 104 106 
0 2 7 11 22 32 37 43 47 53 61 67 72 78 85 98 104 106 
0 2 7 11 22 32 43 47 53 63 67 72 78 85 89 98 104 106 
0 2 7 11 32 37 44 49 53 61 68 73 78 85 99 104 106 
0 2 7 12 16 21 32 37 42 46 53 61 66 78 85 99 104 
0 2 7 12 16 21 32 37 42 46 53 66 78 85 90 99 104 
0 2 7 12 16 21 32 37 42 53 61 66 73 78 85 99 104 
0 2 7 12 16 21 32 37 42 53 66 73 78 85 90 99 104 
0 2 7 12 16 21 32 37 46 53 61 68 78 85 99 104 106 
0 2 7 12 16 21 32 37 46 53 68 78 85 90 99 104 106 
0 2 7 12 16 21 32 37 53 61 68 73 78 85 99 104 106 
0 2 7 12 16 21 32 37 53 68 73 78 85 90 99 104 106 
0 2 7 12 16 21 37 42 53 59 66 73 78 85 90 99 104 
0 2 7 12 16 21 37 46 53 59 68 78 85 90 99 104 106 
0 2 7 12 16 21 37 53 59 68 73 78 85 90 99 104 106 
0 2 7 12 16 32 37 42 49 53 61 66 73 78 85 99 104 
0 2 7 12 16 32 37 42 49 53 66 73 78 85 90 99 104 
0 2 7 12 16 32 37 49 53 61 68 73 78 85 99 104 106 
0 2 7 12 16 37 42 49 53 59 66 73 78 85 90 99 104 
0 2 7 12 17 21 32 37 42 47 53 66 71 78 85 90 104 
0 2 7 12 17 21 32 37 42 47 53 71 78 85 90 95 104 
0 2 7 12 17 21 32 37 42 53 66 73 78 85 90 99 104 
0 2 7 12 17 21 32 42 47 53 64 71 78 85 90 95 104 
0 2 7 12 17 21 37 42 47 53 59 71 78 85 90 95 104 
0 2 7 12 17 21 37 42 53 59 73 78 85 90 95 99 104 
0 2 7 12 17 21 42 47 53 59 64 71 78 85 90 95 104 
0 2 7 12 17 21 42 53 59 64 73 78 85 90 95 99 104 
0 2 7 12 17 22 47 53 59 64 69 78 85 90 95 100 104 
0 2 7 12 17 32 37 42 49 53 61 66 73 78 85 99 104 
0 2 7 12 17 32 37 42 49 53 66 73 78 85 90 99 104 
0 2 7 12 17 37 42 49 53 59 66 73 78 85 90 99 104 
0 2 7 12 19 32 37 44 49 53 61 68 73 78 85 95 104 
0 2 7 13 21 32 38 46 53 63 70 78 85 89 96 104 
0 2 7 13 21 32 39 46 53 63 70 78 85 89 96 104 
0 2 7 13 21 32 39 46 53 63 70 78 85 90 96 104 
0 2 7 13 21 39 46 53 59 63 70 78 85 90 96 104 
0 2 7 13 22 32 38 43 47 53 63 67 72 78 85 89 98 104 
0 2 7 14 19 32 37 44 49 53 61 66 73 78 85 92 97 104 
0 2 7 14 21 32 39 46 53 63 70 78 85 89 96 104 
0 2 7 14 21 32 39 46 53 63 70 78 85 89 97 104 
0 2 7 14 21 32 39 46 53 63 70 78 85 90 96 104 
0 2 7 14 21 32 39 46 53 63 70 78 85 90 97 104 
0 2 7 14 21 32 39 46 53 63 71 78 85 89 97 104 
0 2 7 14 21 32 39 46 53 63 71 78 85 90 97 104 
0 2 7 14 21 32 39 46 53 64 70 78 85 90 96 104 
0 2 7 14 21 32 39 46 53 64 70 78 85 90 97 104 
0 2 7 14 21 32 39 46 53 64 71 78 85 90 97 104 
0 2 7 14 21 32 39 47 53 63 71 78 85 89 97 104 
0 2 7 14 21 32 39 47 53 63 71 78 85 90 97 104 
0 2 7 14 21 32 40 46 53 64 70 78 85 90 97 104 
0 2 7 14 21 39 46 53 59 63 70 78 85 90 96 104 
0 2 7 14 21 39 46 53 59 63 70 78 85 90 97 104 
0 2 7 14 21 39 46 53 59 63 71 78 85 90 97 104 
0 2 7 14 21 39 46 53 59 64 70 78 85 90 96 104 
0 2 7 14 21 39 46 53 59 64 70 78 85 90 97 104 
0 2 7 14 21 39 46 53 59 64 71 78 85 90 97 104 
0 2 7 14 21 39 47 53 59 63 71 78 85 90 97 104 
0 2 7 14 21 39 47 53 59 64 71 78 85 90 97 104 
0 2 7 14 21 40 46 53 59 64 70 78 85 90 97 104 
0 2 7 14 21 40 46 53 59 64 71 78 85 90 97 104 
0 2 7 14 21 40 47 53 59 64 71 78 85 90 97 104 
0 2 7 14 22 32 39 47 53 63 71 78 85 89 97 104 
0 2 7 14 22 39 47 53 59 63 71 78 85 90 97 104 
0 2 7 14 22 39 47 53 59 64 71 78 85 90 97 104 
0 2 7 14 22 40 47 53 59 64 71 78 85 90 97 104 
0 2 7 15 21 40 46 53 59 64 71 78 85 90 97 104 
0 2 7 15 21 40 47 53 59 64 71 78 85 90 97 104 
0 2 7 15 21 40 47 53 59 64 71 78 85 90 98 104 
0 2 7 15 22 40 47 53 59 64 71 78 85 90 97 104 
0 2 7 15 22 40 47 53 59 64 71 78 85 90 98 104 
0 2 7 15 22 40 47 53 59 64 72 78 85 90 98 104 
0 2 8 13 17 22 34 38 43 47 53 58 67 78 85 91 100 104 
0 2 8 13 17 22 34 38 47 53 58 69 78 85 91 95 100 104 
0 2 8 13 21 34 38 46 53 58 70 78 85 91 96 104 
0 2 8 13 21 34 46 53 58 65 70 78 85 91 96 104 
0 2 8 14 21 34 40 46 53 58 64 70 78 85 91 97 104 
0 2 8 14 21 34 40 46 53 58 64 71 78 85 91 97 104 
0 2 8 14 21 34 40 47 53 58 64 71 78 85 91 97 104 
0 2 8 14 22 34 40 47 53 58 64 71 78 85 91 97 104 
0 2 8 15 21 34 40 46 53 58 64 71 78 85 91 97 104 
0 2 8 15 21 34 40 46 53 58 65 71 78 85 91 97 104 
0 2 8 15 21 34 40 47 53 58 64 71 78 85 91 97 104 
0 2 8 15 21 34 40 47 53 58 64 71 78 85 91 98 104 
0 2 8 15 21 34 40 47 53 58 65 71 78 85 91 97 104 
0 2 8 15 21 34 40 47 53 58 65 71 78 85 91 98 104 
0 2 8 15 21 34 41 47 53 58 65 71 78 85 91 98 104 
0 2 8 15 22 34 40 47 53 58 64 71 78 85 91 97 104 
0 2 8 15 22 34 40 47 53 58 64 71 78 85 91 98 104 
0 2 8 15 22 34 40 47 53 58 64 72 78 85 91 98 104 
0 2 8 15 22 34 40 47 53 58 65 71 78 85 91 97 104 
0 2 8 15 22 34 40 47 53 58 65 71 78 85 91 98 104 
0 2 8 15 22 34 40 47 53 58 65 72 78 85 91 98 104 
0 2 8 15 22 34 41 47 53 58 65 71 78 85 91 98 104 
0 2 8 16 21 34 41 46 53 58 65 70 78 85 91 104 
0 2 8 16 21 34 41 46 53 58 65 78 85 91 99 104 
0 2 8 21 34 41 46 53 58 65 70 78 85 91 96 104 
0 2 9 13 21 34 39 46 53 58 63 70 78 85 96 104 
0 2 9 13 21 34 39 46 53 59 63 70 78 85 96 104 
0 2 9 13 21 34 46 53 58 65 70 78 85 91 96 104 
0 2 9 13 21 34 46 53 59 65 70 78 85 91 96 104 
0 2 9 14 21 34 39 46 53 58 63 70 78 85 96 104 
0 2 9 14 21 34 39 46 53 58 63 70 78 85 97 104 
0 2 9 14 21 34 39 46 53 58 63 71 78 85 97 104 
0 2 9 14 21 34 39 46 53 58 70 78 85 92 96 104 
0 2 9 14 21 34 39 46 53 58 70 78 85 92 97 104 
0 2 9 14 21 34 39 46 53 58 71 78 85 92 97 104 
0 2 9 14 21 34 39 46 53 59 63 70 78 85 96 104 
0 2 9 14 21 34 39 46 53 59 63 70 78 85 97 104 
0 2 9 14 21 34 39 46 53 59 63 71 78 85 97 104 
0 2 9 14 21 34 39 46 53 59 70 78 85 92 96 104 
0 2 9 14 21 34 39 46 53 59 70 78 85 92 97 104 
0 2 9 14 21 34 39 46 53 59 71 78 85 92 97 104 
0 2 9 14 21 34 39 47 53 58 63 71 78 85 97 104 
0 2 9 14 21 34 39 47 53 58 71 78 85 92 97 104 
0 2 9 14 21 34 39 47 53 59 63 71 78 85 97 104 
0 2 9 14 21 34 39 47 53 59 71 78 85 92 97 104 
0 2 9 14 21 34 46 53 58 66 70 78 85 92 97 104 
0 2 9 14 21 34 46 53 58 66 71 78 85 92 97 104 
0 2 9 14 21 34 46 53 59 66 70 78 85 92 97 104 
0 2 9 14 21 34 46 53 59 66 71 78 85 92 97 104 
0 2 9 14 21 34 47 53 58 66 71 78 85 92 97 104 
0 2 9 14 21 34 47 53 59 66 71 78 85 92 97 104 
0 2 9 14 21 35 39 46 53 59 70 78 85 92 96 104 
0 2 9 14 21 35 39 46 53 59 70 78 85 92 97 104 
0 2 9 14 21 35 39 46 53 59 71 78 85 92 97 104 
0 2 9 14 21 35 39 47 53 59 71 78 85 92 97 104 
0 2 9 14 21 35 46 53 59 66 70 78 85 92 97 104 
0 2 9 14 21 35 46 53 59 66 71 78 85 92 97 104 
0 2 9 14 22 34 39 47 53 58 63 71 78 85 97 104 
0 2 9 14 22 34 39 47 53 58 71 78 85 92 97 104 
0 2 9 14 22 34 39 47 53 59 63 71 78 85 97 104 
0 2 9 14 22 34 39 47 53 59 71 78 85 92 97 104 
0 2 9 14 22 34 47 53 58 66 71 78 85 92 97 104 
0 2 9 14 22 35 39 47 53 59 71 78 85 92 97 104 
0 2 9 15 21 34 40 46 53 58 65 71 78 85 91 97 104 
0 2 9 15 21 34 40 46 53 59 65 71 78 85 91 97 104 
0 2 9 15 21 34 40 47 53 58 65 71 78 85 91 97 104 
0 2 9 15 21 34 40 47 53 58 65 71 78 85 91 98 104 
0 2 9 15 21 34 40 47 53 59 65 71 78 85 91 97 104 
0 2 9 15 21 34 40 47 53 59 65 71 78 85 91 98 104 
0 2 9 15 21 34 41 47 53 58 65 71 78 85 91 98 104 
0 2 9 15 21 34 41 47 53 58 65 71 78 85 92 98 104 
0 2 9 15 22 34 40 47 53 58 65 71 78 85 91 97 104 
0 2 9 15 22 34 40 47 53 58 65 71 78 85 91 98 104 
0 2 9 16 21 34 41 46 53 58 65 70 78 85 91 104 
0 2 9 16 21 34 41 46 53 58 65 70 78 85 92 104 
0 2 9 16 21 34 41 46 53 58 65 78 85 91 99 104 
0 2 9 16 21 34 41 46 53 58 65 78 85 92 99 104 
0 2 9 16 21 34 41 46 53 58 66 70 78 85 92 104 
0 2 9 16 21 34 41 46 53 58 66 78 85 92 99 104 
0 2 9 16 21 34 41 46 53 59 65 70 78 85 91 104 
0 2 9 16 21 34 41 46 53 59 65 70 78 85 92 104 
0 2 9 16 21 34 41 46 53 59 65 78 85 91 99 104 
0 2 9 16 21 34 41 46 53 59 65 78 85 92 99 104 
0 2 9 16 21 34 41 46 53 59 66 70 78 85 92 104 
0 2 9 16 21 34 41 46 53 59 66 78 85 92 99 104 
0 2 9 16 21 34 42 46 53 58 66 78 85 92 99 104 
0 2 9 16 21 34 42 46 53 59 66 78 85 92 99 104 
0 2 9 16 21 35 41 46 53 59 65 70 78 85 92 104 
0 2 9 16 21 35 41 46 53 59 65 78 85 92 99 104 
0 2 9 16 21 35 41 46 53 59 66 70 78 85 92 104 
0 2 9 16 21 35 41 46 53 59 66 78 85 92 99 104 
0 2 9 16 21 35 42 46 53 59 66 78 85 92 99 104 
0 2 9 17 22 34 42 47 53 58 66 78 85 92 100 104 
0 2 9 17 22 34 42 47 53 59 66 78 85 92 100 104 
0 2 9 17 22 35 42 47 53 59 66 78 85 92 100 104 
0 2 9 21 34 41 46 53 58 65 70 78 85 91 96 104 
0 2 9 21 34 41 46 53 58 65 70 78 85 92 96 104 
0 2 9 21 34 41 46 53 59 65 70 78 85 91 96 104 
0 2 9 21 34 41 46 53 59 65 70 78 85 92 96 104 
0 2 9 21 35 41 46 53 59 65 70 78 85 92 96 104 
0 2 10 14 21 35 40 46 53 59 64 70 78 85 97 104 
0 2 10 14 21 35 46 53 59 66 70 78 85 92 97 104 
0 2 10 16 21 35 41 46 53 59 66 78 85 92 99 104 
0 2 10 16 21 35 42 46 53 59 66 78 85 92 99 104 
0 2 10 16 21 35 42 46 53 59 66 78 85 94 99 104 
0 2 10 17 22 35 42 47 53 59 66 78 85 92 100 104 
0 2 10 17 22 35 42 47 53 59 66 78 85 94 100 104 
0 2 10 17 22 35 42 47 53 59 67 78 85 94 100 104 
0 2 10 17 22 35 43 47 53 59 67 78 85 94 100 104 
0 2 13 17 22 34 38 43 47 53 58 63 67 78 85 89 100 104 
0 4 8 13 21 26 29 46 60 65 70 82 86 91 96 104 
0 4 8 13 21 29 34 38 46 53 58 70 78 91 96 104 
0 4 8 13 21 29 34 46 53 58 65 70 78 91 96 104 
0 4 8 13 21 29 46 53 60 65 70 78 86 91 96 104 
0 4 8 14 21 26 29 40 46 60 64 70 82 86 91 97 104 
0 4 8 14 21 26 29 40 46 60 64 71 82 86 91 97 104 
0 4 8 14 21 26 29 40 47 60 64 71 82 86 91 97 104 
0 4 8 14 21 29 34 40 46 53 58 64 70 78 91 97 104 
0 4 8 14 21 29 34 40 46 53 58 64 71 78 91 97 104 
0 4 8 14 21 29 34 40 47 53 58 64 71 78 91 97 104 
0 4 8 14 21 29 40 46 53 60 64 70 78 86 91 97 104 
0 4 8 14 21 29 40 46 53 60 64 71 78 86 91 97 104 
0 4 8 14 21 29 40 47 53 60 64 71 78 86 91 97 104 
0 4 8 14 22 26 29 40 47 60 64 71 82 86 91 97 104 
0 4 8 14 22 29 40 47 53 60 64 71 78 86 91 97 104 
0 4 8 15 21 26 29 40 46 60 64 71 82 86 91 97 104 
0 4 8 15 21 26 29 40 46 60 65 71 82 86 91 97 104 
0 4 8 15 21 26 29 40 47 60 64 71 82 86 91 97 104 
0 4 8 15 21 26 29 40 47 60 65 71 82 86 91 97 104 
0 4 8 15 21 26 29 40 47 60 65 71 82 86 91 98 104 
0 4 8 15 21 26 29 41 47 60 65 71 82 86 91 98 104 
0 4 8 15 21 29 34 40 46 53 58 64 71 78 91 97 104 
0 4 8 15 21 29 34 40 47 53 58 64 71 78 91 97 104 
0 4 8 15 21 29 34 40 47 53 58 64 71 78 91 98 104 
0 4 8 15 21 29 40 46 53 60 64 71 78 86 91 97 104 
0 4 8 15 21 29 40 46 53 60 65 71 78 86 91 97 104 
0 4 8 15 21 29 40 47 53 60 64 71 78 86 91 97 104 
0 4 8 15 21 29 40 47 53 60 64 71 78 86 91 98 104 
0 4 8 15 21 29 40 47 53 60 65 71 78 86 91 97 104 
0 4 8 15 22 29 40 47 53 60 64 71 78 86 91 97 104 
0 4 8 16 21 26 29 41 46 60 65 70 82 86 91 104 
0 4 8 16 21 26 29 41 46 60 65 82 86 91 99 104 
0 4 8 16 21 29 34 41 46 53 58 65 78 91 99 104 
0 4 8 16 21 29 41 46 53 60 65 70 78 86 91 104 
0 4 8 16 21 29 41 46 53 60 65 78 86 91 99 104 
0 4 9 13 21 26 29 34 46 65 70 82 87 91 96 104 
0 4 9 13 21 29 34 46 53 58 65 70 78 91 96 104 
0 4 9 14 21 24 30 34 39 46 70 78 87 92 97 104 
0 4 9 14 21 24 30 34 39 46 71 78 87 92 97 104 
0 4 9 14 21 24 30 34 39 47 71 78 87 92 97 104 
0 4 9 14 21 24 30 34 46 66 70 78 87 92 97 104 
0 4 9 14 21 24 30 34 46 66 71 78 87 92 97 104 
0 4 9 14 21 24 30 34 47 66 71 78 87 92 97 104 
0 4 9 14 21 24 30 46 61 66 70 78 87 92 97 104 
0 4 9 14 21 24 30 46 61 66 71 78 87 92 97 104 
0 4 9 14 21 24 30 47 61 66 71 78 87 92 97 104 
0 4 9 14 21 24 46 56 61 66 70 82 87 92 97 104 
0 4 9 14 21 24 46 56 61 66 71 82 87 92 97 104 
0 4 9 14 21 24 47 56 61 66 71 82 87 92 97 104 
0 4 9 14 21 26 29 34 39 47 71 82 87 92 97 104 
0 4 9 14 21 26 29 34 46 66 70 82 87 92 97 104 
0 4 9 14 21 26 29 34 46 66 71 82 87 92 97 104 
0 4 9 14 21 26 29 34 47 66 71 82 87 92 97 104 
0 4 9 14 21 26 29 46 61 66 71 82 87 92 97 104 
0 4 9 14 21 26 29 47 61 66 71 82 87 92 97 104 
0 4 9 14 21 26 46 56 61 66 71 82 87 92 97 104 
0 4 9 14 21 26 47 56 61 66 71 82 87 92 97 104 
0 4 9 14 21 29 34 39 47 53 58 63 71 78 97 104 
0 4 9 14 21 29 34 39 47 53 58 71 78 92 97 104 
0 4 9 14 21 29 34 39 47 53 71 78 87 92 97 104 
0 4 9 14 21 29 34 46 53 58 66 70 78 92 97 104 
0 4 9 14 21 29 34 46 53 58 66 71 78 92 97 104 
0 4 9 14 21 29 34 46 53 66 70 78 87 92 97 104 
0 4 9 14 21 29 34 46 53 66 71 78 87 92 97 104 
0 4 9 14 21 29 34 47 53 58 66 71 78 92 97 104 
0 4 9 14 21 29 34 47 53 66 71 78 87 92 97 104 
0 4 9 14 21 29 46 53 61 66 70 78 87 92 97 104 
0 4 9 14 21 29 46 53 61 66 71 78 87 92 97 104 
0 4 9 14 21 29 47 53 61 66 71 78 87 92 97 104 
0 4 9 14 21 30 34 39 46 53 70 78 87 92 96 104 
0 4 9 14 21 30 34 39 46 53 70 78 87 92 97 104 
0 4 9 14 21 30 34 39 46 53 71 78 87 92 97 104 
0 4 9 14 21 30 34 39 47 53 71 78 87 92 97 104 
0 4 9 14 21 30 34 46 53 66 70 78 87 92 97 104 
0 4 9 14 21 30 34 46 53 66 71 78 87 92 97 104 
0 4 9 14 21 30 34 47 53 66 71 78 87 92 97 104 
0 4 9 14 21 30 46 53 61 66 70 78 87 92 97 104 
0 4 9 14 21 30 46 53 61 66 71 78 87 92 97 104 
0 4 9 14 21 30 47 53 61 66 71 78 87 92 97 104 
0 4 9 14 22 24 30 47 61 66 71 78 87 92 97 105 
0 4 9 14 22 24 47 56 61 66 71 82 87 92 97 105 
0 4 9 14 22 26 29 34 47 66 71 82 87 92 97 104 
0 4 9 14 22 26 29 47 61 66 71 82 87 92 97 104 
0 4 9 14 22 26 47 56 61 66 71 82 87 92 97 104 
0 4 9 14 22 29 34 47 53 66 71 78 87 92 97 104 
0 4 9 14 22 29 47 53 61 66 71 78 87 92 97 104 
0 4 9 14 22 30 34 39 47 53 71 78 87 92 97 104 
0 4 9 14 22 30 34 47 53 66 71 78 87 92 97 104 
0 4 9 14 22 30 47 53 61 66 71 78 87 92 97 104 
0 4 9 15 21 24 30 34 41 47 65 71 78 87 92 98 104 
0 4 9 15 21 24 30 41 47 61 65 71 78 87 92 98 104 
0 4 9 15 21 24 41 47 56 61 65 71 82 87 92 98 104 
0 4 9 15 21 26 29 34 40 47 65 71 82 87 91 97 104 
0 4 9 15 21 26 29 34 40 47 65 71 82 87 91 98 104 
0 4 9 15 21 26 29 34 41 47 65 71 82 87 91 98 104 
0 4 9 15 21 26 29 34 41 47 65 71 82 87 92 98 104 
0 4 9 15 21 26 29 41 47 61 65 71 82 87 92 98 104 
0 4 9 15 21 26 41 47 56 61 65 71 82 87 92 98 104 
0 4 9 15 21 29 34 40 47 53 58 65 71 78 91 97 104 
0 4 9 15 21 29 34 40 47 53 58 65 71 78 91 98 104 
0 4 9 15 21 29 34 40 47 53 65 71 78 87 91 97 104 
0 4 9 15 21 29 34 40 47 53 65 71 78 87 91 98 104 
0 4 9 15 21 29 34 41 47 53 65 71 78 87 91 98 104 
0 4 9 15 21 29 34 41 47 53 65 71 78 87 92 98 104 
0 4 9 15 21 29 41 47 53 61 65 71 78 87 92 98 104 
0 4 9 15 21 30 34 40 46 53 65 71 78 87 91 97 104 
0 4 9 15 21 30 34 40 47 53 65 71 78 87 91 97 104 
0 4 9 15 21 30 34 40 47 53 65 71 78 87 91 98 104 
0 4 9 15 21 30 34 41 47 53 65 71 78 87 91 98 104 
0 4 9 15 21 30 41 47 53 61 65 71 78 87 92 98 104 
0 4 9 15 22 24 30 41 47 61 65 71 78 87 92 98 105 
0 4 9 15 22 24 30 41 47 61 65 72 78 87 92 98 105 
0 4 9 15 22 24 30 41 48 61 65 72 78 87 92 98 105 
0 4 9 15 22 24 41 47 56 61 65 71 82 87 92 98 105 
0 4 9 15 22 24 41 47 56 61 65 72 82 87 92 98 105 
0 4 9 15 22 26 29 34 41 47 65 71 82 87 92 98 104 
0 4 9 15 22 26 29 34 41 47 65 72 82 87 92 98 104 
0 4 9 15 22 26 29 41 47 61 65 71 82 87 92 98 104 
0 4 9 15 22 29 34 41 47 53 65 71 78 87 91 98 104 
0 4 9 15 22 29 34 41 47 53 65 72 78 87 91 98 104 
0 4 9 15 22 29 41 47 53 61 65 71 78 87 92 98 104 
0 4 9 15 22 29 41 47 53 61 65 72 78 87 92 98 104 
0 4 9 15 22 30 34 40 47 53 65 71 78 87 91 97 104 
0 4 9 15 22 30 41 47 53 61 65 71 78 87 92 98 104 
0 4 9 15 22 30 41 47 53 61 65 72 78 87 92 98 104 
0 4 9 16 21 24 30 34 41 46 65 70 78 87 92 104 
0 4 9 16 21 24 30 34 41 46 66 70 78 87 92 104 
0 4 9 16 21 24 30 41 46 61 65 70 78 87 92 104 
0 4 9 16 21 24 30 41 46 61 65 78 87 92 99 104 
0 4 9 16 21 24 30 41 46 61 66 70 78 87 92 104 
0 4 9 16 21 24 30 41 46 61 66 78 87 92 99 104 
0 4 9 16 21 24 30 42 46 61 66 78 87 92 99 104 
0 4 9 16 21 24 41 46 56 61 65 82 87 92 99 104 
0 4 9 16 21 24 41 56 61 66 73 82 87 92 99 104 
0 4 9 16 21 24 42 56 61 66 73 82 87 92 99 104 
0 4 9 16 21 26 29 34 42 46 66 82 87 92 99 104 
0 4 9 16 21 26 29 41 46 61 65 82 87 92 99 104 
0 4 9 16 21 26 29 41 46 61 66 82 87 92 99 104 
0 4 9 16 21 26 29 42 46 61 66 82 87 92 99 104 
0 4 9 16 21 29 41 46 53 61 65 70 78 87 92 104 
0 4 9 16 21 30 34 41 46 53 65 70 78 87 91 104 
0 4 9 16 21 30 34 41 46 53 65 70 78 87 92 104 
0 4 9 16 21 30 41 46 53 61 65 78 87 92 99 104 
0 4 9 16 21 30 41 46 53 61 66 78 87 92 99 104 
0 4 9 16 22 24 42 48 56 61 66 72 82 87 92 99 105 
0 4 9 16 22 26 29 41 47 61 66 72 82 87 92 98 104 
0 4 9 16 22 26 41 47 56 61 66 72 82 87 92 98 104 
0 4 9 16 22 29 41 47 53 61 65 72 78 87 92 98 104 
0 4 9 16 22 29 41 47 53 61 66 72 78 87 92 98 104 
0 4 9 17 21 24 42 47 56 61 66 71 82 87 92 104 
0 4 9 17 21 26 29 34 42 47 66 71 82 87 92 104 
0 4 9 17 21 26 29 42 47 61 66 71 82 87 92 104 
0 4 9 17 21 26 42 47 56 61 66 71 82 87 92 104 
0 4 9 17 22 24 30 42 47 61 66 78 87 92 100 105 
0 4 9 17 22 24 42 47 56 61 66 71 82 87 92 104 
0 4 9 17 22 24 42 47 56 61 66 71 82 87 92 105 
0 4 9 17 22 24 42 47 56 61 66 82 87 92 100 105 
0 4 9 17 22 26 29 42 47 61 66 71 82 87 92 104 
0 4 9 17 22 26 42 47 56 61 66 71 82 87 92 104 
0 4 9 17 22 26 42 47 56 61 66 82 87 92 100 104 
0 4 9 21 26 29 42 46 61 66 71 82 87 92 97 104 
0 4 9 21 26 29 42 47 61 66 71 82 87 92 97 104 
0 4 9 21 26 42 47 56 61 66 71 82 87 92 97 104 
0 4 9 22 26 29 42 47 61 66 71 82 87 92 97 104 
0 4 9 22 26 42 47 56 61 66 71 82 87 92 97 104 
0 4 9 22 29 42 47 53 61 66 71 78 87 92 97 104 
0 4 10 14 21 26 29 35 46 60 66 70 82 86 92 97 104 
0 4 10 14 21 26 29 35 46 60 66 71 82 86 92 97 104 
0 4 10 14 21 26 29 35 47 60 66 71 82 86 92 97 104 
0 4 10 14 21 29 35 40 46 53 60 64 70 78 86 97 104 
0 4 10 14 21 29 35 46 53 60 66 70 78 86 92 97 104 
0 4 10 14 21 29 35 46 53 60 66 71 78 86 92 97 104 
0 4 10 15 21 24 30 36 40 47 60 71 78 87 94 98 104 
0 4 10 15 21 24 30 36 47 60 67 71 78 87 94 98 104 
0 4 10 15 21 24 36 47 56 60 67 71 82 87 94 98 104 
0 4 10 15 21 26 29 35 40 47 60 71 82 86 94 97 104 
0 4 10 15 21 26 29 35 40 47 60 71 82 86 94 98 104 
0 4 10 15 21 26 29 35 47 60 67 71 82 86 94 98 104 
0 4 10 15 21 26 29 36 40 46 60 71 82 86 94 97 104 
0 4 10 15 21 26 29 36 40 46 60 71 82 87 94 97 104 
0 4 10 15 21 26 29 36 40 47 60 71 82 86 94 97 104 
0 4 10 15 21 26 29 36 40 47 60 71 82 86 94 98 104 
0 4 10 15 21 26 29 36 40 47 60 71 82 87 94 98 104 
0 4 10 15 21 26 29 36 47 60 67 71 82 86 94 98 104 
0 4 10 15 21 26 29 36 47 60 67 71 82 87 94 98 104 
0 4 10 15 21 26 36 47 56 60 67 71 82 87 94 98 104 
0 4 10 15 21 29 35 40 47 53 60 64 71 78 86 97 104 
0 4 10 15 21 29 35 40 47 53 60 71 78 86 94 97 104 
0 4 10 15 21 29 35 40 47 53 60 71 78 86 94 98 104 
0 4 10 15 21 29 35 47 53 60 67 71 78 86 94 98 104 
0 4 10 15 21 29 36 40 46 53 60 71 78 87 94 97 104 
0 4 10 15 21 29 36 40 47 53 60 71 78 87 94 97 104 
0 4 10 15 21 30 36 40 46 53 60 71 78 87 94 97 104 
0 4 10 15 21 30 36 40 47 53 60 71 78 87 94 97 104 
0 4 10 15 21 30 36 47 53 60 67 71 78 87 94 98 104 
0 4 10 15 22 24 30 36 47 60 67 71 78 87 94 98 105 
0 4 10 15 22 24 36 47 56 60 67 72 82 87 94 98 105 
0 4 10 15 22 24 36 48 56 60 67 72 82 87 94 98 105 
0 4 10 15 22 26 29 36 40 47 60 71 82 86 94 98 104 
0 4 10 15 22 26 29 36 40 47 60 72 82 86 94 98 104 
0 4 10 15 22 29 36 40 47 53 60 71 78 86 94 97 104 
0 4 10 15 22 30 36 47 53 60 67 71 78 87 94 98 104 
0 4 10 16 21 24 30 36 42 46 60 66 78 87 94 99 104 
0 4 10 16 22 24 30 36 42 48 60 66 72 78 87 94 99 105 
0 4 11 16 21 24 30 36 41 46 60 65 78 87 99 104 
0 4 11 16 21 24 30 36 41 46 60 78 87 99 104 106 
0 4 11 16 21 30 36 41 46 53 60 65 78 87 99 104 
0 4 11 16 21 30 36 41 46 53 60 78 87 99 104 106 
0 5 10 15 21 24 30 35 40 47 59 64 71 78 98 104 
0 5 13 21 24 30 38 46 62 70 78 88 96 104 
0 5 13 21 26 31 38 46 55 62 70 82 88 96 104 
0 6 13 21 24 31 38 46 56 62 70 82 89 96 104 
0 6 13 21 24 31 38 46 56 63 70 82 89 96 104 
0 6 13 21 24 31 39 46 56 63 70 82 89 96 104 
0 6 13 21 24 32 38 46 56 63 70 82 89 96 104 
0 6 13 21 24 32 39 46 56 63 70 82 89 96 104 
0 6 13 21 26 31 39 46 55 63 70 82 89 96 104 
0 6 13 21 26 31 39 46 56 63 70 82 89 96 104 
0 6 13 21 26 32 39 46 56 63 70 82 89 96 104 
0 6 14 21 24 32 39 46 56 63 70 82 89 97 104 
0 6 14 21 26 32 39 46 56 63 70 82 89 96 104 
0 7 14 21 24 32 39 46 56 63 71 82 90 97 104 
