0 2 6 28 32 36 40 44 48 51 58 62 66 70 74 78 101 105 
0 2 7 14 19 32 37 44 49 53 61 66 73 78 85 92 97 104 
0 2 7 14 22 26 32 40 48 57 62 65 70 97 104 
0 2 7 14 22 26 32 40 48 57 65 70 84 97 104 
0 2 7 14 22 26 32 40 48 57 65 84 92 97 104 
0 2 7 14 22 32 40 48 57 65 73 84 92 97 104 
0 2 7 15 22 26 33 40 48 57 65 70 84 97 105 
0 2 7 15 22 33 40 48 57 65 73 84 92 97 105 
0 2 11 18 34 41 48 52 55 63 70 87 93 103 106 
0 2 11 18 34 41 48 52 56 63 70 87 93 103 106 
0 2 11 18 34 41 48 52 56 63 70 87 93 104 106 
0 2 11 18 34 41 48 53 56 63 70 87 93 103 106 
0 2 11 18 34 41 48 53 56 63 70 87 93 104 106 
0 2 11 19 34 41 49 53 56 63 70 87 93 104 106 
0 7 14 21 24 32 39 46 56 63 71 82 90 97 104 
0 57 60 63 66 69 72 75 78 81 100 103 
