0 1 10 14 18 22 27 46 58 62 67 78 92 96 101 105 
0 1 10 14 18 22 27 54 58 63 67 78 92 96 101 105 
0 1 10 14 18 23 27 40 54 63 67 78 92 96 101 105 
0 1 10 14 18 23 27 47 59 63 67 78 92 96 101 105 
0 1 10 14 18 23 27 47 59 63 78 88 92 96 101 105 
0 1 10 14 18 23 27 54 58 63 67 78 92 96 101 105 
0 1 10 14 18 23 27 54 59 63 67 78 92 96 101 105 
0 1 10 14 18 23 40 45 50 78 82 87 92 96 101 105 
0 1 10 14 18 23 45 50 59 78 82 87 92 96 101 105 
0 1 10 14 18 23 50 59 64 78 82 87 92 96 101 105 
0 1 10 14 18 23 59 64 69 78 82 87 92 96 101 105 
0 1 10 14 18 27 42 46 58 62 67 78 92 96 101 105 
0 1 10 14 18 27 42 46 58 63 67 78 92 96 101 105 
0 1 10 14 18 27 42 46 58 67 78 83 92 96 101 105 
0 1 10 14 18 27 42 47 58 63 67 78 92 96 101 105 
0 1 10 14 18 27 42 47 58 63 78 88 92 96 101 105 
0 1 10 14 18 27 42 54 58 63 67 78 92 96 101 105 
0 1 10 14 19 23 27 36 40 54 63 67 92 96 101 105 
0 1 10 14 19 23 27 36 47 59 63 67 92 96 101 105 
0 1 10 14 19 23 27 36 47 59 63 88 92 96 101 105 
0 1 10 14 19 23 27 36 54 59 63 67 92 96 101 105 
0 1 10 14 19 23 27 47 55 59 63 67 92 96 101 105 
0 1 10 14 19 23 27 47 55 59 63 88 92 96 101 105 
0 1 10 14 19 23 27 47 59 63 67 78 92 96 101 105 
0 1 10 14 19 23 27 47 59 63 78 88 92 96 101 105 
0 1 10 14 19 23 27 54 55 59 63 67 92 96 101 105 
0 1 10 14 19 23 27 54 59 63 67 78 92 96 101 105 
0 1 10 14 19 23 36 40 45 50 82 87 92 96 101 105 
0 1 10 14 19 23 36 41 45 50 82 87 92 96 101 105 
0 1 10 14 19 23 36 45 50 59 82 87 92 96 101 105 
0 1 10 14 19 23 36 50 59 64 82 87 92 96 101 105 
0 1 10 14 19 23 36 59 64 69 82 87 92 96 101 105 
0 1 10 14 19 23 45 50 55 59 82 87 92 96 101 105 
0 1 10 14 19 23 45 50 59 78 82 87 92 96 101 105 
0 1 10 14 19 23 50 55 59 64 82 87 92 96 101 105 
0 1 10 14 19 23 50 59 64 78 82 87 92 96 101 105 
0 1 10 14 19 23 55 59 64 69 82 87 92 96 101 105 
0 1 10 14 19 23 59 64 69 78 82 87 92 96 101 105 
0 1 10 14 19 25 27 36 41 46 62 67 92 96 101 105 
0 1 10 14 19 25 27 36 41 46 67 83 92 96 101 105 
0 1 10 14 19 25 27 36 41 46 83 87 92 96 101 105 
0 1 10 14 19 25 27 36 41 46 83 88 92 96 101 105 
0 1 10 14 19 25 27 41 46 55 62 67 92 96 101 105 
0 1 10 14 19 25 27 41 46 55 67 83 92 96 101 105 
0 1 10 14 19 25 27 41 46 55 83 87 92 96 101 105 
0 1 10 14 19 25 27 41 46 55 83 88 92 96 101 105 
0 1 10 14 19 25 27 46 55 60 67 83 92 96 101 105 
0 1 10 14 19 25 27 46 55 60 83 87 92 96 101 105 
0 1 10 14 19 25 27 46 55 60 83 88 92 96 101 105 
0 1 10 14 19 25 27 55 60 65 83 88 92 96 101 105 
0 1 10 14 19 25 36 41 45 50 82 87 92 96 101 105 
0 1 10 14 19 25 36 41 46 50 62 87 92 96 101 105 
0 1 10 14 19 25 36 41 46 50 82 87 92 96 101 105 
0 1 10 14 19 25 36 41 46 50 83 87 92 96 101 105 
0 1 10 14 19 25 36 41 46 69 83 87 92 96 101 105 
0 1 10 14 19 25 36 41 50 64 82 87 92 96 101 105 
0 1 10 14 19 25 36 41 64 69 82 87 92 96 101 105 
0 1 10 14 19 25 41 45 50 55 82 87 92 96 101 105 
0 1 10 14 19 25 41 46 50 55 62 87 92 96 101 105 
0 1 10 14 19 25 41 46 50 55 82 87 92 96 101 105 
0 1 10 14 19 25 41 46 50 55 83 87 92 96 101 105 
0 1 10 14 19 25 41 46 55 69 83 87 92 96 101 105 
0 1 10 14 19 25 41 50 55 64 82 87 92 96 101 105 
0 1 10 14 19 25 41 55 64 69 82 87 92 96 101 105 
0 1 10 14 19 25 46 50 55 60 83 87 92 96 101 105 
0 1 10 14 19 25 46 55 60 69 83 87 92 96 101 105 
0 1 10 14 19 25 48 55 60 64 69 87 92 96 101 105 
0 1 10 14 19 25 50 55 59 64 82 87 92 96 101 105 
0 1 10 14 19 25 50 55 60 64 82 87 92 96 101 105 
0 1 10 14 19 25 55 59 64 69 82 87 92 96 101 105 
0 1 10 14 19 25 55 60 64 69 82 87 92 96 101 105 
0 1 10 14 19 25 55 60 64 69 83 87 92 96 101 105 
0 1 10 14 19 25 55 60 65 69 83 87 92 96 101 105 
0 1 10 14 19 27 36 41 46 57 62 67 92 96 101 105 
0 1 10 14 19 27 43 47 55 59 63 67 92 96 101 105 
0 1 10 14 19 27 43 47 55 59 63 88 92 96 101 105 
0 1 10 14 19 27 43 47 55 59 84 88 92 96 101 105 
0 1 10 14 19 36 41 45 50 57 82 87 92 96 101 105 
0 1 10 14 19 36 41 46 50 57 62 87 92 96 101 105 
0 1 10 14 19 43 50 55 59 64 82 87 92 96 101 105 
0 1 10 14 19 43 55 59 64 69 82 87 92 96 101 105 
0 1 10 14 23 27 38 47 59 63 67 78 92 96 101 105 
0 1 10 14 23 27 38 47 59 63 78 88 92 96 101 105 
0 1 10 14 23 27 38 54 59 63 67 78 92 96 101 105 
0 1 10 14 23 38 50 59 64 78 82 87 92 96 101 105 
0 1 10 14 23 38 59 64 69 78 82 87 92 96 101 105 
0 1 10 14 27 38 42 46 52 67 78 83 92 96 101 105 
0 1 10 14 27 38 42 46 52 78 83 87 92 96 101 105 
0 1 10 14 27 38 42 46 52 78 83 88 92 96 101 105 
0 1 10 14 27 38 42 46 58 63 67 78 92 96 101 105 
0 1 10 14 27 38 42 46 58 67 78 83 92 96 101 105 
0 1 10 14 27 38 42 46 58 78 83 87 92 96 101 105 
0 1 10 14 27 38 42 46 58 78 83 88 92 96 101 105 
0 1 10 14 27 38 42 52 65 78 83 88 92 96 101 105 
0 1 10 14 27 38 43 47 59 63 78 88 92 96 101 105 
0 1 10 14 27 38 43 47 59 78 84 88 92 96 101 105 
0 1 10 14 38 43 50 59 64 78 82 87 92 96 101 105 
0 1 10 15 19 23 27 32 36 47 59 63 67 92 96 101 
0 1 10 15 19 23 27 32 36 47 59 63 88 92 96 101 
0 1 10 15 19 23 27 32 47 55 59 63 67 92 96 101 
0 1 10 15 19 23 27 32 47 55 59 63 88 92 96 101 
0 1 10 15 19 23 27 47 55 59 63 67 92 96 101 105 
0 1 10 15 19 23 32 36 40 45 50 82 87 92 96 101 
0 1 10 15 19 23 32 36 41 45 50 82 87 92 96 101 
0 1 10 15 19 23 32 36 45 50 59 82 87 92 96 101 
0 1 10 15 19 23 32 36 50 59 64 82 87 92 96 101 
0 1 10 15 19 23 32 45 50 55 59 82 87 92 96 101 
0 1 10 15 19 23 32 50 55 59 64 82 87 92 96 101 
0 1 10 15 19 23 32 55 59 64 69 82 87 92 96 101 
0 1 10 15 19 23 45 50 55 59 81 82 87 92 96 101 
0 1 10 15 19 23 45 50 55 59 82 87 92 96 101 105 
0 1 10 15 19 23 50 55 59 64 81 82 87 92 96 101 
0 1 10 15 19 23 50 55 59 64 82 87 92 96 101 105 
0 1 10 15 19 23 55 59 64 69 81 82 87 92 96 101 
0 1 10 15 19 23 55 59 64 69 82 87 92 96 101 105 
0 1 10 15 19 25 27 32 36 41 46 62 67 92 96 101 
0 1 10 15 19 25 27 32 36 41 46 67 83 92 96 101 
0 1 10 15 19 25 27 32 36 41 46 83 87 92 96 101 
0 1 10 15 19 25 27 32 36 41 46 83 88 92 96 101 
0 1 10 15 19 25 27 32 37 41 46 67 83 92 96 101 
0 1 10 15 19 25 27 32 37 41 46 83 87 92 96 101 
0 1 10 15 19 25 27 32 37 41 46 83 88 92 96 101 
0 1 10 15 19 25 27 32 41 46 55 67 83 92 96 101 
0 1 10 15 19 25 27 32 41 46 55 83 87 92 96 101 
0 1 10 15 19 25 27 32 41 46 55 83 88 92 96 101 
0 1 10 15 19 25 27 32 46 55 60 83 87 92 96 101 
0 1 10 15 19 25 27 32 46 55 60 83 88 92 96 101 
0 1 10 15 19 25 27 32 55 60 65 83 88 92 96 101 
0 1 10 15 19 25 27 41 46 55 67 83 92 96 101 105 
0 1 10 15 19 25 27 41 46 55 83 87 92 96 101 105 
0 1 10 15 19 25 27 46 55 60 81 83 87 92 96 101 
0 1 10 15 19 25 27 46 55 60 81 83 88 92 96 101 
0 1 10 15 19 25 27 46 55 60 83 87 92 96 101 105 
0 1 10 15 19 25 27 46 55 60 83 88 92 96 101 105 
0 1 10 15 19 25 27 55 60 65 81 83 88 92 96 101 
0 1 10 15 19 25 27 55 60 65 83 88 92 96 101 105 
0 1 10 15 19 25 32 36 41 45 50 82 87 92 96 101 
0 1 10 15 19 25 32 36 41 46 50 62 87 92 96 101 
0 1 10 15 19 25 32 36 41 46 50 82 87 92 96 101 
0 1 10 15 19 25 32 36 41 46 50 83 87 92 96 101 
0 1 10 15 19 25 32 36 41 46 69 83 87 92 96 101 
0 1 10 15 19 25 32 36 41 50 64 82 87 92 96 101 
0 1 10 15 19 25 32 36 41 64 69 82 87 92 96 101 
0 1 10 15 19 25 32 37 41 45 50 82 87 92 96 101 
0 1 10 15 19 25 32 37 41 46 50 62 87 92 96 101 
0 1 10 15 19 25 32 37 41 46 50 82 87 92 96 101 
0 1 10 15 19 25 32 37 41 46 50 83 87 92 96 101 
0 1 10 15 19 25 32 37 41 46 69 83 87 92 96 101 
0 1 10 15 19 25 32 37 41 50 64 82 87 92 96 101 
0 1 10 15 19 25 32 37 41 64 69 82 87 92 96 101 
0 1 10 15 19 25 32 41 45 50 55 82 87 92 96 101 
0 1 10 15 19 25 32 41 46 50 55 62 87 92 96 101 
0 1 10 15 19 25 32 41 46 50 55 82 87 92 96 101 
0 1 10 15 19 25 32 41 46 50 55 83 87 92 96 101 
0 1 10 15 19 25 32 41 46 55 69 83 87 92 96 101 
0 1 10 15 19 25 32 41 50 55 64 82 87 92 96 101 
0 1 10 15 19 25 32 41 55 64 69 82 87 92 96 101 
0 1 10 15 19 25 32 46 50 55 60 83 87 92 96 101 
0 1 10 15 19 25 32 46 55 60 69 83 87 92 96 101 
0 1 10 15 19 25 32 48 55 60 64 69 87 92 96 101 
0 1 10 15 19 25 32 50 55 59 64 82 87 92 96 101 
0 1 10 15 19 25 32 50 55 60 64 82 87 92 96 101 
0 1 10 15 19 25 32 55 59 64 69 82 87 92 96 101 
0 1 10 15 19 25 32 55 60 64 69 82 87 92 96 101 
0 1 10 15 19 25 32 55 60 64 69 83 87 92 96 101 
0 1 10 15 19 25 32 55 60 65 69 83 87 92 96 101 
0 1 10 15 19 25 41 45 50 55 81 82 87 92 96 101 
0 1 10 15 19 25 41 45 50 55 82 87 92 96 101 105 
0 1 10 15 19 25 41 46 50 55 62 81 87 92 96 101 
0 1 10 15 19 25 41 46 50 55 62 87 92 96 101 105 
0 1 10 15 19 25 41 46 50 55 81 82 87 92 96 101 
0 1 10 15 19 25 41 46 50 55 82 87 92 96 101 105 
0 1 10 15 19 25 41 46 50 55 83 87 92 96 101 105 
0 1 10 15 19 25 41 50 55 64 81 82 87 92 96 101 
0 1 10 15 19 25 41 50 55 64 82 87 92 96 101 105 
0 1 10 15 19 25 41 55 64 69 81 82 87 92 96 101 
0 1 10 15 19 25 41 55 64 69 82 87 92 96 101 105 
0 1 10 15 19 25 46 55 60 69 81 83 87 92 96 101 
0 1 10 15 19 25 48 55 60 64 69 81 87 92 96 101 
0 1 10 15 19 25 48 55 60 64 69 87 92 96 101 105 
0 1 10 15 19 25 50 55 59 64 82 87 92 96 101 105 
0 1 10 15 19 25 55 59 64 69 81 82 87 92 96 101 
0 1 10 15 19 25 55 59 64 69 82 87 92 96 101 105 
0 1 10 15 19 25 55 60 64 69 81 82 87 92 96 101 
0 1 10 15 19 25 55 60 64 69 81 83 87 92 96 101 
0 1 10 15 19 25 55 60 64 69 82 87 92 96 101 105 
0 1 10 15 19 25 55 60 64 69 83 87 92 96 101 105 
0 1 10 15 19 25 55 60 65 69 81 83 87 92 96 101 
0 1 10 15 19 25 55 60 65 69 83 87 92 96 101 105 
0 1 10 15 19 27 32 36 41 46 57 62 67 92 96 101 
0 1 10 15 19 27 32 43 47 55 59 63 88 92 96 101 
0 1 10 15 19 27 43 47 55 59 63 81 88 92 96 101 
0 1 10 15 19 27 43 47 55 59 63 88 92 96 101 105 
0 1 10 15 19 32 36 41 45 50 57 82 87 92 96 101 
0 1 10 15 19 32 36 41 46 50 57 62 87 92 96 101 
0 1 10 15 19 32 43 55 59 64 69 82 87 92 96 101 
0 1 10 15 19 43 55 59 64 69 81 82 87 92 96 101 
0 1 10 15 19 43 55 59 64 69 82 87 92 96 101 105 
0 1 10 15 20 25 27 32 37 41 46 67 83 92 96 101 
0 1 10 15 20 25 27 32 37 41 46 83 87 92 96 101 
0 1 10 15 20 25 27 32 37 41 46 83 88 92 96 101 
0 1 10 15 20 25 27 32 37 42 46 67 83 92 96 101 
0 1 10 15 20 25 27 32 37 42 46 83 87 92 96 101 
0 1 10 15 20 25 27 32 37 42 46 83 88 92 96 101 
0 1 10 15 20 25 27 32 37 46 60 67 83 92 96 101 
0 1 10 15 20 25 27 32 37 46 60 83 87 92 96 101 
0 1 10 15 20 25 27 32 37 46 60 83 88 92 96 101 
0 1 10 15 20 25 27 32 37 60 65 83 88 92 96 101 
0 1 10 15 20 25 27 46 55 60 67 81 83 92 96 101 
0 1 10 15 20 25 27 46 55 60 81 83 87 92 96 101 
0 1 10 15 20 25 27 46 56 60 67 81 83 92 96 101 
0 1 10 15 20 25 27 46 56 60 81 83 87 92 96 101 
0 1 10 15 20 25 32 37 41 45 50 82 87 92 96 101 
0 1 10 15 20 25 32 37 41 46 50 62 87 92 96 101 
0 1 10 15 20 25 32 37 41 46 50 82 87 92 96 101 
0 1 10 15 20 25 32 37 41 46 50 83 87 92 96 101 
0 1 10 15 20 25 32 37 41 46 69 83 87 92 96 101 
0 1 10 15 20 25 32 37 41 50 64 82 87 92 96 101 
0 1 10 15 20 25 32 37 41 64 69 82 87 92 96 101 
0 1 10 15 20 25 32 37 46 50 60 83 87 92 96 101 
0 1 10 15 20 25 32 37 50 60 64 82 87 92 96 101 
0 1 10 15 20 25 37 41 45 50 81 82 87 92 96 101 
0 1 10 15 20 25 37 48 60 64 69 81 87 92 96 101 
0 1 10 15 20 25 37 60 64 69 81 82 87 92 96 101 
0 1 10 15 20 25 37 60 64 69 81 83 87 92 96 101 
0 1 10 15 20 25 37 60 65 69 81 83 87 92 96 101 
0 1 10 15 20 25 46 50 55 60 81 83 87 92 96 101 
0 1 10 15 20 25 46 50 56 60 81 83 87 92 96 101 
0 1 10 15 20 25 46 55 60 69 81 83 87 92 96 101 
0 1 10 15 20 25 46 56 60 69 81 83 87 92 96 101 
0 1 10 15 20 25 48 55 60 64 69 81 87 92 96 101 
0 1 10 15 20 25 48 56 60 64 69 81 87 92 96 101 
0 1 10 15 20 25 50 56 60 64 81 82 87 92 96 101 
0 1 10 15 20 25 55 60 64 69 81 83 87 92 96 101 
0 1 10 15 20 25 55 60 65 69 81 83 87 92 96 101 
0 1 10 15 20 25 56 60 64 69 81 83 87 92 96 101 
0 1 10 15 20 25 56 60 65 69 81 83 87 92 96 101 
0 1 10 15 20 27 32 37 42 46 52 67 83 92 96 101 
0 1 10 15 20 27 32 37 42 46 58 83 88 92 96 101 
0 1 10 15 20 27 32 37 42 47 52 63 67 92 96 101 
0 1 10 15 20 27 32 37 42 47 52 63 88 92 96 101 
0 1 10 15 20 27 32 37 42 47 58 63 88 92 96 101 
0 1 10 15 20 27 37 42 46 52 67 81 83 92 96 101 
0 1 10 15 20 27 37 42 46 52 81 83 87 92 96 101 
0 1 10 15 20 27 37 42 47 52 63 81 88 92 96 101 
0 1 10 15 20 27 44 56 60 65 81 83 88 92 96 101 
0 1 10 15 20 37 42 46 50 52 81 83 87 92 96 101 
0 1 10 15 20 37 42 46 52 69 81 83 87 92 96 101 
0 1 10 15 20 42 46 50 52 56 81 83 87 92 96 101 
0 1 10 15 20 44 48 56 60 64 69 81 87 92 96 101 
0 1 10 15 20 44 56 60 65 69 81 83 87 92 96 101 
0 1 10 15 20 52 56 60 65 69 81 83 87 92 96 101 
0 1 10 15 20 52 56 61 65 69 81 83 87 92 96 101 
0 1 10 15 22 27 32 37 46 58 62 67 79 92 96 101 
0 1 10 15 22 32 37 46 50 58 62 79 87 92 96 101 
0 1 10 15 25 27 32 37 41 46 79 83 87 92 96 101 
0 1 10 15 25 27 39 46 55 60 67 81 83 92 96 101 
0 1 10 15 25 27 39 46 55 60 81 83 87 92 96 101 
0 1 10 15 25 32 37 41 46 50 62 79 87 92 96 101 
0 1 10 15 25 32 37 41 46 50 79 82 87 92 96 101 
0 1 10 15 25 32 37 41 46 50 79 83 87 92 96 101 
0 1 10 15 25 32 37 41 46 69 79 83 87 92 96 101 
0 1 10 15 25 39 46 50 55 60 81 83 87 92 96 101 
0 1 10 15 25 39 46 55 60 69 81 83 87 92 96 101 
0 1 10 15 25 39 48 55 60 64 69 81 87 92 96 101 
0 1 10 15 25 39 55 60 64 69 81 83 87 92 96 101 
0 1 10 15 25 39 55 60 65 69 81 83 87 92 96 101 
0 1 10 15 27 32 37 41 46 57 62 67 79 92 96 101 
0 1 10 15 27 32 37 41 46 58 62 67 79 92 96 101 
0 1 10 15 32 37 41 45 50 57 79 82 87 92 96 101 
0 1 10 15 32 37 41 46 50 57 62 79 87 92 96 101 
0 1 10 15 32 37 41 46 50 58 62 79 87 92 96 101 
0 1 10 15 39 43 48 53 55 64 69 81 87 92 96 101 
0 1 10 15 39 43 48 55 60 64 69 81 87 92 96 101 
0 1 10 15 39 44 48 55 60 64 69 81 87 92 96 101 
0 1 10 19 23 34 50 55 59 64 82 87 92 96 101 105 
0 1 10 19 25 34 41 45 50 55 82 87 92 96 101 105 
0 1 10 19 25 34 41 46 50 55 62 87 92 96 101 105 
0 1 10 19 25 34 41 46 50 55 82 87 92 96 101 105 
0 1 10 19 27 34 43 47 55 59 63 88 92 96 101 105 
0 1 11 15 19 23 28 32 36 40 45 50 82 87 92 96 
0 1 11 15 19 23 28 32 36 41 45 50 82 87 92 96 
0 1 11 15 19 25 27 28 32 36 41 46 83 87 92 96 
0 1 11 15 19 25 27 28 32 37 41 46 83 87 92 96 
0 1 11 15 19 25 28 32 36 41 45 50 82 87 92 96 
0 1 11 15 19 25 28 32 36 41 46 50 82 87 92 96 
0 1 11 15 19 25 28 32 36 41 46 50 83 87 92 96 
0 1 11 15 19 25 28 32 36 41 46 69 83 87 92 96 
0 1 11 15 19 25 28 32 37 41 45 50 82 87 92 96 
0 1 11 15 19 25 28 32 37 41 46 50 62 87 92 96 
0 1 11 15 19 25 28 32 37 41 46 50 82 87 92 96 
0 1 11 15 19 25 28 32 37 41 46 50 83 87 92 96 
0 1 11 15 19 25 28 32 37 41 46 69 83 87 92 96 
0 1 11 15 19 25 41 45 50 55 81 82 87 92 96 101 
0 1 11 15 19 25 41 45 50 55 81 82 87 92 96 102 
0 1 11 15 19 25 41 46 50 55 62 81 87 92 96 101 
0 1 11 15 19 25 41 46 50 55 62 81 87 92 96 102 
0 1 11 15 19 25 41 46 50 55 81 82 87 92 96 101 
0 1 11 15 19 25 48 55 60 64 69 81 87 92 96 101 
0 1 11 15 19 25 48 55 60 64 69 81 87 92 96 102 
0 1 11 15 19 25 55 60 64 69 81 83 87 92 96 101 
0 1 11 15 19 25 55 60 65 69 81 83 87 92 96 101 
0 1 11 15 19 25 55 60 65 69 81 83 87 92 96 102 
0 1 11 15 19 28 32 36 41 45 50 57 82 87 92 96 
0 1 11 15 20 25 27 28 32 37 41 46 83 87 92 96 
0 1 11 15 20 25 27 28 32 37 42 46 83 87 92 96 
0 1 11 15 20 25 27 28 32 37 46 60 83 87 92 96 
0 1 11 15 20 25 27 28 33 37 41 46 83 87 92 96 
0 1 11 15 20 25 27 28 33 37 42 46 67 83 92 96 
0 1 11 15 20 25 27 28 33 37 42 46 83 87 92 96 
0 1 11 15 20 25 27 28 33 37 46 60 67 83 92 96 
0 1 11 15 20 25 27 28 33 37 46 60 83 87 92 96 
0 1 11 15 20 25 27 28 37 42 46 67 81 83 92 96 
0 1 11 15 20 25 27 28 37 42 46 81 83 87 92 96 
0 1 11 15 20 25 27 28 37 46 60 67 81 83 92 96 
0 1 11 15 20 25 27 28 37 46 60 81 83 87 92 96 
0 1 11 15 20 25 27 28 46 55 60 67 81 83 92 96 
0 1 11 15 20 25 27 28 46 55 60 81 83 87 92 96 
0 1 11 15 20 25 27 37 41 46 81 83 87 92 96 102 
0 1 11 15 20 25 27 37 42 46 67 81 83 92 96 101 
0 1 11 15 20 25 27 37 42 46 81 83 87 92 96 101 
0 1 11 15 20 25 27 37 46 60 67 81 83 92 96 101 
0 1 11 15 20 25 27 37 46 60 67 81 83 92 96 102 
0 1 11 15 20 25 27 37 46 60 81 83 87 92 96 101 
0 1 11 15 20 25 27 37 46 60 81 83 87 92 96 102 
0 1 11 15 20 25 27 46 55 60 67 81 83 92 96 101 
0 1 11 15 20 25 27 46 55 60 67 81 83 92 96 102 
0 1 11 15 20 25 27 46 55 60 81 83 87 92 96 102 
0 1 11 15 20 25 28 32 37 41 46 50 62 87 92 96 
0 1 11 15 20 25 28 32 37 41 46 50 83 87 92 96 
0 1 11 15 20 25 28 32 37 41 46 69 83 87 92 96 
0 1 11 15 20 25 28 32 37 46 50 60 83 87 92 96 
0 1 11 15 20 25 28 33 37 41 46 50 83 87 92 96 
0 1 11 15 20 25 28 33 37 42 46 50 83 87 92 96 
0 1 11 15 20 25 28 37 41 46 50 62 81 87 92 96 
0 1 11 15 20 25 28 37 46 60 69 81 83 87 92 96 
0 1 11 15 20 25 28 46 50 56 60 81 83 87 92 96 
0 1 11 15 20 25 28 48 55 60 64 69 81 87 92 96 
0 1 11 15 20 25 37 41 45 50 81 82 87 92 96 101 
0 1 11 15 20 25 37 41 45 50 81 82 87 92 96 102 
0 1 11 15 20 25 37 41 46 50 62 81 87 92 96 101 
0 1 11 15 20 25 37 41 46 50 62 81 87 92 96 102 
0 1 11 15 20 25 37 41 46 50 81 82 87 92 96 101 
0 1 11 15 20 25 48 55 60 64 69 81 87 92 96 101 
0 1 11 15 20 27 28 32 37 42 46 52 67 83 92 96 
0 1 11 15 20 27 28 33 37 42 46 58 83 87 92 96 
0 1 11 15 20 27 28 33 37 42 54 58 63 67 92 96 
0 1 11 15 20 27 28 37 42 46 58 63 67 81 92 96 
0 1 11 15 20 27 28 37 42 46 58 67 81 83 92 96 
0 1 11 15 20 27 28 37 42 54 58 63 67 81 92 96 
0 1 11 15 20 27 37 42 46 58 63 67 81 92 96 101 
0 1 11 15 20 27 37 42 46 58 81 83 87 92 96 101 
0 1 11 15 20 27 37 42 54 58 63 67 81 92 96 101 
0 1 11 15 25 27 28 39 46 55 60 67 81 83 92 96 
0 1 11 15 25 27 39 46 55 60 67 81 83 92 96 101 
0 1 11 15 27 28 32 37 41 46 57 62 67 79 92 96 
0 1 11 16 20 25 27 46 56 60 67 80 83 92 96 102 
0 1 11 18 23 27 28 33 40 54 63 67 78 92 96 104 
0 1 11 20 25 27 28 33 37 46 60 67 83 92 96 104 
0 1 11 20 25 28 33 37 48 60 64 69 87 92 96 104 
0 3 7 30 34 39 43 48 51 55 60 64 69 73 81 101 
0 3 10 14 18 22 26 44 48 54 58 69 73 78 85 96 101 105 
0 3 10 14 18 22 26 44 49 54 58 65 69 73 78 96 101 105 
0 3 10 14 18 22 26 48 53 58 62 69 73 78 85 96 101 105 
0 3 10 14 18 22 51 53 58 62 66 73 78 84 89 96 101 105 
0 3 10 14 18 23 26 40 44 48 54 69 73 78 85 96 101 105 
0 3 10 14 18 23 26 40 45 49 61 65 69 73 78 96 101 105 
0 3 10 14 19 23 26 36 40 44 49 54 65 69 73 96 101 105 
0 3 11 16 23 33 38 45 50 59 66 71 78 82 89 102 106 107 
0 57 60 63 66 69 72 75 78 81 100 103 
