0 1 8 15 22 33 40 47 56 64 71 83 90 97 104 
0 1 8 15 22 33 40 47 57 64 71 83 90 97 104 
0 1 8 15 22 33 40 47 57 64 71 83 90 97 105 
0 1 8 15 22 33 40 47 57 64 71 83 90 98 105 
0 2 6 18 23 26 32 37 49 57 61 73 84 88 100 105 
0 2 6 18 23 26 32 37 49 57 61 73 84 89 100 105 
0 2 6 18 23 26 32 37 49 57 62 73 84 88 100 105 
0 2 6 18 23 26 32 37 49 57 62 73 84 89 100 105 
0 2 6 18 23 26 32 37 49 57 62 74 84 88 100 105 
0 2 6 18 23 32 37 44 49 57 61 73 84 88 100 105 
0 2 6 18 23 32 37 44 49 57 61 73 84 89 100 105 
0 2 6 18 23 32 37 44 49 57 62 73 84 88 100 105 
0 2 6 18 23 32 37 44 49 57 62 73 84 89 100 105 
0 2 6 18 23 32 37 44 49 57 62 73 84 89 101 105 
0 2 6 18 23 32 37 44 49 57 62 74 84 88 100 105 
0 2 6 18 23 32 37 44 49 57 62 74 84 89 100 105 
0 2 7 14 19 32 37 44 49 53 61 66 73 78 85 92 97 104 
0 2 7 18 23 32 37 44 49 57 61 73 84 88 100 105 
0 2 7 18 23 32 37 44 49 57 61 73 84 89 100 105 
0 2 7 18 23 32 37 44 49 57 62 73 84 88 100 105 
0 2 7 18 23 32 37 44 49 57 62 73 84 89 100 105 
0 2 7 19 23 32 37 44 49 57 61 73 84 89 100 105 
0 3 10 15 22 26 29 36 41 53 61 66 78 92 97 104 
0 3 10 15 22 26 29 36 41 54 61 66 78 92 97 104 
0 3 10 15 22 26 29 36 41 54 61 66 78 94 97 104 
0 3 10 15 22 29 36 41 51 53 61 66 78 92 97 104 
0 3 10 15 22 29 36 41 51 54 61 66 78 92 97 104 
0 3 10 15 22 29 36 41 51 54 61 66 78 94 97 104 
0 4 11 15 26 29 41 46 54 55 59 66 71 86 94 98 
0 4 11 15 26 29 41 46 54 59 66 71 78 86 94 98 
0 4 11 15 26 30 41 46 54 55 59 66 71 86 94 98 
0 4 11 15 26 30 41 46 54 55 66 71 86 94 98 105 
0 4 11 15 26 30 41 46 54 59 66 71 78 86 94 98 
0 4 11 15 26 30 42 46 54 55 66 71 86 94 98 105 
0 4 11 16 23 26 30 37 42 55 62 67 82 94 98 105 
0 6 13 21 26 32 39 46 56 63 70 82 89 96 104 
0 6 14 21 26 32 39 46 56 63 70 82 89 96 104 
0 7 14 21 24 32 39 46 56 63 71 82 90 97 104 
