0 1 5 10 14 19 29 34 38 57 64 73 89 98 103 106 
0 1 5 10 14 19 29 34 38 57 73 79 89 98 103 106 
0 1 5 10 14 19 29 34 38 57 73 80 89 98 103 106 
0 1 5 10 14 19 29 34 39 57 64 73 89 98 103 106 
0 1 5 10 14 19 29 34 39 57 73 79 89 98 103 106 
0 1 5 10 14 19 29 34 39 57 73 80 82 89 98 103 
0 1 5 10 14 19 29 34 39 57 73 80 89 94 98 103 
0 1 5 10 14 19 29 34 39 57 73 80 89 98 103 106 
0 1 5 10 14 19 29 34 50 57 64 73 89 98 103 106 
0 1 5 10 14 19 29 34 50 57 73 79 89 98 103 106 
0 1 5 10 14 19 29 34 50 57 73 80 82 89 98 103 
0 1 5 10 14 19 29 34 50 57 73 80 89 94 98 103 
0 1 5 10 14 19 29 34 50 57 73 80 89 98 103 106 
0 1 5 10 14 19 29 34 50 59 68 73 80 89 94 98 
0 1 5 10 14 19 29 34 50 68 73 79 89 98 103 106 
0 1 5 10 14 19 29 34 50 68 73 80 82 89 98 103 
0 1 5 10 14 19 29 34 50 68 73 80 89 94 98 102 
0 1 5 10 14 19 29 34 50 68 73 80 89 94 98 103 
0 1 5 10 14 19 29 34 50 69 73 79 89 99 103 106 
0 1 5 10 14 19 29 34 50 69 73 80 82 89 98 103 
0 1 5 10 14 19 29 34 50 69 73 80 89 94 98 103 
0 1 5 10 14 19 30 34 39 57 62 79 82 89 98 103 
0 1 5 10 14 19 30 34 39 57 62 79 89 98 103 106 
0 1 5 10 14 19 30 34 39 57 62 80 82 89 98 103 
0 1 5 10 14 19 30 34 39 57 64 73 89 98 103 106 
0 1 5 10 14 19 30 34 39 57 73 79 89 98 103 106 
0 1 5 10 14 19 30 34 39 57 73 80 82 89 98 103 
0 1 5 10 14 19 30 34 39 57 73 80 89 94 98 103 
0 1 5 10 14 19 30 34 39 57 74 79 89 98 103 106 
0 1 5 10 14 19 30 34 39 62 69 79 82 89 98 103 
0 1 5 10 14 19 30 34 39 62 69 79 82 89 99 103 
0 1 5 10 14 19 30 34 39 62 69 79 89 98 103 106 
0 1 5 10 14 19 30 34 39 62 69 79 89 99 103 106 
0 1 5 10 14 19 30 34 39 62 69 80 82 89 98 103 
0 1 5 10 14 19 30 34 39 64 69 73 89 98 103 106 
0 1 5 10 14 19 30 34 39 69 73 79 89 98 103 106 
0 1 5 10 14 19 30 34 39 69 73 79 89 99 103 106 
0 1 5 10 14 19 30 34 39 69 73 80 82 89 98 103 
0 1 5 10 14 19 30 34 39 69 73 80 89 94 98 103 
0 1 5 10 14 19 30 34 39 69 73 80 89 98 103 106 
0 1 5 10 14 19 30 34 39 69 74 79 89 98 103 106 
0 1 5 10 14 19 30 34 50 62 69 79 82 89 98 103 
0 1 5 10 14 19 30 34 50 62 69 79 82 89 99 103 
0 1 5 10 14 19 30 34 50 62 69 79 89 99 103 106 
0 1 5 10 14 19 30 34 50 62 69 80 82 89 98 103 
0 1 5 10 14 19 30 34 50 69 73 79 89 99 103 106 
0 1 5 10 14 19 30 34 50 69 73 80 82 89 98 103 
0 1 5 10 14 19 30 34 50 69 73 80 89 94 98 103 
0 1 5 10 14 19 34 41 50 69 73 79 89 99 103 106 
0 1 5 10 14 19 34 41 50 69 73 80 82 89 98 103 
0 1 5 10 14 30 34 50 55 64 69 73 85 89 103 106 
0 1 5 10 14 30 34 50 62 69 79 82 85 89 99 103 
0 1 5 10 14 30 34 50 62 69 79 85 89 99 103 106 
0 1 5 10 14 30 34 50 64 69 73 85 89 99 103 106 
0 1 5 10 14 30 34 50 69 73 79 85 89 99 103 106 
0 1 5 10 14 34 41 50 55 64 69 73 85 89 103 106 
0 1 5 10 14 34 41 50 64 69 73 85 89 99 103 106 
0 1 5 10 14 34 41 50 69 73 79 85 89 99 103 106 
0 1 5 10 15 19 25 29 34 39 57 64 73 98 103 106 
0 1 5 10 15 19 25 29 34 39 57 73 79 87 103 106 
0 1 5 10 15 19 25 29 34 39 57 73 79 98 103 106 
0 1 5 10 15 19 25 29 34 50 57 64 73 98 103 106 
0 1 5 10 15 19 25 29 34 50 57 73 79 87 103 106 
0 1 5 10 15 19 25 29 34 50 57 73 79 98 103 106 
0 1 5 10 15 19 25 30 34 39 57 62 79 87 103 106 
0 1 5 10 15 19 25 30 34 39 57 62 79 98 103 106 
0 1 5 10 15 19 25 30 34 39 57 64 73 98 103 106 
0 1 5 10 15 19 25 30 34 39 57 73 79 87 103 106 
0 1 5 10 15 19 25 30 34 39 57 73 79 98 103 106 
0 1 5 10 15 19 25 30 34 39 58 62 79 99 103 106 
0 1 5 10 15 19 25 30 34 39 58 73 79 99 103 106 
0 1 5 10 15 19 25 30 34 39 62 69 79 99 103 106 
0 1 5 10 15 19 25 34 38 41 58 73 79 99 103 106 
0 1 5 10 15 19 29 34 39 57 64 73 89 98 103 106 
0 1 5 10 15 19 30 34 39 57 64 73 89 98 103 106 
0 1 5 10 15 19 34 41 50 60 69 73 79 90 99 106 
0 1 5 10 15 19 34 41 50 60 69 74 79 90 99 106 
0 1 5 10 15 25 29 34 50 57 64 73 84 98 103 106 
0 1 5 10 15 25 29 34 50 57 64 73 85 98 103 106 
0 1 5 10 15 25 29 34 50 57 64 73 85 99 103 106 
0 1 5 10 15 25 30 34 50 62 69 79 85 99 103 106 
0 1 5 10 15 25 34 41 50 64 69 73 85 99 103 106 
0 1 5 10 15 25 34 41 50 69 73 79 85 99 103 106 
0 1 5 10 15 29 34 50 57 64 73 84 89 98 103 106 
0 1 5 10 15 34 41 50 55 64 69 73 85 89 103 106 
0 1 5 10 15 34 41 50 60 69 73 79 85 90 99 106 
0 1 5 10 15 34 41 50 60 69 74 79 85 90 99 106 
0 1 5 10 19 29 34 50 53 57 64 73 89 98 103 106 
0 1 5 10 19 29 38 45 53 57 64 73 89 98 103 106 
0 1 5 10 19 29 38 46 53 57 64 73 89 98 103 106 
0 1 5 10 19 29 39 45 53 57 64 73 89 98 103 106 
0 1 5 10 19 30 39 45 53 57 64 73 89 98 103 106 
0 1 5 10 19 30 39 46 53 57 60 64 74 89 98 106 
0 1 5 10 19 30 39 46 53 57 60 74 79 89 98 106 
0 1 5 10 19 30 39 46 53 57 64 73 89 98 103 106 
0 1 5 10 19 30 39 46 53 57 64 74 89 98 103 106 
0 1 5 10 19 30 39 46 53 60 69 74 79 89 98 106 
0 1 5 10 19 30 39 46 53 60 69 74 79 89 99 106 
0 1 5 10 19 30 39 46 53 60 69 74 79 90 99 106 
0 4 11 18 31 38 45 51 52 57 64 71 81 85 92 99 
