0 2 6 12 16 21 29 39 50 54 57 61 67 72 85 91 102 
0 2 6 12 16 22 29 35 39 45 49 53 57 67 71 91 101 
0 2 6 12 16 22 29 35 39 45 49 54 57 67 71 91 101 
0 2 6 12 16 22 29 35 39 45 49 54 57 67 87 91 101 
0 2 6 12 16 22 29 35 39 45 50 54 57 67 87 91 101 
0 2 6 12 16 22 29 35 39 45 54 57 63 67 87 91 101 
0 2 6 12 16 22 35 39 45 49 53 56 67 87 91 97 101 
0 2 6 12 16 22 35 39 45 49 53 57 67 87 91 97 101 
0 2 6 12 16 22 35 39 45 49 54 57 67 87 91 97 101 
0 2 6 12 16 22 35 39 45 54 57 63 67 87 91 97 101 
0 2 6 12 16 22 35 45 54 57 63 67 79 87 91 97 101 
0 2 6 12 16 23 29 35 39 46 50 54 57 67 87 91 102 
0 2 6 12 16 23 35 39 45 50 54 57 67 87 91 97 102 
0 2 6 12 16 35 39 45 50 54 57 61 67 87 91 97 102 
0 2 8 14 18 35 41 45 51 52 61 67 71 81 89 99 
0 2 8 14 18 35 41 45 51 52 61 71 81 83 89 99 
0 2 8 14 18 35 45 51 52 55 61 67 71 81 89 99 
0 2 8 18 29 35 45 51 52 55 61 71 81 83 89 99 
0 2 8 19 29 35 46 51 52 55 61 72 81 83 89 100 
