0 1 5 10 14 19 29 34 38 43 50 53 57 66 73 89 98 103 
0 1 5 10 14 19 29 34 43 50 53 57 64 73 89 98 103 106 
0 1 5 10 14 19 34 38 43 50 53 55 66 73 85 89 98 103 
0 1 5 10 14 21 29 34 38 43 50 53 57 66 70 89 100 
0 1 5 10 14 21 29 34 38 43 50 53 57 66 71 89 100 
0 1 5 10 14 21 29 34 43 50 53 57 64 70 89 100 106 
0 1 5 10 14 21 29 34 43 50 53 57 64 71 89 100 106 
0 1 5 10 14 21 29 34 43 50 53 57 64 71 89 101 106 
0 1 5 10 14 21 34 38 43 50 53 55 66 70 85 89 100 
0 1 5 10 14 21 34 38 43 50 53 55 66 71 85 89 100 
0 1 5 10 14 21 34 38 43 50 53 55 66 71 85 89 101 
0 1 5 10 14 21 34 43 50 53 55 64 70 85 89 100 106 
0 1 5 10 14 21 34 43 50 53 55 64 71 85 89 100 106 
0 1 5 10 14 21 34 43 50 53 55 64 71 85 89 101 106 
0 1 5 10 14 22 29 34 43 50 53 57 64 71 89 101 106 
0 1 5 10 14 22 34 38 43 50 53 55 66 71 85 89 101 
0 1 5 10 14 22 34 43 50 53 55 64 71 85 89 101 106 
0 1 5 10 15 21 29 34 39 43 50 53 57 62 71 100 106 
0 1 5 10 15 21 29 34 39 43 50 53 57 62 71 101 106 
0 1 5 10 15 21 29 34 39 43 50 53 57 71 89 100 106 
0 1 5 10 15 21 29 34 39 43 50 53 57 71 89 101 106 
0 1 5 10 15 21 29 34 39 44 50 53 57 62 67 71 101 
0 1 5 10 15 21 29 34 39 44 50 53 57 62 71 101 106 
0 1 5 10 15 21 29 34 39 44 50 53 57 67 71 89 101 
0 1 5 10 15 21 29 34 39 44 50 53 57 71 89 101 106 
0 1 5 10 15 21 29 34 43 50 53 57 64 71 89 100 106 
0 1 5 10 15 21 29 34 43 50 53 57 64 71 89 101 106 
0 1 5 10 15 21 29 34 44 50 53 57 64 71 89 101 106 
0 1 5 10 15 21 34 39 43 50 53 55 62 71 85 100 106 
0 1 5 10 15 21 34 39 43 50 53 55 62 71 85 101 106 
0 1 5 10 15 21 34 39 43 50 53 55 71 85 89 100 106 
0 1 5 10 15 21 34 39 43 50 53 55 71 85 89 101 106 
0 1 5 10 15 21 34 39 44 50 53 55 62 67 71 85 101 
0 1 5 10 15 21 34 39 44 50 53 55 62 71 85 101 106 
0 1 5 10 15 21 34 39 44 50 53 55 67 71 85 89 101 
0 1 5 10 15 21 34 39 44 50 53 55 71 85 89 101 106 
0 1 5 10 15 21 34 43 50 53 55 64 71 85 89 100 106 
0 1 5 10 15 21 34 43 50 53 55 64 71 85 89 101 106 
0 1 5 10 15 22 29 34 39 43 50 53 57 62 71 101 106 
0 1 5 10 15 22 29 34 39 43 50 53 57 71 89 101 106 
0 1 5 10 15 22 29 34 39 44 50 53 57 62 67 71 101 
0 1 5 10 15 22 29 34 39 44 50 53 57 62 67 72 101 
0 1 5 10 15 22 29 34 39 44 50 53 57 62 71 101 106 
0 1 5 10 15 22 29 34 39 44 50 53 57 62 72 101 106 
0 1 5 10 15 22 29 34 39 44 50 53 57 67 71 89 101 
0 1 5 10 15 22 29 34 39 44 50 53 57 67 72 89 101 
0 1 5 10 15 22 29 34 39 44 50 53 57 71 89 101 106 
0 1 5 10 15 22 29 34 39 44 50 53 57 72 89 101 106 
0 1 5 10 15 22 29 34 43 50 53 57 64 71 89 101 106 
0 1 5 10 15 22 29 34 44 50 53 57 64 71 89 101 106 
0 1 5 10 15 22 29 34 44 50 53 57 64 72 89 101 106 
0 1 5 10 15 22 34 39 43 50 53 55 62 71 85 101 106 
0 1 5 10 15 22 34 39 43 50 53 55 71 85 89 101 106 
0 1 5 10 15 22 34 39 44 50 53 55 62 67 71 85 101 
0 1 5 10 15 22 34 39 44 50 53 55 62 67 72 85 101 
0 1 5 10 15 22 34 39 44 50 53 55 62 71 85 101 106 
0 1 5 10 15 22 34 39 44 50 53 55 62 72 85 101 106 
0 1 5 10 15 22 34 39 44 50 53 55 67 71 85 89 101 
0 1 5 10 15 22 34 39 44 50 53 55 67 72 85 89 101 
0 1 5 10 15 22 34 39 44 50 53 55 71 85 89 101 106 
0 1 5 10 15 22 34 39 44 50 53 55 72 85 89 101 106 
0 1 5 10 16 21 29 34 38 50 53 57 66 70 89 95 100 
0 1 5 10 16 21 29 34 39 45 50 53 57 62 66 73 96 
0 1 5 10 16 21 29 34 39 45 50 53 57 62 66 96 100 
0 1 5 10 16 21 34 38 50 53 55 66 70 85 89 95 100 
0 1 5 10 16 21 34 39 45 50 53 55 62 66 73 85 96 
0 1 5 10 16 21 34 39 45 50 53 55 62 66 85 96 100 
0 1 5 10 16 22 29 34 38 44 50 53 57 66 72 89 95 101 
0 1 5 10 16 34 39 45 50 53 55 62 66 73 85 96 103 
0 1 5 10 17 21 29 34 38 50 53 57 66 71 89 96 101 
0 1 5 10 17 21 29 34 39 45 50 53 57 62 66 73 96 
0 1 5 10 17 21 29 34 39 50 53 57 62 66 71 96 101 
0 1 5 10 17 21 29 34 39 50 53 57 62 67 71 96 101 
0 1 5 10 17 21 29 34 39 50 53 57 66 71 89 96 101 
0 1 5 10 17 21 29 34 39 50 53 57 67 71 89 96 101 
0 1 5 10 17 21 34 38 50 53 55 66 71 85 89 96 101 
0 1 5 10 17 21 34 39 45 50 53 55 62 66 73 85 96 
0 1 5 10 17 21 34 39 45 50 53 55 62 67 73 85 96 
0 1 5 10 17 21 34 39 50 53 55 62 66 71 85 96 101 
0 1 5 10 17 21 34 39 50 53 55 62 67 71 85 96 101 
0 1 5 10 17 21 34 39 50 53 55 66 71 85 89 96 101 
0 1 5 10 17 21 34 39 50 53 55 67 71 85 89 96 101 
0 1 5 10 17 22 29 34 38 50 53 57 66 71 89 96 101 
0 1 5 10 17 22 29 34 39 46 50 53 57 62 66 96 101 
0 1 5 10 17 22 29 34 39 46 50 53 57 62 67 96 101 
0 1 5 10 17 22 29 34 39 46 50 53 57 62 67 97 101 
0 1 5 10 17 22 29 34 39 50 53 57 62 66 71 96 101 
0 1 5 10 17 22 29 34 39 50 53 57 62 67 71 96 101 
0 1 5 10 17 22 29 34 39 50 53 57 66 71 89 96 101 
0 1 5 10 17 22 29 34 39 50 53 57 67 71 89 96 101 
0 1 5 10 17 22 34 38 50 53 55 66 71 85 89 96 101 
0 1 5 10 17 22 34 39 46 50 53 55 62 66 85 96 101 
0 1 5 10 17 22 34 39 46 50 53 55 62 67 85 96 101 
0 1 5 10 17 22 34 39 50 53 55 62 66 71 85 96 101 
0 1 5 10 17 34 39 45 50 53 55 62 66 73 85 96 103 
0 1 5 10 17 34 39 45 50 53 55 62 67 73 85 96 103 
0 1 5 10 17 34 39 46 50 53 55 62 66 73 85 96 103 
0 1 5 10 17 34 39 46 50 53 55 62 67 73 85 96 103 
0 1 5 10 17 34 39 46 50 53 55 62 67 73 85 97 103 
0 1 5 10 21 29 34 39 43 50 53 57 62 66 71 96 100 
0 1 5 10 21 29 34 39 43 50 53 57 62 66 71 96 101 
0 1 5 10 21 34 39 43 50 53 55 62 66 71 85 96 100 
0 1 5 10 21 34 39 43 50 53 55 62 66 71 85 96 101 
0 1 5 10 22 29 34 39 44 50 53 57 62 67 72 97 101 
0 1 5 10 22 34 39 43 50 53 55 62 66 71 85 96 101 
0 1 5 10 22 34 39 44 50 53 55 62 67 72 85 97 101 
0 1 5 11 16 21 29 34 40 45 50 53 57 61 68 91 100 
0 1 5 11 16 21 29 34 40 45 50 53 57 61 91 95 100 
0 1 5 11 16 21 29 34 40 50 53 57 61 70 91 95 100 
0 1 5 11 16 21 34 40 45 50 53 55 61 68 73 85 91 
0 1 5 11 16 21 34 40 45 50 53 55 61 68 85 91 100 
0 1 5 11 16 21 34 40 45 50 53 55 61 73 85 91 95 
0 1 5 11 16 21 34 40 45 50 53 55 61 85 91 95 100 
0 1 5 11 16 21 34 40 50 53 55 61 70 85 91 95 100 
0 1 5 11 16 22 29 34 40 44 50 53 57 61 72 91 95 101 
0 1 5 11 16 22 34 40 44 50 53 55 61 72 85 91 95 101 
0 1 5 11 16 34 40 45 50 53 55 61 68 73 85 91 103 
0 1 5 11 16 34 40 45 50 53 55 61 73 85 91 95 103 
0 1 5 11 17 22 29 34 40 46 50 53 57 61 67 91 97 101 
0 1 5 11 17 34 40 46 50 53 55 61 67 73 85 91 97 103 
0 1 5 11 19 34 40 50 53 55 61 68 73 85 91 98 103 
0 1 5 11 21 34 40 45 50 53 55 61 68 73 85 91 98 
0 1 5 11 22 34 40 44 50 53 55 61 67 72 85 91 97 101 
0 1 5 11 34 40 45 50 53 55 61 68 73 85 91 98 103 
0 1 5 12 16 21 29 34 40 45 50 53 57 61 68 91 100 
0 1 5 12 16 21 29 34 40 45 50 53 57 62 68 91 100 
0 1 5 12 16 21 29 34 45 50 53 57 61 66 91 96 100 
0 1 5 12 16 21 34 40 45 50 53 55 61 68 73 85 91 
0 1 5 12 16 21 34 40 45 50 53 55 61 68 85 91 100 
0 1 5 12 16 21 34 40 45 50 53 55 62 68 73 85 91 
0 1 5 12 16 21 34 45 50 53 55 61 66 73 85 91 96 
0 1 5 12 16 21 34 45 50 53 55 62 66 73 85 91 96 
0 1 5 12 16 34 40 45 50 53 55 61 68 73 85 91 103 
0 1 5 12 16 34 40 45 50 53 55 62 68 73 85 91 103 
0 1 5 12 16 34 45 50 53 55 61 66 73 85 91 96 103 
0 1 5 12 16 34 45 50 53 55 62 66 73 85 91 96 103 
0 1 5 12 17 21 29 34 50 53 57 61 66 71 91 96 101 
0 1 5 12 17 21 29 34 50 53 57 62 66 71 91 96 101 
0 1 5 12 17 21 34 45 50 53 55 61 66 73 85 91 96 
0 1 5 12 17 21 34 45 50 53 55 62 66 73 85 91 96 
0 1 5 12 17 21 34 50 53 55 61 66 71 85 91 96 101 
0 1 5 12 17 21 34 50 53 55 62 66 71 85 91 96 101 
0 1 5 12 17 22 29 34 41 50 53 57 61 71 91 96 101 
0 1 5 12 17 22 29 34 41 50 53 57 62 71 91 96 101 
0 1 5 12 17 22 29 34 41 50 53 57 62 71 92 96 101 
0 1 5 12 17 22 29 34 46 50 53 57 61 66 91 96 101 
0 1 5 12 17 22 29 34 46 50 53 57 62 66 91 96 101 
0 1 5 12 17 22 29 34 50 53 57 61 66 71 91 96 101 
0 1 5 12 17 34 41 45 50 53 55 61 73 85 91 96 103 
0 1 5 12 17 34 41 45 50 53 55 62 73 85 91 96 103 
0 1 5 12 17 34 41 45 50 53 55 62 73 85 92 96 103 
0 1 5 12 17 34 45 50 53 55 61 66 73 85 91 96 103 
0 1 5 12 17 34 45 50 53 55 62 66 73 85 91 96 103 
0 1 5 12 17 34 46 50 53 55 61 66 73 85 91 96 103 
0 1 5 12 17 34 46 50 53 55 62 66 73 85 91 96 103 
0 1 5 12 19 34 40 50 53 55 61 68 73 85 91 98 103 
0 1 5 12 19 34 40 50 53 55 62 68 73 85 91 98 103 
0 1 5 12 19 34 41 50 53 55 61 68 73 85 91 98 103 
0 1 5 12 19 34 41 50 53 55 61 69 73 85 91 98 103 
0 1 5 12 19 34 41 50 53 55 62 68 73 85 91 98 103 
0 1 5 12 19 34 41 50 53 55 62 68 73 85 92 98 103 
0 1 5 12 19 34 41 50 53 55 62 69 73 85 91 98 103 
0 1 5 12 21 34 40 45 50 53 55 61 68 73 85 91 98 
0 1 5 12 21 34 40 45 50 53 55 62 68 73 85 91 98 
0 1 5 12 21 34 41 45 50 53 55 61 68 73 85 91 98 
0 1 5 12 21 34 41 45 50 53 55 62 68 73 85 91 98 
0 1 5 12 21 34 43 50 53 55 61 66 71 85 91 96 100 
0 1 5 12 21 34 43 50 53 55 61 66 71 85 91 96 101 
0 1 5 12 21 34 43 50 53 55 62 66 71 85 91 96 100 
0 1 5 12 21 34 43 50 53 55 62 66 71 85 91 96 101 
0 1 5 12 22 34 43 50 53 55 61 66 71 85 91 96 101 
0 1 5 12 34 40 45 50 53 55 61 68 73 85 91 98 103 
0 1 5 12 34 40 45 50 53 55 62 68 73 85 91 98 103 
0 1 5 12 34 41 45 50 53 55 61 68 73 85 91 98 103 
0 1 5 12 34 41 45 50 53 55 62 68 73 85 91 98 103 
0 1 5 12 34 41 45 50 53 55 62 68 73 85 92 98 103 
0 1 5 13 17 22 29 34 46 50 53 57 62 67 92 97 101 
0 1 5 13 17 34 46 50 53 55 62 67 73 85 92 97 103 
0 1 5 13 21 29 34 42 50 53 57 62 70 92 100 
0 1 5 13 21 34 42 50 53 55 62 70 85 92 100 
0 1 5 13 22 34 44 50 53 55 62 67 72 85 92 97 101 
0 1 5 14 19 34 38 43 50 53 55 61 66 73 85 91 98 103 
0 1 5 14 21 34 38 43 50 53 55 61 66 71 85 91 100 
0 1 5 16 21 34 38 45 50 53 55 61 66 73 85 91 95 
0 1 5 16 21 34 38 45 50 53 55 61 66 73 85 91 96 
0 1 5 16 21 34 38 45 50 53 55 61 66 85 91 95 100 
0 1 5 16 21 34 38 45 50 53 55 61 66 85 91 96 100 
0 1 5 16 34 38 45 50 53 55 61 66 73 85 91 95 103 
0 1 5 16 34 38 45 50 53 55 61 66 73 85 91 96 103 
0 1 5 17 21 34 38 45 50 53 55 61 66 73 85 91 96 
0 1 5 17 21 34 38 50 53 55 61 66 71 85 91 96 101 
0 1 5 17 21 34 39 45 50 53 55 62 67 73 85 92 96 
0 1 5 17 34 38 45 50 53 55 61 66 73 85 91 96 103 
0 1 5 17 34 39 45 50 53 55 62 67 73 85 92 96 103 
0 1 5 21 34 38 43 50 53 55 61 66 71 85 91 96 100 
0 1 5 21 34 38 43 50 53 55 61 66 71 85 91 96 101 
0 1 5 22 34 38 43 50 53 55 61 66 71 85 91 96 101 
0 1 6 10 15 21 34 39 44 50 53 55 62 67 71 85 101 
0 1 6 10 15 21 39 44 50 53 55 60 67 71 85 90 101 
0 1 6 10 16 21 34 39 45 50 53 55 62 66 73 85 96 
0 1 6 10 16 21 34 39 45 50 53 55 62 66 85 96 100 
0 1 6 10 16 21 39 45 50 53 55 60 66 73 85 90 96 
0 1 6 10 16 21 39 45 50 53 55 60 66 85 90 96 100 
0 1 6 10 16 34 39 45 50 53 55 62 66 73 85 96 103 
0 1 6 10 16 39 45 50 53 55 60 66 73 85 90 96 103 
0 1 6 10 17 21 34 39 45 50 53 55 62 66 73 85 96 
0 1 6 10 17 21 34 39 45 50 53 55 62 67 73 85 96 
0 1 6 10 17 21 34 39 50 53 55 62 66 71 85 96 101 
0 1 6 10 17 21 39 45 50 53 55 60 66 73 85 90 96 
0 1 6 10 17 34 39 45 50 53 55 62 66 73 85 96 103 
0 1 6 10 17 34 39 45 50 53 55 62 67 73 85 96 103 
0 1 6 10 17 39 45 50 53 55 60 66 73 85 90 96 103 
0 1 6 10 17 39 45 50 53 55 60 67 73 85 90 96 103 
0 1 6 10 21 39 43 50 53 55 60 66 71 85 90 96 100 
0 1 6 10 21 39 43 50 53 55 60 66 71 85 90 96 101 
0 1 6 11 15 21 39 44 50 53 55 60 67 71 85 90 101 
0 1 6 11 15 21 44 50 53 55 60 65 71 85 90 95 101 
0 1 6 11 16 21 30 35 40 45 50 53 58 63 68 73 
0 1 6 11 16 21 30 35 40 45 50 53 58 63 68 100 
0 1 6 11 16 21 30 35 40 45 50 53 58 63 73 95 
0 1 6 11 16 21 30 35 40 45 50 53 58 63 95 100 
0 1 6 11 16 21 30 35 40 45 50 53 58 68 73 90 
0 1 6 11 16 21 30 35 40 45 50 53 58 68 90 100 
0 1 6 11 16 21 30 35 40 45 50 58 63 68 79 100 
0 1 6 11 16 21 30 35 40 45 50 58 63 79 95 100 
0 1 6 11 16 21 30 35 40 45 50 58 68 79 90 100 
0 1 6 11 16 21 30 35 40 45 50 63 68 79 85 100 
0 1 6 11 16 21 30 35 40 50 53 58 63 70 95 100 
0 1 6 11 16 21 30 35 40 50 53 58 70 90 95 100 
0 1 6 11 16 21 30 35 40 50 53 63 70 85 95 100 
0 1 6 11 16 21 30 35 40 50 58 63 70 79 95 100 
0 1 6 11 16 21 30 35 40 50 58 70 79 90 95 100 
0 1 6 11 16 21 30 35 40 50 63 70 79 85 95 100 
0 1 6 11 16 21 30 35 40 50 70 79 85 90 95 100 
0 1 6 11 16 21 30 35 45 50 53 58 65 90 95 100 
0 1 6 11 16 21 30 35 45 50 58 65 79 90 95 100 
0 1 6 11 16 21 30 35 50 58 65 70 79 90 95 100 
0 1 6 11 16 21 30 40 45 50 60 68 79 85 90 100 
0 1 6 11 16 22 27 30 35 40 45 58 63 68 72 79 102 
0 1 6 11 16 22 30 35 44 50 53 58 65 72 90 95 101 
0 1 6 11 16 22 30 35 44 50 58 65 72 79 90 95 101 
0 1 6 11 16 22 30 35 44 50 65 72 79 85 90 95 101 
0 1 6 11 16 25 30 35 45 58 65 73 79 90 95 103 
0 1 6 11 16 25 30 40 45 60 68 73 79 85 90 103 
0 1 6 11 16 25 30 40 45 60 73 79 85 90 95 103 
0 1 6 11 16 25 30 45 60 65 73 79 85 90 95 103 
0 1 6 11 17 21 30 35 39 50 53 67 71 85 90 96 101 
0 1 6 11 17 21 30 39 50 60 67 71 79 85 90 96 101 
0 1 6 11 17 22 27 30 35 40 46 58 63 67 79 97 101 
0 1 6 11 17 22 30 39 50 60 67 71 79 85 90 96 101 
0 1 6 11 17 25 30 39 45 60 67 73 79 85 90 96 103 
0 1 6 11 17 25 30 39 46 60 67 73 79 85 90 96 103 
0 1 6 11 19 25 30 40 48 60 68 79 85 90 98 103 
0 1 6 12 17 21 30 34 50 53 62 66 71 85 91 96 101 
0 1 6 13 21 30 34 42 50 53 62 70 85 92 100 
0 1 6 13 21 30 35 42 50 53 58 62 70 92 100 
0 1 6 13 21 30 35 42 50 53 58 63 70 92 100 
0 1 6 13 21 30 35 42 50 53 58 63 70 94 100 
0 1 6 13 21 30 35 42 50 53 62 70 85 92 100 
0 1 6 13 21 30 35 42 50 53 63 70 85 92 100 
0 1 6 13 21 30 35 42 50 53 63 70 85 94 100 
0 1 6 13 21 30 35 42 50 62 70 79 85 92 100 
0 1 6 13 21 30 35 42 50 63 70 79 85 92 100 
0 1 6 13 21 30 35 42 50 63 70 79 85 94 100 
0 1 6 13 21 35 42 50 53 55 63 70 85 94 100 
0 1 6 14 21 30 35 42 50 53 58 63 70 94 100 
0 1 6 14 21 30 35 42 50 53 63 70 85 94 100 
0 1 7 11 22 29 40 44 50 53 57 61 67 72 86 91 97 101 
0 1 7 13 21 29 35 42 50 53 57 63 70 86 92 100 
0 1 7 13 21 29 35 42 50 53 57 63 70 86 94 100 
0 1 7 13 21 29 36 42 50 53 57 63 70 86 94 100 
0 1 7 13 21 29 36 42 50 53 57 63 70 87 94 100 
0 1 7 13 21 30 36 42 50 53 57 63 70 87 94 100 
0 1 7 14 21 29 35 42 50 53 57 63 70 86 94 100 
0 1 7 14 21 29 35 43 50 53 57 63 70 86 94 100 
0 1 7 14 21 29 35 43 50 53 57 63 71 86 94 100 
0 1 7 14 21 29 35 43 50 53 57 63 71 86 94 101 
0 1 7 14 21 29 36 42 50 53 57 63 70 86 94 100 
0 1 7 14 21 29 36 42 50 53 57 63 70 87 94 100 
0 1 7 14 21 29 36 42 50 53 57 64 70 86 94 100 
0 1 7 14 21 29 36 42 50 53 57 64 70 87 94 100 
0 1 7 14 21 29 36 43 50 53 57 63 70 86 94 100 
0 1 7 14 21 29 36 43 50 53 57 63 70 87 94 100 
0 1 7 14 21 29 36 43 50 53 57 63 71 86 94 100 
0 1 7 14 21 29 36 43 50 53 57 63 71 86 94 101 
0 1 7 14 21 29 36 43 50 53 57 63 71 87 94 100 
0 1 7 14 21 29 36 43 50 53 57 63 71 87 94 101 
0 1 7 14 21 29 36 43 50 53 57 64 70 86 94 100 
0 1 7 14 21 29 36 43 50 53 57 64 70 86 100 106 
0 1 7 14 21 29 36 43 50 53 57 64 70 87 94 100 
0 1 7 14 21 29 36 43 50 53 57 64 70 87 100 106 
0 1 7 14 21 29 36 43 50 53 57 64 71 86 94 100 
0 1 7 14 21 29 36 43 50 53 57 64 71 86 94 101 
0 1 7 14 21 29 36 43 50 53 57 64 71 86 100 106 
0 1 7 14 21 29 36 43 50 53 57 64 71 86 101 106 
0 1 7 14 21 29 36 43 50 53 57 64 71 87 94 100 
0 1 7 14 21 29 36 43 50 53 57 64 71 87 94 101 
0 1 7 14 21 29 36 43 50 53 57 64 71 87 100 106 
0 1 7 14 21 29 36 43 50 53 57 64 71 87 101 106 
0 1 7 14 21 30 36 42 50 53 57 63 70 87 94 100 
0 1 7 14 21 30 36 42 50 53 57 64 70 87 94 100 
0 1 7 14 21 30 36 43 50 53 57 63 70 87 94 100 
0 1 7 14 21 30 36 43 50 53 57 63 71 87 94 100 
0 1 7 14 21 30 36 43 50 53 57 63 71 87 94 101 
0 1 7 14 21 30 36 43 50 53 57 64 70 87 94 100 
0 1 7 14 21 30 36 43 50 53 57 64 70 87 100 106 
0 1 7 14 21 30 36 43 50 53 57 64 71 87 94 100 
0 1 7 14 21 30 36 43 50 53 57 64 71 87 94 101 
0 1 7 14 21 30 36 43 50 53 57 64 71 87 100 106 
0 1 7 14 21 30 36 43 50 53 57 64 71 87 101 106 
0 1 7 14 22 27 30 36 43 57 63 71 79 87 94 101 
0 1 7 14 22 27 30 36 43 57 64 71 79 87 94 101 
0 1 7 14 22 27 30 36 43 57 64 71 79 87 101 106 
0 1 7 14 22 29 36 43 50 53 57 63 71 87 94 101 
0 1 7 14 22 29 36 43 50 53 57 64 71 86 101 106 
0 1 7 14 22 29 36 43 50 53 57 64 71 87 94 101 
0 1 7 14 22 29 36 43 50 53 57 64 71 87 101 106 
0 1 7 14 22 30 36 43 50 53 57 63 71 87 94 101 
0 1 7 14 22 30 36 43 50 53 57 64 71 87 94 101 
0 1 7 14 22 30 36 43 50 53 57 64 71 87 101 106 
0 1 7 15 21 29 36 43 50 53 57 64 71 86 100 106 
0 1 7 15 21 29 36 43 50 53 57 64 71 86 101 106 
0 1 7 15 21 29 36 43 50 53 57 64 71 87 100 106 
0 1 7 15 21 29 36 43 50 53 57 64 71 87 101 106 
0 1 7 15 21 29 36 44 50 53 57 64 71 86 101 106 
0 1 7 15 21 29 36 44 50 53 57 64 71 87 101 106 
0 1 7 15 21 30 36 43 50 53 57 64 71 87 100 106 
0 1 7 15 21 30 36 43 50 53 57 64 71 87 101 106 
0 1 7 15 21 30 36 44 50 53 57 64 71 87 101 106 
0 1 7 15 22 27 30 36 44 57 64 71 79 87 101 106 
0 1 7 15 22 27 30 36 44 57 64 72 79 87 101 106 
0 1 7 15 22 27 30 36 44 57 64 72 79 87 102 106 
0 1 7 15 22 29 36 43 50 53 57 64 71 87 101 106 
0 1 7 15 22 29 36 44 50 53 57 64 71 87 101 106 
0 1 7 15 22 30 36 43 50 53 57 64 71 87 101 106 
0 1 8 13 21 29 37 42 50 53 57 65 70 87 100 
0 1 8 13 21 29 37 42 50 53 57 70 87 92 100 
0 1 8 13 21 29 42 50 53 57 62 70 87 92 100 
0 1 8 13 21 30 37 42 50 53 57 65 70 87 100 
0 1 8 13 21 30 37 42 50 53 57 70 87 92 100 
0 1 8 13 21 30 37 42 50 53 58 65 70 87 100 
0 1 8 13 21 30 37 42 50 58 70 79 87 92 100 
0 1 8 13 21 30 42 50 57 62 70 79 87 92 100 
0 1 8 14 21 29 36 42 50 53 57 64 70 87 94 100 
0 1 8 14 21 29 36 43 50 53 57 64 70 87 94 100 
0 1 8 14 21 29 36 43 50 53 57 64 70 87 100 106 
0 1 8 14 21 29 36 43 50 53 57 64 71 87 94 100 
0 1 8 14 21 29 36 43 50 53 57 64 71 87 94 101 
0 1 8 14 21 29 36 43 50 53 57 64 71 87 100 106 
0 1 8 14 21 29 36 43 50 53 57 64 71 87 101 106 
0 1 8 14 21 29 37 43 50 53 57 64 70 87 100 106 
0 1 8 14 21 29 37 43 50 53 57 64 71 87 100 106 
0 1 8 14 21 29 37 43 50 53 57 64 71 87 101 106 
0 1 8 14 21 30 36 42 50 53 57 64 70 87 94 100 
0 1 8 14 21 30 36 42 50 53 58 64 70 87 94 100 
0 1 8 14 21 30 36 43 50 53 57 64 70 87 94 100 
0 1 8 14 21 30 36 43 50 53 57 64 70 87 100 106 
0 1 8 14 21 30 36 43 50 53 57 64 71 87 94 100 
0 1 8 14 21 30 36 43 50 53 57 64 71 87 94 101 
0 1 8 14 21 30 36 43 50 53 57 64 71 87 100 106 
0 1 8 14 21 30 36 43 50 53 57 64 71 87 101 106 
0 1 8 14 21 30 36 43 50 53 58 64 70 87 94 100 
0 1 8 14 21 30 36 43 50 53 58 64 70 87 100 106 
0 1 8 14 21 30 36 43 50 53 58 64 71 87 94 100 
0 1 8 14 21 30 36 43 50 53 58 64 71 87 94 101 
0 1 8 14 21 30 36 43 50 53 58 64 71 87 100 106 
0 1 8 14 21 30 36 43 50 53 58 64 71 87 101 106 
0 1 8 14 21 30 37 43 50 53 57 64 70 87 100 106 
0 1 8 14 21 30 37 43 50 53 57 64 71 87 100 106 
0 1 8 14 21 30 37 43 50 53 57 64 71 87 101 106 
0 1 8 14 21 30 37 43 50 53 58 64 70 87 100 106 
0 1 8 14 21 30 37 43 50 53 58 64 70 88 100 106 
0 1 8 14 21 30 37 43 50 53 58 64 71 87 100 106 
0 1 8 14 22 27 30 37 43 57 64 71 79 87 101 106 
0 1 8 14 22 27 30 37 43 58 64 71 79 87 101 106 
0 1 8 14 22 27 30 37 43 58 64 71 79 88 101 106 
0 1 8 14 22 29 36 43 50 53 57 64 71 87 101 106 
0 1 8 14 22 29 37 43 50 53 57 64 71 87 101 106 
0 1 8 14 22 30 36 43 50 53 57 64 71 87 101 106 
0 1 8 14 22 30 36 43 50 53 58 64 71 87 101 106 
0 1 8 15 21 29 36 43 50 53 57 64 71 87 100 106 
0 1 8 15 21 29 36 43 50 53 57 64 71 87 101 106 
0 1 8 15 21 30 36 43 50 53 57 64 71 87 100 106 
0 1 8 15 21 30 36 43 50 53 57 64 71 87 101 106 
0 1 8 15 21 30 36 43 50 53 58 64 71 87 100 106 
0 1 8 15 22 27 30 37 44 57 64 71 79 87 101 106 
0 1 8 16 21 29 37 50 53 57 65 70 87 95 100 
0 1 8 16 21 30 37 45 50 58 65 79 87 95 100 
0 1 8 16 21 30 37 45 50 58 65 79 88 95 100 
0 1 8 16 21 30 37 50 53 58 65 70 88 95 100 
0 1 8 16 21 30 37 50 57 65 70 79 87 95 100 
0 1 8 16 21 30 37 50 58 65 70 79 87 95 100 
0 1 8 16 21 30 37 50 58 65 70 79 88 95 100 
0 2 8 14 21 31 37 43 50 58 64 70 80 82 88 100 106 
0 2 8 14 21 31 37 43 50 58 64 71 80 82 88 100 106 
0 2 8 15 21 31 37 43 50 58 64 71 80 82 88 100 106 
0 2 8 15 21 31 37 43 50 58 64 71 80 82 88 101 106 
0 2 8 15 21 31 37 43 50 58 65 71 80 82 88 100 106 
0 2 8 15 21 31 37 43 50 58 65 71 80 82 88 101 106 
0 2 9 15 21 31 37 43 50 58 65 71 80 82 88 101 106 
0 2 9 15 21 31 37 44 50 58 65 71 80 82 88 101 106 
