0 1 4 9 12 17 20 28 39 62 65 73 78 82 90 101 
0 1 4 9 12 17 20 28 39 62 65 73 78 90 101 104 
0 1 4 9 12 17 20 28 62 65 70 73 78 82 90 101 
0 1 4 9 17 20 28 39 44 62 65 73 78 82 90 101 
0 1 4 9 17 20 28 39 44 62 65 73 78 90 101 104 
0 1 4 9 17 20 28 39 44 62 65 73 87 90 101 104 
0 1 4 9 17 20 28 39 44 62 65 78 81 82 90 101 
0 1 4 9 17 20 28 39 44 62 65 81 82 87 90 101 
0 1 4 9 17 20 28 44 62 65 70 78 81 82 90 101 
0 1 6 9 14 17 36 44 51 52 59 62 70 78 81 98 
0 1 6 9 14 17 36 44 51 52 59 62 70 81 87 98 
0 1 6 9 14 17 44 51 52 59 62 67 70 78 81 98 
0 1 6 9 17 20 28 36 44 52 62 65 70 78 81 90 
0 1 6 9 17 20 28 36 44 52 62 70 78 81 90 98 
0 1 6 9 17 20 28 36 44 52 62 70 81 87 90 98 
0 1 6 9 17 20 28 36 44 62 65 70 78 81 90 101 
0 1 6 9 17 20 28 36 44 62 70 78 81 90 98 101 
0 1 6 9 17 20 28 36 44 62 70 81 87 90 98 101 
0 1 6 9 17 28 36 44 51 52 62 70 78 81 90 98 
0 1 6 9 17 28 36 44 51 52 62 70 81 87 90 98 
0 1 6 9 17 28 36 44 51 62 70 78 81 90 98 101 
0 1 6 9 17 28 44 51 52 62 67 70 78 81 90 98 
0 1 6 9 17 36 44 51 52 59 62 70 78 81 90 98 
0 1 9 17 28 36 44 51 52 62 70 78 81 82 90 98 
0 2 7 14 19 32 37 44 49 53 61 66 73 78 85 92 97 104 
