0 1 5 8 14 19 34 38 44 49 52 63 67 73 80 83 103 106 
0 1 5 16 21 30 34 40 44 54 56 67 71 85 96 101 
0 1 5 16 29 34 40 44 54 56 67 71 80 85 96 101 
0 1 5 16 30 34 40 44 54 56 67 71 80 85 96 101 
0 1 5 17 21 30 34 40 44 49 57 67 71 85 96 101 
0 1 5 17 21 30 34 40 44 54 56 67 71 85 96 101 
0 1 5 17 21 30 34 40 44 54 57 67 71 85 96 101 
0 1 5 17 21 30 34 40 45 49 57 67 71 85 96 101 
0 1 5 17 21 30 34 40 45 54 57 67 71 85 96 101 
0 1 5 17 21 30 34 44 49 57 61 67 71 85 96 101 
0 1 5 17 21 30 34 45 49 57 61 67 71 85 96 101 
0 1 5 17 30 34 40 44 49 57 67 71 80 85 96 101 
0 1 6 17 21 30 34 45 49 57 61 67 72 86 96 101 
0 1 6 17 21 30 34 45 49 57 61 72 86 90 96 101 
0 57 60 63 66 69 72 75 78 81 100 103 
