0 2 7 10 15 22 29 37 44 49 54 58 65 70 88 101 
0 2 7 10 15 22 29 37 44 49 54 58 65 88 96 101 
0 2 7 10 15 22 37 44 49 54 58 65 70 79 88 101 
0 2 7 10 15 22 37 44 49 54 58 65 79 88 96 101 
0 2 7 10 15 22 37 44 54 58 65 70 73 79 88 101 
0 2 7 10 15 22 37 44 54 58 65 73 79 88 96 101 
0 2 7 15 22 29 37 44 49 54 58 65 70 88 94 101 
0 2 7 15 22 29 37 44 49 54 58 65 88 94 96 101 
0 2 7 15 22 37 44 49 54 58 65 70 79 88 94 101 
0 2 7 15 22 37 44 49 54 58 65 79 88 94 96 101 
0 2 7 15 22 37 44 54 58 65 73 79 88 94 96 101 
0 2 10 15 22 29 32 37 44 49 54 58 65 70 88 101 
0 2 10 15 22 29 32 37 44 49 54 58 65 88 96 101 
0 2 10 15 22 32 37 44 49 51 58 65 79 88 96 101 
0 2 10 15 22 32 37 44 49 54 58 65 70 79 88 101 
0 2 10 15 22 32 37 44 49 54 58 65 79 88 96 101 
0 2 15 22 29 32 37 44 49 54 58 65 88 94 96 101 
0 2 15 22 32 37 44 49 54 58 65 79 88 94 96 101 
0 3 6 11 18 33 38 45 51 52 59 64 71 81 92 99 
0 3 6 11 18 33 38 45 51 52 64 71 81 84 92 99 
0 3 6 11 18 38 45 51 52 56 59 64 71 81 92 99 
0 3 10 17 30 37 44 51 52 56 63 70 81 84 91 98 
0 3 10 18 30 37 45 51 52 56 63 71 81 84 91 99 
