0 3 10 16 23 27 31 38 44 57 64 71 84 91 98 105 
0 3 10 17 23 27 31 38 44 57 64 71 84 91 98 105 
0 3 10 17 25 27 31 38 44 57 64 71 81 85 92 99 
0 3 10 17 25 27 31 38 44 57 64 71 85 91 98 105 
0 3 10 17 25 27 31 38 44 57 64 71 85 92 98 105 
0 4 10 17 23 27 31 38 44 57 64 71 84 91 98 105 
0 4 10 17 25 27 31 38 44 57 64 71 81 85 92 99 
0 4 10 17 25 27 31 38 44 57 64 71 84 91 98 105 
0 4 10 17 25 27 31 38 44 57 64 71 85 91 98 105 
0 4 10 17 25 27 31 38 44 57 64 71 85 92 98 105 
0 4 10 17 25 27 31 38 44 57 64 71 85 92 99 105 
0 4 10 17 25 27 31 38 44 58 64 71 81 85 92 99 
0 4 11 17 25 27 31 38 44 57 64 71 81 85 92 99 
0 4 11 17 25 27 31 38 44 57 64 71 84 91 98 105 
0 4 11 17 25 27 31 38 44 57 64 71 85 91 98 105 
0 4 11 17 25 27 31 38 44 57 64 71 85 92 98 105 
0 4 11 17 25 27 31 38 44 57 64 71 85 92 99 105 
0 4 11 17 25 27 31 38 45 57 64 71 81 85 92 99 
0 4 11 17 25 27 31 38 45 57 64 71 85 91 98 105 
0 4 11 17 25 27 31 38 45 57 64 71 85 92 99 105 
0 4 11 18 25 27 31 38 44 57 64 71 85 91 98 105 
0 4 11 18 25 27 31 38 44 57 64 71 85 92 98 105 
0 4 11 18 25 27 31 38 44 57 64 71 85 92 99 105 
0 4 11 18 25 27 31 38 45 57 64 71 81 85 92 99 
0 4 11 18 25 27 31 38 45 57 64 71 85 92 98 105 
0 4 11 18 25 27 31 38 45 57 64 71 85 92 99 105 
0 4 11 18 27 31 38 44 52 57 64 71 85 92 98 105 
0 4 11 18 27 31 38 45 52 57 64 71 85 92 99 105 
0 4 11 18 31 38 45 51 52 57 64 71 81 85 92 99 
