0 1 4 14 27 30 35 46 56 66 69 73 90 95 99 107 
0 1 4 14 27 30 35 46 56 66 69 73 90 99 106 107 
0 1 4 14 27 31 35 46 56 66 69 73 90 99 106 107 
0 1 5 10 31 36 43 48 64 69 73 79 91 96 103 107 
0 1 5 10 31 38 43 48 64 69 73 79 86 91 103 107 
0 1 5 10 31 38 43 50 64 69 73 86 91 98 103 107 
0 1 5 10 31 38 43 64 69 73 79 86 91 98 103 107 
0 1 5 10 31 38 43 64 69 73 80 86 91 98 103 107 
0 1 5 10 31 43 48 64 69 73 79 86 91 96 103 107 
0 1 6 10 15 31 36 43 48 69 73 79 91 96 103 107 
0 1 6 10 15 31 38 43 48 69 73 79 86 91 103 107 
0 1 6 10 15 31 38 43 69 73 79 86 91 98 103 107 
0 1 6 10 15 31 43 48 69 73 79 86 91 96 103 107 
0 2 7 12 19 25 35 39 44 66 71 78 83 88 99 104 
0 2 7 12 19 25 35 39 44 66 71 78 84 88 99 104 
0 2 7 12 19 25 35 40 44 66 71 78 83 88 99 104 
0 2 7 12 19 25 35 40 44 66 71 78 83 88 100 104 
0 2 7 12 19 25 35 40 44 66 71 78 84 88 99 104 
0 2 7 12 19 25 35 40 44 66 71 78 84 88 100 104 
0 2 7 12 19 25 35 40 45 66 71 78 83 88 100 104 
0 2 7 12 19 25 35 40 45 66 71 78 83 88 100 105 
0 2 7 12 19 25 35 40 45 66 71 78 84 88 100 104 
0 2 7 12 19 25 35 40 45 66 71 78 84 88 100 105 
0 2 7 12 19 25 35 40 66 71 78 83 88 95 100 104 
0 2 7 12 19 25 35 40 66 71 78 84 88 95 100 104 
0 2 7 12 19 25 36 40 45 66 71 78 84 88 100 104 
0 2 7 12 19 25 36 40 45 66 71 78 84 88 100 105 
0 2 7 12 19 25 36 40 45 66 71 78 84 89 100 104 
0 2 7 12 19 25 36 40 45 66 71 78 84 89 100 105 
0 2 7 12 19 25 36 41 45 66 71 78 84 89 100 104 
0 2 7 12 19 25 40 45 66 71 78 84 88 94 100 104 
0 2 7 12 19 25 40 45 66 71 78 84 88 94 100 105 
0 2 7 14 19 23 27 35 39 44 61 66 83 88 99 104 
0 2 7 14 19 23 27 35 40 44 61 66 83 88 99 104 
0 2 7 14 19 23 27 35 40 61 66 83 88 95 99 104 
0 2 7 14 19 23 27 35 40 61 66 83 88 95 100 104 
0 2 7 14 19 23 35 40 44 61 66 78 83 88 100 104 
0 2 7 14 19 23 35 40 45 51 61 66 83 88 100 105 
0 2 7 14 19 23 35 40 45 61 66 78 83 88 100 104 
0 2 7 14 19 23 35 40 45 61 66 78 83 88 100 105 
0 2 7 14 19 23 35 40 47 51 61 66 83 88 95 100 
0 2 7 14 19 23 35 40 51 61 66 83 88 95 100 104 
0 2 7 14 19 25 27 31 35 40 61 66 84 95 99 104 
0 2 7 14 19 25 27 31 35 40 61 66 84 95 100 104 
0 2 7 14 19 25 27 31 36 40 61 66 84 95 99 104 
0 2 7 14 19 25 27 31 36 40 61 66 84 95 100 104 
0 2 7 14 19 25 27 35 40 61 66 83 88 95 99 104 
0 2 7 14 19 25 27 35 40 61 66 83 88 95 100 104 
0 2 7 14 19 25 27 35 40 61 66 84 88 95 99 104 
0 2 7 14 19 25 31 35 40 47 51 61 66 84 95 100 
0 2 7 14 19 25 31 35 40 51 61 66 84 95 100 105 
0 2 7 14 19 25 31 36 40 45 51 61 66 84 100 105 
0 2 7 14 19 25 31 36 40 51 61 66 84 95 100 105 
0 2 7 14 19 25 35 40 45 51 61 66 83 88 100 105 
0 2 7 14 19 25 35 40 45 51 61 66 84 88 100 105 
0 2 7 14 19 25 35 40 47 51 61 66 83 88 95 100 
0 2 7 14 19 25 35 40 47 51 61 66 84 88 95 100 
0 2 7 14 19 25 35 40 51 61 66 83 88 95 100 105 
0 2 7 14 19 25 35 40 51 61 66 84 88 95 100 105 
0 2 7 14 19 25 36 40 45 51 61 66 84 88 100 105 
0 2 7 14 19 25 36 40 45 51 61 66 84 89 100 105 
0 2 7 14 19 25 36 41 45 51 61 66 84 89 100 105 
0 2 7 14 19 25 36 41 51 61 66 84 89 96 100 105 
0 2 7 14 19 25 36 41 51 61 66 84 89 96 101 105 
0 2 7 14 19 25 40 45 51 61 66 84 88 94 100 105 
0 2 7 14 19 30 35 40 51 61 66 73 83 95 100 105 
0 2 7 14 19 30 35 40 61 66 73 78 83 95 100 104 
0 2 7 14 19 30 35 47 51 61 66 73 83 90 95 100 
0 2 7 14 19 30 35 47 51 61 66 73 90 95 100 107 
0 2 7 14 19 31 35 40 47 51 61 66 73 95 100 107 
0 2 7 14 19 35 40 47 51 61 66 73 83 88 95 100 
0 2 7 19 25 27 35 40 44 61 66 71 83 88 99 104 
0 2 7 19 25 27 35 40 61 66 71 83 88 95 99 104 
0 2 7 19 25 27 35 40 61 66 71 83 88 95 100 104 
0 2 7 19 25 35 40 45 51 61 66 71 83 88 100 105 
0 2 7 19 25 35 40 45 61 66 71 78 83 88 100 105 
0 2 14 19 25 27 35 40 47 56 61 66 83 88 95 100 
0 2 14 19 25 27 35 40 47 56 61 66 84 88 95 100 
