0 1 4 11 15 30 34 52 59 64 73 80 84 88 94 107 
0 1 4 11 16 27 47 52 59 65 69 73 81 84 94 107 
0 1 4 11 16 27 47 52 59 65 69 73 81 94 101 107 
0 1 4 12 23 29 36 47 59 63 70 80 85 88 95 
0 1 6 9 16 20 27 28 32 59 73 78 82 95 101 105 
0 1 6 9 20 27 28 32 36 59 78 82 86 95 101 105 
0 1 6 9 20 27 28 32 37 59 78 82 86 95 101 105 
0 1 6 9 20 27 28 32 59 73 78 82 86 95 101 105 
0 1 6 11 15 20 25 27 32 46 59 64 73 78 100 105 
0 1 6 11 15 20 25 27 46 59 64 68 73 78 88 100 
0 1 6 11 15 20 25 27 46 59 64 68 73 78 100 104 
0 1 6 11 15 20 25 27 46 59 64 68 73 78 100 105 
0 1 6 11 15 20 25 27 46 59 64 69 73 78 100 105 
0 1 6 11 15 20 25 34 46 59 64 68 73 78 84 88 
0 1 6 11 15 20 25 34 46 59 64 68 73 78 84 105 
0 1 6 11 15 20 25 34 46 59 64 68 73 78 88 100 
0 1 6 11 15 20 25 34 46 59 64 68 73 78 100 104 
0 1 6 11 15 20 25 46 50 59 64 68 73 78 88 100 
0 1 6 11 15 20 25 46 50 59 64 68 73 78 100 104 
0 1 6 11 15 20 25 46 50 59 64 68 73 78 100 105 
0 1 6 11 15 20 27 30 52 55 59 64 69 73 88 100 
0 1 6 11 15 20 27 30 52 59 64 68 73 78 88 100 
0 1 6 11 15 20 27 46 52 59 64 68 73 78 100 105 
0 1 6 11 15 20 27 46 59 64 68 73 78 95 100 105 
0 1 6 11 15 20 30 34 52 59 64 68 73 78 84 88 
0 1 6 11 15 20 30 34 52 59 64 68 73 78 88 100 
0 1 6 11 15 20 30 34 52 59 64 68 73 88 94 100 
0 1 6 11 15 20 30 34 52 59 64 69 73 88 94 100 
0 1 6 11 15 20 34 46 52 59 64 68 73 78 88 100 
0 1 6 11 15 20 34 46 52 59 64 68 73 78 100 104 
0 1 6 11 15 20 34 46 52 59 64 68 73 94 100 104 
0 1 6 11 15 20 34 46 59 64 68 73 78 95 100 104 
0 1 6 11 15 20 46 50 52 59 64 68 73 78 100 104 
0 1 6 11 16 20 27 46 52 59 64 69 73 78 100 105 
0 10 13 16 19 22 52 63 66 69 72 75 
