0 4 8 12 16 21 29 33 37 52 57 61 65 79 83 87 
0 4 8 12 16 21 29 33 37 57 61 65 79 83 87 95 
0 4 8 12 16 21 29 33 37 61 65 73 79 83 87 95 
0 4 8 12 16 29 33 37 52 57 61 65 69 83 87 91 
0 4 8 12 16 29 33 37 52 57 61 65 79 83 87 91 
0 4 8 12 16 29 33 37 57 61 65 79 83 87 91 95 
0 4 8 12 16 33 37 45 57 61 65 69 83 87 91 95 
0 4 8 12 16 33 37 45 57 61 65 79 83 87 91 95 
0 4 8 12 16 33 37 45 61 65 73 79 83 87 91 95 
0 4 8 12 21 24 29 33 37 52 57 61 79 83 87 104 
0 4 8 12 21 24 29 33 37 57 61 79 83 87 95 104 
0 4 8 12 24 29 33 37 52 57 61 65 79 83 87 91 
0 4 8 12 24 29 33 37 52 57 61 79 83 87 91 104 
0 4 11 18 31 38 45 51 52 57 64 71 81 85 92 99 
