0 1 4 11 15 30 34 44 52 59 64 73 80 83 88 94 
0 1 4 11 15 30 34 44 52 59 64 73 80 84 88 94 
0 1 4 11 15 30 34 44 52 59 73 80 83 88 94 102 
0 1 6 10 15 20 25 29 34 59 63 68 73 78 83 88 
0 1 6 10 15 20 25 29 34 59 63 68 73 78 83 104 
0 1 6 10 15 20 25 29 34 59 64 68 73 78 83 88 
0 1 6 10 15 20 25 29 34 59 68 73 78 83 88 102 
0 1 6 10 15 20 25 29 50 59 63 68 73 78 83 88 
0 1 6 10 15 20 25 29 50 59 63 68 73 78 83 104 
0 1 6 10 15 20 25 29 50 59 64 68 73 78 83 88 
0 1 6 10 15 20 25 29 50 59 64 68 73 78 88 100 
0 1 6 10 15 20 25 29 50 59 68 73 78 83 88 102 
0 1 6 10 15 20 29 34 52 59 63 68 73 78 83 88 
0 1 6 10 15 20 29 34 52 59 63 68 73 78 83 104 
0 1 6 10 15 20 29 34 52 59 63 68 73 83 94 104 
0 1 6 10 15 20 29 34 52 59 68 73 78 83 88 102 
0 1 6 10 15 20 29 34 52 59 68 73 83 88 94 102 
0 1 6 10 15 20 29 34 59 68 73 78 83 88 95 102 
0 1 6 10 15 20 29 36 50 59 63 68 78 83 88 95 
0 1 6 10 15 20 29 36 50 59 63 68 78 83 95 104 
0 1 6 10 15 20 29 36 50 59 64 68 78 83 88 95 
0 1 6 10 15 20 29 36 50 59 64 68 78 88 95 100 
0 1 6 10 15 20 29 50 52 59 63 68 73 78 83 104 
0 1 6 10 15 20 29 50 52 59 64 68 73 78 83 88 
0 1 6 10 15 20 29 50 52 59 64 68 73 78 88 100 
0 1 6 10 15 20 29 50 52 59 68 73 78 83 88 102 
0 1 6 10 15 20 29 50 59 63 68 73 78 83 88 95 
0 1 6 10 15 20 29 50 59 63 68 73 78 83 95 104 
0 1 6 10 15 20 29 50 59 64 68 73 78 83 88 95 
0 1 6 10 15 20 29 50 59 64 68 73 78 88 95 100 
0 1 6 10 15 20 29 50 59 68 73 78 83 88 95 102 
0 1 6 10 15 20 34 45 59 63 68 73 78 83 95 104 
0 1 6 10 15 20 34 45 59 68 73 78 83 95 102 105 
0 1 6 10 15 20 34 46 59 63 68 73 78 83 95 104 
0 1 6 10 15 20 34 46 59 64 68 73 78 83 88 95 
0 1 6 10 15 20 34 46 59 64 68 73 78 83 95 104 
0 1 6 10 15 20 34 46 59 64 68 73 78 83 95 105 
0 1 6 10 15 20 36 46 50 59 63 68 78 83 95 104 
0 1 6 10 15 20 36 46 50 59 64 68 78 83 88 95 
0 1 6 10 15 20 36 46 50 59 64 68 78 83 95 104 
0 1 6 10 15 20 36 46 50 59 64 68 78 83 95 105 
0 1 6 10 15 20 36 46 50 59 64 68 78 88 95 100 
0 1 6 10 15 20 36 46 50 59 64 68 78 95 100 104 
0 1 6 10 15 20 36 46 50 59 64 68 78 95 100 105 
0 1 6 10 15 20 45 50 59 63 68 73 78 83 95 104 
0 1 6 10 15 20 45 50 59 68 73 78 83 95 102 105 
0 1 6 10 15 20 46 50 59 63 68 73 78 83 95 104 
0 1 6 10 20 36 46 50 59 64 68 78 83 86 95 105 
0 1 6 11 15 20 27 29 52 59 64 68 73 78 88 100 
0 1 6 11 15 20 27 32 46 52 59 64 73 78 100 105 
0 1 6 11 15 20 27 32 46 59 64 73 78 95 100 105 
0 1 6 11 15 20 27 46 52 59 64 68 73 78 88 100 
0 1 6 11 15 20 27 46 52 59 64 68 73 78 100 105 
0 1 6 11 15 20 27 46 59 64 68 73 78 95 100 105 
0 1 6 11 15 20 29 34 52 59 68 73 83 88 94 102 
0 1 6 11 15 20 34 46 52 59 64 68 73 78 88 100 
0 1 6 11 15 20 34 46 52 59 64 68 73 83 94 105 
0 1 6 11 15 20 34 46 52 59 64 68 73 88 94 100 
0 1 6 11 15 20 34 46 52 59 64 68 73 94 100 105 
0 1 6 11 15 20 36 46 50 59 64 68 78 88 95 100 
0 1 6 11 20 27 30 37 52 55 59 64 69 86 100 105 
0 1 6 11 20 27 32 46 52 59 64 73 78 86 100 105 
0 1 6 15 20 27 32 46 54 59 64 73 78 95 100 105 
0 1 6 15 20 29 34 48 52 59 73 80 83 88 94 102 
0 1 6 15 20 36 46 50 54 59 64 68 78 88 95 100 
0 2 6 9 13 17 21 48 51 56 65 70 74 81 98 102 
0 2 6 9 17 21 48 51 56 65 70 74 81 83 98 102 
0 2 6 10 14 21 29 33 37 52 55 59 63 81 83 87 
0 2 6 10 14 21 29 33 37 55 59 63 81 83 87 95 
0 2 6 10 14 21 29 33 37 59 63 71 81 83 87 95 
0 2 6 10 14 29 33 37 52 55 59 63 67 83 87 91 
0 2 6 10 14 29 33 37 52 55 59 63 81 83 87 91 
0 2 6 10 14 29 33 37 55 59 63 81 83 87 91 95 
0 2 6 10 14 33 37 45 55 59 63 67 83 87 91 95 
0 2 6 10 29 33 37 51 52 55 59 63 81 83 87 91 
0 2 6 11 20 29 37 51 52 55 59 67 70 83 87 102 
0 4 7 15 18 33 36 47 64 75 79 83 97 105 106 
0 7 14 21 24 32 39 46 56 63 71 82 90 97 104 
