0 1 4 9 17 30 37 42 50 52 62 70 84 91 96 104 
0 1 4 9 17 30 37 42 50 62 70 75 84 91 96 104 
0 1 4 9 17 30 37 50 52 62 70 84 91 96 99 104 
0 1 4 9 17 30 37 50 62 70 75 84 91 96 99 104 
0 1 4 9 17 30 38 43 50 52 62 70 84 92 97 104 
0 1 6 13 18 32 39 47 51 52 59 66 71 86 94 101 
0 1 6 13 18 32 39 47 52 59 66 71 78 86 94 101 
0 1 6 13 18 32 40 47 51 52 59 66 71 86 101 106 
0 1 6 13 18 32 40 47 52 59 66 71 78 86 101 106 
0 1 6 13 18 32 40 48 52 59 66 71 78 86 102 106 
0 1 6 13 18 33 40 47 51 52 59 66 71 87 101 106 
0 1 6 13 18 33 40 47 52 59 66 71 78 87 101 106 
0 1 6 13 18 33 40 48 52 59 66 71 78 87 102 106 
0 1 6 13 20 28 33 40 47 51 59 66 73 87 101 106 
0 1 6 13 20 28 33 40 47 59 66 73 78 87 101 106 
0 1 6 13 20 28 33 40 48 59 66 73 78 87 102 106 
0 1 6 13 20 28 33 41 48 59 66 73 78 87 95 102 
0 1 6 13 20 32 39 47 52 59 66 73 78 86 94 101 
0 1 6 13 20 32 40 47 52 59 66 73 78 86 101 106 
0 1 6 13 20 32 40 48 52 59 66 73 78 86 102 106 
0 1 6 13 20 33 40 47 52 59 66 73 78 87 101 106 
0 1 9 17 30 37 42 50 52 62 70 78 84 91 96 104 
0 1 9 17 32 39 47 52 62 70 78 86 94 101 
0 1 9 17 32 40 47 52 62 70 78 86 101 106 
0 1 9 17 32 40 48 52 62 70 78 86 102 106 
0 2 5 10 17 27 30 33 38 52 63 70 92 97 100 105 
0 2 5 10 17 27 30 37 44 52 63 70 84 91 98 105 
0 2 5 10 17 27 30 37 44 63 70 75 84 91 98 105 
0 2 5 10 17 27 30 38 43 52 63 70 84 92 97 105 
0 2 5 10 17 27 30 38 43 63 70 75 84 92 97 105 
0 2 5 10 17 27 30 38 52 63 70 84 92 97 100 105 
0 2 5 10 18 27 30 37 44 52 63 71 84 91 98 105 
0 2 5 10 18 27 30 38 43 52 63 71 84 92 97 105 
0 2 5 10 18 27 30 38 52 63 71 84 92 97 100 105 
0 2 9 17 27 30 37 44 52 55 62 70 84 91 98 105 
0 2 9 17 27 30 38 43 52 55 62 70 84 92 97 105 
0 2 10 17 27 30 37 44 52 55 63 70 84 91 98 105 
0 2 10 17 27 30 38 43 52 55 63 70 84 92 97 105 
0 3 6 11 18 32 37 40 45 51 52 64 71 81 86 99 
0 3 6 11 18 32 39 44 51 52 64 71 81 86 94 98 
0 3 6 11 18 32 39 51 52 64 71 81 86 94 98 101 
0 3 6 11 18 32 40 45 51 52 64 71 81 86 99 106 
0 3 10 17 30 37 42 50 52 56 63 70 84 91 96 104 
0 3 10 17 30 37 44 51 52 56 63 70 81 84 91 98 
0 3 10 17 30 37 45 50 52 56 63 70 84 91 99 104 
0 3 10 17 30 37 45 51 52 56 63 70 81 84 91 99 
0 3 10 17 30 38 43 50 52 56 63 70 84 92 97 104 
0 3 10 17 30 38 45 50 52 56 63 70 84 92 99 104 
0 3 10 17 30 38 45 51 52 56 63 70 81 84 92 99 
0 3 10 17 32 37 44 51 52 56 63 70 81 86 91 98 
0 3 10 17 32 37 45 50 52 56 63 70 86 91 99 104 
0 3 10 17 32 37 45 51 52 56 63 70 81 86 91 99 
0 3 10 17 32 39 44 51 52 56 63 70 81 86 94 98 
0 3 10 18 30 37 45 51 52 56 63 71 81 84 91 99 
0 4 7 12 20 26 32 37 40 45 52 65 73 80 86 99 
0 4 7 12 20 26 32 40 45 52 65 73 80 86 99 106 
0 4 7 12 20 26 33 38 41 46 52 65 73 80 87 100 
0 4 7 12 20 26 33 41 46 52 65 73 80 87 95 100 
0 4 7 12 26 32 37 40 45 52 65 70 73 80 86 99 
0 4 9 17 27 30 37 44 52 57 62 70 84 91 98 105 
0 4 9 17 27 30 38 43 52 57 62 70 84 92 97 105 
0 4 9 17 27 30 38 46 52 57 62 70 84 92 100 105 
0 4 9 17 30 38 43 50 52 57 62 70 84 92 97 104 
0 4 11 18 26 32 39 46 52 57 64 71 80 86 94 100 
