0 1 5 8 12 23 34 38 50 67 73 81 90 93 95 102 
0 1 5 8 12 23 34 39 50 67 73 81 90 93 95 102 
0 1 5 8 12 23 34 39 50 67 73 81 91 93 95 102 
0 1 5 12 16 23 28 32 39 43 48 56 67 84 95 100 
0 1 5 12 16 23 28 32 39 43 50 56 67 81 84 95 
0 1 5 12 16 23 28 32 39 43 56 67 80 84 95 100 
0 1 5 12 16 23 28 32 39 43 56 67 81 84 95 99 
0 1 5 12 16 23 28 32 39 43 56 67 81 84 95 100 
0 1 5 12 16 23 28 32 39 44 48 56 67 84 95 100 
0 1 5 12 16 23 28 32 39 44 56 67 80 84 95 100 
0 1 5 12 16 23 28 32 39 44 56 67 80 84 96 100 
0 1 5 12 16 23 28 32 39 44 56 67 81 84 95 100 
0 1 5 12 16 23 28 39 43 50 56 67 81 84 90 95 
0 1 5 12 16 23 28 39 43 50 56 67 81 84 91 95 
0 1 5 12 16 23 28 39 44 48 56 67 84 91 95 100 
0 1 5 12 16 23 28 39 44 50 56 67 81 84 91 95 
0 1 5 12 16 23 28 39 44 56 67 80 84 91 95 100 
0 1 5 12 16 23 28 39 44 56 67 80 84 91 96 100 
0 1 5 12 16 23 28 39 44 56 67 81 84 91 95 100 
0 1 5 12 16 23 28 39 50 56 67 81 84 91 95 102 
0 1 5 12 16 23 32 38 43 56 67 81 84 93 95 99 
0 1 5 12 16 23 32 39 43 50 56 67 81 84 93 95 
0 1 5 12 16 23 32 39 43 56 67 80 84 93 95 100 
0 1 5 12 16 23 32 39 43 56 67 81 84 93 95 99 
0 1 5 12 16 23 32 39 43 56 67 81 84 93 95 100 
0 1 5 12 16 23 32 39 44 48 56 67 84 93 95 100 
0 1 5 12 16 23 32 39 44 56 67 80 84 93 95 100 
0 1 5 12 16 23 32 39 44 56 67 80 84 93 96 100 
0 1 5 12 16 23 32 39 44 56 67 81 84 93 95 100 
0 1 5 12 16 23 32 43 48 56 67 84 88 93 95 99 
0 1 5 12 16 23 32 43 56 67 81 84 88 93 95 99 
0 1 5 12 16 23 32 44 48 56 67 84 88 93 95 100 
0 1 5 12 16 23 34 38 56 67 81 90 93 95 99 102 
0 1 5 12 16 23 38 43 56 67 81 83 90 93 95 99 
0 1 5 12 16 23 38 43 56 67 81 83 90 93 99 106 
0 1 5 12 16 23 38 43 56 67 81 84 90 93 95 99 
0 1 5 12 16 28 32 39 43 56 67 71 80 84 95 100 
0 1 5 12 16 28 32 39 43 56 67 71 81 84 95 99 
0 1 5 12 16 28 32 39 43 56 67 71 81 84 95 100 
0 1 5 12 16 28 32 39 43 56 67 72 81 84 95 100 
0 1 5 12 16 28 32 39 44 56 67 71 80 84 95 100 
0 1 5 12 16 28 32 39 44 56 67 71 80 84 96 100 
0 1 5 12 16 28 32 39 44 56 67 71 81 84 95 100 
0 1 5 12 16 28 32 39 44 56 67 72 80 84 95 100 
0 1 5 12 16 28 32 39 44 56 67 72 80 84 96 100 
0 1 5 12 16 28 32 39 44 56 67 72 81 84 95 100 
0 1 5 12 16 31 38 43 56 67 71 81 83 93 99 106 
0 1 5 12 16 32 38 43 56 67 71 81 83 93 99 106 
0 1 5 12 16 32 38 43 56 67 71 81 84 93 95 99 
0 1 5 12 16 32 38 43 56 67 72 81 84 93 95 99 
0 1 5 12 16 32 39 43 50 56 67 71 81 83 93 95 
0 1 5 12 16 32 39 43 50 56 67 71 81 84 93 95 
0 1 5 12 16 32 39 43 50 56 67 72 81 84 93 95 
0 1 5 12 16 32 39 43 56 67 71 81 83 93 95 99 
0 1 5 12 16 32 39 43 56 67 71 81 84 93 95 99 
0 1 5 12 16 32 39 43 56 67 72 81 84 93 95 99 
0 1 5 12 16 32 39 44 56 67 71 80 84 93 95 100 
0 1 5 12 16 32 39 44 56 67 71 81 84 93 95 100 
0 1 5 12 16 32 39 44 56 67 72 81 84 93 95 100 
0 1 5 12 16 32 43 48 56 67 71 83 88 93 95 99 
0 1 5 12 16 32 43 48 56 67 71 84 88 93 95 99 
0 1 5 12 16 32 43 48 56 67 72 84 88 93 95 99 
0 1 5 12 16 32 43 56 67 71 81 84 88 93 95 99 
0 1 5 12 16 32 43 56 67 72 81 84 88 93 95 99 
0 1 5 12 17 28 32 39 44 56 67 72 80 84 95 100 
0 1 5 12 17 28 32 39 44 56 67 72 81 84 95 100 
0 1 6 12 17 28 32 39 44 56 67 72 80 84 95 100 
0 1 8 15 19 27 33 37 44 60 71 79 90 97 107 
0 1 12 16 23 28 39 43 50 56 63 67 81 84 91 95 
0 2 5 11 18 25 31 38 45 57 64 71 85 92 98 101 
0 2 5 11 18 31 38 45 52 57 64 71 85 92 98 101 
0 3 6 12 19 32 39 46 58 65 72 86 94 99 102 107 
0 4 11 18 25 27 31 37 44 57 64 71 85 92 98 105 
0 4 11 18 25 27 31 38 44 57 64 71 85 92 98 105 
0 4 11 18 25 27 31 38 44 57 64 71 85 92 99 105 
0 4 11 18 25 27 31 38 45 57 64 71 81 85 92 99 
0 4 11 18 25 27 31 38 45 57 64 71 85 92 98 105 
0 4 11 18 25 27 31 38 45 57 64 71 85 92 99 105 
0 4 11 18 25 31 38 45 51 57 64 71 85 92 99 105 
0 4 11 18 27 31 38 44 52 57 64 71 85 92 98 105 
0 4 11 18 27 31 38 45 52 57 64 71 85 92 99 105 
0 4 11 18 31 38 45 51 52 57 64 71 81 85 92 99 
