0 1 4 8 13 20 29 46 61 66 71 84 88 95 100 105 
0 1 4 8 13 27 29 46 61 66 71 84 88 95 100 105 
0 1 4 8 13 29 46 50 61 66 71 84 88 95 100 105 
0 1 4 9 13 20 29 37 46 57 61 71 84 95 100 105 
0 1 4 9 13 20 29 37 46 61 71 84 88 95 100 105 
0 1 4 9 13 20 29 46 57 61 66 71 84 95 100 105 
0 1 4 9 13 20 29 46 61 66 71 84 88 95 100 105 
0 1 4 9 13 29 46 50 61 66 71 84 88 95 100 105 
0 1 4 13 20 29 39 46 61 66 71 84 88 95 100 105 
0 1 8 13 18 22 27 34 46 59 66 70 83 88 94 104 
0 1 8 13 18 27 29 34 41 46 61 66 83 88 100 104 
0 1 8 13 18 27 29 34 41 46 66 83 88 94 100 104 
0 1 8 13 18 27 29 34 46 61 66 70 83 88 100 104 
0 1 8 13 18 27 29 34 46 61 66 71 83 88 100 104 
0 1 8 13 18 27 29 34 46 61 66 71 83 88 100 105 
0 1 8 13 18 27 29 34 46 66 70 83 88 94 100 104 
0 1 8 13 18 27 29 34 46 66 71 83 88 94 100 104 
0 1 8 13 18 27 29 34 46 66 71 83 88 94 100 105 
0 1 8 13 18 27 29 34 46 66 71 84 88 94 100 105 
0 1 8 13 18 27 30 34 41 46 66 83 88 94 100 104 
0 1 8 13 18 27 30 34 46 66 70 83 88 94 100 104 
0 1 8 13 18 27 30 34 46 66 71 83 88 94 100 104 
0 1 8 13 18 27 30 34 46 66 71 83 88 94 100 105 
0 1 8 13 18 27 30 34 46 66 71 84 88 94 100 105 
0 1 8 13 18 27 34 41 46 59 66 83 88 94 100 104 
0 1 8 13 18 27 34 46 59 66 70 83 88 94 100 104 
0 1 8 13 18 27 34 46 59 66 71 83 88 94 100 104 
0 1 8 13 18 27 34 46 59 66 71 83 88 94 100 105 
0 1 8 13 18 27 34 46 59 66 71 84 88 94 100 105 
0 1 8 13 20 29 34 41 46 57 61 66 83 95 100 104 
0 1 8 13 20 29 34 41 46 61 66 83 88 95 100 104 
0 1 8 13 27 29 34 41 46 61 66 83 88 95 100 104 
0 1 8 13 27 29 34 46 61 66 70 83 88 95 100 104 
0 1 8 13 29 34 41 46 50 61 66 83 88 95 100 104 
0 1 8 13 29 34 46 50 61 66 70 83 88 95 100 104 
0 2 5 9 21 30 42 46 57 62 67 73 84 91 96 101 
0 2 5 9 27 30 42 46 57 62 67 73 84 91 96 101 
0 2 8 13 18 27 30 34 46 66 71 83 88 94 100 105 
0 2 8 13 18 27 30 34 46 66 71 84 88 94 100 105 
0 2 8 13 18 27 30 35 46 62 66 71 84 88 100 105 
0 2 9 13 18 23 27 30 35 46 57 62 67 71 84 105 
0 2 9 13 18 23 27 30 35 46 62 67 71 84 88 105 
0 2 9 13 18 23 27 30 35 46 62 67 71 84 89 105 
0 2 9 13 18 27 30 35 46 57 62 66 71 84 100 105 
0 2 9 13 18 27 30 35 46 62 66 71 84 88 100 105 
0 2 9 13 18 27 30 35 46 62 66 71 84 89 100 105 
0 2 9 13 18 27 30 35 46 62 67 71 84 88 100 105 
0 2 9 13 18 27 30 35 46 62 67 71 84 88 101 105 
0 2 9 13 18 27 30 35 46 62 67 71 84 89 100 105 
0 2 9 14 18 27 30 35 46 62 66 71 84 89 100 105 
0 2 9 14 27 30 35 42 46 62 67 84 89 96 101 105 
0 2 9 14 27 30 35 42 47 62 67 84 89 96 101 105 
0 3 8 13 20 25 29 41 46 56 61 66 73 83 95 100 
0 3 8 13 20 25 29 41 46 57 61 66 73 83 95 100 
0 3 8 13 20 29 41 46 52 56 61 66 73 83 95 100 
0 3 8 13 20 29 41 46 52 57 61 66 73 83 95 100 
0 3 8 13 20 30 41 46 52 57 61 66 73 83 95 100 
0 3 8 20 26 36 41 46 52 56 61 73 80 90 95 100 
0 4 8 13 20 26 41 46 52 57 61 66 73 80 95 100 
0 4 8 13 20 29 41 46 52 57 61 66 73 83 95 100 
