0 1 4 11 18 29 32 39 47 61 68 75 90 97 105 
0 1 4 11 18 29 32 40 47 61 68 75 90 97 105 
0 1 4 11 18 29 32 40 47 61 68 75 90 98 105 
0 1 4 11 18 29 32 40 48 61 68 75 90 98 105 
0 1 4 11 18 29 36 39 47 61 68 75 86 97 105 
0 1 4 11 18 29 36 44 47 61 68 75 86 105 106 
0 1 4 11 18 29 36 44 47 61 68 75 87 105 106 
0 1 4 11 18 29 36 47 61 68 75 86 97 105 106 
0 1 4 11 18 29 36 47 61 68 75 87 97 105 106 
0 1 4 11 18 29 37 44 47 61 68 75 87 105 106 
0 1 4 11 22 29 32 39 47 61 68 71 90 97 105 
0 1 4 11 22 29 32 40 47 61 68 71 90 97 105 
0 1 4 11 22 29 36 44 47 61 68 71 86 105 106 
0 1 4 11 22 29 36 44 47 61 68 71 87 105 106 
0 1 4 11 22 29 36 44 61 68 71 86 102 105 106 
0 1 4 11 22 29 36 47 61 68 71 86 97 105 106 
0 1 4 11 22 29 36 47 61 68 71 87 97 105 106 
0 1 4 11 22 29 37 40 47 61 68 71 87 98 105 
0 1 4 11 22 29 40 47 61 68 71 87 90 98 105 
0 1 4 15 18 29 32 39 47 61 64 75 90 97 105 
0 1 4 15 18 29 32 40 47 61 64 75 90 97 105 
0 1 4 15 18 29 36 39 47 61 64 75 86 97 105 
0 1 4 15 18 29 36 44 47 61 64 75 86 105 106 
0 1 4 15 18 29 36 44 47 61 64 75 87 105 106 
0 1 4 15 18 29 36 47 61 64 75 86 97 105 106 
0 1 4 15 18 29 36 47 61 64 75 87 97 105 106 
0 1 4 15 18 29 37 44 47 61 64 75 87 105 106 
0 1 4 15 22 29 36 39 47 61 64 71 86 97 105 
0 1 4 15 22 29 36 44 47 61 64 71 86 105 106 
0 1 4 15 22 29 36 44 47 61 64 71 87 105 106 
0 1 4 15 22 29 36 44 61 64 71 86 102 105 106 
0 1 4 15 22 29 36 47 61 64 71 86 97 105 106 
0 1 4 15 22 29 36 47 61 64 71 87 97 105 106 
0 1 4 15 22 29 37 40 47 61 64 71 87 98 105 
0 1 4 15 22 29 40 47 61 64 71 87 90 98 105 
0 2 5 13 21 29 32 40 48 62 70 81 90 98 
0 2 5 13 21 29 37 40 48 62 70 81 87 98 
0 2 5 13 21 29 37 45 48 62 70 81 87 95 
0 2 5 13 21 29 37 45 62 70 81 87 95 103 
0 2 5 13 21 29 37 48 62 70 81 87 95 98 
0 2 5 13 21 29 40 48 62 70 81 87 90 98 
0 2 10 13 21 26 32 35 42 59 70 82 94 100 103 
0 2 10 13 21 26 32 35 46 59 70 82 94 96 103 
0 2 10 13 21 26 32 39 42 59 70 82 89 100 103 
0 2 10 13 21 26 32 39 46 59 70 82 89 96 103 
0 2 10 18 21 26 32 35 42 59 67 82 94 100 103 
0 3 6 13 21 28 35 42 50 63 70 80 86 94 100 
0 3 6 13 21 28 35 43 46 63 70 80 86 94 104 
0 3 6 13 21 28 35 43 50 63 70 80 86 94 100 
0 3 6 13 21 28 35 46 63 70 80 86 94 96 104 
0 3 6 13 21 28 39 42 50 63 70 80 86 89 100 
0 3 6 13 21 32 35 42 50 63 70 80 82 94 100 
0 3 6 13 21 32 35 43 46 63 70 80 82 94 104 
0 3 6 13 21 32 35 43 50 63 70 80 82 94 100 
0 3 6 13 21 32 35 46 63 70 80 82 94 96 104 
0 3 6 13 21 32 39 42 50 63 70 80 82 89 100 
0 3 6 13 21 32 39 46 63 70 80 82 89 96 104 
0 3 6 14 21 28 35 42 50 63 70 80 86 94 100 
0 3 6 14 21 28 35 43 46 63 70 80 86 94 104 
0 3 6 14 21 28 35 43 46 63 71 80 86 94 104 
0 3 6 14 21 28 35 43 50 63 70 80 86 94 100 
0 3 6 14 21 28 35 46 63 70 80 86 94 96 104 
0 3 6 14 21 28 35 46 63 71 80 86 94 96 104 
0 3 6 14 21 28 36 39 46 63 70 80 86 97 104 
0 3 6 14 21 28 36 39 46 63 71 80 86 97 104 
0 3 6 14 21 28 36 43 46 63 70 80 86 94 104 
0 3 6 14 21 28 36 43 50 63 70 80 86 94 100 
0 3 6 14 21 28 39 42 50 63 70 80 86 89 100 
0 3 6 14 21 28 39 46 63 70 80 86 89 96 104 
0 3 6 14 21 28 39 46 63 70 80 86 89 97 104 
0 3 6 14 21 28 39 46 63 71 80 86 89 97 104 
0 3 6 14 21 28 39 50 63 70 80 86 89 97 100 
0 3 6 14 21 32 35 42 50 63 70 80 82 94 100 
0 3 6 14 21 32 35 43 46 63 70 80 82 94 104 
0 3 6 14 21 32 35 43 50 63 70 80 82 94 100 
0 3 6 14 21 32 39 42 50 63 70 80 82 89 100 
0 3 10 18 21 24 28 36 39 46 60 67 86 97 104 
0 3 10 18 21 24 28 36 43 46 60 67 86 94 104 
0 3 10 18 21 24 32 35 43 46 60 67 82 94 104 
0 3 10 18 21 24 32 35 43 60 67 82 94 101 104 
0 3 10 18 21 24 32 39 46 60 67 82 90 97 104 
0 3 10 18 21 24 32 40 43 60 67 82 90 101 104 
0 3 10 18 21 24 32 43 46 60 67 82 90 94 104 
0 3 10 18 21 24 32 43 60 67 82 90 94 101 104 
0 3 10 18 21 32 43 50 60 67 79 82 90 94 100 
0 3 10 21 24 32 35 43 46 60 67 70 82 94 104 
0 3 10 21 24 32 35 43 60 67 70 82 94 101 104 
0 3 10 21 24 32 43 60 67 70 82 90 94 101 104 
0 3 10 21 32 35 42 50 60 67 70 80 82 94 100 
