0 1 4 11 18 32 39 47 61 68 75 83 90 97 105 
0 1 4 11 18 32 40 47 61 68 75 83 90 97 105 
0 1 4 11 18 32 40 47 61 68 75 83 90 98 105 
0 1 4 11 18 32 40 48 61 68 75 83 90 98 105 
0 1 4 11 18 33 36 44 47 61 68 75 83 105 106 
0 1 4 11 18 33 36 44 61 68 75 83 102 105 106 
0 1 4 11 18 33 36 47 61 68 75 83 97 105 106 
0 1 4 11 18 33 40 47 61 68 75 83 90 97 105 
0 1 4 11 18 33 40 47 61 68 75 83 90 98 105 
0 1 4 11 18 33 41 44 61 68 75 83 91 102 105 
0 1 4 11 18 33 44 61 68 75 83 91 102 105 106 
0 1 4 11 18 36 44 61 68 75 83 86 102 105 106 
0 1 4 11 22 32 39 47 61 68 71 83 90 97 105 
0 1 4 11 22 32 40 47 61 68 71 83 90 97 105 
0 1 4 11 22 32 40 47 61 68 71 83 90 98 105 
0 1 4 11 22 32 40 48 61 68 71 83 90 98 105 
0 1 4 11 22 33 36 44 47 61 68 71 83 105 106 
0 1 4 11 22 33 36 47 61 68 71 83 97 105 106 
0 1 4 11 22 33 40 47 61 68 71 83 90 97 105 
0 1 4 11 22 33 40 48 61 68 71 83 90 98 105 
0 1 4 15 18 32 39 47 61 64 75 83 90 97 105 
0 1 4 15 18 32 40 47 61 64 75 83 90 97 105 
0 1 4 15 18 32 40 47 61 64 75 83 90 98 105 
0 1 4 15 18 32 40 48 61 64 75 83 90 98 105 
0 1 4 15 18 33 36 44 47 61 64 75 83 105 106 
0 1 4 15 18 33 36 44 61 64 75 83 102 105 106 
0 1 4 15 18 33 36 47 61 64 75 83 97 105 106 
0 1 4 15 18 33 40 47 61 64 75 83 90 97 105 
0 1 4 15 18 33 40 47 61 64 75 83 90 98 105 
0 1 4 15 18 33 41 44 61 64 75 83 91 102 105 
0 1 4 15 22 32 40 47 61 64 71 83 90 97 105 
0 1 4 15 22 32 40 47 61 64 71 83 90 98 105 
0 1 4 15 22 33 36 44 47 61 64 71 83 105 106 
0 1 4 15 22 33 36 47 61 64 71 83 97 105 106 
0 1 4 15 22 33 40 47 61 64 71 83 90 97 105 
0 2 5 13 21 32 40 48 62 70 81 82 90 98 
0 2 5 13 21 32 40 48 62 70 81 83 90 98 
0 2 5 13 21 33 40 48 62 70 81 83 91 98 
0 2 5 13 21 33 41 48 62 70 81 83 91 98 
0 2 5 13 21 33 41 48 62 70 81 83 91 99 
0 2 5 13 21 33 41 49 62 70 81 83 91 99 
0 2 10 13 21 32 35 42 49 59 70 80 82 94 100 
0 2 10 13 21 32 35 46 49 59 70 80 82 94 96 
0 2 10 13 21 32 39 42 49 59 70 80 82 89 100 
0 2 10 13 21 32 39 46 49 59 70 80 82 89 96 
0 2 10 18 21 32 35 46 49 59 67 80 82 94 96 
0 3 6 13 21 28 35 42 49 63 70 80 86 94 100 
0 3 6 13 21 28 35 42 50 63 70 80 86 94 100 
0 3 6 13 21 28 35 43 50 63 70 80 86 94 100 
0 3 6 13 21 28 39 42 49 63 70 80 86 89 100 
0 3 6 13 21 28 39 42 50 63 70 80 86 89 100 
0 3 6 13 21 28 39 46 49 63 70 80 86 89 96 
0 3 6 13 21 28 39 46 63 70 80 86 89 96 104 
0 3 6 13 21 32 35 42 49 63 70 80 82 94 100 
0 3 6 13 21 32 35 42 50 63 70 80 82 94 100 
0 3 6 13 21 32 35 43 46 63 70 80 82 94 104 
0 3 6 13 21 32 35 46 63 70 80 82 94 96 104 
0 3 6 13 21 32 39 42 49 63 70 80 82 89 100 
0 3 6 13 21 32 39 42 50 63 70 80 82 89 100 
0 3 6 13 21 32 39 46 49 63 70 80 82 89 96 
0 3 6 13 21 32 39 46 63 70 80 82 89 96 104 
0 3 6 14 21 28 35 42 49 63 70 80 86 94 100 
0 3 6 14 21 28 35 42 50 63 70 80 86 94 100 
0 3 6 14 21 28 35 43 46 63 70 80 86 94 104 
0 3 6 14 21 28 35 46 49 63 70 80 86 94 96 
0 3 6 14 21 28 35 46 63 70 80 86 94 96 104 
0 3 6 14 21 28 36 39 46 63 70 80 86 97 104 
0 3 6 14 21 28 39 46 63 70 80 86 89 96 104 
0 3 6 14 21 32 35 42 50 63 70 80 82 94 100 
0 3 6 14 21 32 35 43 46 63 70 80 82 94 104 
0 3 6 14 21 32 35 43 46 63 71 80 82 94 104 
0 3 6 14 21 32 35 43 50 63 70 80 82 94 100 
0 3 6 14 21 32 35 46 49 63 70 80 82 94 96 
0 3 6 14 21 32 35 46 63 70 80 82 94 96 104 
0 3 6 14 21 32 39 42 50 63 70 80 82 89 100 
0 3 6 14 21 32 39 46 63 70 80 82 89 96 104 
0 3 6 14 21 32 39 46 63 70 80 82 89 97 104 
0 3 6 14 21 32 39 50 63 70 80 82 89 97 100 
0 3 10 18 21 24 28 36 39 46 60 67 86 97 104 
0 3 10 18 21 24 28 36 43 46 60 67 86 94 104 
0 3 10 18 21 24 32 35 43 46 60 67 82 94 104 
0 3 10 18 21 28 35 43 50 60 67 79 86 94 100 
0 3 10 18 21 28 36 39 50 60 67 79 86 97 100 
0 3 10 21 28 35 42 50 60 67 70 79 86 94 100 
0 3 10 21 28 35 42 50 60 67 70 80 86 94 100 
0 3 10 21 28 35 43 50 60 67 70 80 86 94 100 
0 4 7 15 18 33 36 44 47 64 75 79 83 105 106 
0 4 7 15 18 33 36 47 64 75 79 83 97 105 106 
0 4 7 15 18 36 44 47 64 75 79 83 86 105 106 
