0 1 5 9 15 22 29 33 43 49 55 72 73 77 93 
0 1 5 9 15 22 29 33 43 49 56 72 73 77 93 
0 1 5 9 17 22 33 49 53 72 73 77 81 85 
0 1 5 9 17 22 49 53 72 73 77 81 85 89 
0 1 5 17 22 49 53 65 72 73 77 81 85 89 
0 1 6 11 14 29 33 38 42 55 60 74 93 
0 1 6 11 14 29 38 42 47 55 74 90 93 
0 1 6 11 15 29 33 38 42 55 60 74 93 
0 1 6 11 15 29 33 38 42 56 60 74 93 
0 1 6 11 15 29 38 42 47 55 74 90 93 
0 1 7 14 22 28 42 45 55 58 61 76 83 89 
0 1 7 14 22 28 42 45 55 58 62 76 83 89 
0 1 7 14 22 28 42 45 55 58 62 76 89 93 
0 1 7 14 22 29 42 45 55 58 62 76 89 93 
0 3 7 19 26 34 42 45 53 58 70 76 87 
0 3 8 19 23 26 31 42 48 49 53 76 92 
0 4 8 14 18 26 32 34 36 42 48 49 69 76 86 
