0 1 5 9 13 17 26 32 36 52 56 58 88 92 
0 1 5 9 13 17 26 32 36 52 57 58 88 92 
0 1 5 9 13 17 26 32 36 56 58 83 88 92 
0 1 5 9 13 17 26 32 36 57 58 83 88 92 
0 1 5 9 13 17 26 32 52 56 58 65 88 92 
0 1 5 9 13 17 26 32 52 56 65 78 88 92 
0 1 5 9 13 17 26 32 52 57 58 65 88 92 
0 1 5 9 13 17 26 32 52 57 65 78 88 92 
0 1 5 9 13 17 26 32 56 58 65 83 88 92 
0 1 5 9 13 17 26 36 52 56 58 61 88 92 
0 1 5 9 13 17 26 36 52 57 58 61 88 92 
0 1 5 9 13 17 26 47 52 57 58 61 65 74 
0 1 5 9 13 17 26 47 52 57 58 61 65 92 
0 1 5 9 13 17 26 47 52 57 61 65 78 92 
0 1 5 9 13 17 26 47 57 58 61 65 74 83 
0 1 5 9 13 17 26 47 57 58 61 65 83 92 
0 1 5 9 13 17 26 47 57 61 65 74 78 83 
0 1 5 9 13 17 26 52 56 58 61 65 74 88 
0 1 5 9 13 17 26 52 56 61 65 74 78 88 
0 1 5 9 13 17 26 56 58 61 65 74 83 88 
0 1 5 9 13 17 26 56 61 65 74 78 83 88 
0 1 5 9 13 17 26 57 58 61 65 74 83 88 
0 1 5 9 13 17 44 52 56 58 61 65 74 88 
0 1 5 9 13 18 26 36 57 58 61 83 88 92 
0 1 5 9 17 26 32 43 57 65 78 83 88 92 
0 1 6 13 17 26 33 38 52 57 72 77 89 
0 1 6 13 17 26 38 47 52 57 61 72 77 
0 1 6 13 17 26 38 47 57 61 72 77 83 
0 1 6 13 18 24 38 47 53 57 61 72 77 
0 1 6 13 18 26 33 38 57 72 77 83 89 
0 1 6 13 24 33 38 52 57 72 77 84 89 
0 1 6 13 24 38 47 52 57 61 72 77 84 
0 1 6 13 24 38 47 53 57 61 72 77 84 
0 1 7 13 17 26 32 38 52 56 63 70 78 82 88 
0 1 7 13 17 26 32 39 48 56 63 78 82 83 88 
0 2 6 13 24 29 38 53 62 78 82 85 89 
