0 1 5 15 21 27 37 47 52 58 63 69 74 85 
0 1 5 15 21 27 38 47 52 58 63 69 74 85 
0 1 5 15 21 27 38 52 58 63 69 74 85 90 
0 1 5 18 21 37 44 47 55 58 63 69 74 81 
0 1 5 18 21 38 44 47 55 58 63 69 74 81 
0 1 5 18 21 38 44 55 58 63 69 74 81 90 
0 1 5 21 27 37 44 47 58 63 69 74 81 85 
0 1 5 21 27 38 44 47 58 63 69 74 81 85 
0 1 5 21 27 38 44 58 63 69 74 81 85 90 
0 1 6 11 17 28 43 53 60 64 70 71 80 86 
0 1 7 15 21 27 33 38 47 52 58 69 85 92 
0 1 7 15 21 27 35 38 47 52 58 69 85 92 
0 1 7 15 21 27 35 38 52 58 69 70 85 92 
0 1 7 18 21 33 38 44 47 55 58 69 81 92 
0 1 7 18 21 35 38 44 47 55 58 69 81 92 
0 1 7 18 21 35 38 44 55 58 69 70 81 92 
0 1 7 21 27 33 38 44 47 58 69 81 85 92 
0 1 7 21 27 35 38 44 47 58 69 81 85 92 
0 2 6 11 15 19 26 37 56 60 71 80 91 
0 2 6 11 15 19 26 56 60 64 70 71 80 
0 2 6 11 15 19 26 56 60 64 71 80 91 
0 2 6 11 17 28 33 37 43 54 71 80 87 91 
0 2 6 11 17 28 33 37 44 54 71 80 87 91 
0 2 6 11 17 28 33 43 54 64 71 80 87 91 
0 2 6 11 17 28 37 43 53 60 71 80 86 91 
0 2 6 11 17 28 37 43 53 60 71 80 87 91 
0 2 6 11 17 28 37 43 54 60 71 80 86 91 
0 2 6 11 17 28 37 43 54 60 71 80 87 91 
0 2 6 11 17 28 43 53 60 64 70 71 80 87 
0 2 6 11 17 28 43 53 60 64 71 80 86 91 
0 2 6 11 17 28 43 54 60 64 70 71 80 87 
0 2 6 11 17 29 33 37 43 54 71 80 87 91 
0 2 6 11 17 29 33 43 54 64 71 80 87 91 
0 2 6 11 17 29 37 43 54 60 71 80 87 91 
0 2 6 11 17 29 37 44 54 60 71 80 87 91 
0 2 6 11 17 29 43 54 60 64 71 80 87 91 
0 2 6 11 18 29 33 37 44 54 71 80 87 91 
0 2 6 17 21 28 33 43 54 65 76 80 87 91 
0 2 6 17 21 28 33 44 54 65 76 80 87 91 
0 2 6 17 21 28 43 54 60 65 76 80 87 91 
0 2 6 17 21 28 44 54 60 65 76 80 87 91 
0 2 6 17 21 29 33 43 54 65 76 80 87 91 
0 2 6 17 21 29 33 44 54 65 76 80 87 91 
0 2 6 17 21 29 43 54 60 65 76 80 87 91 
0 2 6 17 28 33 39 43 54 64 76 80 87 91 
0 2 6 17 28 33 39 43 54 65 76 80 87 91 
0 2 6 17 28 33 39 44 54 65 76 80 87 91 
0 2 6 17 28 39 43 53 60 65 76 80 87 91 
0 2 6 17 29 33 39 43 54 64 76 80 87 91 
0 2 6 17 29 33 39 43 54 65 76 80 87 91 
0 2 11 18 29 33 37 44 54 71 74 80 87 91 
0 3 7 15 19 21 26 30 35 38 52 58 84 88 92 
0 3 7 17 29 39 43 48 54 61 65 76 80 87 
0 3 11 17 29 36 43 54 61 71 73 80 87 
0 4 10 15 21 22 26 37 52 59 62 71 74 84 
