0 1 5 11 17 27 32 39 44 47 53 58 74 91 
0 1 5 11 17 27 32 39 44 47 53 58 75 91 
0 1 5 11 17 27 32 39 47 53 58 74 84 91 
0 1 5 11 17 27 32 39 47 53 58 75 84 91 
0 1 5 11 17 27 32 39 53 58 62 74 84 91 
0 1 5 11 17 27 32 39 53 58 62 75 84 91 
0 1 5 11 17 27 32 41 53 62 74 79 84 91 
0 1 5 11 17 27 32 41 53 62 75 79 84 91 
0 1 5 11 17 27 32 44 47 53 58 74 79 91 
0 1 5 11 17 27 32 44 47 53 58 75 79 91 
0 1 5 11 17 27 32 47 53 58 75 79 84 91 
0 1 5 11 17 27 32 53 58 62 74 79 84 91 
0 1 5 11 17 27 32 53 58 62 75 79 84 91 
0 1 5 17 27 32 39 44 47 53 58 65 75 91 
0 1 5 17 27 32 44 47 53 58 65 75 79 91 
0 1 5 17 27 44 47 53 58 65 75 79 87 91 
0 1 11 17 27 32 39 44 47 53 58 60 75 91 
0 1 11 17 27 32 39 47 53 58 60 75 84 91 
0 5 10 12 19 29 35 41 48 50 57 62 79 86 91 
