0 1 5 9 13 24 26 30 60 64 72 76 80 84 89 
0 1 5 9 13 24 26 30 60 64 72 76 80 85 89 
0 1 5 9 14 18 26 30 35 47 50 54 72 85 89 
0 1 5 9 14 18 26 30 35 47 50 54 82 85 89 
0 1 5 9 14 18 26 30 35 47 50 64 72 85 89 
0 1 5 9 14 18 26 30 35 50 56 64 81 85 89 
0 1 5 9 14 18 26 30 35 50 64 72 81 85 89 
0 1 5 9 14 18 26 30 35 50 64 81 82 85 89 
0 1 5 9 14 24 26 30 47 54 60 72 76 85 89 
0 1 5 9 18 26 35 40 48 50 56 64 81 85 89 
0 1 5 9 18 26 35 41 48 50 56 64 81 85 89 
0 1 5 9 18 26 35 41 48 50 56 65 81 85 89 
0 1 5 9 24 26 40 48 56 60 64 76 81 85 89 
0 1 5 9 24 26 41 48 56 60 64 76 81 85 89 
0 1 5 11 14 18 24 26 30 50 54 81 82 85 89 
0 1 5 11 14 18 24 26 30 50 56 64 81 85 89 
0 1 5 11 14 18 24 26 30 50 64 81 82 85 89 
0 1 5 11 14 18 26 30 35 50 56 64 81 85 89 
0 1 5 11 18 24 26 30 48 50 56 64 81 85 89 
0 1 5 11 18 24 26 41 48 50 56 64 81 85 89 
0 1 5 11 18 26 35 41 48 50 56 64 81 85 89 
0 1 6 14 30 34 47 54 60 63 75 78 82 
0 5 12 18 23 28 35 41 48 50 56 62 79 85 91 
