0 1 4 8 12 17 25 31 38 54 58 63 67 72 79 86 91 99 
0 1 4 8 12 17 25 31 38 54 58 63 67 72 79 86 99 110 
0 1 4 8 12 25 31 38 54 58 63 67 72 79 86 91 94 99 
0 1 4 8 12 25 31 38 54 58 63 67 72 79 86 94 99 110 
0 1 4 8 13 17 25 31 38 54 58 63 67 72 79 86 99 110 
0 1 4 8 13 17 25 38 50 54 58 63 67 72 79 86 99 110 
0 1 4 8 13 17 25 38 50 54 58 63 68 72 79 86 99 110 
0 1 4 8 13 17 25 38 50 54 63 68 72 79 86 99 106 110 
0 1 4 8 13 25 29 31 34 38 58 63 67 79 86 94 99 110 
0 1 4 8 13 25 29 31 38 58 63 67 72 79 86 94 99 110 
0 1 4 8 13 25 29 34 38 50 58 63 67 79 86 94 99 110 
0 1 4 8 13 25 29 34 38 50 58 63 68 79 86 94 99 110 
0 1 4 8 13 25 29 34 38 50 63 68 79 86 94 99 106 110 
0 1 4 8 13 25 29 34 38 50 63 68 79 86 94 99 106 111 
0 1 4 8 13 25 29 38 50 63 68 72 79 86 94 99 106 110 
0 1 4 8 13 25 31 38 54 58 63 67 72 79 86 94 99 110 
0 1 4 8 13 25 38 50 54 58 63 67 72 79 86 94 99 110 
0 1 4 8 13 25 38 50 54 58 63 68 72 79 86 94 99 110 
0 1 4 8 13 25 38 50 54 63 68 72 79 86 94 99 106 110 
0 1 4 9 13 17 25 38 50 54 63 68 72 79 86 99 106 110 
0 1 4 9 13 25 38 50 54 63 68 72 79 86 94 99 106 110 
0 1 6 9 14 18 22 29 43 51 61 68 73 77 86 88 104 111 
0 1 6 11 15 34 38 43 48 61 70 86 94 99 104 108 
0 1 6 13 17 22 31 36 43 48 58 60 72 76 92 96 103 108 
0 1 6 13 17 22 31 36 43 48 58 60 72 77 86 92 103 108 
0 1 6 13 17 22 31 36 43 48 58 60 72 77 92 96 103 108 
0 1 6 13 17 22 31 36 43 48 58 61 72 77 86 92 103 108 
0 1 6 13 17 22 31 36 43 48 58 61 72 77 86 92 104 108 
0 1 6 13 17 22 31 36 43 48 58 61 72 77 92 96 103 108 
0 1 6 13 17 22 31 36 43 48 58 61 72 77 92 96 104 108 
0 1 6 13 17 22 32 36 43 48 58 60 68 72 76 92 96 103 
0 1 6 13 17 22 32 36 43 48 58 60 68 72 77 86 92 103 
0 1 6 13 17 22 32 36 43 48 58 60 68 72 77 92 96 103 
0 1 6 13 17 22 32 36 43 48 58 60 72 76 92 96 103 108 
0 1 6 13 17 22 32 36 43 48 58 60 72 77 86 92 103 108 
0 1 6 13 17 22 32 36 43 48 58 60 72 77 92 96 103 108 
0 1 6 13 17 22 32 36 43 48 58 61 68 72 77 86 92 103 
0 1 6 13 17 22 32 36 43 48 58 61 68 72 77 92 96 103 
0 1 6 13 17 22 32 36 43 48 58 61 72 77 86 92 103 108 
0 1 6 13 17 32 36 43 48 58 61 68 72 77 86 92 99 103 
0 1 6 13 17 32 36 43 48 58 61 68 72 77 86 92 99 104 
0 1 6 13 17 32 36 43 48 58 61 72 77 86 92 99 103 108 
0 1 6 13 17 32 36 43 48 61 68 72 77 86 88 92 99 104 
0 1 6 13 18 22 29 31 43 48 58 61 72 77 86 92 103 108 
0 1 6 13 18 22 29 31 43 48 58 61 72 77 86 92 104 108 
0 1 6 13 18 22 29 32 43 48 58 61 72 77 86 92 103 108 
0 1 6 13 18 22 31 36 43 48 58 61 72 77 86 92 103 108 
0 1 6 15 38 43 48 52 58 60 70 74 94 98 103 108 
0 2 6 31 35 39 43 48 52 55 58 61 85 91 95 99 103 108 112 
0 3 8 13 20 24 28 32 36 58 63 68 79 84 92 113 
0 3 8 13 24 28 31 36 58 63 67 72 79 84 92 96 
0 3 8 13 24 28 31 36 58 63 68 72 79 84 92 96 
0 3 8 13 24 28 31 36 58 63 72 79 84 92 96 108 
0 3 8 13 24 28 32 36 58 63 68 79 84 92 96 113 
0 3 8 15 24 28 31 36 52 58 63 79 84 96 108 112 
0 3 8 20 24 28 31 36 52 58 63 79 84 92 108 113 
0 3 8 24 28 31 36 52 58 63 79 84 92 96 108 112 
