0 1 12 16 20 29 31 35 46 50 60 64 69 73 89 93 104 108 
0 1 12 16 20 29 31 35 46 50 64 68 73 89 93 97 108 112 
0 1 12 16 20 29 31 35 46 50 64 68 73 89 93 104 108 112 
0 1 12 16 20 29 31 35 46 50 64 69 73 89 93 97 108 112 
0 1 12 16 20 29 31 35 46 50 64 69 73 89 93 104 108 112 
0 1 12 16 20 29 31 35 46 50 64 69 73 89 93 104 108 113 
0 1 12 16 20 29 31 35 46 50 65 69 73 89 93 104 108 113 
0 1 12 16 20 29 31 35 46 50 65 69 73 89 93 104 109 113 
0 1 12 16 20 29 31 35 46 50 69 73 84 89 93 104 108 113 
0 1 12 16 20 29 31 36 40 51 60 64 69 73 89 93 104 108 
0 1 12 16 20 29 31 36 40 51 64 68 73 89 93 97 108 112 
0 1 12 16 20 29 31 36 40 51 64 68 73 89 93 104 108 112 
0 1 12 16 20 29 31 36 40 51 64 69 73 89 93 97 108 112 
0 1 12 16 20 29 31 36 40 51 64 69 73 89 93 104 108 112 
0 1 12 16 20 29 31 36 40 51 64 69 73 89 93 104 108 113 
0 1 12 16 20 29 31 36 40 51 69 73 84 89 93 97 108 112 
0 1 12 16 20 29 31 36 40 51 69 73 84 89 93 97 108 113 
0 1 12 16 20 29 31 36 40 51 69 73 84 89 93 98 102 113 
0 1 12 16 20 29 31 36 40 51 69 73 84 89 93 98 108 113 
0 1 12 16 20 29 31 36 40 51 69 73 84 89 93 98 109 113 
0 1 12 16 20 29 31 36 40 51 69 73 84 89 93 104 108 113 
0 1 12 16 20 29 31 36 40 51 69 73 84 89 94 98 109 113 
0 1 12 16 21 25 29 31 35 46 50 69 73 84 94 98 102 113 
0 1 12 16 21 25 29 31 35 46 50 69 73 84 94 98 109 113 
0 1 12 16 21 25 29 31 36 40 51 69 73 84 94 98 109 113 
0 1 12 16 21 29 31 35 46 50 69 73 84 89 94 98 109 113 
0 1 12 16 21 29 31 35 46 50 69 73 84 90 94 98 109 113 
0 1 12 16 21 29 31 36 40 51 69 73 84 89 94 98 109 113 
0 1 12 16 21 29 31 36 40 51 69 73 84 90 94 98 109 113 
0 1 12 16 29 31 35 46 50 56 64 68 73 89 93 104 108 112 
0 1 12 16 29 31 35 46 50 56 69 73 84 89 93 104 108 113 
0 1 12 16 29 31 35 46 50 56 69 73 84 89 94 98 109 113 
0 1 12 16 29 31 36 40 51 56 64 68 73 89 93 104 108 112 
0 2 6 17 21 27 29 31 36 40 51 60 64 69 73 88 99 103 108 
0 2 6 17 21 27 29 31 36 40 51 64 69 73 94 102 105 113 
0 2 6 17 21 29 31 36 40 51 69 73 84 90 94 98 109 113 
0 2 12 17 21 29 31 36 40 51 69 73 84 90 94 98 109 113 
0 2 13 17 21 29 31 36 40 51 69 73 84 90 94 98 109 113 
0 2 13 17 21 31 36 40 51 55 69 73 84 90 94 98 109 113 
0 3 7 11 22 27 31 42 46 50 59 63 68 79 88 99 103 107 
0 3 7 11 22 27 31 42 46 50 59 64 68 79 88 99 103 107 
0 3 7 11 22 27 31 42 46 50 59 64 68 79 88 99 103 108 
0 3 7 11 22 27 31 42 46 50 60 64 68 79 88 99 103 108 
0 3 7 11 22 27 31 42 46 50 60 64 68 79 88 99 104 108 
0 3 7 11 22 27 31 42 46 50 60 64 68 79 89 99 104 108 
0 3 7 11 22 27 31 42 46 50 60 64 68 79 89 101 104 108 
0 3 7 11 22 27 31 42 46 50 60 64 69 79 88 99 104 108 
0 3 7 11 22 27 31 42 46 50 60 64 69 79 89 99 104 108 
0 3 7 11 22 27 31 42 46 50 60 64 69 80 88 99 104 108 
0 3 7 11 22 31 42 46 50 56 60 64 68 79 89 101 104 108 
0 3 7 11 22 31 42 46 50 56 60 64 69 79 89 101 104 108 
0 3 7 11 22 31 42 46 50 56 60 64 69 80 89 101 104 108 
0 3 7 12 22 31 42 46 50 56 60 64 69 79 89 101 104 108 
0 3 8 18 27 28 31 42 46 58 64 69 73 102 105 113 
