0 1 5 10 14 18 22 29 31 56 62 67 71 75 79 84 89 113 
0 1 5 10 14 18 22 29 51 56 62 67 71 75 79 84 109 113 
0 1 5 10 14 18 29 31 42 56 62 67 71 75 84 89 101 113 
0 1 5 10 14 18 29 31 42 56 63 67 71 75 84 89 101 113 
0 1 5 10 14 18 29 42 51 56 62 67 71 75 84 101 109 113 
0 1 5 10 14 18 29 42 51 56 63 67 71 75 84 101 109 113 
0 1 5 10 14 18 31 35 42 56 62 67 71 75 84 89 93 101 
0 1 5 10 14 18 31 35 42 56 63 67 71 75 84 89 93 101 
0 1 5 10 14 29 31 38 42 56 62 67 71 84 89 96 101 113 
0 1 5 10 14 29 31 38 42 56 63 67 71 84 89 96 101 113 
0 1 5 10 14 29 38 42 51 56 62 67 71 84 96 101 109 113 
0 1 5 10 15 22 32 37 56 62 67 72 79 84 90 95 
0 1 5 10 15 22 32 37 56 62 67 72 79 85 90 95 
0 1 5 10 15 22 37 51 56 62 67 72 79 84 95 109 
0 1 5 10 15 22 37 51 56 62 67 72 79 85 95 109 
0 1 5 10 15 32 37 42 56 62 67 72 84 90 95 101 
0 1 5 10 15 32 37 42 56 63 67 72 84 90 95 101 
0 1 5 10 15 37 42 51 56 62 67 72 84 95 101 109 
0 1 5 10 15 37 42 51 56 63 67 72 84 95 101 109 
0 1 5 10 16 31 38 42 53 56 62 67 73 84 89 96 101 111 
0 1 5 10 16 31 38 42 53 56 63 67 73 84 89 96 101 111 
0 1 5 10 18 22 32 54 56 62 67 75 79 84 90 112 
0 1 5 10 18 32 42 54 56 62 67 75 84 90 101 112 
0 1 5 10 22 32 37 54 56 62 67 79 84 90 95 112 
0 1 5 10 29 34 38 42 51 56 62 67 84 92 96 101 109 113 
0 1 5 12 16 22 27 33 37 48 62 68 73 79 84 91 95 106 
0 1 5 12 16 22 27 33 37 48 62 69 73 79 84 91 95 106 
0 1 5 12 16 22 33 37 48 56 62 69 73 79 84 91 95 106 
0 1 5 12 16 38 42 49 53 56 62 69 73 84 96 101 107 111 
0 1 5 12 18 22 27 29 33 48 62 68 75 79 84 91 106 113 
0 1 5 12 18 22 27 29 33 48 62 69 75 79 84 91 106 113 
0 1 5 12 18 22 27 33 48 54 62 68 75 79 84 91 106 113 
0 1 5 12 18 22 29 33 48 56 62 69 75 79 84 91 106 113 
0 1 5 12 18 29 33 42 48 56 62 69 75 84 91 101 106 113 
0 1 5 12 29 34 38 42 48 56 62 69 84 92 96 101 106 113 
0 1 5 12 29 34 38 42 48 56 62 69 84 92 96 101 107 113 
0 1 5 13 18 22 35 49 56 62 70 75 79 84 93 107 
0 1 5 13 18 35 42 49 56 62 70 75 84 93 101 107 
0 1 5 13 18 35 42 49 56 63 70 75 84 93 101 107 
0 1 5 13 18 42 49 54 56 62 70 75 84 101 107 112 
0 1 5 13 18 42 49 54 56 63 70 75 84 101 107 112 
0 1 5 14 18 29 31 42 48 56 62 71 75 84 89 101 106 113 
0 1 5 14 29 31 38 42 48 56 62 71 84 89 96 101 106 113 
0 1 5 15 22 32 37 49 56 62 72 79 84 90 95 107 
0 1 5 15 22 32 37 49 56 62 72 79 85 90 95 107 
0 1 5 18 22 32 49 54 56 62 75 79 84 90 107 112 
0 1 5 18 32 42 49 54 56 62 75 84 90 101 107 112 
0 1 5 18 32 42 49 54 56 63 75 84 90 101 107 112 
0 1 6 13 18 35 42 49 56 63 70 75 84 93 101 107 
0 1 6 13 18 35 42 49 57 63 70 75 84 93 101 107 
0 1 6 13 18 42 49 54 56 63 70 75 84 101 107 112 
0 1 6 13 18 42 49 54 57 63 70 75 84 101 107 112 
0 1 6 13 37 42 49 54 56 63 70 84 95 101 107 112 
0 1 6 15 32 37 42 49 56 63 72 84 90 95 101 107 
0 1 6 32 37 42 49 54 56 63 84 90 95 101 107 112 
0 3 10 15 20 32 37 44 56 60 67 72 77 90 95 102 
0 3 10 15 20 32 44 55 56 60 67 72 77 87 90 102 
0 3 10 15 20 37 44 51 56 60 67 72 77 95 102 109 
0 3 10 15 32 39 44 55 56 60 67 72 87 90 97 102 
0 3 10 17 32 39 44 54 56 60 67 74 90 97 102 112 
0 5 12 19 27 29 33 41 48 62 68 76 91 99 106 113 
0 5 12 19 27 29 33 41 48 62 69 76 91 99 106 113 
0 5 12 19 27 29 33 41 48 62 69 76 92 99 106 113 
0 5 12 19 27 29 34 41 48 62 69 76 87 92 99 106 
0 5 12 19 27 29 34 41 48 62 69 76 91 99 106 113 
0 5 12 19 27 29 34 41 48 62 69 76 92 99 106 113 
0 5 12 19 29 33 41 48 56 62 69 76 91 99 106 113 
0 5 12 19 29 34 41 48 56 62 69 76 92 99 106 113 
0 5 12 19 34 41 48 55 56 62 69 76 87 92 99 106 
