0 1 8 15 22 33 40 46 53 58 63 70 77 86 94 108 114 
0 2 8 15 22 33 40 46 53 58 63 70 77 86 94 108 114 
0 2 9 15 22 33 40 46 53 58 63 70 77 86 94 108 114 
0 2 9 15 22 33 40 47 53 58 63 70 77 86 94 108 114 
0 2 9 16 22 33 40 46 53 58 63 70 77 86 94 108 114 
0 2 9 16 22 33 40 47 53 58 63 70 77 86 94 108 114 
0 2 9 16 23 33 40 46 53 58 63 70 77 86 94 108 114 
0 2 9 16 23 33 40 46 53 63 70 77 86 88 94 108 114 
0 2 9 16 23 33 40 47 53 58 63 70 77 86 94 108 114 
0 2 9 16 23 33 40 47 53 63 70 77 86 88 94 108 114 
0 2 9 16 23 33 40 47 53 63 70 77 86 88 95 108 114 
0 2 9 16 23 33 40 47 54 58 63 70 77 86 94 108 114 
0 2 9 16 23 33 40 47 54 63 70 77 86 88 94 108 114 
0 2 9 16 23 33 40 47 54 63 70 77 86 88 95 102 108 
0 3 9 16 23 33 40 47 54 63 70 77 86 88 95 102 108 
0 3 9 16 23 33 40 47 54 63 70 77 86 88 95 102 109 
