0 1 5 9 16 20 32 36 47 62 73 77 85 89 94 105 110 114 
0 1 5 9 16 20 36 47 55 62 73 77 85 89 94 101 105 110 
0 1 5 9 16 21 32 36 47 62 73 77 85 89 94 105 110 114 
0 1 5 9 16 21 32 36 47 62 73 77 85 89 94 106 110 114 
0 1 5 9 16 21 32 47 56 62 69 73 77 85 89 94 106 114 
0 1 5 9 16 21 32 47 62 69 73 77 85 89 94 106 110 114 
0 1 5 9 16 23 32 47 54 56 62 69 73 77 85 89 94 114 
0 1 5 9 16 23 32 47 54 62 69 73 77 85 89 94 110 114 
0 1 5 9 16 32 36 47 54 62 73 77 85 89 94 105 110 114 
0 1 5 9 16 32 47 54 56 62 69 73 77 85 89 94 105 114 
0 1 5 9 16 32 47 54 56 62 69 73 77 85 89 94 106 114 
0 1 5 9 16 32 47 54 62 69 73 77 85 89 94 105 110 114 
0 1 5 9 16 32 47 54 62 69 73 77 85 89 94 106 110 114 
0 1 5 11 16 21 32 43 47 56 62 69 73 85 90 106 112 114 
0 1 5 11 16 23 32 43 47 54 56 62 69 73 85 90 112 114 
0 1 5 11 16 23 32 43 47 54 56 69 73 85 90 96 112 114 
0 1 5 11 16 23 43 47 54 56 64 69 73 85 90 96 112 114 
0 1 5 11 16 32 42 47 54 56 62 69 73 77 85 89 105 114 
0 1 5 11 16 32 43 47 54 56 62 69 73 85 90 105 112 114 
0 1 5 11 16 32 43 47 54 56 62 69 73 85 90 106 112 114 
0 1 5 11 16 32 43 47 54 56 69 73 85 90 96 105 112 114 
0 1 5 12 16 21 32 36 43 48 62 73 78 84 90 105 110 114 
0 1 5 12 16 21 32 36 43 48 62 73 78 84 90 106 110 114 
0 1 5 12 16 21 32 37 43 48 62 73 78 84 90 106 110 114 
0 1 5 12 16 21 32 43 47 56 62 69 73 84 90 106 112 114 
0 1 5 12 16 21 32 43 48 56 62 69 73 78 84 90 106 114 
0 1 5 12 16 21 32 43 48 56 62 69 73 84 90 106 112 114 
0 1 5 12 16 21 32 43 48 57 62 69 73 78 84 90 106 114 
0 1 5 12 16 21 32 43 48 62 69 73 78 84 90 106 110 114 
0 1 5 12 16 21 32 43 56 62 69 73 80 84 90 106 112 114 
0 1 5 12 16 23 32 43 47 54 56 62 69 73 84 90 112 114 
0 1 5 12 16 23 32 43 47 54 56 62 69 73 85 90 112 114 
0 1 5 12 16 23 32 43 48 54 57 62 69 73 78 84 90 114 
0 1 5 12 16 23 32 43 48 54 62 69 73 78 84 90 110 114 
0 1 5 12 16 23 32 43 54 56 62 69 73 80 84 90 112 114 
0 1 5 12 16 32 36 43 48 54 62 73 78 84 90 105 110 114 
0 1 5 12 16 32 43 47 54 56 62 69 73 84 90 105 112 114 
0 1 5 12 16 32 43 47 54 56 62 69 73 85 90 105 112 114 
0 1 5 12 16 32 43 48 54 57 62 69 73 78 84 90 105 114 
0 1 5 12 16 32 43 54 56 69 73 80 84 90 97 105 112 114 
0 1 5 16 20 23 32 37 43 47 62 73 78 85 90 94 110 114 
0 1 5 16 21 32 43 47 56 62 69 73 77 85 90 94 106 114 
0 1 5 16 21 32 43 47 56 62 69 73 78 85 90 94 106 114 
0 1 5 16 23 32 43 47 54 56 62 69 73 77 85 90 94 114 
0 1 5 16 23 32 43 47 54 56 62 69 73 78 85 90 94 114 
0 1 5 16 23 32 43 47 54 56 62 69 73 85 90 94 112 114 
0 1 5 16 23 32 43 47 54 62 69 73 78 85 90 94 110 114 
0 1 5 16 32 42 47 54 56 62 69 73 77 85 89 94 105 114 
0 1 5 16 32 43 47 54 56 62 69 73 77 85 89 94 105 114 
0 1 5 16 32 43 47 54 56 62 69 73 77 85 90 94 105 114 
0 1 5 16 32 43 47 54 56 62 69 73 77 85 90 94 106 114 
0 1 5 16 32 43 47 54 56 62 69 73 78 85 90 94 106 114 
0 1 7 16 23 32 39 43 47 54 57 62 69 78 85 94 108 114 
0 2 6 12 16 20 24 31 43 48 57 62 66 70 74 78 84 90 
0 2 6 12 16 20 24 43 48 55 57 62 66 70 74 78 84 90 
0 2 6 12 20 24 43 48 55 57 62 66 70 74 78 84 90 99 
0 2 8 12 16 20 24 31 39 44 48 57 62 66 70 74 84 113 
0 2 8 12 16 20 24 31 39 44 48 57 62 66 74 84 104 113 
0 2 8 12 16 20 24 31 40 44 48 58 62 66 70 84 109 113 
0 2 8 12 16 20 24 39 44 48 55 57 62 66 70 74 84 113 
0 2 8 12 16 20 24 40 44 48 55 58 62 66 70 84 109 113 
0 2 8 12 20 24 39 44 48 55 57 62 66 70 74 84 99 113 
0 2 12 16 20 24 31 39 43 48 57 62 66 70 74 84 90 113 
0 2 12 16 20 24 31 39 43 48 57 62 66 74 84 90 104 113 
0 2 12 16 20 24 31 39 44 48 57 62 66 70 74 84 90 113 
0 2 12 16 20 24 31 39 44 48 57 62 66 74 84 90 104 113 
0 3 7 11 15 20 24 31 35 39 43 47 61 85 101 104 108 112 
0 3 7 11 15 20 24 31 35 39 43 61 79 85 101 104 108 112 
0 3 7 11 15 20 24 31 35 39 43 79 85 96 101 104 108 112 
0 3 7 11 15 20 28 31 35 39 43 47 61 85 101 104 108 112 
0 3 7 11 15 20 28 31 35 39 43 61 79 85 101 104 108 112 
0 3 7 11 15 20 28 31 35 39 47 61 75 85 101 104 108 112 
0 3 7 11 15 28 31 35 43 53 71 79 85 96 101 104 108 112 
0 3 7 11 15 28 31 35 53 71 75 79 85 96 101 104 108 112 
0 3 7 11 15 28 31 39 53 67 75 79 85 96 101 104 108 112 
0 3 7 11 15 28 31 53 58 67 71 75 79 85 96 101 104 108 
0 3 7 11 15 28 31 53 67 71 75 79 85 96 101 104 108 112 
0 3 7 11 16 20 24 31 35 39 43 47 62 85 101 104 108 112 
0 3 7 11 16 20 24 31 35 39 43 47 85 96 101 104 108 112 
0 3 7 11 16 20 28 31 35 39 43 47 85 96 101 104 108 112 
0 3 7 11 16 20 28 31 35 39 43 79 85 96 101 104 108 112 
0 3 7 11 16 20 28 31 35 39 47 75 85 96 101 104 108 112 
0 3 7 11 16 20 28 31 35 39 75 79 85 96 101 104 108 112 
0 3 7 11 16 24 31 35 39 43 47 53 85 96 101 104 108 112 
0 3 7 11 16 24 31 35 39 43 53 79 85 96 101 104 108 112 
0 3 7 11 16 28 31 35 39 43 47 53 85 96 101 104 108 112 
0 3 7 11 16 28 31 35 39 43 53 79 85 96 101 104 108 112 
0 3 7 11 16 28 31 35 39 47 53 75 85 96 101 104 108 112 
0 3 7 11 28 31 39 49 53 67 75 79 85 96 101 104 108 112 
0 3 7 11 28 35 43 49 53 63 71 79 85 96 101 104 108 112 
