0 3 8 12 16 20 24 28 31 35 39 43 48 52 66 75 91 101 
0 3 8 12 16 20 24 28 31 35 39 43 48 66 71 75 91 101 
0 3 8 12 16 20 24 28 31 35 39 43 48 66 71 91 96 101 
0 3 8 12 16 20 24 28 31 35 39 43 52 57 66 75 91 101 
0 3 8 12 16 20 24 28 31 35 39 48 52 58 62 75 91 101 
0 3 8 12 16 20 24 28 31 35 39 48 52 62 66 75 91 101 
0 3 8 12 16 20 24 28 31 35 39 48 53 58 62 71 75 101 
0 3 8 12 16 20 24 28 31 35 39 48 53 58 62 71 96 101 
0 3 8 12 16 20 24 28 31 35 39 48 58 62 71 75 91 101 
0 3 8 12 16 20 24 28 31 35 39 48 58 62 71 91 96 101 
0 3 8 12 16 20 24 28 31 35 39 48 62 66 71 75 91 101 
0 3 8 12 16 20 24 28 31 35 39 48 62 66 71 91 96 101 
0 3 8 12 16 20 24 28 31 35 39 52 57 62 66 75 91 101 
0 3 8 12 16 20 24 28 31 35 48 52 58 62 75 84 91 101 
0 3 8 12 16 20 24 28 31 35 48 52 62 66 75 84 91 101 
0 3 8 12 16 20 24 28 31 35 48 53 58 62 71 75 84 101 
0 3 8 12 16 20 24 28 31 35 48 53 58 62 71 84 96 101 
0 3 8 12 16 20 24 28 31 35 48 58 62 71 75 84 91 101 
0 3 8 12 16 20 24 28 31 35 48 58 62 71 84 91 96 101 
0 3 8 12 16 20 24 28 31 35 48 62 66 71 75 84 91 101 
0 3 8 12 16 20 24 28 31 35 48 62 66 71 84 91 96 101 
0 3 8 12 16 20 24 28 31 35 52 57 62 66 75 84 91 101 
0 3 8 12 16 20 24 28 31 48 52 62 66 75 84 91 101 113 
0 3 8 12 16 20 24 28 31 48 53 58 62 71 75 84 101 113 
0 3 8 12 16 20 24 28 31 48 53 58 62 71 84 96 101 113 
0 3 8 12 16 20 24 28 31 48 62 66 71 75 84 91 101 113 
0 3 8 12 16 20 24 28 31 48 62 66 71 84 91 96 101 113 
0 3 8 12 16 20 24 28 31 52 57 62 66 75 84 91 101 113 
0 3 8 12 16 20 24 28 48 52 62 66 75 84 91 101 109 113 
0 3 8 12 16 20 24 28 48 53 58 62 71 75 84 101 109 113 
0 3 8 12 16 20 24 28 48 53 58 62 71 84 96 101 109 113 
0 3 8 12 16 20 24 28 48 62 66 71 75 84 91 101 109 113 
0 3 8 12 16 20 24 28 48 62 66 71 84 91 96 101 109 113 
0 3 8 12 16 20 24 28 52 57 62 66 75 84 91 101 109 113 
0 3 8 12 16 20 24 31 35 39 43 47 52 57 70 75 95 101 
0 3 8 12 16 20 24 31 35 39 43 48 66 71 75 91 95 101 
0 3 8 12 16 20 24 31 35 39 43 52 57 66 70 75 95 101 
0 3 8 12 16 20 24 31 35 39 48 52 62 66 70 75 95 101 
0 3 8 12 16 20 24 31 35 39 48 52 62 66 75 91 95 101 
0 3 8 12 16 20 24 31 35 39 48 62 66 71 75 91 95 101 
0 3 8 12 16 20 24 31 35 39 52 57 62 66 70 75 95 101 
0 3 8 12 16 20 24 31 35 48 52 62 66 70 75 84 95 101 
0 3 8 12 16 20 24 31 35 48 52 62 66 75 84 91 95 101 
0 3 8 12 16 20 24 31 35 48 62 66 71 75 84 91 95 101 
0 3 8 12 16 20 24 31 35 52 57 62 66 70 75 84 95 101 
0 3 8 12 16 20 24 31 48 52 62 66 70 75 84 95 101 113 
0 3 8 12 16 20 24 31 48 52 62 66 75 84 91 95 101 113 
0 3 8 12 16 20 24 31 48 62 66 71 75 84 91 95 101 113 
0 3 8 12 16 20 24 31 52 57 62 66 70 75 84 95 101 113 
0 3 8 12 16 20 24 48 52 62 66 75 84 91 95 101 109 113 
0 3 8 12 16 20 24 52 57 62 66 70 75 84 95 101 109 113 
0 3 8 12 16 20 25 28 31 35 44 48 52 58 75 84 91 101 
0 3 8 12 16 20 25 28 31 35 44 48 53 58 71 75 84 101 
0 3 8 12 16 20 25 28 31 35 44 48 53 58 71 84 96 101 
0 3 8 12 16 20 25 28 31 35 44 48 58 71 75 84 91 101 
0 3 8 12 16 20 25 28 31 35 44 48 58 71 84 91 96 101 
0 3 8 12 16 20 25 28 31 35 44 49 53 67 71 75 84 101 
0 3 8 12 16 20 25 28 31 35 44 49 53 67 71 84 96 101 
0 3 8 12 16 20 25 28 31 35 44 49 53 67 84 92 96 101 
0 3 8 12 16 20 25 28 31 35 44 53 58 67 71 75 84 101 
0 3 8 12 16 20 25 28 31 35 44 53 58 67 71 84 96 101 
0 3 8 12 16 20 25 28 31 35 44 53 58 67 84 92 96 101 
0 3 8 12 16 20 25 28 31 35 44 58 67 71 75 84 91 101 
0 3 8 12 16 20 25 28 31 35 44 58 67 71 84 91 96 101 
0 3 8 12 16 20 25 28 31 44 48 52 58 75 84 91 101 113 
0 3 8 12 16 20 25 28 31 44 48 53 58 71 75 84 101 113 
0 3 8 12 16 20 25 28 31 44 48 53 58 71 84 96 101 113 
0 3 8 12 16 20 25 28 31 44 48 58 71 75 84 91 101 113 
0 3 8 12 16 20 25 28 31 44 49 53 67 71 75 84 101 113 
0 3 8 12 16 20 25 28 31 44 49 53 67 71 84 96 101 113 
0 3 8 12 16 20 25 28 31 44 53 58 67 71 75 84 101 113 
0 3 8 12 16 20 25 28 44 49 53 67 71 75 84 101 109 113 
0 3 8 12 16 20 28 31 35 39 44 48 52 58 62 75 91 101 
0 3 8 12 16 20 28 31 35 39 44 48 52 62 66 75 91 101 
0 3 8 12 16 20 28 31 35 39 44 48 58 62 71 75 91 101 
0 3 8 12 16 20 28 31 35 39 44 48 58 62 71 91 96 101 
0 3 8 12 16 20 28 31 35 39 44 48 62 66 71 91 96 101 
0 3 8 12 16 20 28 31 35 39 44 53 58 62 67 71 75 101 
0 3 8 12 16 20 28 31 35 39 44 53 58 62 67 71 96 101 
0 3 8 12 16 20 28 31 35 39 44 53 58 62 67 92 96 101 
0 3 8 12 16 20 28 31 35 39 44 58 62 67 71 75 91 101 
0 3 8 12 16 20 28 31 35 39 44 58 62 67 71 91 96 101 
0 3 8 12 16 20 28 31 35 44 48 52 58 62 75 84 91 101 
0 3 8 12 16 20 28 31 35 44 48 52 62 66 75 84 91 101 
0 3 8 12 16 20 28 31 35 44 48 53 58 62 71 75 84 101 
0 3 8 12 16 20 28 31 35 44 48 53 58 62 71 84 96 101 
0 3 8 12 16 20 28 31 35 44 48 58 62 71 75 84 91 101 
0 3 8 12 16 20 28 31 35 44 48 58 62 71 84 91 96 101 
0 3 8 12 16 20 28 31 35 44 48 62 66 71 75 84 91 101 
0 3 8 12 16 20 28 31 35 44 48 62 66 71 84 91 96 101 
0 3 8 12 16 20 28 31 35 44 53 58 62 67 71 75 84 101 
0 3 8 12 16 20 28 31 35 44 53 58 62 67 71 84 96 101 
0 3 8 12 16 20 28 31 35 44 53 58 62 67 84 92 96 101 
0 3 8 12 16 20 28 31 35 44 58 62 67 71 75 84 91 101 
0 3 8 12 16 20 28 31 35 44 58 62 67 71 84 91 96 101 
0 3 8 12 16 20 28 31 44 48 52 58 62 75 84 91 101 113 
0 3 8 12 16 20 28 31 44 48 52 62 66 75 84 91 101 113 
0 3 8 12 16 20 28 31 44 48 53 58 62 71 75 84 101 113 
0 3 8 12 16 20 28 31 44 48 53 58 62 71 84 96 101 113 
0 3 8 12 16 20 28 31 44 48 58 62 71 75 84 91 101 113 
0 3 8 12 16 20 28 31 44 48 58 62 71 84 91 96 101 113 
0 3 8 12 16 20 28 31 44 48 62 66 71 75 84 91 101 113 
0 3 8 12 16 20 28 31 44 48 62 66 71 84 91 96 101 113 
0 3 8 12 16 20 28 31 44 53 58 62 67 71 75 84 101 113 
0 3 8 12 16 20 28 31 44 53 58 62 67 71 84 96 101 113 
0 3 8 12 16 20 28 31 44 53 58 62 67 84 92 96 101 113 
0 3 8 12 16 20 28 31 44 58 62 67 71 75 84 91 101 113 
0 3 8 12 16 20 28 31 44 58 62 67 71 84 91 96 101 113 
0 3 8 12 16 20 28 44 48 52 58 62 75 84 91 101 109 113 
0 3 8 12 16 20 28 44 48 52 62 66 75 84 91 101 109 113 
0 3 8 12 16 20 28 44 48 53 58 62 71 75 84 101 109 113 
0 3 8 12 16 20 28 44 48 53 58 62 71 84 96 101 109 113 
0 3 8 12 16 20 28 44 48 58 62 71 75 84 91 101 109 113 
0 3 8 12 16 20 28 44 48 58 62 71 84 91 96 101 109 113 
0 3 8 12 16 20 28 44 53 58 62 67 71 75 84 101 109 113 
0 3 8 12 16 20 28 44 53 58 62 67 71 84 96 101 109 113 
0 3 8 12 16 20 28 44 53 58 62 67 84 92 96 101 109 113 
0 3 8 12 16 20 28 44 58 62 67 71 84 91 96 101 109 113 
0 3 8 12 16 20 31 35 39 44 58 62 67 71 75 91 95 101 
0 3 8 12 16 20 31 35 44 48 52 58 62 75 84 91 95 101 
0 3 8 12 16 20 31 35 44 48 52 62 66 70 75 84 95 101 
0 3 8 12 16 20 31 35 44 48 52 62 66 75 84 91 95 101 
0 3 8 12 16 20 31 35 44 48 58 62 71 75 84 91 95 101 
0 3 8 12 16 20 31 35 44 48 62 66 71 75 84 91 95 101 
0 3 8 12 16 20 31 35 44 58 62 67 71 75 84 91 95 101 
0 3 8 12 16 20 31 44 48 52 58 62 75 84 91 95 101 113 
0 3 8 12 16 20 31 44 48 52 62 66 75 84 91 95 101 113 
0 3 8 12 16 20 31 44 48 58 62 71 75 84 91 95 101 113 
0 3 8 12 16 20 31 44 58 62 67 71 75 84 91 95 101 113 
0 3 8 12 16 20 44 48 52 58 62 75 84 91 95 101 109 113 
0 3 8 12 16 20 44 48 52 62 66 75 84 91 95 101 109 113 
0 3 8 12 16 20 44 48 58 62 71 75 84 91 95 101 109 113 
0 3 8 12 16 21 25 28 31 40 44 48 53 58 71 75 101 113 
0 3 8 12 16 21 25 28 31 40 44 48 53 58 71 96 101 113 
0 3 8 12 16 21 25 28 31 40 44 53 58 67 71 75 101 113 
0 3 8 12 16 21 25 28 31 40 44 53 58 67 71 96 101 113 
0 3 8 12 16 21 25 28 31 40 53 58 63 67 71 75 101 113 
0 3 8 12 16 21 25 28 31 40 53 58 63 67 71 96 101 113 
0 3 8 12 16 21 25 28 31 40 53 58 63 67 92 96 101 113 
0 3 8 12 16 25 28 31 35 40 44 48 58 71 75 84 91 101 
0 3 8 12 16 25 28 31 35 40 44 48 58 71 84 91 96 101 
0 3 8 12 16 25 28 31 35 40 44 53 58 67 71 84 96 101 
0 3 8 12 16 25 28 31 35 40 44 53 58 67 84 92 96 101 
0 3 8 12 16 25 28 31 35 40 44 58 67 71 75 84 91 101 
0 3 8 12 16 25 28 31 35 40 44 58 67 71 84 91 96 101 
0 3 8 12 16 25 28 31 35 40 53 58 63 67 71 84 96 101 
0 3 8 12 16 25 28 31 35 40 53 58 63 67 84 92 96 101 
0 3 8 12 16 25 28 31 35 40 58 63 67 71 84 91 96 101 
0 3 8 12 16 25 28 31 40 44 48 58 71 75 84 91 101 113 
0 3 8 12 16 25 28 31 40 44 48 58 71 84 91 96 101 113 
0 3 8 12 16 25 28 31 40 44 53 58 67 71 75 84 101 113 
0 3 8 12 16 25 28 31 40 44 53 58 67 71 84 96 101 113 
0 3 8 12 16 25 28 31 40 44 58 67 71 75 84 91 101 113 
0 3 8 12 16 25 28 31 40 44 58 67 71 84 91 96 101 113 
0 3 8 12 16 25 28 31 40 53 58 63 67 71 84 96 101 113 
0 3 8 12 16 25 28 31 40 53 58 63 67 84 92 96 101 113 
0 3 8 12 16 25 28 40 44 48 58 71 75 84 91 101 109 113 
0 3 8 12 16 25 28 40 44 48 58 71 84 91 96 101 109 113 
0 3 8 12 16 25 28 40 44 53 58 67 71 75 84 101 109 113 
0 3 8 12 16 25 28 40 44 58 67 71 75 84 91 101 109 113 
0 3 8 12 16 25 28 40 53 58 63 67 71 84 96 101 109 113 
0 3 8 12 16 28 31 35 40 44 58 62 67 71 84 91 96 101 
0 3 8 12 16 28 31 40 44 48 58 62 71 75 84 91 101 113 
0 3 8 12 16 28 31 40 44 48 58 62 71 84 91 96 101 113 
0 3 8 12 16 28 31 40 44 58 62 67 71 84 91 96 101 113 
0 3 8 12 16 28 40 44 48 58 62 71 75 84 91 101 109 113 
0 3 8 12 16 28 40 44 48 58 62 71 84 91 96 101 109 113 
0 3 8 12 16 31 40 44 48 52 58 62 75 84 91 95 101 113 
0 3 8 12 16 31 40 44 48 52 62 66 75 84 91 95 101 113 
0 3 8 12 16 31 40 44 48 58 62 71 75 84 91 95 101 113 
0 3 8 12 16 40 44 48 52 58 62 75 84 91 95 101 109 113 
0 3 8 12 16 40 44 48 52 62 66 75 84 91 95 101 109 113 
0 3 8 12 21 25 28 31 36 40 58 63 67 71 75 91 101 113 
0 3 8 12 21 25 28 36 40 44 48 58 71 75 91 101 109 113 
0 3 8 12 21 25 28 36 40 44 58 67 71 75 91 101 109 113 
0 3 8 12 21 25 28 36 40 58 63 67 71 75 91 101 109 113 
0 3 8 12 25 28 36 40 44 58 67 71 75 84 91 101 109 113 
0 3 8 12 36 40 44 48 52 62 66 75 84 91 95 101 109 113 
0 3 12 16 20 28 31 35 44 48 58 62 71 75 84 91 101 104 
