0 1 4 9 16 24 34 39 47 54 58 63 76 86 95 102 
0 1 4 9 17 24 29 34 39 47 58 64 76 86 95 102 
0 1 4 9 17 24 34 39 47 54 58 63 76 86 95 102 
0 1 4 9 17 24 34 39 47 54 58 64 76 86 95 102 
0 1 5 10 16 21 27 31 36 43 47 54 63 68 73 77 85 95 111 
0 1 5 10 17 21 27 32 36 43 47 52 68 73 77 85 95 101 111 
0 1 9 16 21 31 39 47 54 58 63 68 76 86 95 107 
0 1 9 16 21 39 47 54 58 63 68 76 86 95 102 107 
0 1 9 16 24 34 39 47 54 58 63 76 86 95 102 107 
0 1 9 16 34 39 47 54 58 63 68 76 86 95 102 107 
0 2 5 10 17 25 29 35 40 48 64 77 85 88 96 103 
0 2 7 12 17 22 28 32 37 42 47 52 56 74 79 90 95 101 
0 2 7 12 17 22 29 32 37 42 47 56 64 69 74 79 90 95 
0 2 7 12 17 22 29 32 37 42 56 59 64 69 74 79 90 95 
0 2 7 12 17 22 29 32 37 56 59 64 69 74 79 90 95 113 
0 2 9 16 23 33 39 47 54 58 63 69 76 86 95 108 114 
0 2 9 16 23 33 40 47 54 58 63 69 76 86 95 108 114 
0 2 9 16 23 33 40 47 54 58 63 70 76 86 95 108 114 
0 2 9 16 23 33 40 47 54 63 69 76 86 88 95 108 114 
0 2 9 16 23 33 40 47 54 63 70 76 86 88 95 102 108 
0 2 9 16 23 33 40 47 54 63 70 76 86 88 95 108 114 
0 2 9 16 23 33 40 47 54 63 70 77 86 88 95 102 108 
0 2 9 17 22 29 32 40 47 64 69 76 86 88 95 108 
0 2 9 17 22 29 32 40 47 64 69 77 86 88 95 108 
0 3 9 16 23 33 40 47 54 63 70 76 86 88 95 108 114 
0 3 9 16 23 33 40 47 54 63 70 77 86 88 95 102 108 
0 3 9 16 23 33 40 47 54 63 70 77 86 88 95 102 109 
