0 1 4 14 19 24 39 44 49 58 61 64 74 79 101 105 110 
0 1 4 14 19 24 39 44 49 58 61 74 79 86 97 101 110 
0 1 4 14 19 24 39 44 49 58 61 74 79 86 101 105 110 
0 1 4 14 19 24 39 44 49 58 64 69 74 79 101 105 110 
0 1 4 14 19 24 39 44 49 58 69 74 79 86 101 105 110 
0 1 4 14 19 24 39 44 49 59 64 69 74 79 95 101 105 
0 1 4 14 19 24 39 44 49 59 69 74 79 86 95 101 105 
0 1 4 14 19 24 39 44 49 61 74 79 86 95 101 105 110 
0 1 4 14 19 24 39 44 49 64 69 74 79 95 101 105 110 
0 1 4 14 19 24 39 44 49 69 74 79 86 95 101 105 110 
0 1 6 11 16 21 27 32 37 42 47 61 66 71 97 102 107 
0 1 6 11 16 21 32 37 42 47 61 66 71 86 92 97 102 
0 1 6 11 16 21 32 37 42 54 61 66 71 86 92 97 102 
0 1 6 11 16 21 32 37 42 54 61 66 71 92 97 102 107 
0 1 6 11 16 27 32 37 42 47 58 61 66 71 97 102 107 
0 1 6 11 16 32 37 42 47 58 61 66 71 86 92 97 102 
0 1 6 11 16 32 37 42 47 58 61 66 71 86 92 97 110 
0 1 6 11 16 32 37 42 47 58 61 66 71 92 97 102 107 
0 1 6 11 16 32 37 42 47 58 61 66 71 92 97 107 110 
0 1 6 11 16 32 37 49 54 58 61 66 71 86 92 97 102 
0 1 6 11 16 32 37 49 54 58 61 66 71 86 92 97 110 
0 1 6 11 16 32 37 49 54 58 61 66 71 92 97 102 107 
0 1 6 11 16 32 37 49 54 58 61 66 71 92 97 107 110 
0 1 6 11 21 24 32 37 42 54 61 66 71 86 92 97 102 
0 1 6 11 21 24 32 37 42 54 61 66 71 92 97 102 107 
0 1 6 11 24 32 37 42 47 58 61 66 71 86 92 97 102 
0 1 6 11 24 32 37 42 47 58 61 66 71 86 92 97 110 
0 1 6 11 24 32 37 42 47 58 61 66 71 86 92 102 105 
0 1 6 11 24 32 37 42 47 58 61 66 71 86 92 105 110 
0 1 6 11 24 32 37 42 47 58 61 66 71 92 97 102 107 
0 1 6 11 24 32 37 42 47 58 61 66 71 92 97 107 110 
0 1 6 11 24 32 37 42 54 58 61 66 71 86 92 97 102 
0 1 6 11 24 32 37 42 54 58 61 66 71 86 92 102 105 
0 1 6 11 24 32 37 42 54 58 61 66 71 86 92 105 110 
0 1 6 16 19 32 37 49 54 58 61 66 71 86 92 97 102 
0 1 6 16 19 32 37 49 54 58 61 66 71 86 92 97 110 
0 1 6 18 23 32 37 42 54 57 61 66 71 98 103 108 
0 1 6 18 23 32 37 42 54 57 62 67 72 98 103 108 
0 1 6 18 23 32 37 42 54 57 62 67 72 99 104 109 
0 1 6 19 24 32 37 42 54 58 61 66 71 86 92 97 102 
0 1 6 19 24 32 37 42 54 58 61 66 71 86 92 97 110 
0 1 6 19 24 32 37 42 54 58 61 66 71 86 92 102 105 
0 1 6 19 24 32 37 42 54 58 61 66 71 86 92 105 110 
0 1 14 19 24 32 37 49 54 58 61 66 71 86 92 97 110 
0 3 8 12 25 28 31 40 44 58 67 71 84 96 101 113 
0 3 12 16 25 28 31 40 44 58 67 71 84 96 101 113 
0 3 12 16 25 28 31 40 44 58 67 71 84 101 104 113 
