0 1 5 8 13 17 25 32 37 54 60 67 72 77 87 92 102 109 
0 1 5 8 13 17 32 37 54 60 67 72 77 87 92 97 102 109 
0 1 5 8 13 25 34 39 46 60 67 72 79 87 90 95 102 107 
0 1 5 8 13 25 34 46 54 60 67 72 79 87 90 95 102 107 
0 1 5 10 13 18 22 32 39 51 60 65 72 77 88 101 107 112 
0 1 5 10 13 18 32 39 51 60 65 72 77 88 95 101 107 112 
0 1 5 10 18 22 32 39 51 55 60 65 72 77 88 101 107 112 
0 1 5 13 17 22 25 32 37 54 60 67 72 77 87 92 102 109 
0 1 5 13 17 22 32 37 54 60 67 72 77 87 92 97 102 109 
0 1 5 13 18 25 32 39 51 60 65 72 77 88 95 101 107 112 
0 1 5 18 22 25 32 39 51 55 60 65 72 77 88 101 107 112 
0 1 6 13 18 25 32 35 40 52 60 65 72 88 95 101 107 112 
0 1 6 13 18 25 32 39 51 60 65 72 77 88 95 101 107 112 
0 1 6 13 18 25 32 39 52 60 65 72 77 88 95 101 107 112 
0 1 8 13 17 25 32 37 49 54 60 67 72 77 87 92 102 109 
0 1 8 13 17 32 37 49 54 60 67 72 77 87 92 97 102 109 
0 1 8 13 18 25 32 37 49 54 60 63 67 72 87 88 93 110 
0 1 8 13 18 25 32 37 49 54 60 63 67 72 87 93 102 110 
0 1 8 13 18 25 32 37 49 54 60 63 67 72 88 93 101 110 
0 1 8 13 18 25 32 37 49 54 60 63 68 72 88 93 101 110 
0 1 8 13 18 25 32 37 49 54 60 67 72 77 87 88 92 109 
0 1 8 13 18 25 32 37 49 54 60 67 72 77 87 88 93 109 
0 1 8 13 18 25 32 37 49 54 60 67 72 77 87 92 102 109 
0 1 8 13 18 25 32 37 49 54 60 67 72 77 87 93 102 109 
0 1 8 13 18 25 32 37 49 54 60 67 72 77 87 93 102 110 
0 1 8 13 18 25 32 37 49 54 63 67 72 87 88 93 105 110 
0 1 8 13 18 25 32 37 49 54 63 67 72 87 93 102 105 110 
0 1 8 13 18 25 32 37 49 54 63 67 72 88 93 101 105 110 
0 1 8 13 18 25 32 37 49 54 63 68 72 88 93 101 105 110 
0 1 8 13 18 25 32 37 49 54 67 72 77 87 88 93 105 109 
0 1 8 13 18 25 32 37 49 54 67 72 77 87 88 93 105 110 
0 1 8 13 18 25 32 37 49 54 67 72 77 87 93 102 105 109 
0 1 8 13 18 25 32 37 49 54 67 72 77 87 93 102 105 110 
0 1 8 13 18 25 32 37 49 54 67 72 77 88 93 101 105 109 
0 1 8 13 18 25 32 37 49 54 67 72 77 88 93 101 105 110 
0 1 8 13 18 32 37 49 54 67 72 77 87 88 93 97 105 109 
0 1 8 13 18 32 37 49 54 67 72 77 87 93 97 102 105 109 
0 3 6 15 25 30 35 39 52 55 65 75 84 90 95 101 107 112 
0 3 6 15 25 35 39 44 52 55 65 75 84 90 95 101 107 112 
0 3 7 12 15 20 24 34 39 44 62 67 74 79 85 90 99 109 
0 3 7 12 15 20 24 34 39 44 62 67 74 79 85 99 104 109 
0 3 7 12 15 20 24 34 44 53 62 67 74 79 85 90 99 109 
0 3 7 12 15 24 39 44 48 62 67 74 79 85 92 99 104 109 
0 3 7 12 15 24 44 48 53 62 67 74 79 85 92 99 104 109 
0 3 7 12 20 24 34 39 44 58 62 67 74 79 85 99 104 109 
0 3 7 12 20 24 34 44 53 58 62 67 74 79 85 99 104 109 
0 3 7 12 24 39 44 48 58 62 67 74 79 85 92 99 104 109 
0 3 7 14 23 34 45 54 56 60 64 71 80 92 103 112 
0 3 7 14 34 38 45 54 56 60 64 71 92 96 103 112 
0 3 7 16 34 38 43 54 56 60 64 73 92 96 112 114 
0 4 9 22 26 31 40 49 56 61 66 79 85 89 98 107 
0 5 9 14 18 36 45 54 56 62 66 71 75 94 103 112 
0 5 9 16 26 36 47 54 56 62 66 73 85 94 105 112 
