0 1 4 12 15 23 30 37 44 51 65 76 92 99 106 113 
0 1 4 12 15 23 30 37 44 52 65 76 92 99 106 113 
0 1 4 12 15 23 30 37 45 48 65 76 92 99 110 113 
0 1 4 12 15 23 30 37 45 52 65 76 92 99 106 113 
0 1 4 12 15 23 30 37 48 51 65 76 92 99 102 113 
0 1 4 12 15 23 30 37 48 65 76 92 99 102 110 113 
0 1 4 12 15 23 30 38 41 48 65 76 92 103 110 113 
0 1 4 12 15 23 30 38 41 52 65 76 92 103 106 113 
0 1 4 12 15 23 30 38 45 48 65 76 92 99 110 113 
0 1 4 12 15 23 30 41 44 51 65 76 92 95 106 113 
0 1 4 12 15 23 30 41 44 52 65 76 92 95 106 113 
0 1 4 12 15 23 30 41 48 51 65 76 92 95 102 113 
0 1 4 12 15 23 30 41 48 65 76 92 95 102 110 113 
0 1 4 12 15 23 30 41 48 65 76 92 95 103 110 113 
0 1 4 12 15 23 30 41 52 65 76 92 95 103 106 113 
0 1 4 12 15 23 31 34 41 48 65 76 96 103 110 113 
0 1 4 12 15 23 31 34 41 52 65 76 96 103 106 113 
0 1 4 12 15 23 31 34 45 48 65 76 96 99 110 113 
0 1 4 12 15 23 31 34 45 52 65 76 96 99 106 113 
0 1 4 12 15 23 31 38 41 48 65 76 92 103 110 113 
0 1 4 12 15 23 31 38 41 52 65 76 92 103 106 113 
0 1 4 12 15 23 31 38 45 48 65 76 92 99 110 113 
0 1 4 12 15 23 31 38 45 52 65 76 92 99 106 113 
0 1 4 12 15 23 34 37 44 51 65 76 88 99 106 113 
0 1 4 12 15 23 34 37 44 52 65 76 88 99 106 113 
0 1 4 12 15 23 34 37 45 48 65 76 88 99 110 113 
0 1 4 12 15 23 34 37 45 52 65 76 88 99 106 113 
0 1 4 12 15 23 34 37 48 51 65 76 88 99 102 113 
0 1 4 12 15 23 34 37 48 65 76 88 99 102 110 113 
0 1 4 12 15 23 34 41 44 51 65 76 88 95 106 113 
0 1 4 12 15 23 34 41 44 52 65 76 88 95 106 113 
0 1 4 12 15 23 34 41 48 51 65 76 88 95 102 113 
0 1 4 12 15 23 34 41 48 65 76 88 95 102 110 113 
0 1 4 12 15 23 34 41 48 65 76 88 95 103 110 113 
0 1 4 12 15 23 34 41 48 65 76 88 96 103 110 113 
0 1 4 12 15 23 34 41 52 65 76 88 95 103 106 113 
0 1 4 12 15 23 34 41 52 65 76 88 96 103 106 113 
0 1 4 12 15 23 34 45 48 65 76 88 96 99 110 113 
0 1 4 12 15 23 34 45 52 65 76 88 96 99 106 113 
0 1 4 12 20 23 30 37 44 51 65 73 92 99 106 113 
0 1 4 12 20 23 30 37 44 52 65 73 92 99 106 113 
0 1 4 12 20 23 30 37 45 48 65 73 92 99 110 113 
0 1 4 12 20 23 30 37 45 52 65 73 92 99 106 113 
0 1 4 12 20 23 30 37 48 65 73 92 99 102 110 113 
0 1 4 12 20 23 30 38 41 48 65 73 92 103 110 113 
0 1 4 12 20 23 30 38 41 52 65 73 92 103 106 113 
0 1 4 12 20 23 30 38 45 48 65 73 92 99 110 113 
0 1 4 12 20 23 30 41 44 51 65 73 92 95 106 113 
0 1 4 12 20 23 30 41 48 65 73 92 95 102 110 113 
0 1 4 12 20 23 30 41 48 65 73 92 95 103 110 113 
0 1 4 12 20 23 30 41 52 65 73 92 95 103 106 113 
0 1 4 12 20 23 31 38 41 48 65 73 92 103 110 113 
0 1 4 12 20 23 31 38 45 48 65 73 92 99 110 113 
0 1 4 12 20 23 34 37 45 48 65 73 88 99 110 113 
0 1 4 12 20 23 34 37 48 65 73 88 99 102 110 113 
0 1 4 12 20 23 34 41 48 65 73 88 95 102 110 113 
0 1 4 12 20 23 34 41 48 65 73 88 95 103 110 113 
0 1 4 12 20 31 34 41 48 65 73 81 96 103 110 113 
0 1 4 12 20 31 34 41 52 65 73 81 96 103 106 113 
0 1 4 12 20 31 34 45 48 65 73 81 96 99 110 113 
0 1 4 12 20 31 34 45 52 65 73 81 96 99 106 113 
0 1 4 12 20 31 38 41 52 65 73 81 92 103 106 113 
0 1 4 12 20 31 38 45 52 65 73 81 92 99 106 113 
0 1 4 12 23 30 37 44 51 65 73 76 92 99 106 113 
0 1 4 12 23 30 37 44 52 65 73 76 92 99 106 113 
0 1 4 12 23 30 37 45 48 65 73 76 92 99 110 113 
0 1 4 12 23 30 37 45 52 65 73 76 92 99 106 113 
0 1 4 12 23 30 37 48 65 73 76 92 99 102 110 113 
0 1 4 12 23 30 38 41 48 65 73 76 92 103 110 113 
0 1 4 12 23 30 38 41 52 65 73 76 92 103 106 113 
0 1 4 12 23 30 38 45 48 65 73 76 92 99 110 113 
0 1 4 12 23 30 38 45 52 65 73 76 92 99 106 113 
0 1 4 12 23 30 41 44 51 65 73 76 92 95 106 113 
0 1 4 12 23 30 41 44 52 65 73 76 92 95 106 113 
0 1 4 12 23 30 41 48 65 73 76 92 95 102 110 113 
0 1 4 12 23 30 41 48 65 73 76 92 95 103 110 113 
0 1 4 12 23 30 41 52 65 73 76 92 95 103 106 113 
0 1 4 12 23 31 34 41 48 65 73 76 96 103 110 113 
0 1 4 12 23 31 34 41 52 65 73 76 96 103 106 113 
0 1 4 12 23 31 34 45 48 65 73 76 96 99 110 113 
0 1 4 12 23 31 38 41 48 65 73 76 92 103 110 113 
0 1 4 12 23 31 38 41 52 65 73 76 92 103 106 113 
0 1 4 12 23 31 38 45 48 65 73 76 92 99 110 113 
0 1 4 12 23 31 38 45 52 65 73 76 92 99 106 113 
0 1 4 15 23 30 37 44 51 65 68 76 92 99 106 113 
0 1 4 15 23 30 37 44 52 65 68 76 92 99 106 113 
0 1 4 15 23 30 37 45 52 65 68 76 92 99 106 113 
0 1 4 15 23 30 38 41 48 65 68 76 92 103 110 113 
0 1 4 15 23 30 38 41 52 65 68 76 92 103 106 113 
0 1 4 15 23 30 41 44 51 65 68 76 92 95 106 113 
0 1 4 15 23 30 41 44 52 65 68 76 92 95 106 113 
0 1 4 15 23 30 41 48 51 65 68 76 92 95 102 113 
0 1 4 15 23 30 41 48 65 68 76 92 95 102 110 113 
0 1 4 15 23 30 41 48 65 68 76 92 95 103 110 113 
0 1 4 15 23 30 41 52 65 68 76 92 95 103 106 113 
0 1 4 15 23 31 38 41 48 65 68 76 92 103 110 113 
0 1 4 15 23 31 38 41 52 65 68 76 92 103 106 113 
0 1 4 15 23 31 38 45 48 65 68 76 92 99 110 113 
0 1 8 15 23 30 37 44 51 62 69 76 92 99 106 113 
0 1 8 15 23 30 37 44 52 62 69 76 87 92 99 106 
0 1 8 15 23 30 37 44 52 62 69 76 92 99 106 113 
0 1 8 15 23 30 37 45 48 55 62 69 76 92 99 110 
0 1 8 15 23 30 37 45 48 62 69 76 92 99 110 113 
0 1 8 15 23 30 37 45 52 62 69 76 92 99 106 113 
0 1 8 15 23 30 37 45 55 62 69 76 92 99 107 110 
0 1 8 15 23 30 37 48 55 62 69 76 92 99 102 110 
0 1 8 15 23 30 41 44 51 62 69 76 92 95 106 113 
0 1 8 15 23 30 41 44 52 62 69 76 87 92 95 106 
0 1 8 15 23 30 41 44 52 62 69 76 92 95 106 113 
0 1 8 15 23 30 41 48 51 62 69 76 92 95 102 113 
0 1 8 15 23 30 41 48 55 62 69 76 92 95 102 110 
0 1 8 15 23 30 41 48 55 62 69 76 92 95 103 110 
0 1 8 15 23 30 41 48 62 69 76 92 95 102 110 113 
0 1 8 15 23 30 41 48 62 69 76 92 95 103 110 113 
0 1 8 15 23 30 41 49 52 62 69 76 87 92 95 103 
0 1 8 15 23 30 41 49 55 62 69 76 92 95 103 110 
0 1 8 15 23 30 41 52 62 69 76 87 92 95 103 106 
0 1 8 15 23 30 41 52 62 69 76 92 95 103 106 113 
0 1 8 15 23 34 37 44 52 62 69 76 88 99 106 113 
0 1 8 15 23 34 37 45 48 62 69 76 88 99 110 113 
0 1 8 15 23 34 37 45 52 62 69 76 87 88 99 106 
0 1 8 15 23 34 37 45 52 62 69 76 87 88 99 107 
0 1 8 15 23 34 41 44 52 62 69 76 87 88 95 106 
0 1 8 15 23 34 41 44 52 62 69 76 88 95 106 113 
0 1 8 15 23 34 41 48 51 62 69 76 88 95 102 113 
0 1 8 15 23 34 41 48 55 62 69 76 88 95 102 110 
0 1 8 15 23 34 41 48 55 62 69 76 88 95 103 110 
0 1 8 15 23 34 41 48 55 62 69 76 88 96 103 110 
0 1 8 15 23 34 41 48 62 69 76 88 95 102 110 113 
0 1 8 15 23 34 41 48 62 69 76 88 95 103 110 113 
0 1 8 15 23 34 41 48 62 69 76 88 96 103 110 113 
0 1 8 15 23 34 41 49 52 62 69 76 87 88 95 103 
0 1 8 15 23 34 41 49 52 62 69 76 87 88 96 103 
0 1 8 15 23 34 41 49 55 62 69 76 88 95 103 110 
0 1 8 15 23 34 41 49 55 62 69 76 88 96 103 110 
0 1 8 15 23 34 41 52 62 69 76 87 88 95 103 106 
0 1 8 15 23 34 41 52 62 69 76 87 88 96 103 106 
0 1 8 15 23 34 41 52 62 69 76 88 95 103 106 113 
0 1 8 15 23 34 41 52 62 69 76 88 96 103 106 113 
0 1 8 15 23 34 42 49 52 62 69 76 87 88 96 103 
0 1 8 15 23 34 42 49 55 62 69 76 88 96 103 110 
0 1 8 16 23 30 37 44 52 62 69 76 92 99 106 113 
0 1 8 16 23 30 37 45 48 55 62 69 76 92 99 110 
0 1 8 16 23 30 37 45 48 62 69 76 92 99 110 113 
0 1 8 16 23 30 37 45 52 62 69 76 87 92 99 106 
0 1 8 16 23 30 37 45 52 62 69 76 92 99 106 113 
0 1 8 16 23 30 37 48 55 62 69 76 92 99 102 110 
0 1 8 16 23 30 37 48 62 69 76 92 99 102 110 113 
0 1 8 16 23 30 38 41 48 55 62 69 76 92 103 110 
0 1 8 16 23 30 38 41 48 62 69 76 92 103 110 113 
0 1 8 16 23 30 38 41 49 55 62 69 76 92 103 110 
0 1 8 16 23 30 38 41 52 62 69 76 92 103 106 113 
0 1 8 16 23 30 38 45 48 55 62 69 76 92 99 110 
0 1 8 16 23 30 41 48 55 62 69 76 92 95 102 110 
0 1 8 16 23 30 41 48 55 62 69 76 92 95 103 110 
0 1 8 16 23 34 37 45 48 62 69 76 88 99 110 113 
0 1 8 16 23 34 37 45 52 62 69 76 87 88 99 106 
0 1 8 16 23 34 37 48 62 69 76 88 99 102 110 113 
0 1 8 16 23 34 41 48 55 62 69 76 88 95 103 110 
0 1 8 16 23 34 41 48 55 62 69 76 88 96 103 110 
0 1 8 16 23 34 41 48 55 62 69 77 88 95 103 110 
0 1 8 16 23 34 41 48 55 62 69 77 88 96 103 110 
0 1 8 16 23 34 41 48 62 69 76 88 95 102 110 113 
0 1 8 16 23 34 41 48 62 69 76 88 95 103 110 113 
0 1 8 16 23 34 41 49 52 62 69 76 87 88 95 103 
0 1 8 16 23 34 41 49 52 62 69 76 87 88 96 103 
0 1 8 16 23 34 41 49 55 62 69 76 88 96 103 110 
0 1 8 16 23 34 41 49 55 62 69 77 88 95 103 110 
0 1 8 16 23 34 41 52 62 69 76 87 88 95 103 106 
0 1 8 16 23 34 41 52 62 69 76 87 88 96 103 106 
0 1 8 16 23 34 42 49 52 62 69 76 87 88 96 103 
0 1 8 16 23 34 45 48 55 62 69 76 88 96 99 110 
0 1 8 16 23 34 45 48 55 62 69 77 88 96 99 110 
0 1 9 12 23 30 38 41 49 55 62 73 76 92 103 110 
0 1 9 12 23 30 38 41 52 62 73 76 87 92 103 106 
0 1 9 12 23 30 38 49 55 62 73 76 92 101 103 110 
0 1 9 12 23 30 41 49 55 62 73 76 92 95 103 110 
0 2 5 12 20 23 31 38 46 49 66 73 87 93 101 111 
0 2 5 12 20 23 31 38 49 52 66 73 87 93 101 103 
0 2 5 12 20 23 31 38 49 66 73 87 93 101 103 111 
0 2 5 12 20 23 31 39 46 49 66 73 87 93 101 111 
0 2 5 12 20 23 34 37 44 52 66 73 87 88 99 106 
0 2 5 12 20 23 34 37 45 52 66 73 87 88 99 106 
0 2 5 12 20 31 38 46 49 66 73 81 87 93 101 111 
0 2 5 12 20 31 39 46 49 66 73 81 87 93 101 111 
0 2 5 12 23 31 38 46 49 66 73 76 87 93 101 111 
0 2 5 12 23 31 38 49 52 66 73 76 87 93 101 103 
0 2 5 12 23 31 38 49 66 73 76 87 93 101 103 111 
0 2 5 12 23 31 39 46 49 66 73 76 87 93 101 111 
0 2 5 13 20 31 34 45 52 66 73 81 87 96 99 107 
0 4 7 15 23 29 31 39 47 68 76 85 93 109 114 
0 4 7 15 23 30 38 46 54 68 76 85 92 101 108 
0 4 7 15 23 31 38 46 54 68 76 85 92 101 108 
0 4 7 15 23 31 39 46 54 68 76 85 93 108 114 
0 4 7 15 23 31 39 47 54 68 76 85 93 108 114 
0 4 7 15 23 31 39 47 54 68 76 85 93 109 114 
