0 1 7 13 20 27 33 39 46 52 64 71 77 84 91 97 104 110 
0 1 7 13 20 27 33 39 46 52 64 71 77 84 91 98 104 110 
0 1 7 13 20 27 33 39 46 52 64 71 77 84 91 98 104 111 
0 1 7 14 20 27 33 39 46 52 64 71 77 84 91 97 104 110 
0 1 7 14 20 33 39 46 52 56 64 71 77 84 91 97 104 110 
0 1 8 16 22 25 30 44 52 62 69 76 99 104 107 113 
0 1 8 16 22 30 37 44 52 62 69 76 91 99 106 113 
0 1 8 16 23 30 37 44 52 62 69 76 91 99 106 113 
0 1 8 16 23 30 37 44 52 62 69 76 92 99 106 113 
0 1 8 16 23 30 37 45 52 62 69 76 87 92 99 106 
0 1 8 16 23 30 37 45 52 62 69 76 92 99 106 113 
