0 1 5 11 15 27 33 38 44 48 59 65 69 80 87 88 99 103 
0 1 5 11 15 27 33 38 44 48 59 65 69 80 88 94 99 113 
0 1 5 11 15 27 33 38 44 48 59 65 69 80 88 99 103 113 
0 1 5 11 15 27 33 38 44 48 65 69 80 87 88 99 103 109 
0 1 5 11 15 27 33 38 44 48 65 69 80 88 94 98 109 113 
0 1 5 11 15 27 33 38 44 48 65 69 80 88 94 99 109 113 
0 1 5 11 15 27 33 38 44 48 65 69 80 88 98 103 109 113 
0 1 5 11 15 27 33 38 44 48 65 69 80 88 99 103 109 113 
0 1 5 11 16 27 33 38 44 48 59 65 69 80 88 99 103 113 
0 1 5 11 16 27 33 38 44 48 65 69 80 87 88 99 103 109 
0 1 5 11 16 27 33 38 44 48 65 69 80 88 98 103 109 113 
0 1 5 11 16 27 33 38 44 48 65 69 80 88 99 103 109 113 
0 1 5 15 20 27 33 37 48 52 59 65 69 80 87 88 99 103 
0 1 5 15 20 27 33 37 48 52 59 65 69 80 88 99 103 113 
0 1 5 15 20 27 33 37 48 52 65 69 79 87 88 99 103 109 
0 1 5 15 20 27 33 37 48 52 65 69 79 88 99 103 109 113 
0 1 5 15 20 27 33 37 48 52 65 69 80 87 88 99 103 109 
0 1 5 15 20 27 33 37 48 52 65 69 80 88 99 103 109 113 
0 1 5 15 20 27 33 38 44 48 65 69 80 87 88 99 103 109 
0 1 5 15 20 27 33 38 44 48 65 69 80 88 99 103 109 113 
0 1 5 15 20 27 33 38 48 52 59 65 69 80 87 88 99 103 
0 1 5 15 20 27 33 38 48 52 59 65 69 80 88 99 103 113 
0 1 5 16 20 27 33 37 48 52 59 65 69 80 87 88 99 103 
0 1 5 16 20 27 33 37 48 52 59 65 69 80 87 89 99 103 
0 1 5 16 20 27 33 37 48 52 59 65 69 80 88 99 103 113 
0 1 5 16 20 27 33 37 48 52 59 65 69 80 89 99 103 113 
0 1 5 16 20 27 33 38 44 48 65 69 80 88 99 103 109 113 
0 1 5 16 20 27 33 38 48 53 59 65 69 80 87 88 99 103 
0 1 5 16 20 27 33 38 48 53 59 65 69 80 87 89 99 103 
0 1 5 16 20 27 33 38 48 53 59 65 69 80 89 99 103 113 
0 1 5 16 20 27 33 38 48 53 65 69 80 87 88 99 103 109 
0 1 5 16 20 27 33 38 48 53 65 69 80 88 99 103 109 113 
0 1 5 16 20 27 34 38 48 53 65 69 80 87 88 99 103 109 
0 1 5 16 20 27 34 38 48 53 65 69 80 88 99 103 109 113 
0 1 5 16 20 27 34 38 49 53 65 69 80 87 88 99 103 109 
0 1 5 16 20 27 34 38 49 53 65 69 80 88 99 103 109 113 
0 1 7 13 20 27 33 39 46 52 64 71 77 84 91 97 104 110 
0 1 7 13 20 27 33 40 46 52 64 71 77 84 91 97 104 110 
0 1 7 14 20 27 33 39 46 52 64 71 77 84 91 97 104 110 
0 1 7 14 20 33 39 46 52 56 64 71 77 84 91 97 104 110 
0 3 10 14 25 28 31 42 46 58 69 73 84 98 102 113 
