0 1 6 9 13 21 27 39 47 52 64 72 77 85 91 104 111 
0 1 6 9 13 21 27 39 47 52 64 77 85 91 96 104 111 
0 1 6 9 13 21 27 39 52 64 69 72 77 85 91 104 111 
0 1 6 9 13 21 27 39 52 64 69 77 85 91 96 104 111 
0 1 6 9 14 21 27 35 39 47 52 64 72 77 91 104 111 
0 1 6 9 14 21 27 35 39 47 52 64 77 91 96 104 111 
0 1 6 9 14 21 27 35 40 47 52 64 72 77 91 104 111 
0 1 6 9 14 21 27 35 40 47 52 64 77 91 96 104 111 
0 1 6 9 14 21 27 35 40 47 52 65 72 77 91 104 111 
0 1 6 9 14 21 27 35 40 47 52 65 72 77 92 104 111 
0 1 6 9 14 21 27 39 47 52 64 72 77 85 91 104 111 
0 1 6 9 14 21 27 39 52 64 69 72 77 85 91 104 111 
0 1 6 9 14 21 27 39 52 64 69 77 85 91 96 104 111 
0 1 6 9 14 21 27 40 47 52 64 72 77 85 91 104 111 
0 1 6 9 14 21 27 40 52 64 69 77 85 91 96 104 111 
0 1 6 9 14 21 27 40 52 65 69 77 85 91 96 104 111 
0 1 6 13 18 25 31 39 44 51 64 69 76 86 91 96 103 
0 1 6 13 18 25 32 39 44 51 64 69 76 85 91 96 103 
0 1 6 13 18 25 32 39 44 51 64 69 76 86 91 96 103 
0 1 6 13 18 25 34 39 46 51 66 71 79 88 113 114 
0 1 6 13 18 27 32 39 44 47 51 76 85 88 91 96 103 
0 1 6 13 18 27 32 39 44 51 64 69 76 85 91 96 103 
0 1 6 13 18 27 34 39 47 52 67 79 89 96 113 114 
