0 1 6 9 14 22 34 39 46 51 56 71 79 84 92 97 104 109 
0 1 6 9 14 22 34 39 46 56 71 79 84 92 97 104 109 112 
0 1 6 9 14 22 34 39 47 52 56 71 79 84 92 97 105 110 
0 1 6 9 14 22 35 40 47 52 56 71 79 84 93 98 105 110 
0 1 6 9 14 22 35 43 51 56 71 79 84 93 109 114 
0 1 6 9 14 22 35 43 51 71 79 84 88 93 109 114 
0 1 6 9 14 32 35 40 47 52 56 71 76 79 84 98 105 110 
0 1 6 9 14 34 39 47 52 56 71 76 79 84 92 97 105 110 
0 1 6 9 14 35 43 51 56 71 76 79 84 93 109 114 
0 1 6 13 20 32 35 40 47 52 56 63 70 77 84 98 105 110 
0 1 6 13 20 32 39 44 47 52 56 63 70 77 84 90 97 110 
0 1 6 13 20 32 39 44 51 56 63 70 77 84 90 97 102 109 
0 1 6 13 20 32 39 44 52 56 63 70 77 84 90 97 102 110 
0 1 6 13 20 32 39 46 51 56 63 70 77 84 90 97 104 109 
0 1 6 13 20 34 39 46 51 56 63 70 77 84 92 97 104 109 
0 1 6 13 20 35 40 47 52 56 63 70 77 84 93 98 105 110 
0 1 6 13 20 35 43 51 55 56 63 70 77 93 109 114 
0 1 6 13 20 35 43 51 56 63 70 77 84 93 109 114 
0 1 6 14 19 22 35 43 51 55 56 63 71 93 109 114 
0 1 6 14 19 32 39 44 47 52 56 63 71 76 84 90 97 110 
0 1 6 14 19 32 39 44 51 56 63 71 76 84 90 97 102 109 
0 1 6 14 19 32 39 44 52 56 63 71 76 84 90 97 102 110 
0 1 6 14 19 32 39 46 51 56 63 71 76 84 90 97 104 109 
0 1 6 14 19 34 39 47 52 56 63 71 76 84 92 97 105 110 
0 1 6 14 19 35 40 47 52 56 63 71 76 84 93 98 105 110 
0 1 6 14 19 35 43 51 56 63 71 76 84 93 109 114 
0 1 6 14 22 34 39 47 52 56 63 71 79 84 92 97 105 110 
0 1 6 14 22 35 43 51 55 56 63 71 79 93 109 114 
0 1 6 14 22 35 43 51 55 63 71 79 88 93 109 114 
0 1 6 14 22 35 43 51 56 63 71 79 84 93 109 114 
0 1 8 13 20 32 35 40 47 52 56 65 70 77 84 98 105 110 
0 1 8 13 20 32 35 40 47 54 56 65 70 77 84 98 105 112 
0 1 8 13 20 32 39 44 51 56 65 70 77 84 90 97 102 109 
0 1 8 13 20 32 39 44 52 56 65 70 77 84 90 97 102 110 
0 1 8 13 20 32 39 46 51 56 65 70 77 84 90 97 104 109 
0 1 8 13 20 32 40 47 54 56 65 70 77 84 90 98 105 112 
0 1 8 13 20 35 42 47 54 56 65 70 77 84 93 101 105 112 
0 1 8 13 20 35 43 51 56 65 70 77 84 93 109 114 
0 3 6 11 19 32 35 40 48 55 56 68 76 87 98 106 
0 3 6 11 19 34 41 48 55 56 68 76 87 92 99 106 
0 3 6 11 19 34 41 49 55 56 68 76 87 92 99 107 
0 3 6 11 19 34 42 49 55 56 68 76 87 92 101 107 
0 3 11 19 32 39 46 54 56 60 68 76 90 97 104 112 
0 3 11 19 32 39 47 54 56 60 68 76 90 97 105 112 
0 3 11 19 32 40 47 54 56 60 68 76 90 98 105 112 
0 3 11 19 32 40 48 55 56 60 68 76 87 90 98 106 
0 3 11 19 34 39 42 47 54 56 60 68 76 92 105 112 
0 3 11 19 34 39 46 54 56 60 68 76 92 97 104 112 
0 3 11 19 34 39 47 54 56 60 68 76 92 97 105 112 
0 3 11 19 34 41 46 54 56 60 68 76 92 99 104 112 
0 4 7 12 19 28 34 42 49 56 69 76 86 92 101 107 
0 4 7 12 19 28 34 42 50 56 69 76 86 92 101 108 
0 4 7 12 19 28 35 42 49 56 69 76 86 93 101 107 
0 4 7 12 20 28 34 42 49 56 69 77 86 92 101 107 
0 4 7 12 20 28 35 43 50 56 69 77 86 93 108 114 
0 4 11 19 28 34 41 49 56 61 68 76 86 92 99 107 
0 4 11 19 28 34 42 49 56 61 68 76 86 92 101 107 
0 4 11 19 28 34 42 50 56 61 68 76 86 92 101 108 
0 4 11 19 29 32 40 47 56 61 68 76 90 98 105 113 
0 4 11 19 29 32 40 48 56 61 68 76 90 98 106 113 
0 4 11 19 29 34 41 48 56 61 68 76 92 99 106 113 
0 4 11 19 29 34 42 47 56 61 68 76 92 101 105 113 
0 4 11 19 29 34 42 50 56 61 68 76 92 101 108 113 
0 4 11 19 32 39 47 54 56 61 68 76 90 97 105 112 
0 4 11 19 32 40 47 54 56 61 68 76 90 98 105 112 
0 4 11 19 34 42 47 54 56 61 68 76 92 101 105 112 
0 4 12 19 28 34 42 49 56 61 69 76 86 92 101 107 
0 4 12 19 29 34 41 48 56 61 69 76 92 99 106 113 
0 5 12 19 29 34 41 48 56 62 69 76 92 99 106 113 
0 5 12 19 34 41 48 55 56 62 69 76 87 92 99 106 
