0 1 8 17 21 27 32 36 41 45 50 59 64 68 87 93 101 109 
0 1 8 17 21 27 32 36 41 45 50 59 68 75 87 93 101 109 
0 1 8 17 21 27 32 36 41 45 50 59 68 75 93 101 109 113 
0 1 8 17 22 27 32 36 41 45 50 59 64 68 87 89 93 109 
0 1 8 17 22 27 32 36 41 45 50 59 64 68 87 93 101 109 
0 1 8 17 22 27 32 36 41 45 50 59 68 75 93 101 109 113 
0 2 9 16 23 33 40 47 54 58 63 70 76 86 94 108 114 
0 2 9 16 23 33 40 47 54 58 63 70 76 86 95 108 114 
0 2 9 16 23 33 40 47 54 58 63 70 77 86 94 108 114 
0 2 9 16 23 33 40 47 54 63 70 76 86 88 94 102 108 
0 2 9 16 23 33 40 47 54 63 70 76 86 88 94 108 114 
0 2 9 16 23 33 40 47 54 63 70 76 86 88 95 102 108 
0 2 9 16 23 33 40 47 54 63 70 76 86 88 95 108 114 
0 2 9 16 23 33 40 47 54 63 70 77 86 88 94 102 108 
0 2 9 16 23 33 40 47 54 63 70 77 86 88 94 108 114 
0 2 9 16 23 33 40 47 54 63 70 77 86 88 95 102 108 
0 3 7 12 16 21 31 36 40 45 59 63 79 88 95 104 109 113 
0 3 9 16 23 33 40 47 54 63 70 76 86 88 95 108 114 
0 3 9 16 23 33 40 47 54 63 70 77 86 88 95 102 108 
0 3 9 16 23 33 40 47 54 63 70 77 86 88 95 102 109 
