0 1 4 10 15 29 31 37 49 70 75 81 92 97 105 110 
0 1 5 8 12 20 25 34 46 60 67 72 79 87 95 102 107 
0 1 5 8 13 20 25 34 42 46 60 67 79 87 95 102 107 
0 1 5 8 13 20 25 34 42 47 60 67 79 87 95 102 107 
0 1 5 8 13 20 25 34 42 47 60 67 80 87 95 102 107 
0 1 5 8 13 20 25 34 46 60 67 72 79 87 95 102 107 
0 1 5 8 13 20 25 34 47 60 67 72 79 87 95 102 107 
0 1 5 8 13 20 25 34 47 60 67 72 80 87 95 102 107 
0 1 5 8 13 25 34 46 51 60 67 72 79 87 95 102 107 
0 1 5 8 13 25 34 47 51 60 67 72 79 87 95 102 107 
0 1 5 10 14 20 24 31 35 49 70 74 78 87 92 96 101 
0 1 5 10 14 20 24 31 35 49 70 74 87 92 96 101 110 
0 1 5 10 20 24 31 35 45 49 70 74 78 87 92 96 101 
0 1 5 10 20 24 31 35 45 49 70 74 87 92 96 101 110 
0 1 5 10 20 24 31 35 45 49 70 78 87 92 96 101 106 
0 1 5 10 20 24 31 35 45 49 70 87 92 96 101 106 110 
0 1 5 10 20 29 31 35 45 49 70 74 87 92 96 101 110 
0 1 5 10 20 29 31 35 45 49 70 87 92 96 101 106 110 
0 1 5 11 15 19 29 31 41 45 49 65 69 87 92 106 110 
0 1 5 11 15 19 29 31 41 49 65 69 75 87 92 106 110 
0 1 5 11 15 19 29 41 45 49 61 65 69 87 92 106 110 
0 1 5 11 15 19 29 41 45 61 65 69 79 87 92 106 110 
0 1 5 11 15 19 29 41 49 61 65 69 75 87 92 106 110 
0 1 5 11 15 19 29 41 61 65 69 75 79 87 92 106 110 
0 1 5 11 15 20 29 31 41 45 49 65 69 87 92 106 110 
0 1 5 11 19 24 31 41 45 49 65 69 87 92 101 106 110 
0 1 5 11 19 24 41 45 49 61 65 69 87 92 101 106 110 
0 1 5 11 19 29 31 41 45 49 65 69 87 92 101 106 110 
0 1 5 11 19 29 41 45 49 61 65 69 87 92 101 106 110 
0 1 5 11 19 29 41 45 61 65 69 79 87 92 101 106 110 
0 1 5 11 20 24 31 41 45 49 65 69 78 87 92 101 106 
0 1 5 11 20 24 31 41 45 49 65 69 87 92 101 106 110 
0 1 5 11 20 29 31 41 45 49 65 69 87 92 101 106 110 
0 1 5 12 17 20 25 34 39 46 60 67 72 79 87 94 107 
0 1 5 12 17 20 25 34 39 46 60 67 72 79 87 95 107 
0 1 5 12 17 20 25 34 39 46 60 72 79 87 94 99 107 
0 1 5 12 17 20 25 34 39 46 60 72 79 87 95 99 107 
0 1 5 12 17 25 34 39 46 51 60 67 72 79 87 94 107 
0 1 5 12 17 25 34 39 46 51 60 67 72 79 87 95 107 
0 1 5 12 17 25 34 39 46 51 60 72 79 87 94 99 107 
0 1 5 12 17 25 34 39 46 51 60 72 79 87 95 99 107 
0 1 5 12 20 25 34 39 46 60 67 72 79 87 94 102 107 
0 1 5 12 20 25 34 39 46 60 67 72 79 87 95 102 107 
0 1 5 12 20 25 34 39 46 60 72 79 87 94 99 102 107 
0 1 5 12 25 34 39 46 51 60 67 72 79 87 94 102 107 
0 1 5 12 25 34 39 46 51 60 67 72 79 87 95 102 107 
0 1 5 12 25 34 39 46 51 60 72 79 87 94 99 102 107 
0 1 5 13 17 25 34 39 46 51 60 67 72 79 87 95 107 
0 1 5 13 18 25 39 51 60 65 72 77 88 95 101 107 112 
0 1 5 13 20 25 34 39 42 47 60 67 79 87 95 102 107 
0 1 5 13 20 25 34 39 46 60 67 72 79 87 95 102 107 
0 1 5 13 20 25 34 39 47 60 67 72 79 87 95 102 107 
0 1 5 15 19 29 31 41 45 49 65 69 87 92 96 106 110 
0 1 5 15 19 29 41 45 49 61 65 69 87 92 96 106 110 
0 1 5 15 19 29 41 45 61 65 69 79 87 92 96 106 110 
0 1 5 15 20 29 31 35 41 45 49 69 87 92 96 106 110 
0 1 5 19 29 41 45 49 61 65 69 87 92 96 101 106 110 
0 1 6 13 18 25 35 40 47 52 60 68 73 88 95 107 112 
0 1 6 13 18 25 35 40 47 52 60 72 88 95 101 107 112 
0 1 6 13 18 25 35 40 47 52 60 73 88 95 101 107 112 
0 1 6 13 18 25 35 40 52 60 72 77 88 95 101 107 112 
0 1 6 13 18 25 39 52 60 65 72 77 88 95 101 107 112 
0 1 6 13 18 25 40 47 52 60 65 68 73 88 95 107 112 
0 1 6 13 18 35 40 51 55 60 72 77 88 95 101 107 112 
0 1 6 13 18 39 51 55 60 65 72 77 88 95 101 107 112 
0 1 6 14 19 22 30 35 43 63 71 79 87 93 109 114 
0 1 6 14 19 22 30 35 43 71 79 87 93 96 109 114 
0 1 6 14 19 22 35 43 55 63 71 79 87 93 109 114 
0 1 6 14 22 30 35 43 51 63 71 79 87 93 109 114 
0 1 6 14 22 30 35 43 51 63 71 79 88 93 109 114 
0 1 6 14 22 30 35 43 51 71 79 88 93 96 109 114 
0 3 6 11 19 40 48 55 56 60 63 68 76 87 98 106 
0 3 11 19 32 40 48 55 56 60 68 76 87 90 98 106 
0 5 12 19 34 41 48 55 56 62 69 76 87 92 99 106 
