0 2 6 10 18 35 39 43 59 63 67 71 89 93 97 114 
0 2 6 10 18 35 39 59 63 67 71 87 89 93 97 114 
0 2 6 10 23 31 35 39 43 55 56 59 63 89 93 97 
0 2 6 10 23 31 35 39 52 55 56 59 63 87 89 93 
0 2 6 10 23 31 35 39 55 56 59 63 87 89 93 97 
0 2 6 10 31 35 39 43 56 59 63 67 89 93 97 114 
0 2 6 10 31 35 39 55 56 59 63 67 87 89 93 97 
0 2 9 20 31 38 49 55 56 59 66 77 87 89 96 107 
0 3 6 11 16 23 34 39 44 52 55 57 62 79 91 103 
0 3 8 15 20 25 31 44 49 55 66 71 91 96 108 113 
0 3 8 15 20 31 39 44 49 55 66 71 91 96 108 113 
0 3 8 16 20 25 31 44 49 55 66 71 91 96 108 113 
0 3 8 16 20 25 32 44 49 55 66 71 91 96 108 113 
0 3 8 16 20 25 32 44 49 66 71 91 96 108 113 114 
0 3 8 16 20 25 44 49 55 66 71 91 96 103 108 113 
0 3 8 16 20 31 39 44 49 55 66 71 91 96 108 113 
0 3 8 16 20 39 44 49 55 57 66 91 96 103 108 113 
0 3 8 16 20 39 44 49 55 66 71 91 96 103 108 113 
0 3 8 16 21 27 32 44 49 67 72 91 96 108 113 114 
0 3 8 16 21 32 39 44 49 67 71 91 96 108 113 114 
