0 1 9 12 19 24 37 49 58 61 66 75 86 92 96 110 114 
0 1 10 19 24 37 49 58 61 66 75 86 92 96 106 110 114 
0 2 6 11 16 20 25 29 31 36 40 45 50 64 69 74 79 
0 2 6 11 16 20 25 29 31 36 40 45 50 64 74 79 93 
0 2 6 11 16 20 25 29 31 36 40 45 50 64 74 93 102 
0 2 6 11 16 20 25 29 31 36 40 45 50 69 74 79 88 
0 2 6 11 16 20 25 29 31 36 40 45 50 74 79 88 93 
0 2 6 11 16 20 25 29 31 36 40 45 50 74 88 93 102 
0 2 6 11 16 20 25 29 31 36 41 45 50 69 74 79 88 
0 2 6 11 16 20 25 29 31 36 41 45 50 74 88 93 102 
0 2 6 11 16 20 25 29 31 36 45 50 62 69 74 79 88 
0 2 6 11 16 20 25 29 31 36 45 50 62 74 79 88 93 
0 2 6 11 16 20 25 29 31 36 45 50 62 74 88 93 102 
0 2 6 11 16 20 25 29 36 45 50 62 74 88 93 102 112 
0 2 6 11 16 21 25 29 31 36 41 45 50 69 74 79 88 
0 2 6 11 16 21 25 29 31 36 41 45 50 74 79 88 93 
0 2 6 11 16 21 25 29 31 36 41 45 50 74 88 93 102 
0 2 6 11 16 21 25 29 31 36 41 46 50 65 74 79 93 
0 2 6 11 16 21 25 29 31 36 41 46 50 65 74 93 102 
0 2 6 11 16 21 25 29 31 36 41 46 50 74 79 88 93 
0 2 6 11 16 21 25 29 31 36 41 50 67 74 79 88 93 
0 2 6 11 16 21 25 29 31 36 41 50 67 74 88 93 102 
0 2 6 11 16 21 25 29 36 41 45 50 74 88 93 102 112 
0 2 6 11 16 21 25 29 36 41 46 50 65 74 93 102 112 
0 2 6 11 16 21 25 29 36 41 46 50 74 88 93 102 112 
0 2 6 11 16 21 25 29 36 41 50 67 74 88 93 102 112 
0 2 6 11 16 21 25 29 36 45 50 62 74 88 93 102 112 
0 2 6 11 16 21 25 29 36 46 50 62 65 74 93 102 112 
0 2 6 11 16 21 25 29 36 46 50 62 74 88 93 102 112 
0 2 6 11 16 21 25 29 36 50 62 67 74 88 93 102 112 
0 2 6 11 16 21 27 29 31 36 41 46 50 65 74 79 93 
0 2 6 11 16 21 27 29 31 36 41 46 50 65 74 93 102 
0 2 6 11 16 21 27 29 31 36 41 46 50 74 79 88 93 
0 2 6 11 16 21 27 29 31 36 41 46 50 74 88 93 102 
0 2 6 11 16 21 27 29 31 36 41 46 51 65 74 79 93 
0 2 6 11 16 21 27 29 31 36 41 46 51 65 74 93 102 
0 2 6 11 16 21 27 29 36 41 46 50 65 74 93 102 112 
0 2 6 11 16 21 27 29 36 41 46 50 74 88 93 102 112 
0 2 6 11 16 21 27 29 36 41 46 51 65 74 93 102 112 
0 2 6 11 16 21 29 31 36 41 45 50 60 69 74 79 88 
0 2 6 11 16 21 29 31 36 41 46 50 60 65 74 79 93 
0 2 6 11 16 21 29 31 36 41 46 50 60 65 74 93 102 
0 2 6 11 16 21 29 31 36 41 46 50 60 74 79 88 93 
0 2 6 11 16 21 29 31 36 41 46 50 60 74 88 93 102 
0 2 6 11 16 21 29 36 41 46 50 60 65 74 93 102 112 
0 2 6 11 16 21 29 36 41 46 50 60 74 88 93 102 112 
0 2 6 11 16 25 29 31 36 40 45 50 64 74 79 87 93 
0 2 6 11 16 25 29 31 36 40 45 50 64 74 87 93 102 
0 2 6 11 16 25 29 31 36 41 45 50 64 74 79 87 93 
0 2 6 11 16 25 29 31 36 41 45 50 64 74 87 93 102 
0 2 6 11 16 25 29 31 36 41 45 50 74 79 87 88 93 
0 2 6 11 16 25 29 31 36 41 45 50 74 87 88 93 102 
0 2 6 11 16 27 29 31 36 41 46 50 65 74 87 93 102 
0 2 6 11 16 27 29 31 36 41 46 51 65 74 87 93 102 
0 2 6 11 16 29 31 36 41 46 50 60 65 74 87 93 102 
0 2 6 16 25 29 31 36 40 45 50 64 74 87 93 102 105 
0 2 6 16 25 29 31 36 41 45 50 64 74 87 93 102 105 
0 2 6 16 25 29 31 36 41 45 50 74 87 88 93 102 105 
0 2 7 11 16 20 25 29 31 36 40 45 50 64 69 74 79 
0 2 7 11 16 20 25 29 31 36 40 45 50 64 74 79 93 
0 2 7 11 16 20 25 29 31 36 40 45 50 69 74 79 88 
0 2 7 11 16 20 25 29 31 36 45 50 62 69 74 79 88 
0 2 7 11 16 20 25 29 31 36 45 50 62 69 79 88 98 
0 2 7 11 16 20 25 29 31 36 45 50 62 74 79 88 93 
0 2 7 11 16 20 25 29 31 36 45 50 62 79 88 93 98 
0 2 7 11 16 20 25 29 31 36 45 62 69 72 79 88 98 
0 2 7 11 16 20 25 29 31 36 45 62 72 79 88 93 98 
0 2 7 11 16 20 25 29 36 45 50 62 69 74 79 88 112 
0 2 7 11 16 20 25 29 36 45 50 62 69 79 88 98 112 
0 2 7 11 16 20 25 29 36 45 50 62 74 79 88 93 112 
0 2 7 11 16 20 25 29 36 45 50 62 74 88 93 103 112 
0 2 7 11 16 20 25 29 36 45 50 62 79 88 93 98 112 
0 2 7 11 16 20 25 29 36 45 50 62 88 93 98 103 112 
0 2 7 11 16 20 25 29 36 45 62 69 72 79 88 98 112 
0 2 7 11 16 20 25 29 36 45 62 72 79 88 93 98 112 
0 2 7 11 16 20 25 29 36 45 62 72 88 93 98 103 112 
0 2 7 11 16 21 25 29 31 36 41 45 50 69 74 79 88 
0 2 7 11 16 21 25 29 31 36 41 45 50 69 79 88 98 
0 2 7 11 16 21 25 29 31 36 41 45 50 74 79 88 93 
0 2 7 11 16 21 25 29 31 36 41 50 67 74 79 88 93 
0 2 7 11 16 21 25 29 31 36 41 50 67 79 88 93 98 
0 2 7 11 16 21 25 29 36 41 45 50 69 74 79 88 112 
0 2 7 11 16 21 25 29 36 41 45 50 69 79 88 98 112 
0 2 7 11 16 21 25 29 36 41 45 50 74 79 88 93 112 
0 2 7 11 16 21 25 29 36 41 45 50 74 88 93 103 112 
0 2 7 11 16 21 25 29 36 41 45 50 79 88 93 98 112 
0 2 7 11 16 21 25 29 36 41 45 50 88 93 98 103 112 
0 2 7 11 16 21 25 29 36 41 50 67 74 79 88 93 112 
0 2 7 11 16 21 25 29 36 41 50 67 74 88 93 103 112 
0 2 7 11 16 21 25 29 36 41 50 67 79 88 93 98 112 
0 2 7 11 16 21 25 29 36 41 50 67 88 93 98 103 112 
0 2 7 11 16 21 25 29 36 45 50 62 69 74 79 88 112 
0 2 7 11 16 21 25 29 36 45 50 62 69 79 88 98 112 
0 2 7 11 16 21 25 29 36 45 50 62 74 79 88 93 112 
0 2 7 11 16 21 25 29 36 45 50 62 74 88 93 103 112 
0 2 7 11 16 21 25 29 36 45 50 62 79 88 93 98 112 
0 2 7 11 16 21 25 29 36 45 50 62 88 93 98 103 112 
0 2 7 11 16 21 25 29 36 45 62 69 72 79 88 98 112 
0 2 7 11 16 21 25 29 36 45 62 72 79 88 93 98 112 
0 2 7 11 16 21 25 29 36 50 62 67 74 79 88 93 112 
0 2 7 11 16 21 25 29 36 50 62 67 79 88 93 98 112 
0 2 7 11 16 21 25 36 41 50 67 74 77 88 93 103 112 
0 2 7 11 16 21 25 36 41 50 67 77 88 93 98 103 112 
0 2 7 11 16 21 27 29 31 36 41 46 50 65 74 79 93 
0 2 7 11 16 21 27 29 31 36 41 46 50 74 79 88 93 
0 2 7 11 16 21 27 29 31 36 41 46 51 65 74 79 93 
0 2 7 11 16 21 27 29 31 36 41 46 51 65 79 93 98 
0 2 7 11 16 21 27 29 31 36 41 46 51 79 89 93 98 
0 2 7 11 16 21 27 29 31 36 41 46 72 79 88 93 98 
0 2 7 11 16 21 27 29 36 41 46 50 65 74 79 93 112 
0 2 7 11 16 21 27 29 36 41 46 50 65 74 93 103 112 
0 2 7 11 16 21 27 29 36 41 46 50 74 79 88 93 112 
0 2 7 11 16 21 27 29 36 41 46 50 74 88 93 103 112 
0 2 7 11 16 21 27 29 36 41 46 50 79 88 93 98 112 
0 2 7 11 16 21 27 29 36 41 46 51 65 74 79 93 112 
0 2 7 11 16 21 27 29 36 41 46 51 65 74 93 103 112 
0 2 7 11 16 21 27 29 36 41 46 51 65 79 93 98 112 
0 2 7 11 16 21 27 29 36 41 46 72 79 88 93 98 112 
0 2 7 11 16 21 27 29 36 46 51 63 79 89 93 98 112 
0 2 7 11 16 21 27 29 36 46 51 63 89 93 98 103 112 
0 2 7 11 16 21 27 29 36 46 63 72 79 88 93 98 112 
0 2 7 11 16 21 27 29 36 46 63 72 79 89 93 98 112 
0 2 7 11 16 21 27 29 36 46 63 72 89 93 98 103 112 
0 2 7 11 16 21 27 31 36 41 46 51 55 70 79 89 98 
0 2 7 11 16 21 27 36 41 46 51 55 70 79 89 98 112 
0 2 7 11 16 21 27 36 41 46 51 65 70 75 79 91 112 
0 2 7 11 16 21 27 36 41 46 51 77 89 93 98 103 112 
0 2 7 11 16 21 27 36 46 51 55 63 70 79 89 98 112 
0 2 7 11 16 21 27 36 46 51 55 63 70 89 98 103 112 
0 2 7 11 16 21 27 36 46 51 55 63 89 94 98 103 112 
0 2 7 11 16 21 27 36 46 51 63 77 89 93 98 103 112 
0 2 7 11 16 21 29 36 41 46 50 60 69 74 79 88 112 
0 2 7 11 16 21 29 36 41 46 50 60 69 79 88 98 112 
0 2 7 11 16 21 29 36 41 46 50 60 74 79 88 93 112 
0 2 7 11 16 21 36 46 51 55 60 63 70 79 89 98 112 
0 2 7 12 16 20 25 29 36 45 50 62 74 88 93 103 112 
0 2 7 12 16 20 25 29 36 45 50 62 88 93 98 103 112 
0 3 7 12 16 20 25 28 31 40 44 58 71 75 84 91 104 
0 3 7 12 16 20 25 28 31 44 52 62 71 75 84 91 104 
0 3 7 12 16 20 25 28 31 44 58 62 71 75 84 91 104 
0 3 7 12 16 20 28 31 40 44 48 58 71 75 84 91 104 
0 3 7 12 16 20 28 31 44 48 58 62 71 75 84 91 104 
0 3 7 16 20 28 31 35 44 48 58 62 71 75 84 91 104 
0 3 12 16 20 28 31 44 48 58 62 71 75 84 91 101 104 
