0 2 7 11 16 21 34 39 43 48 53 57 65 74 79 84 91 101 112 
0 2 7 11 16 21 34 39 43 48 53 57 65 79 84 91 101 105 112 
0 2 7 11 16 21 34 39 48 53 57 65 72 79 84 91 101 105 112 
0 2 7 11 16 21 34 43 48 53 57 67 74 79 84 91 95 101 112 
0 2 7 11 16 23 34 39 43 48 57 65 74 79 84 91 101 107 112 
0 2 7 11 16 23 34 39 43 50 57 65 76 84 91 101 104 112 
0 2 7 11 16 23 34 39 43 50 57 65 76 84 91 101 105 112 
0 2 7 11 16 23 34 39 43 50 57 65 77 84 91 101 105 112 
0 2 7 11 16 23 34 39 43 51 57 65 77 84 91 101 105 112 
0 2 7 11 16 23 34 39 50 57 65 72 76 84 91 101 105 112 
0 2 7 11 16 23 34 39 50 57 65 72 77 84 91 101 105 112 
0 2 7 11 16 23 34 39 51 57 65 72 77 84 91 101 105 112 
0 2 7 11 16 23 34 43 50 57 67 76 84 91 95 101 104 112 
0 2 7 11 16 23 34 43 50 57 67 76 84 91 95 101 105 112 
0 2 7 11 16 23 34 43 50 57 67 77 84 91 95 101 105 112 
0 2 7 11 16 23 34 43 51 57 67 77 84 91 95 101 105 112 
0 2 7 11 16 23 34 50 57 67 72 76 84 91 95 101 105 112 
0 2 7 11 16 23 34 50 57 67 72 77 84 91 95 101 105 112 
0 2 7 11 16 23 34 51 57 67 72 77 84 91 95 101 105 112 
0 2 7 11 16 24 34 39 43 51 57 65 77 84 91 101 105 112 
0 2 7 11 16 24 34 39 51 57 65 72 77 84 91 101 105 112 
0 2 7 11 16 24 34 43 51 57 67 77 84 91 95 101 105 112 
0 2 7 11 16 24 34 51 57 67 72 77 84 91 95 101 105 112 
0 2 7 11 17 23 34 39 45 51 57 65 71 77 84 91 101 106 112 
0 2 7 11 17 23 34 45 51 57 67 71 77 84 91 95 101 106 112 
0 2 7 11 17 24 34 39 45 51 57 65 71 77 84 91 101 106 112 
0 2 7 11 17 24 34 39 45 51 57 65 71 78 84 91 101 106 112 
0 2 7 11 17 24 34 45 51 57 67 71 77 84 91 95 101 106 112 
0 2 7 11 17 24 34 45 51 57 67 71 78 84 91 95 101 106 112 
0 2 7 11 18 23 34 39 45 50 57 65 71 76 84 91 101 112 
0 2 7 11 18 23 34 39 45 50 57 65 71 84 91 101 107 112 
0 2 7 11 18 23 34 39 45 50 57 65 72 76 84 91 101 112 
0 2 7 11 18 23 34 39 45 50 57 65 72 84 91 101 107 112 
0 2 7 11 18 23 34 39 45 57 65 71 79 84 91 101 107 112 
0 2 7 11 18 23 34 39 45 57 65 72 79 84 91 101 107 112 
0 2 7 11 18 23 34 39 46 50 57 65 72 84 91 101 107 112 
0 2 7 11 18 23 34 39 46 57 65 72 79 84 91 101 107 112 
0 2 7 11 18 23 34 45 50 57 67 71 76 84 91 95 101 112 
0 2 7 11 18 23 34 45 50 57 67 71 84 91 95 101 107 112 
0 2 7 11 18 23 34 45 50 57 67 72 76 84 91 95 101 112 
0 2 7 11 18 23 34 45 50 57 67 72 84 91 95 101 107 112 
0 2 7 11 18 23 34 45 57 67 71 79 84 91 95 101 107 112 
0 2 7 11 18 23 34 45 57 67 72 79 84 91 95 101 107 112 
0 2 7 11 18 23 34 46 50 57 67 72 84 91 95 101 107 112 
0 2 7 11 18 23 34 46 57 67 72 79 84 91 95 101 107 112 
0 2 7 11 18 24 34 45 51 57 67 71 78 84 91 95 101 106 112 
0 2 7 11 18 24 34 45 51 57 67 72 78 84 91 95 101 106 112 
0 2 7 11 18 34 39 45 53 57 65 71 79 84 91 101 107 112 
0 2 7 11 18 34 39 45 53 57 65 72 79 84 91 101 107 112 
0 2 7 11 18 34 39 46 53 57 65 72 79 84 91 101 107 112 
0 2 7 11 19 23 34 39 46 51 57 65 72 77 84 91 101 112 
0 2 7 11 19 23 34 39 46 57 65 72 79 84 91 101 107 112 
0 2 7 11 19 23 34 46 51 57 67 72 77 84 91 95 101 112 
0 2 7 11 19 23 34 46 57 67 72 79 84 91 95 101 107 112 
0 2 7 11 19 24 34 46 51 57 67 72 77 84 91 95 101 112 
0 2 7 11 19 24 34 46 51 57 67 72 84 91 95 101 108 112 
0 2 7 11 19 34 39 46 53 57 65 72 79 84 91 101 107 112 
0 2 7 11 19 34 39 46 53 57 65 72 79 84 91 101 108 112 
0 2 7 11 23 34 39 45 50 57 65 71 76 84 91 101 104 112 
0 2 7 11 23 34 39 46 50 57 65 72 77 84 91 101 105 112 
0 2 7 11 23 34 39 46 51 57 65 72 77 84 91 101 105 112 
0 2 7 11 23 34 45 50 57 67 71 76 84 91 95 101 104 112 
0 2 7 11 23 34 46 50 57 67 72 77 84 91 95 101 105 112 
0 2 7 11 23 34 46 51 57 67 72 77 84 91 95 101 105 112 
0 2 7 11 24 34 39 46 51 57 65 72 77 84 91 101 105 112 
0 2 7 11 24 34 46 51 57 67 72 77 84 91 95 101 105 112 
0 2 7 12 16 23 34 39 44 50 57 65 70 76 84 91 105 112 
0 2 7 12 16 23 34 39 44 50 57 65 70 77 84 91 105 112 
0 2 7 12 16 23 34 39 44 50 57 70 76 84 91 96 105 112 
0 2 7 12 16 23 34 39 44 50 57 70 77 84 91 96 105 112 
0 2 7 12 16 23 34 39 44 51 57 65 70 77 84 91 105 112 
0 2 7 12 16 23 34 39 44 51 57 70 77 84 91 96 105 112 
0 2 7 12 16 23 34 39 50 57 65 72 76 84 91 101 105 112 
0 2 7 12 16 23 34 39 50 57 65 72 77 84 91 101 105 112 
0 2 7 12 16 23 34 39 50 57 72 76 84 91 96 101 105 112 
0 2 7 12 16 23 34 39 50 57 72 77 84 91 96 101 105 112 
0 2 7 12 16 23 34 39 51 57 65 72 77 84 91 101 105 112 
0 2 7 12 16 23 34 39 51 57 72 77 84 91 96 101 105 112 
0 2 7 12 16 23 39 44 50 57 63 70 76 84 91 96 105 112 
0 2 7 12 16 23 39 44 50 57 63 70 77 84 91 96 105 112 
0 2 7 12 16 23 39 44 51 57 63 70 77 84 91 96 105 112 
0 2 7 12 16 23 39 50 57 63 72 76 84 91 96 101 105 112 
0 2 7 12 16 23 39 50 57 63 72 77 84 91 96 101 105 112 
0 2 7 12 16 23 39 51 57 63 72 77 84 91 96 101 105 112 
0 2 7 12 16 24 34 39 44 51 57 70 77 84 91 96 105 112 
0 2 7 12 16 24 34 39 51 57 72 77 84 91 96 101 105 112 
0 2 7 12 16 24 39 51 57 63 72 77 84 91 96 101 105 112 
0 2 7 12 17 23 34 39 44 50 57 65 70 77 84 91 105 112 
0 2 7 12 17 23 34 39 44 50 57 65 77 84 91 105 112 114 
0 2 7 12 17 23 34 39 44 50 57 70 77 84 91 96 105 112 
0 2 7 12 17 23 34 39 44 50 57 77 84 91 96 105 112 114 
0 2 7 12 17 23 34 39 44 51 57 65 70 77 84 91 105 112 
0 2 7 12 17 23 34 39 44 51 57 65 70 77 84 91 106 112 
0 2 7 12 17 23 34 39 44 51 57 65 77 84 91 105 112 114 
0 2 7 12 17 23 34 39 44 51 57 65 77 84 91 106 112 114 
0 2 7 12 17 23 34 39 44 51 57 70 77 84 91 96 105 112 
0 2 7 12 17 23 34 39 44 51 57 70 77 84 91 96 106 112 
0 2 7 12 17 23 34 39 44 51 57 77 84 91 96 105 112 114 
0 2 7 12 17 23 34 39 44 51 57 77 84 91 96 106 112 114 
0 2 7 12 17 23 34 39 51 57 65 73 77 84 91 106 112 114 
0 2 7 12 17 23 34 39 51 57 73 77 84 91 96 106 112 114 
0 2 7 12 17 23 34 44 50 57 68 77 84 91 96 105 112 114 
0 2 7 12 17 23 34 44 51 57 68 77 84 91 96 105 112 114 
0 2 7 12 17 23 34 44 51 57 68 77 84 91 96 106 112 114 
0 2 7 12 17 23 34 51 57 68 73 77 84 91 96 106 112 114 
0 2 7 12 17 23 39 44 50 57 63 77 84 91 96 105 112 114 
0 2 7 12 17 23 39 44 51 57 63 77 84 91 96 105 112 114 
0 2 7 12 17 23 39 44 51 57 63 77 84 91 96 106 112 114 
0 2 7 12 17 23 39 51 57 63 73 77 84 91 96 106 112 114 
0 2 7 12 17 23 44 50 57 63 68 77 84 91 96 105 112 114 
0 2 7 12 17 23 44 51 57 63 68 77 84 91 96 105 112 114 
0 2 7 12 17 23 44 51 57 63 68 77 84 91 96 106 112 114 
0 2 7 12 17 23 51 57 63 68 73 77 84 91 96 106 112 114 
0 2 7 12 17 24 34 39 44 51 57 77 84 91 96 105 112 114 
0 2 7 12 17 24 34 39 44 51 57 77 84 91 96 106 112 114 
0 2 7 12 17 24 34 39 44 51 57 78 84 91 96 106 112 114 
0 2 7 12 17 24 34 39 51 57 73 77 84 91 96 106 112 114 
0 2 7 12 17 24 34 39 51 57 73 78 84 91 96 106 112 114 
0 2 7 12 17 24 34 44 51 57 68 77 84 91 96 105 112 114 
0 2 7 12 17 24 34 44 51 57 68 77 84 91 96 106 112 114 
0 2 7 12 17 24 34 44 51 57 68 78 84 91 96 106 112 114 
0 2 7 12 17 24 34 51 57 68 73 77 84 91 96 106 112 114 
0 2 7 12 17 24 34 51 57 68 73 78 84 91 96 106 112 114 
0 2 7 12 17 24 39 44 51 57 63 77 84 91 96 105 112 114 
0 2 7 12 17 24 39 44 51 57 63 77 84 91 96 106 112 114 
0 2 7 12 17 24 39 44 51 57 63 78 84 91 96 106 112 114 
0 2 7 12 17 24 39 51 57 63 73 77 84 91 96 106 112 114 
0 2 7 12 17 24 39 51 57 63 73 78 84 91 96 106 112 114 
0 2 7 12 17 24 44 51 57 63 68 77 84 91 96 105 112 114 
0 2 7 12 17 24 51 57 63 68 73 77 84 91 96 106 112 114 
0 2 7 12 17 24 51 57 63 68 73 78 84 91 96 106 112 114 
0 2 7 12 18 23 34 39 45 50 57 72 76 84 91 96 101 112 
0 2 7 12 18 23 34 39 45 50 57 72 84 91 96 101 107 112 
0 2 7 12 18 23 34 39 45 57 72 79 84 91 96 101 107 112 
0 2 7 12 18 23 34 39 46 50 57 72 84 91 96 101 107 112 
0 2 7 12 18 23 34 39 46 50 57 72 84 91 96 107 112 114 
0 2 7 12 18 23 34 39 46 57 72 79 84 91 96 101 107 112 
0 2 7 12 18 23 34 39 46 57 72 79 84 91 96 107 112 114 
0 2 7 12 18 23 34 46 50 57 68 72 84 91 96 107 112 114 
0 2 7 12 18 23 39 45 50 57 63 72 76 84 91 96 101 112 
0 2 7 12 18 23 46 50 57 63 68 72 84 91 96 107 112 114 
0 2 7 12 18 23 46 57 63 68 72 79 84 91 96 107 112 114 
0 2 7 12 18 24 34 39 45 51 57 72 78 84 91 96 101 106 112 
0 2 7 12 18 24 39 45 51 57 63 72 78 84 91 96 101 106 112 
0 2 7 12 18 34 39 45 53 57 65 72 79 84 91 101 107 112 
0 2 7 12 18 34 39 46 53 57 65 72 79 84 91 101 107 112 
0 2 7 12 18 34 39 46 53 57 65 72 79 84 91 107 112 114 
0 2 7 12 19 23 34 39 46 51 57 72 77 84 91 96 101 112 
0 2 7 12 19 23 34 39 46 51 57 72 77 84 91 96 112 114 
0 2 7 12 19 23 34 39 46 51 57 73 77 84 91 96 112 114 
0 2 7 12 19 23 34 39 46 57 72 79 84 91 96 101 107 112 
0 2 7 12 19 23 34 46 51 57 68 72 77 84 91 96 112 114 
0 2 7 12 19 23 34 46 51 57 68 73 77 84 91 96 112 114 
0 2 7 12 19 23 39 46 51 57 63 72 77 84 91 96 101 112 
0 2 7 12 19 23 39 46 51 57 63 72 77 84 91 96 112 114 
0 2 7 12 19 23 39 46 51 57 63 73 77 84 91 96 112 114 
0 2 7 12 19 23 46 51 57 63 68 72 77 84 91 96 112 114 
0 2 7 12 19 23 46 51 57 63 68 73 77 84 91 96 112 114 
0 2 7 12 19 23 46 57 63 68 72 79 84 91 96 107 112 114 
0 2 7 12 19 23 46 57 63 68 73 79 84 91 96 107 112 114 
0 2 7 12 19 24 34 39 46 51 57 72 77 84 91 96 101 112 
0 2 7 12 19 24 34 39 46 51 57 72 77 84 91 96 112 114 
0 2 7 12 19 24 34 39 46 51 57 73 77 84 91 96 112 114 
0 2 7 12 19 24 34 46 51 57 68 72 77 84 91 96 112 114 
0 2 7 12 19 24 34 46 51 57 68 73 77 84 91 96 112 114 
0 2 7 12 19 24 39 46 51 57 63 72 77 84 91 96 101 112 
0 2 7 12 19 24 39 46 51 57 63 72 77 84 91 96 112 114 
0 2 7 12 19 24 39 46 51 57 63 73 77 84 91 96 112 114 
0 2 7 12 19 24 46 51 57 63 68 72 77 84 91 96 112 114 
0 2 7 12 19 24 46 51 57 63 68 72 84 91 96 108 112 114 
0 2 7 12 19 24 46 51 57 63 68 73 77 84 91 96 112 114 
0 2 7 12 19 24 46 51 57 63 68 73 84 91 96 108 112 114 
0 2 7 12 19 24 47 51 57 63 68 73 84 91 96 108 112 114 
0 2 7 12 19 34 39 46 53 57 65 72 79 84 91 101 107 112 
0 2 7 12 23 34 39 46 50 57 65 72 77 84 91 101 105 112 
0 2 7 12 23 34 39 46 50 57 65 72 77 84 91 105 112 114 
0 2 7 12 23 34 39 46 50 57 72 77 84 91 96 101 105 112 
0 2 7 12 23 34 39 46 50 57 72 77 84 91 96 105 112 114 
0 2 7 12 23 34 39 46 51 57 65 72 77 84 91 101 105 112 
0 2 7 12 23 34 39 46 51 57 72 77 84 91 96 101 105 112 
0 2 7 12 23 34 39 46 51 57 72 77 84 91 96 105 112 114 
0 2 7 12 23 34 46 50 57 68 72 77 84 91 96 105 112 114 
0 2 7 12 23 34 46 51 57 68 72 77 84 91 96 105 112 114 
0 2 7 12 23 46 50 57 63 68 72 77 84 91 96 105 112 114 
0 2 7 12 23 46 51 57 63 68 72 77 84 91 96 105 112 114 
0 2 7 12 24 34 39 46 51 57 72 77 84 91 96 101 105 112 
0 2 7 12 24 34 39 46 51 57 72 77 84 91 96 105 112 114 
0 2 7 12 24 34 39 47 51 57 73 78 84 91 96 106 112 114 
0 2 7 12 24 34 46 51 57 68 72 77 84 91 96 105 112 114 
0 2 7 12 24 34 47 51 57 68 73 78 84 91 96 106 112 114 
0 2 7 12 24 46 51 57 63 68 72 77 84 91 96 105 112 114 
0 2 7 12 24 47 51 57 63 68 73 78 84 91 96 106 112 114 
0 2 7 13 17 23 34 40 45 51 57 67 71 77 84 91 95 106 112 
0 2 7 13 17 23 34 40 51 57 67 73 77 84 91 95 106 112 114 
0 2 7 13 17 24 34 40 45 51 57 67 71 77 84 91 95 106 112 
0 2 7 13 17 24 34 40 45 51 57 67 71 78 84 91 95 106 112 
0 2 7 13 17 24 34 40 51 57 67 73 77 84 91 95 106 112 114 
0 2 7 13 17 24 34 40 51 57 67 73 78 84 91 95 106 112 114 
0 2 7 13 18 23 34 40 45 50 57 67 71 76 84 91 95 112 
0 2 7 13 18 23 34 40 45 50 57 67 76 84 91 95 102 112 
0 2 7 13 18 23 34 41 45 50 57 67 76 84 91 95 102 112 
0 2 7 13 18 23 34 41 45 50 57 67 76 84 91 96 102 112 
0 2 7 13 18 23 41 45 50 57 63 67 76 84 91 96 102 112 
0 2 7 13 18 23 41 45 50 57 63 67 84 91 96 102 107 112 
0 2 7 13 18 23 41 45 57 63 67 79 84 91 96 102 107 112 
0 2 7 13 18 23 41 50 57 63 67 74 84 91 96 102 107 112 
0 2 7 13 18 24 34 40 45 51 57 67 71 78 84 91 95 106 112 
0 2 7 13 18 24 41 45 51 57 63 67 78 84 91 96 102 106 112 
0 2 7 13 19 23 34 40 46 51 57 67 73 77 84 91 95 112 114 
0 2 7 13 19 24 34 40 46 51 57 67 73 77 84 91 95 112 114 
0 2 7 13 19 24 41 47 51 57 63 67 73 84 91 96 102 108 112 
0 2 7 13 23 34 40 45 50 57 67 71 76 84 91 95 104 112 
0 2 7 13 24 41 47 51 57 63 67 73 78 84 91 96 102 106 112 
0 2 7 14 18 23 41 46 50 57 63 67 72 84 91 96 107 112 
0 2 7 14 18 23 41 46 50 57 63 68 72 84 91 96 107 112 
0 2 7 14 18 23 41 46 57 63 67 72 79 84 91 96 107 112 
0 2 7 14 18 23 41 46 57 63 68 72 79 84 91 96 107 112 
0 2 7 14 18 23 41 50 57 63 67 74 84 91 96 102 107 112 
0 2 7 14 18 23 41 50 57 63 68 74 84 91 96 102 107 112 
0 2 7 14 19 23 34 41 46 51 57 67 72 77 84 91 95 112 
0 2 7 14 19 23 34 41 46 51 57 67 72 77 84 91 96 112 
0 2 7 14 19 23 34 41 46 51 57 67 77 84 91 95 103 112 
0 2 7 14 19 23 34 41 46 51 57 67 77 84 91 96 103 112 
0 2 7 14 19 23 34 41 46 51 57 68 72 77 84 91 96 112 
0 2 7 14 19 23 34 41 46 51 57 68 77 84 91 96 103 112 
0 2 7 14 19 23 34 42 46 51 57 68 77 84 91 96 103 112 
0 2 7 14 19 23 41 46 51 57 63 67 72 77 84 91 96 112 
0 2 7 14 19 23 41 46 51 57 63 67 77 84 91 96 103 112 
0 2 7 14 19 23 41 46 51 57 63 68 72 77 84 91 96 112 
0 2 7 14 19 23 41 46 51 57 63 68 77 84 91 96 103 112 
0 2 7 14 19 23 41 46 57 63 67 72 79 84 91 96 107 112 
0 2 7 14 19 23 41 46 57 63 67 79 84 91 96 103 107 112 
0 2 7 14 19 23 41 46 57 63 68 79 84 91 96 103 107 112 
0 2 7 14 19 23 42 46 51 57 63 68 77 84 91 96 103 112 
0 2 7 14 19 23 42 46 57 63 68 79 84 91 96 103 107 112 
0 2 7 14 19 24 34 41 46 51 57 67 72 77 84 91 95 112 
0 2 7 14 19 24 34 41 46 51 57 67 72 77 84 91 96 112 
0 2 7 14 19 24 34 41 46 51 57 67 77 84 91 95 103 112 
0 2 7 14 19 24 34 41 46 51 57 67 77 84 91 96 103 112 
0 2 7 14 19 24 34 41 46 51 57 68 72 77 84 91 96 112 
0 2 7 14 19 24 34 41 46 51 57 68 77 84 91 96 103 112 
0 2 7 14 19 24 34 42 46 51 57 68 77 84 91 96 103 112 
0 2 7 14 19 24 41 46 51 57 63 67 72 77 84 91 96 112 
0 2 7 14 19 24 41 46 51 57 63 67 72 84 91 96 108 112 
0 2 7 14 19 24 41 46 51 57 63 67 77 84 91 96 103 112 
0 2 7 14 19 24 41 46 51 57 63 67 84 91 96 103 108 112 
0 2 7 14 19 24 41 46 51 57 63 68 72 77 84 91 96 112 
0 2 7 14 19 24 41 46 51 57 63 68 72 84 91 96 108 112 
0 2 7 14 19 24 41 46 51 57 63 68 77 84 91 96 103 112 
0 2 7 14 19 24 41 46 51 57 63 68 84 91 96 103 108 112 
0 2 7 14 19 24 41 51 57 63 67 75 84 91 96 103 108 112 
0 2 7 14 19 24 41 51 57 63 68 75 84 91 96 103 108 112 
0 2 7 14 19 24 42 46 51 57 63 68 77 84 91 96 103 112 
0 2 7 14 19 24 42 46 51 57 63 68 84 91 96 103 108 112 
0 2 7 14 19 24 42 51 57 63 68 75 84 91 96 103 108 112 
0 2 7 14 23 34 41 46 50 57 67 72 77 84 91 95 105 112 
0 2 7 14 23 34 41 46 50 57 67 72 77 84 91 96 105 112 
0 2 7 14 23 34 41 46 50 57 68 72 77 84 91 96 105 112 
0 2 7 14 23 34 41 46 51 57 67 72 77 84 91 95 105 112 
0 2 7 14 23 34 41 46 51 57 67 72 77 84 91 96 105 112 
0 2 7 14 23 41 46 50 57 63 67 72 77 84 91 96 105 112 
0 2 7 14 23 41 46 50 57 63 68 72 77 84 91 96 105 112 
0 2 7 14 23 41 46 51 57 63 67 72 77 84 91 96 105 112 
0 2 7 14 23 41 46 51 57 63 68 72 77 84 91 96 105 112 
0 2 7 14 24 34 41 46 51 57 67 72 77 84 91 95 105 112 
0 2 7 14 24 41 46 51 57 63 67 72 77 84 91 96 105 112 
0 2 7 14 24 41 46 51 57 63 68 72 77 84 91 96 105 112 
0 2 7 15 19 24 42 47 51 57 63 68 73 84 91 96 108 112 
0 2 7 15 19 24 42 51 57 63 68 75 84 91 96 103 108 112 
0 2 7 15 23 34 42 50 57 68 76 84 91 96 104 112 
0 2 7 15 23 42 50 57 63 68 76 84 91 96 104 112 
0 2 7 15 24 42 47 51 57 63 68 73 78 84 91 96 106 112 
0 2 7 16 23 41 50 57 63 67 72 76 84 91 96 101 105 112 
0 2 7 16 23 41 50 57 63 67 72 77 84 91 96 101 105 112 
0 2 7 16 23 41 51 57 63 67 72 77 84 91 96 101 105 112 
0 2 7 16 24 41 51 57 63 67 72 77 84 91 96 101 105 112 
0 2 7 17 23 42 51 57 63 68 73 77 84 91 96 106 112 114 
0 2 7 17 24 42 51 57 63 68 73 77 84 91 96 106 112 114 
0 2 7 17 24 42 51 57 63 68 73 78 84 91 96 106 112 114 
0 2 7 18 23 34 41 45 50 57 67 72 76 84 91 95 101 112 
0 2 7 18 23 34 41 45 50 57 67 72 76 84 91 96 101 112 
0 2 7 18 23 41 45 50 57 63 67 72 76 84 91 96 101 112 
0 2 7 18 23 41 45 50 57 63 67 72 84 91 96 101 107 112 
0 2 7 18 23 41 46 50 57 63 67 72 84 91 96 101 107 112 
0 2 7 18 24 41 45 51 57 63 67 72 78 84 91 96 101 106 112 
0 2 7 19 23 34 41 46 51 57 67 72 77 84 91 95 101 112 
0 2 7 19 23 34 41 46 51 57 67 72 77 84 91 96 101 112 
0 2 7 19 23 41 46 51 57 63 67 72 77 84 91 96 101 112 
0 2 7 19 23 42 46 51 57 63 68 73 77 84 91 96 112 114 
0 2 7 19 24 34 41 46 51 57 67 72 77 84 91 95 101 112 
0 2 7 19 24 41 46 51 57 63 67 72 77 84 91 96 101 112 
0 2 7 19 24 41 46 51 57 63 67 72 84 91 96 101 108 112 
0 2 7 19 24 42 46 51 57 63 68 73 77 84 91 96 112 114 
0 2 7 19 24 42 46 51 57 63 68 73 84 91 96 108 112 114 
0 2 7 19 24 42 47 51 57 63 68 73 84 91 96 108 112 114 
0 2 7 23 41 46 50 57 63 67 72 77 84 91 96 101 105 112 
0 2 7 23 41 46 51 57 63 67 72 77 84 91 96 101 105 112 
0 2 7 24 41 46 51 57 63 67 72 77 84 91 96 101 105 112 
0 2 7 24 42 47 51 57 63 68 73 78 84 91 96 106 112 114 
0 2 8 13 17 23 36 40 45 51 57 62 71 77 84 91 97 106 112 
0 2 8 13 17 23 36 40 51 57 62 73 77 84 91 97 106 112 114 
0 2 8 13 17 24 36 40 45 51 57 62 71 77 84 91 97 106 112 
0 2 8 13 17 24 36 40 51 57 62 73 77 84 91 97 106 112 114 
0 2 8 13 17 24 36 40 51 57 62 73 78 84 91 97 106 112 114 
0 2 8 13 18 23 36 40 45 50 57 62 71 84 91 97 107 112 
0 2 8 13 18 23 36 40 45 50 57 62 84 91 97 102 107 112 
0 2 8 13 18 23 36 40 50 57 62 74 84 91 97 102 107 112 
0 2 8 13 18 24 36 40 45 51 57 62 78 84 91 97 102 106 112 
0 2 8 13 18 24 36 45 51 57 62 69 78 84 91 97 102 106 112 
0 2 8 13 19 23 36 40 46 51 57 62 73 77 84 91 97 112 114 
0 2 8 13 19 24 36 40 46 51 57 62 73 77 84 91 97 112 114 
0 2 8 13 19 24 36 40 46 51 57 62 73 84 91 97 108 112 114 
0 2 8 13 19 24 36 40 47 51 57 62 73 84 91 97 102 108 112 
0 2 8 13 19 24 36 40 47 51 57 62 73 84 91 97 108 112 114 
0 2 8 13 19 24 36 47 51 57 62 69 73 84 91 97 102 108 112 
0 2 8 13 24 36 40 47 51 57 62 73 78 84 91 97 102 106 112 
0 2 8 14 19 23 36 42 46 51 57 62 68 77 84 91 97 103 112 
0 2 8 14 19 24 36 42 46 51 57 62 68 84 91 97 103 108 112 
0 2 8 14 19 24 36 42 51 57 62 68 75 84 91 97 103 108 112 
0 2 8 15 19 24 36 42 47 51 57 62 68 73 84 91 97 108 112 
0 2 8 15 19 24 36 42 47 51 57 62 69 73 84 91 97 108 112 
0 2 8 15 19 24 36 42 51 57 62 68 75 84 91 97 103 108 112 
0 2 8 15 19 24 36 42 51 57 62 69 75 84 91 97 103 108 112 
0 2 8 15 23 36 42 50 57 62 68 76 84 91 97 104 112 
0 2 8 15 23 36 42 50 57 62 69 76 84 91 97 104 112 
0 2 8 15 23 36 43 50 57 62 69 76 84 91 97 104 112 
0 2 8 16 23 36 43 50 57 62 69 76 84 91 97 104 112 
0 2 8 16 23 36 43 50 57 62 69 76 84 91 97 105 112 
0 2 8 16 23 36 43 50 57 62 69 77 84 91 97 105 112 
0 2 8 16 23 36 43 51 57 62 69 77 84 91 97 105 112 
0 2 8 16 24 36 43 51 57 62 69 77 84 91 97 105 112 
0 2 8 17 24 36 42 51 57 62 68 73 77 84 91 97 106 112 114 
0 2 8 19 23 36 42 46 51 57 62 68 73 77 84 91 97 112 114 
0 2 8 19 24 36 42 46 51 57 62 68 73 77 84 91 97 112 114 
0 2 8 19 24 36 42 46 51 57 62 68 73 84 91 97 108 112 114 
0 2 8 19 24 36 42 47 51 57 62 68 73 84 91 97 108 112 114 
0 2 9 13 18 23 36 41 45 50 57 62 67 76 84 91 102 112 
0 2 9 13 18 23 36 41 45 50 57 62 67 84 91 102 107 112 
0 2 9 13 18 23 36 41 45 50 57 63 67 76 84 91 102 112 
0 2 9 13 18 23 36 41 45 50 57 63 67 84 91 102 107 112 
0 2 9 13 18 23 36 41 50 57 62 67 74 84 91 102 107 112 
0 2 9 13 18 23 36 41 50 57 63 67 74 84 91 102 107 112 
0 2 9 13 19 24 36 41 47 51 57 62 67 73 84 91 102 108 112 
0 2 9 13 19 24 36 41 47 51 57 63 67 73 84 91 102 108 112 
0 2 9 13 19 24 36 47 51 57 62 69 73 84 91 97 102 108 112 
0 2 9 13 19 24 36 47 51 57 63 69 73 84 91 97 102 108 112 
0 2 9 14 18 23 36 41 46 50 57 62 67 72 84 91 107 112 
0 2 9 14 18 23 36 41 46 50 57 62 72 84 91 98 107 112 
0 2 9 14 18 23 36 41 46 50 57 63 67 72 84 91 107 112 
0 2 9 14 18 23 36 41 46 50 57 63 72 84 91 98 107 112 
0 2 9 14 18 23 36 41 50 57 62 67 74 84 91 102 107 112 
0 2 9 14 18 23 36 41 50 57 62 74 84 91 98 102 107 112 
0 2 9 14 18 23 36 41 50 57 63 74 84 91 98 102 107 112 
0 2 9 14 18 23 37 41 46 50 57 63 72 84 91 98 107 112 
0 2 9 14 18 23 37 41 50 57 63 74 84 91 98 102 107 112 
0 2 9 14 19 23 36 41 46 51 57 62 67 72 77 84 91 112 
0 2 9 14 19 23 36 41 46 51 57 62 67 77 84 91 103 112 
0 2 9 14 19 23 36 41 46 51 57 63 67 72 77 84 91 112 
0 2 9 14 19 23 36 41 46 51 57 63 67 77 84 91 103 112 
0 2 9 14 19 24 36 41 46 51 57 62 67 72 77 84 91 112 
0 2 9 14 19 24 36 41 46 51 57 62 67 72 84 91 108 112 
0 2 9 14 19 24 36 41 46 51 57 62 67 77 84 91 103 112 
0 2 9 14 19 24 36 41 46 51 57 62 67 84 91 103 108 112 
0 2 9 14 19 24 36 41 46 51 57 62 84 91 98 103 108 112 
0 2 9 14 19 24 36 41 46 51 57 63 67 72 84 91 108 112 
0 2 9 14 19 24 36 41 46 51 57 63 67 77 84 91 103 112 
0 2 9 14 19 24 36 41 46 51 57 63 67 84 91 103 108 112 
0 2 9 14 19 24 36 41 46 51 57 63 84 91 98 103 108 112 
0 2 9 14 19 24 36 41 51 57 62 67 75 84 91 103 108 112 
0 2 9 14 19 24 36 41 51 57 62 75 84 91 98 103 108 112 
0 2 9 14 19 24 36 41 51 57 63 67 75 84 91 103 108 112 
0 2 9 14 19 24 36 41 51 57 63 75 84 91 98 103 108 112 
0 2 9 14 19 24 37 41 46 51 57 63 84 91 98 103 108 112 
0 2 9 14 19 24 37 41 51 57 63 75 84 91 98 103 108 112 
0 2 9 15 19 24 36 42 47 51 57 62 69 73 84 91 97 108 112 
0 2 9 15 19 24 36 42 47 51 57 63 69 73 84 91 97 108 112 
0 2 9 15 23 36 42 50 57 62 69 76 84 91 97 104 112 
0 2 9 15 23 36 42 50 57 63 69 76 84 91 97 104 112 
0 2 9 15 23 36 43 50 57 62 69 76 84 91 97 104 112 
0 2 9 15 23 36 43 50 57 62 69 76 84 91 98 104 112 
0 2 9 15 23 36 43 50 57 63 69 76 84 91 97 104 112 
0 2 9 15 23 36 43 50 57 63 69 76 84 91 98 104 112 
0 2 9 15 23 37 43 50 57 63 69 76 84 91 98 104 112 
0 2 9 16 23 36 43 50 57 62 69 76 84 91 97 104 112 
0 2 9 16 23 36 43 50 57 62 69 76 84 91 97 105 112 
0 2 9 16 23 36 43 50 57 62 69 76 84 91 98 104 112 
0 2 9 16 23 36 43 50 57 62 69 76 84 91 98 105 112 
0 2 9 16 23 36 43 50 57 62 69 77 84 91 97 105 112 
0 2 9 16 23 36 43 50 57 62 69 77 84 91 98 105 112 
0 2 9 16 23 36 43 50 57 62 70 76 84 91 98 104 112 
0 2 9 16 23 36 43 50 57 62 70 76 84 91 98 105 112 
0 2 9 16 23 36 43 50 57 62 70 77 84 91 98 105 112 
0 2 9 16 23 36 43 50 57 63 69 76 84 91 97 104 112 
0 2 9 16 23 36 43 50 57 63 69 76 84 91 97 105 112 
0 2 9 16 23 36 43 50 57 63 69 76 84 91 98 104 112 
0 2 9 16 23 36 43 50 57 63 69 76 84 91 98 105 112 
0 2 9 16 23 36 43 50 57 63 69 77 84 91 97 105 112 
0 2 9 16 23 36 43 50 57 63 69 77 84 91 98 105 112 
0 2 9 16 23 36 43 50 57 63 70 76 84 91 98 104 112 
0 2 9 16 23 36 43 50 57 63 70 76 84 91 98 105 112 
0 2 9 16 23 36 43 50 57 63 70 77 84 91 98 105 112 
0 2 9 16 23 36 43 51 57 62 69 77 84 91 97 105 112 
0 2 9 16 23 36 43 51 57 62 69 77 84 91 98 105 112 
0 2 9 16 23 36 43 51 57 62 70 77 84 91 98 105 112 
0 2 9 16 23 36 43 51 57 63 69 77 84 91 97 105 112 
0 2 9 16 23 36 43 51 57 63 69 77 84 91 98 105 112 
0 2 9 16 23 36 43 51 57 63 70 77 84 91 98 105 112 
0 2 9 16 23 36 44 50 57 62 70 76 84 91 98 105 112 
0 2 9 16 23 36 44 50 57 62 70 77 84 91 98 105 112 
0 2 9 16 23 36 44 50 57 63 70 76 84 91 98 105 112 
0 2 9 16 23 36 44 50 57 63 70 77 84 91 98 105 112 
0 2 9 16 23 36 44 51 57 62 70 77 84 91 98 105 112 
0 2 9 16 23 37 43 50 57 63 69 76 84 91 98 104 112 
0 2 9 16 23 37 43 50 57 63 69 76 84 91 98 105 112 
0 2 9 16 23 37 43 50 57 63 69 77 84 91 98 105 112 
0 2 9 16 23 37 43 50 57 63 70 76 84 91 98 104 112 
0 2 9 16 23 37 43 50 57 63 70 76 84 91 98 105 112 
0 2 9 16 23 37 43 50 57 63 70 77 84 91 98 105 112 
0 2 9 16 23 37 43 51 57 63 69 77 84 91 98 105 112 
0 2 9 16 23 37 44 50 57 63 70 76 84 91 98 105 112 
0 2 9 16 24 36 43 51 57 62 69 77 84 91 97 105 112 
0 2 9 16 24 36 43 51 57 62 69 77 84 91 98 105 112 
0 2 9 16 24 36 43 51 57 62 70 77 84 91 98 105 112 
0 2 9 16 24 36 43 51 57 63 69 77 84 91 97 105 112 
0 2 9 16 24 36 43 51 57 63 69 77 84 91 98 105 112 
0 2 9 16 24 37 43 51 57 63 69 77 84 91 98 105 112 
0 2 9 18 23 36 41 45 50 57 62 67 72 76 84 91 101 112 
0 2 9 18 23 36 41 45 50 57 63 67 72 76 84 91 101 112 
0 2 10 14 19 24 37 42 46 51 57 63 68 84 91 103 108 112 
0 2 10 15 19 24 37 42 47 51 57 63 68 73 84 91 108 112 
0 2 10 15 19 24 37 42 47 51 57 63 73 84 91 99 108 112 
0 2 10 15 19 24 37 42 51 57 63 75 84 91 99 103 108 112 
0 2 10 15 23 37 42 50 57 63 68 76 84 91 104 112 
0 2 10 15 23 37 42 50 57 63 76 84 91 99 104 112 
0 2 10 15 23 37 50 57 63 71 76 84 91 99 104 112 
0 2 10 16 23 37 43 50 57 63 70 76 84 91 98 104 112 
0 2 10 16 23 37 43 50 57 63 70 76 84 91 98 105 112 
0 2 10 18 23 37 45 50 57 63 71 84 91 99 107 112 
0 2 13 18 23 36 40 45 50 57 62 67 71 84 91 95 107 112 
0 2 13 18 23 36 40 45 50 57 62 67 84 91 95 102 107 112 
0 2 13 18 23 36 41 45 50 57 62 67 84 91 95 102 107 112 
0 2 13 19 24 36 40 46 51 57 62 67 73 84 91 95 108 112 114 
0 2 13 19 24 36 40 47 51 57 62 67 73 84 91 95 102 108 112 
0 2 14 18 23 36 41 46 50 57 62 67 72 84 91 95 107 112 
0 2 14 18 23 37 41 46 50 57 63 68 72 84 91 96 107 112 
0 2 14 19 24 36 41 46 51 57 62 67 72 84 91 95 108 112 
0 2 14 19 24 36 41 46 51 57 62 67 84 91 95 103 108 112 
0 2 14 19 24 37 41 46 51 57 63 68 84 91 96 103 108 112 
0 2 14 19 24 37 42 46 51 57 63 68 84 91 96 103 108 112 
0 4 8 13 17 23 31 36 40 51 57 62 73 77 84 97 106 112 114 
0 4 8 13 17 24 31 36 40 51 57 62 73 77 84 97 106 112 114 
0 4 8 13 18 23 28 31 64 69 74 79 88 92 97 102 107 112 
0 4 8 13 18 23 31 36 40 45 50 57 62 84 97 102 107 112 
0 4 8 13 18 23 31 36 40 45 57 62 79 84 97 102 107 112 
0 4 8 13 18 23 31 57 64 69 74 79 84 92 97 102 107 112 
0 4 8 13 18 24 31 36 40 45 51 57 62 78 84 97 102 106 112 
0 4 8 13 19 23 31 36 40 46 51 57 62 73 77 84 97 112 114 
0 4 8 13 19 24 28 31 47 51 64 69 73 88 92 97 102 108 112 
0 4 8 13 19 24 31 36 40 46 51 57 62 73 77 84 97 112 114 
0 4 8 13 19 24 31 47 51 57 64 69 73 84 92 97 102 108 112 
0 4 8 13 24 28 31 47 51 64 69 73 78 88 92 97 102 106 112 
0 4 8 13 24 31 36 47 51 57 62 69 73 78 84 97 102 106 112 
0 4 8 15 23 28 31 42 50 64 68 76 88 92 97 104 112 
0 4 8 15 23 28 31 42 50 64 69 76 88 92 97 104 112 
0 4 8 15 23 28 31 43 50 64 69 76 88 92 97 104 112 
0 4 8 15 23 31 36 42 50 57 62 68 76 84 97 104 112 
0 4 8 15 23 31 36 42 50 57 62 69 76 84 97 104 112 
0 4 8 15 23 31 36 43 50 57 62 69 76 84 97 104 112 
0 4 8 15 23 31 42 50 57 64 68 76 84 92 97 104 112 
0 4 8 15 23 31 42 50 57 64 69 76 84 92 97 104 112 
0 4 8 15 23 31 43 50 57 64 69 76 84 92 97 104 112 
0 4 8 16 23 28 31 43 50 64 69 76 88 92 97 104 112 
0 4 8 16 23 28 31 43 50 64 69 76 88 92 97 105 112 
0 4 8 16 23 31 43 50 57 64 69 76 84 92 97 104 112 
0 4 9 13 18 23 28 31 36 69 74 79 88 93 97 102 107 112 
0 4 9 13 18 23 31 36 41 45 50 57 62 67 84 102 107 112 
0 4 9 13 18 23 31 36 57 62 69 74 79 84 97 102 107 112 
0 4 9 14 18 23 28 31 36 41 74 79 88 93 98 102 107 112 
0 4 9 14 18 23 31 36 41 46 50 57 62 67 72 84 107 112 
0 4 9 15 23 26 32 36 43 50 69 76 84 93 98 104 112 
0 4 9 15 23 26 32 43 50 65 69 76 84 93 98 104 112 
0 4 9 15 23 26 43 50 60 65 69 76 88 93 98 104 112 
0 4 9 15 23 28 31 36 43 50 69 76 88 93 97 104 112 
0 4 9 15 23 28 31 36 43 50 69 76 88 93 98 104 112 
0 4 9 15 23 28 31 43 50 65 69 76 88 93 98 104 112 
0 4 9 15 23 28 43 50 60 65 69 76 88 93 98 104 112 
0 4 9 15 23 31 36 43 50 57 62 69 76 84 97 104 112 
0 4 9 15 23 31 36 43 50 57 62 69 76 84 98 104 112 
0 4 9 15 23 31 36 43 50 57 69 76 84 93 97 104 112 
0 4 9 15 23 31 36 43 50 57 69 76 84 93 98 104 112 
0 4 9 15 23 31 43 50 57 65 69 76 84 93 98 104 112 
0 4 9 15 23 32 36 42 50 57 69 76 84 93 97 104 112 
0 4 9 15 23 32 36 43 50 57 69 76 84 93 97 104 112 
0 4 9 15 23 32 36 43 50 57 69 76 84 93 98 104 112 
0 4 9 15 23 32 43 50 57 65 69 76 84 93 98 104 112 
0 4 9 16 23 26 32 36 43 50 69 76 84 93 98 105 112 
0 4 9 16 23 26 32 36 43 50 69 77 84 93 98 105 112 
0 4 9 16 23 26 32 36 43 50 70 76 84 93 98 105 112 
0 4 9 16 23 26 32 36 43 50 70 77 84 93 98 105 112 
0 4 9 16 23 26 32 36 43 51 69 77 84 93 98 105 112 
0 4 9 16 23 26 32 36 43 51 70 77 84 93 98 105 112 
0 4 9 16 23 26 32 36 44 50 70 76 84 93 98 105 112 
0 4 9 16 23 26 32 36 44 50 70 77 84 93 98 105 112 
0 4 9 16 23 26 32 43 50 65 69 76 84 93 98 105 112 
0 4 9 16 23 26 32 43 50 65 69 77 84 93 98 105 112 
0 4 9 16 23 26 32 43 50 65 70 76 84 93 98 105 112 
0 4 9 16 23 26 32 43 50 65 70 77 84 93 98 105 112 
0 4 9 16 23 26 32 43 51 65 69 77 84 93 98 105 112 
0 4 9 16 23 26 32 43 51 65 70 77 84 93 98 105 112 
0 4 9 16 23 26 32 44 50 65 70 76 84 93 98 105 112 
0 4 9 16 23 26 32 44 50 65 70 77 84 93 98 105 112 
0 4 9 16 23 26 32 44 51 65 70 77 84 93 98 105 112 
0 4 9 16 23 26 43 50 60 65 69 76 88 93 98 105 112 
0 4 9 16 23 26 43 50 60 65 69 77 88 93 98 105 112 
0 4 9 16 23 26 43 50 60 65 70 76 88 93 98 105 112 
0 4 9 16 23 26 43 50 60 65 70 77 88 93 98 105 112 
0 4 9 16 23 26 43 51 60 65 70 77 88 93 98 105 112 
0 4 9 16 23 26 44 50 60 65 70 76 88 93 98 105 112 
0 4 9 16 23 26 44 50 60 65 70 77 88 93 98 105 112 
0 4 9 16 23 26 44 51 60 65 70 77 88 93 98 105 112 
0 4 9 16 23 28 31 36 43 51 69 77 88 93 98 105 112 
0 4 9 16 23 28 31 36 43 51 70 77 88 93 98 105 112 
0 4 9 16 23 28 31 36 44 50 70 76 88 93 98 105 112 
0 4 9 16 23 28 31 36 44 50 70 77 88 93 98 105 112 
0 4 9 16 23 28 31 36 44 51 70 77 88 93 98 105 112 
0 4 9 16 23 28 31 43 50 65 69 76 88 93 98 104 112 
0 4 9 16 23 28 31 43 50 65 69 76 88 93 98 105 112 
0 4 9 16 23 28 31 43 50 65 70 76 88 93 98 104 112 
0 4 9 16 23 28 31 43 50 65 70 76 88 93 98 105 112 
0 4 9 16 23 28 31 43 50 65 70 77 88 93 98 105 112 
0 4 9 16 23 28 31 43 51 65 70 77 88 93 98 105 112 
0 4 9 16 23 28 31 44 50 65 70 76 88 93 98 105 112 
0 4 9 16 23 28 31 44 50 65 70 77 88 93 98 105 112 
0 4 9 16 23 28 31 44 51 65 70 77 88 93 98 105 112 
0 4 9 16 23 28 43 50 60 65 70 76 88 93 98 104 112 
0 4 9 16 23 28 43 50 60 65 70 76 88 93 98 105 112 
0 4 9 16 23 28 43 50 60 65 70 77 88 93 98 105 112 
0 4 9 16 23 28 44 50 60 65 70 76 88 93 98 105 112 
0 4 9 16 23 28 44 50 60 65 70 77 88 93 98 105 112 
0 4 9 16 23 28 44 51 60 65 70 77 88 93 98 105 112 
0 4 9 16 23 31 36 43 51 57 62 69 77 84 97 105 112 
0 4 9 16 23 31 36 43 51 57 69 77 84 93 97 105 112 
0 4 9 16 23 31 36 43 51 57 69 77 84 93 98 105 112 
0 4 9 16 23 31 36 43 51 57 70 77 84 93 98 105 112 
0 4 9 16 23 31 36 44 50 57 70 76 84 93 98 105 112 
0 4 9 16 23 31 36 44 50 57 70 77 84 93 98 105 112 
0 4 9 16 23 31 36 44 51 57 70 77 84 93 98 105 112 
0 4 9 16 23 31 43 50 57 65 69 76 84 93 98 104 112 
0 4 9 16 23 31 43 50 57 65 69 76 84 93 98 105 112 
0 4 9 16 23 31 43 50 57 65 69 77 84 93 98 105 112 
0 4 9 16 23 31 43 50 57 65 70 76 84 93 98 104 112 
0 4 9 16 23 31 43 50 57 65 70 76 84 93 98 105 112 
0 4 9 16 23 31 43 50 57 65 70 77 84 93 98 105 112 
0 4 9 16 23 31 43 51 57 65 69 77 84 93 98 105 112 
0 4 9 16 23 31 43 51 57 65 70 77 84 93 98 105 112 
0 4 9 16 23 31 44 50 57 65 70 76 84 93 98 105 112 
0 4 9 16 23 31 44 50 57 65 70 77 84 93 98 105 112 
0 4 9 16 23 31 44 51 57 65 70 77 84 93 98 105 112 
0 4 9 16 23 32 36 43 50 57 69 76 84 93 97 104 112 
0 4 9 16 23 32 36 43 50 57 69 76 84 93 97 105 112 
0 4 9 16 23 32 36 43 50 57 69 76 84 93 98 104 112 
0 4 9 16 23 32 36 43 50 57 69 77 84 93 97 105 112 
0 4 9 16 23 32 36 43 50 57 70 76 84 93 98 104 112 
0 4 9 16 23 32 36 43 51 57 69 77 84 93 97 105 112 
0 4 9 16 23 32 43 50 57 65 69 76 84 93 98 104 112 
0 4 9 16 23 32 43 50 57 65 69 76 84 93 98 105 112 
0 4 9 16 23 32 43 50 57 65 69 77 84 93 98 105 112 
0 4 9 16 23 32 43 50 57 65 70 76 84 93 98 104 112 
0 4 9 16 23 32 43 50 57 65 70 76 84 93 98 105 112 
0 4 9 16 23 32 43 50 57 65 70 77 84 93 98 105 112 
0 4 9 16 23 32 43 51 57 65 69 77 84 93 98 105 112 
0 4 9 16 23 32 43 51 57 65 70 77 84 93 98 105 112 
0 4 9 16 23 32 44 50 57 65 70 76 84 93 98 105 112 
0 4 9 16 23 32 44 50 57 65 70 77 84 93 98 105 112 
0 4 9 16 24 26 32 43 51 65 69 77 84 93 98 105 113 
0 4 9 16 24 26 44 51 60 65 70 77 88 93 98 105 113 
0 4 9 16 24 28 31 36 44 51 70 77 88 93 98 105 112 
0 4 9 16 24 28 31 43 51 65 70 77 88 93 98 105 112 
0 4 9 16 24 28 31 44 51 65 70 77 88 93 98 105 112 
0 4 9 16 24 28 44 51 60 65 70 77 88 93 98 105 112 
0 4 9 16 24 31 43 51 57 65 69 77 84 93 98 105 112 
0 4 9 16 24 31 43 51 57 65 70 77 84 93 98 105 112 
0 4 9 16 24 31 44 51 57 65 70 77 84 93 98 105 112 
0 4 9 16 24 32 43 51 57 65 69 77 84 93 98 105 112 
0 4 9 17 23 26 44 51 60 65 70 77 88 93 98 106 112 
0 4 9 17 23 28 31 36 44 51 70 77 88 93 98 105 112 
0 4 9 17 23 28 31 36 44 51 70 77 88 93 98 106 112 
0 4 9 17 23 28 31 44 50 65 70 77 88 93 98 105 112 
0 4 9 17 23 28 31 44 51 65 70 77 88 93 98 105 112 
0 4 9 17 23 28 31 44 51 65 70 77 88 93 98 106 112 
0 4 9 17 23 28 44 50 60 65 70 77 88 93 98 105 112 
0 4 9 17 23 28 44 51 60 65 70 77 88 93 98 105 112 
0 4 9 17 23 28 44 51 60 65 70 77 88 93 98 106 112 
0 4 9 17 23 31 44 50 57 65 70 77 84 93 98 105 112 
0 4 9 17 23 31 44 51 57 65 70 77 84 93 98 105 112 
0 4 9 17 23 31 44 51 57 65 70 77 84 93 98 106 112 
0 4 9 17 24 26 44 51 60 65 70 77 88 93 98 106 113 
0 4 9 17 24 26 44 51 60 65 70 78 88 93 98 106 113 
0 4 9 17 24 26 44 52 60 65 70 78 88 93 98 106 113 
0 4 9 17 24 28 31 44 51 65 70 77 88 93 98 105 112 
0 4 9 17 24 28 31 44 51 65 70 77 88 93 98 106 112 
0 4 9 17 24 28 31 44 51 65 70 78 88 93 98 106 112 
0 4 9 17 24 28 44 51 60 65 70 77 88 93 98 105 112 
0 4 9 17 24 28 44 51 60 65 70 77 88 93 98 106 112 
0 4 9 17 24 28 44 51 60 65 70 78 88 93 98 106 112 
0 4 9 17 24 31 44 51 57 65 70 77 84 93 98 105 112 
0 4 9 17 24 31 44 51 57 65 70 77 84 93 98 106 112 
0 4 9 17 24 31 44 51 57 65 70 78 84 93 98 106 112 
0 4 10 15 23 26 32 38 42 50 64 76 84 93 99 104 112 
0 4 10 15 23 26 32 38 50 64 71 76 84 93 99 104 112 
0 4 10 15 23 26 38 50 60 64 71 76 88 93 99 104 112 
0 4 10 15 23 28 31 37 50 64 71 76 88 92 99 104 112 
0 4 10 15 23 28 31 38 42 50 64 76 88 92 99 104 112 
0 4 10 15 23 28 31 38 42 50 64 76 88 93 99 104 112 
0 4 10 15 23 28 31 38 50 64 71 76 88 92 99 104 112 
0 4 10 15 23 28 31 38 50 64 71 76 88 93 99 104 112 
0 4 10 15 23 28 38 50 60 64 71 76 88 93 99 104 112 
0 4 10 15 23 31 37 50 57 64 71 76 84 92 99 104 112 
0 4 10 15 23 31 38 42 50 57 64 76 84 92 99 104 112 
0 4 10 15 23 31 38 50 57 64 71 76 84 92 99 104 112 
0 4 10 15 23 31 38 50 57 64 71 76 84 93 99 104 112 
0 4 10 15 23 32 38 50 57 64 71 76 84 93 99 104 112 
0 4 10 16 23 26 32 38 44 50 64 70 76 84 93 99 105 112 
0 4 10 16 23 26 32 38 44 50 64 70 77 84 93 99 105 112 
0 4 10 16 23 26 32 38 44 51 64 70 77 84 93 99 105 112 
0 4 10 16 23 26 38 44 50 60 64 70 76 88 93 99 105 112 
0 4 10 16 23 26 38 44 50 60 64 70 77 88 93 99 105 112 
0 4 10 16 23 26 38 44 51 60 64 70 77 88 93 99 105 112 
0 4 10 16 23 28 31 37 43 51 64 70 77 88 92 98 105 112 
0 4 10 16 23 28 31 37 44 50 64 70 76 88 92 98 105 112 
0 4 10 16 23 28 31 37 44 50 64 70 76 88 92 99 105 112 
0 4 10 16 23 28 31 37 44 50 64 70 77 88 92 98 105 112 
0 4 10 16 23 28 31 37 44 50 64 70 77 88 92 99 105 112 
0 4 10 16 23 28 31 37 44 51 64 70 77 88 92 98 105 112 
0 4 10 16 23 28 31 37 44 51 64 70 77 88 92 99 105 112 
0 4 10 16 23 28 31 38 44 50 64 70 76 88 92 99 105 112 
0 4 10 16 23 28 31 38 44 50 64 70 76 88 93 99 105 112 
0 4 10 16 23 28 31 38 44 50 64 70 77 88 92 99 105 112 
0 4 10 16 23 28 31 38 44 50 64 70 77 88 93 99 105 112 
0 4 10 16 23 28 31 38 44 51 64 70 77 88 92 99 105 112 
0 4 10 16 23 28 31 38 44 51 64 70 77 88 93 99 105 112 
0 4 10 16 23 28 38 44 50 60 64 70 76 88 93 99 105 112 
0 4 10 16 23 28 38 44 50 60 64 70 77 88 93 99 105 112 
0 4 10 16 23 28 38 44 51 60 64 70 77 88 93 99 105 112 
0 4 10 16 23 31 37 44 50 57 64 70 76 84 92 98 105 112 
0 4 10 16 23 31 37 44 50 57 64 70 76 84 92 99 105 112 
0 4 10 16 23 31 37 44 50 57 64 70 77 84 92 98 105 112 
0 4 10 16 23 31 37 44 50 57 64 70 77 84 92 99 105 112 
0 4 10 16 23 31 37 44 51 57 64 70 77 84 92 99 105 112 
0 4 10 16 23 31 38 44 50 57 64 70 76 84 92 99 105 112 
0 4 10 16 23 31 38 44 50 57 64 70 76 84 93 99 105 112 
0 4 10 16 23 31 38 44 50 57 64 70 77 84 92 99 105 112 
0 4 10 16 23 31 38 44 50 57 64 70 77 84 93 99 105 112 
0 4 10 16 23 31 38 44 51 57 64 70 77 84 92 99 105 112 
0 4 10 16 23 31 38 44 51 57 64 70 77 84 93 99 105 112 
0 4 10 16 23 32 38 44 50 57 64 70 76 84 93 99 105 112 
0 4 10 16 23 32 38 44 50 57 64 70 77 84 93 99 105 112 
0 4 10 16 23 32 38 44 51 57 64 70 77 84 93 99 105 112 
0 4 10 16 24 26 38 44 51 60 64 70 77 88 93 99 105 113 
0 4 10 16 24 28 31 37 44 51 64 70 77 88 92 98 105 112 
0 4 10 16 24 28 31 37 44 51 64 70 77 88 92 99 105 112 
0 4 10 16 24 28 31 38 44 51 64 70 77 88 92 99 105 112 
0 4 10 16 24 28 31 38 44 51 64 70 77 88 93 99 105 112 
0 4 10 16 24 28 38 44 51 60 64 70 77 88 93 99 105 112 
0 4 10 17 23 26 32 38 44 51 64 70 77 84 93 99 106 112 
0 4 10 17 23 26 32 38 44 51 64 71 77 84 93 99 106 112 
0 4 10 17 23 26 32 38 45 51 64 71 77 84 93 99 106 112 
0 4 10 17 23 26 38 44 51 60 64 70 77 88 93 99 106 112 
0 4 10 17 23 26 38 44 51 60 64 71 77 88 93 99 106 112 
0 4 10 17 23 26 38 45 51 60 64 71 77 88 93 99 106 112 
0 4 10 17 23 28 31 37 44 51 64 70 77 88 92 98 105 112 
0 4 10 17 23 28 31 37 44 51 64 70 77 88 92 98 106 112 
0 4 10 17 23 28 31 37 44 51 64 70 77 88 92 99 105 112 
0 4 10 17 23 28 31 37 44 51 64 70 77 88 92 99 106 112 
0 4 10 17 23 28 31 37 44 51 64 71 77 88 92 99 105 112 
0 4 10 17 23 28 31 37 44 51 64 71 77 88 92 99 106 112 
0 4 10 17 23 28 31 38 44 50 64 70 77 88 92 99 105 112 
0 4 10 17 23 28 31 38 44 50 64 70 77 88 93 99 105 112 
0 4 10 17 23 28 31 38 44 50 64 71 77 88 92 99 105 112 
0 4 10 17 23 28 31 38 44 50 64 71 77 88 93 99 105 112 
0 4 10 17 23 28 31 38 44 51 64 70 77 88 92 99 105 112 
0 4 10 17 23 28 31 38 44 51 64 70 77 88 92 99 106 112 
0 4 10 17 23 28 31 38 44 51 64 70 77 88 93 99 105 112 
0 4 10 17 23 28 31 38 44 51 64 70 77 88 93 99 106 112 
0 4 10 17 23 28 31 38 44 51 64 71 77 88 92 99 105 112 
0 4 10 17 23 28 31 38 44 51 64 71 77 88 93 99 105 112 
0 4 10 17 23 28 31 38 44 51 64 71 77 88 93 99 106 112 
0 4 10 17 23 28 31 38 45 51 64 71 77 88 93 99 106 112 
0 4 10 17 23 28 38 44 51 60 64 70 77 88 93 99 105 112 
0 4 10 17 23 28 38 44 51 60 64 70 77 88 93 99 106 112 
0 4 10 17 23 28 38 44 51 60 64 71 77 88 93 99 105 112 
0 4 10 17 23 28 38 44 51 60 64 71 77 88 93 99 106 112 
0 4 10 17 23 28 38 45 51 60 64 71 77 88 93 99 106 112 
0 4 10 17 23 31 37 44 51 57 64 70 77 84 92 99 106 112 
0 4 10 17 23 31 37 44 51 57 64 71 77 84 92 99 106 112 
0 4 10 17 23 31 37 45 51 57 64 71 77 84 92 99 106 112 
0 4 10 17 23 31 38 44 50 57 64 70 77 84 92 99 105 112 
0 4 10 17 23 31 38 44 50 57 64 70 77 84 93 99 105 112 
0 4 10 17 23 31 38 44 50 57 64 71 77 84 92 99 105 112 
0 4 10 17 23 31 38 44 50 57 64 71 77 84 93 99 105 112 
0 4 10 17 23 31 38 44 51 57 64 70 77 84 92 99 106 112 
0 4 10 17 23 31 38 44 51 57 64 70 77 84 93 99 105 112 
0 4 10 17 23 31 38 44 51 57 64 71 77 84 92 99 106 112 
0 4 10 17 23 31 38 44 51 57 64 71 77 84 93 99 105 112 
0 4 10 17 23 31 38 45 51 57 64 71 77 84 92 99 106 112 
0 4 10 17 23 32 38 44 50 57 64 70 77 84 93 99 105 112 
0 4 10 17 23 32 38 44 50 57 64 71 77 84 93 99 105 112 
0 4 10 17 23 32 38 44 51 57 64 70 77 84 93 99 105 112 
0 4 10 17 23 32 38 44 51 57 64 70 77 84 93 99 106 112 
0 4 10 17 23 32 38 44 51 57 64 71 77 84 93 99 105 112 
0 4 10 17 23 32 38 44 51 57 64 71 77 84 93 99 106 112 
0 4 10 17 23 32 38 45 51 57 64 71 77 84 93 99 106 112 
0 4 10 17 24 26 32 38 45 52 64 71 78 84 93 99 106 113 
0 4 10 17 24 26 38 44 51 60 64 70 78 88 93 99 106 113 
0 4 10 17 24 26 38 44 51 60 64 71 77 88 93 99 106 113 
0 4 10 17 24 26 38 44 51 60 64 71 78 88 93 99 106 113 
0 4 10 17 24 26 38 44 52 60 64 70 78 88 93 99 106 113 
0 4 10 17 24 26 38 45 51 60 64 71 77 88 93 99 106 113 
0 4 10 17 24 28 31 38 44 51 64 70 77 88 93 99 105 112 
0 4 10 17 24 28 31 38 44 51 64 71 77 88 93 99 105 112 
0 4 10 18 23 26 32 38 45 50 64 71 76 84 93 99 112 
0 4 10 18 23 26 32 38 45 50 64 71 84 93 99 107 112 
0 4 10 18 23 26 38 45 50 60 64 71 76 88 93 99 112 
0 4 10 18 23 26 38 45 50 60 64 71 88 93 99 107 112 
0 4 10 18 23 28 31 38 45 50 64 71 76 88 92 99 112 
0 4 10 18 23 28 31 38 45 50 64 71 76 88 93 99 112 
0 4 10 18 23 28 38 45 50 60 64 71 76 88 93 99 112 
0 4 10 18 23 28 38 45 50 60 64 71 88 93 99 107 112 
0 4 10 18 23 31 38 45 50 57 64 71 76 84 92 99 112 
0 4 10 18 23 31 38 45 50 57 64 71 76 84 93 99 112 
0 4 10 18 23 32 38 45 50 57 64 71 76 84 93 99 112 
0 4 10 18 23 32 38 45 50 57 64 71 84 93 99 107 112 
0 4 10 23 28 31 38 45 50 64 71 76 88 92 99 104 112 
0 4 10 23 28 31 38 45 50 64 71 76 88 93 99 104 112 
0 4 10 23 28 38 45 50 60 64 71 76 88 93 99 104 112 
0 4 10 23 31 38 45 50 57 64 71 76 84 92 99 104 112 
0 4 10 23 31 38 45 50 57 64 71 76 84 93 99 104 112 
0 4 10 23 32 38 45 50 57 64 71 76 84 93 99 104 112 
0 4 11 15 23 28 31 38 50 64 71 76 88 92 99 104 112 
0 4 11 15 23 28 31 38 50 64 71 76 88 93 99 104 112 
0 4 11 15 23 28 31 38 50 65 71 76 88 93 99 104 112 
0 4 11 15 23 28 38 50 60 64 71 76 88 93 99 104 112 
0 4 11 15 23 28 38 50 60 65 71 76 88 93 99 104 112 
0 4 11 15 23 31 38 50 57 64 71 76 84 92 99 104 112 
0 4 11 15 23 31 38 50 57 64 71 76 84 93 99 104 112 
0 4 11 16 23 26 32 38 43 50 64 69 76 84 93 105 112 
0 4 11 16 23 26 32 38 43 50 64 69 77 84 93 105 112 
0 4 11 16 23 26 32 38 43 50 64 76 84 93 101 105 112 
0 4 11 16 23 26 32 38 43 50 64 77 84 93 101 105 112 
0 4 11 16 23 26 32 38 43 50 65 69 76 84 93 105 112 
0 4 11 16 23 26 32 38 43 50 65 69 77 84 93 105 112 
0 4 11 16 23 26 32 38 43 50 65 76 84 93 101 105 112 
0 4 11 16 23 26 32 38 43 50 65 77 84 93 101 105 112 
0 4 11 16 23 26 32 38 43 51 64 69 77 84 93 105 112 
0 4 11 16 23 26 32 38 43 51 64 77 84 93 101 105 112 
0 4 11 16 23 26 32 38 43 51 65 77 84 93 101 105 112 
0 4 11 16 23 26 32 38 50 64 72 76 84 93 101 105 112 
0 4 11 16 23 26 32 38 50 64 72 77 84 93 101 105 112 
0 4 11 16 23 26 32 38 50 65 72 76 84 93 101 105 112 
0 4 11 16 23 26 32 38 50 65 72 77 84 93 101 105 112 
0 4 11 16 23 26 32 38 51 64 72 77 84 93 101 105 112 
0 4 11 16 23 26 32 38 51 65 72 77 84 93 101 105 112 
0 4 11 16 23 26 32 39 43 50 65 76 84 93 101 105 112 
0 4 11 16 23 26 32 39 43 50 65 77 84 93 101 105 112 
0 4 11 16 23 26 32 39 50 65 72 76 84 93 101 105 112 
0 4 11 16 23 26 32 39 50 65 72 77 84 93 101 105 112 
0 4 11 16 23 26 32 39 51 65 72 77 84 93 101 105 112 
0 4 11 16 23 26 38 50 60 64 72 76 88 93 101 105 112 
0 4 11 16 23 26 38 50 60 64 72 77 88 93 101 105 112 
0 4 11 16 23 26 38 50 60 65 72 76 88 93 101 105 112 
0 4 11 16 23 26 38 50 60 65 72 77 88 93 101 105 112 
0 4 11 16 23 26 38 51 60 64 72 77 88 93 101 105 112 
0 4 11 16 23 26 38 51 60 65 72 77 88 93 101 105 112 
0 4 11 16 23 26 39 50 60 65 72 77 88 93 101 105 112 
0 4 11 16 23 26 39 51 60 65 72 77 88 93 101 105 112 
0 4 11 16 23 28 31 38 43 51 64 77 88 93 101 105 112 
0 4 11 16 23 28 31 38 43 51 65 77 88 93 101 105 112 
0 4 11 16 23 28 31 38 50 64 72 76 88 92 101 105 112 
0 4 11 16 23 28 31 38 50 64 72 76 88 93 101 105 112 
0 4 11 16 23 28 31 38 50 64 72 77 88 92 101 105 112 
0 4 11 16 23 28 31 38 50 64 72 77 88 93 101 105 112 
0 4 11 16 23 28 31 38 50 65 72 76 88 93 101 105 112 
0 4 11 16 23 28 31 38 51 64 72 77 88 93 101 105 112 
0 4 11 16 23 28 31 39 43 50 65 76 88 93 101 105 112 
0 4 11 16 23 28 31 39 43 50 65 77 88 93 101 105 112 
0 4 11 16 23 28 31 39 43 51 65 77 88 93 101 105 112 
0 4 11 16 23 28 38 50 60 64 72 77 88 93 101 105 112 
0 4 11 16 23 28 38 50 60 65 72 77 88 93 101 105 112 
0 4 11 16 23 28 38 51 60 64 72 77 88 93 101 105 112 
0 4 11 16 23 28 38 51 60 65 72 77 88 93 101 105 112 
0 4 11 16 23 28 39 51 60 65 72 77 88 93 101 105 112 
0 4 11 16 23 31 38 43 51 57 64 69 77 84 93 105 112 
0 4 11 16 23 31 38 50 57 64 72 76 84 92 101 105 112 
0 4 11 16 23 31 38 50 57 64 72 77 84 92 101 105 112 
0 4 11 16 23 32 38 43 50 57 64 69 76 84 93 104 112 
0 4 11 16 23 32 38 43 50 57 64 69 76 84 93 105 112 
0 4 11 16 23 32 38 43 50 57 64 76 84 93 101 104 112 
0 4 11 16 23 32 38 43 50 57 64 76 84 93 101 105 112 
0 4 11 16 23 32 38 43 50 57 64 77 84 93 101 105 112 
0 4 11 16 23 32 38 43 50 57 65 76 84 93 101 104 112 
0 4 11 16 23 32 38 43 50 57 65 76 84 93 101 105 112 
0 4 11 16 23 32 38 43 50 57 65 77 84 93 101 105 112 
0 4 11 16 23 32 38 43 51 57 64 77 84 93 101 105 112 
0 4 11 16 23 32 38 50 57 64 72 76 84 93 101 105 112 
0 4 11 16 23 32 38 50 57 64 72 77 84 93 101 105 112 
0 4 11 16 23 32 38 50 57 65 72 76 84 93 101 105 112 
0 4 11 16 23 32 38 51 57 64 72 77 84 93 101 105 112 
0 4 11 17 23 26 32 38 45 51 64 71 77 84 93 101 106 112 
0 4 11 17 23 26 32 38 45 51 65 71 77 84 93 101 106 112 
0 4 11 17 23 26 32 39 45 51 65 71 77 84 93 101 106 112 
0 4 11 17 23 26 38 45 51 60 64 71 77 88 93 101 106 112 
0 4 11 17 23 26 38 45 51 60 65 71 77 88 93 101 106 112 
0 4 11 17 23 28 31 38 44 51 64 71 77 88 93 99 105 112 
0 4 11 17 23 28 38 45 51 60 65 71 77 88 93 99 106 112 
0 4 11 17 23 28 38 45 51 60 65 71 77 88 93 101 106 112 
0 4 11 17 23 28 39 45 51 60 65 71 77 88 93 101 106 112 
0 4 11 17 23 32 38 44 50 57 64 71 77 84 93 99 105 112 
0 4 11 17 23 32 38 44 51 57 64 71 77 84 93 99 106 112 
0 4 11 18 23 26 32 38 45 50 64 71 76 84 93 101 112 
0 4 11 18 23 26 32 38 45 50 64 71 84 93 101 107 112 
0 4 11 18 23 26 32 38 45 50 64 72 76 84 93 101 112 
0 4 11 18 23 26 32 38 45 50 64 72 84 93 101 107 112 
0 4 11 18 23 26 32 38 45 50 65 71 76 84 93 101 112 
0 4 11 18 23 26 32 38 45 50 65 71 84 93 101 107 112 
0 4 11 18 23 26 32 38 45 50 65 72 76 84 93 101 112 
0 4 11 18 23 26 32 38 45 50 65 72 84 93 101 107 112 
0 4 11 18 23 26 32 38 46 50 64 72 84 93 101 107 112 
0 4 11 18 23 26 32 38 46 50 65 72 84 93 101 107 112 
0 4 11 18 23 26 32 39 45 50 65 71 76 84 93 101 112 
0 4 11 18 23 26 32 39 45 50 65 71 84 93 101 107 112 
0 4 11 18 23 26 32 39 45 50 65 72 84 93 101 107 112 
0 4 11 18 23 26 32 39 46 50 65 72 84 93 101 107 112 
0 4 11 18 23 26 39 45 50 60 65 71 88 93 101 107 112 
0 4 11 18 23 28 39 45 50 60 65 71 88 93 101 107 112 
0 4 11 18 23 31 39 45 50 57 65 71 76 84 93 101 112 
0 4 11 18 23 32 38 45 50 57 64 71 76 84 93 99 112 
0 4 11 18 23 32 38 45 50 57 64 71 76 84 93 101 112 
0 4 11 18 23 32 38 45 50 57 64 71 84 93 99 107 112 
0 4 11 18 23 32 38 45 50 57 64 71 84 93 101 107 112 
0 4 11 18 23 32 38 45 50 57 64 72 84 93 101 107 112 
0 4 11 18 23 32 38 45 50 57 65 71 76 84 93 99 112 
0 4 11 18 23 32 38 45 50 57 65 71 76 84 93 101 112 
0 4 11 18 23 32 38 45 50 57 65 71 84 93 99 107 112 
0 4 11 18 23 32 38 45 50 57 65 71 84 93 101 107 112 
0 4 11 18 23 32 38 45 50 57 65 72 84 93 101 107 112 
0 4 11 18 23 32 39 45 50 57 65 71 84 93 101 107 112 
0 4 11 23 32 38 45 50 57 64 71 76 84 93 99 104 112 
0 5 10 15 23 26 32 37 42 50 63 68 76 84 104 112 
0 5 10 15 23 26 32 37 42 50 63 76 84 99 104 112 
0 5 10 15 23 26 32 37 50 63 71 76 84 99 104 112 
0 5 10 15 23 26 32 37 50 71 76 84 94 99 104 112 
0 5 10 15 23 32 37 50 57 63 71 76 84 99 104 112 
0 5 10 15 23 32 50 57 66 71 76 84 94 99 104 112 
0 5 10 16 23 26 32 37 44 50 63 70 76 84 99 105 112 
0 5 10 16 23 26 32 37 44 50 63 70 77 84 99 105 112 
0 5 10 16 23 26 32 37 44 51 63 70 77 84 99 105 112 
0 5 10 16 23 32 37 44 50 57 63 70 76 84 99 105 112 
0 5 10 16 23 32 37 44 50 57 63 70 77 84 99 105 112 
0 5 10 17 23 26 32 37 44 50 63 70 77 84 99 105 112 
0 5 10 17 23 26 32 37 44 50 63 71 77 84 99 105 112 
0 5 10 17 23 26 32 37 44 51 63 70 77 84 99 105 112 
0 5 10 17 23 26 32 45 51 66 71 77 84 94 99 106 112 
0 5 10 18 23 26 32 37 45 50 71 76 84 94 99 112 
0 5 10 18 23 26 32 45 50 66 71 76 84 94 99 112 
0 5 11 17 23 26 32 39 45 51 65 71 77 84 94 101 106 112 
0 5 11 17 23 28 33 39 45 51 59 65 71 77 88 94 101 106 112 
0 7 15 23 26 34 42 50 60 68 76 88 96 104 112 
