0 1 8 16 19 34 41 52 56 65 73 76 84 92 99 110 
0 1 8 16 34 41 49 52 56 65 73 84 92 99 107 110 
0 1 9 12 19 34 45 52 56 66 69 76 84 92 103 110 
0 1 9 16 34 42 49 52 56 66 73 84 92 101 107 110 
0 2 5 13 16 24 38 49 56 59 62 70 73 81 96 107 
0 2 5 13 24 38 46 49 56 59 62 70 81 96 104 107 
0 2 6 11 17 21 27 31 35 45 50 69 73 84 94 98 109 113 
0 2 6 11 17 21 27 31 35 46 50 69 73 84 94 98 109 113 
0 2 6 11 17 21 27 31 35 46 50 69 73 84 94 99 109 113 
0 2 6 11 17 22 27 31 35 45 50 69 73 84 94 98 109 113 
0 2 6 11 17 22 27 31 35 46 50 69 73 84 94 98 109 113 
0 2 6 11 21 27 31 35 46 50 69 73 84 94 98 103 109 113 
0 2 6 11 21 27 31 35 46 50 69 73 84 94 99 103 109 113 
0 2 6 11 22 27 31 35 46 50 69 73 78 84 94 98 103 113 
0 2 6 11 22 27 31 35 46 50 69 73 78 84 94 99 103 113 
0 2 6 11 22 27 31 35 46 50 69 73 84 94 98 103 109 113 
0 2 6 11 22 27 31 35 46 50 69 73 84 94 99 103 109 113 
0 2 6 11 22 27 31 35 46 50 69 74 78 84 94 98 103 113 
0 2 6 11 22 27 31 35 46 50 69 74 78 84 94 99 103 113 
0 2 6 11 22 27 31 35 46 50 69 74 84 94 98 103 109 113 
0 2 6 11 22 27 31 35 46 50 69 74 84 94 99 103 109 113 
0 2 6 17 21 27 31 35 41 45 50 68 73 84 94 98 109 113 
0 2 6 17 21 27 31 35 41 45 50 69 73 84 94 98 109 113 
0 2 6 17 21 27 31 35 41 46 50 68 73 84 94 98 109 113 
0 2 6 17 21 27 31 35 41 46 50 69 73 84 94 98 109 113 
0 2 6 17 21 27 31 41 45 50 64 68 73 84 94 98 109 113 
0 2 6 17 21 27 31 41 45 50 64 69 73 84 94 98 109 113 
0 2 6 17 21 27 31 41 45 50 64 69 73 90 94 98 109 113 
0 2 6 17 21 27 31 41 46 50 64 68 73 84 94 98 109 113 
0 2 7 11 17 21 27 31 35 45 50 69 73 84 94 98 109 113 
0 2 7 11 17 21 27 31 35 45 50 69 73 90 94 98 109 113 
0 2 7 11 17 21 27 31 35 46 50 69 73 84 94 98 109 113 
0 2 7 11 17 21 27 31 35 46 50 69 73 90 94 98 109 113 
0 2 7 11 17 21 27 31 35 46 50 69 73 90 94 99 109 113 
0 2 7 11 17 21 27 31 46 50 65 69 73 90 94 99 109 113 
0 2 7 11 17 21 31 35 45 50 55 69 73 90 94 98 109 113 
0 2 7 11 17 21 31 35 45 55 69 73 79 90 94 98 108 113 
0 2 7 11 17 21 31 35 45 55 69 73 79 90 94 98 109 113 
0 2 7 11 17 21 31 35 45 55 69 79 90 94 98 104 108 113 
0 2 7 11 17 21 31 35 45 55 69 79 90 94 98 104 109 113 
0 2 7 11 17 21 31 35 46 50 55 69 73 90 94 98 109 113 
0 2 7 11 17 21 31 35 46 50 55 69 73 90 94 99 109 113 
0 2 7 11 17 21 31 35 46 55 69 73 79 90 94 98 109 113 
0 2 7 11 17 21 31 35 46 55 69 73 79 90 94 99 109 113 
0 2 7 11 17 21 31 46 50 55 65 69 73 90 94 99 109 113 
0 2 7 11 17 21 31 46 55 65 69 73 79 90 94 99 109 113 
0 2 7 11 17 22 27 31 35 45 50 69 73 90 94 98 109 113 
0 2 7 11 17 22 27 31 35 46 50 69 73 90 94 98 109 113 
0 2 7 11 17 22 31 35 45 50 55 69 73 90 94 98 109 113 
0 2 7 11 17 22 31 35 46 50 55 69 73 90 94 99 109 113 
0 2 7 11 17 22 31 46 50 55 65 69 73 90 94 99 109 113 
0 2 7 11 21 27 31 35 46 50 69 73 84 94 98 103 109 113 
0 2 7 11 21 27 31 35 46 50 69 73 84 94 99 103 109 113 
0 2 7 11 21 27 31 35 46 50 69 73 90 94 98 103 109 113 
0 2 7 11 21 31 35 46 50 55 69 73 90 94 99 103 109 113 
0 2 7 11 21 31 35 46 55 69 73 79 90 94 98 103 109 113 
0 2 7 11 21 31 35 46 55 69 73 79 90 94 99 103 109 113 
0 2 7 11 21 31 46 50 55 65 69 73 90 94 99 103 109 113 
0 2 7 11 21 31 46 55 65 69 73 79 90 94 99 103 109 113 
0 2 7 11 22 27 31 35 46 50 69 73 78 90 94 98 103 113 
0 2 7 11 22 27 31 35 46 50 69 73 90 94 98 103 109 113 
0 2 7 11 22 27 31 35 46 50 69 74 78 90 94 98 103 113 
0 2 7 11 22 27 31 35 46 50 69 74 78 90 94 99 103 113 
0 2 7 11 22 27 31 35 46 50 69 74 90 94 98 103 109 113 
0 2 7 11 22 27 31 35 46 50 69 74 90 94 99 103 109 113 
0 2 7 11 22 27 31 46 50 65 69 74 78 90 94 99 103 113 
0 2 7 11 22 27 31 46 50 65 69 74 90 94 99 103 109 113 
0 2 7 11 22 31 35 46 50 55 69 74 78 90 94 99 103 113 
0 2 7 11 22 31 35 46 50 55 69 74 90 94 99 103 109 113 
0 2 7 11 22 31 46 50 55 65 69 74 78 90 94 99 103 113 
0 2 7 13 17 21 31 41 46 55 65 69 73 79 90 94 109 113 
0 2 7 17 21 27 31 35 41 45 50 69 73 90 94 98 109 113 
0 2 7 17 22 27 31 35 41 45 50 69 73 90 94 98 109 113 
