0 1 6 12 16 21 33 37 48 56 64 68 79 85 90 112 114 
0 1 6 12 16 21 33 37 48 57 64 68 79 85 90 112 114 
0 1 6 12 16 21 33 37 49 57 64 68 79 85 90 112 114 
0 1 6 12 16 21 33 37 49 57 64 69 79 85 90 112 114 
0 1 6 12 16 21 37 49 57 64 68 73 79 85 90 112 114 
0 1 6 12 16 21 37 49 57 64 69 73 79 85 90 112 114 
0 1 6 12 17 21 33 37 48 56 64 68 79 85 90 112 114 
0 1 6 12 17 21 33 37 48 57 64 68 79 85 90 112 114 
0 1 6 12 17 21 33 37 49 57 64 68 79 85 90 112 114 
0 1 6 12 17 21 33 37 49 57 64 69 79 85 90 112 114 
0 1 6 12 17 21 37 49 57 64 68 73 79 85 90 112 114 
0 1 6 16 21 33 37 48 53 57 64 68 79 85 90 112 114 
0 1 6 16 21 33 37 49 53 57 64 68 79 85 90 112 114 
0 1 6 16 21 33 37 49 53 57 64 69 79 85 90 112 114 
0 1 6 17 21 33 37 48 53 57 64 68 79 85 90 112 114 
0 1 6 17 21 33 37 49 53 57 64 68 79 85 90 112 114 
0 1 6 17 21 33 38 48 53 57 64 68 79 85 90 112 114 
0 2 6 11 17 21 38 49 53 64 68 73 80 84 90 102 112 
0 2 6 11 17 21 38 49 53 64 69 73 80 84 90 102 112 
0 2 6 11 17 21 38 49 53 68 73 80 84 90 102 106 112 
0 2 6 11 17 21 38 49 53 69 73 80 84 90 102 106 112 
0 2 6 11 17 21 38 49 53 69 73 80 84 91 102 106 112 
0 2 6 11 17 21 38 49 54 69 73 80 84 91 102 106 112 
0 2 6 11 17 22 34 38 49 54 69 80 84 91 102 106 113 
0 2 6 11 17 22 38 49 53 64 69 73 80 84 90 95 102 
0 2 6 11 17 22 38 49 53 69 73 80 84 90 95 102 106 
0 2 6 11 17 22 38 49 53 69 73 80 84 90 102 106 113 
0 2 6 11 17 22 38 49 53 69 73 80 84 91 95 102 106 
0 2 6 11 17 22 38 49 53 69 73 80 84 91 102 106 113 
0 2 6 11 17 22 38 49 54 69 73 80 84 91 95 102 106 
0 2 6 11 17 22 38 49 54 69 73 80 84 91 102 106 113 
0 2 6 11 17 34 38 49 54 69 80 84 91 97 102 106 112 
0 2 6 11 17 34 38 49 54 69 80 84 91 97 102 106 113 
0 2 6 11 17 38 49 53 64 68 73 80 84 90 97 102 112 
0 2 6 11 17 38 49 53 68 73 80 84 90 97 102 106 112 
0 2 6 11 17 38 49 53 69 73 80 84 90 97 102 106 112 
0 2 6 11 18 22 34 38 49 54 69 80 84 91 102 106 113 
0 2 6 11 18 22 34 39 49 54 69 80 84 91 102 106 113 
0 2 6 11 18 22 38 49 53 69 73 80 84 91 102 106 113 
0 2 6 11 18 22 38 49 54 69 73 80 84 91 102 106 113 
0 2 6 11 18 22 39 49 54 69 73 80 84 91 102 106 113 
0 2 6 11 18 34 39 49 54 63 69 84 91 97 102 106 113 
0 2 6 11 22 36 39 49 69 73 80 84 90 93 102 106 113 
0 2 6 12 17 33 37 48 56 64 68 79 85 90 97 112 114 
0 2 6 12 17 33 37 48 57 64 68 79 85 90 97 112 114 
0 2 6 13 17 34 38 49 57 64 68 79 84 90 97 112 114 
0 2 6 13 17 34 38 49 57 64 68 80 84 90 97 102 112 
0 2 6 13 17 34 38 49 57 64 68 80 84 90 97 112 114 
0 2 6 13 17 34 38 49 57 64 69 79 84 90 97 112 114 
0 2 6 13 17 34 38 49 57 64 69 79 84 90 97 113 114 
0 2 6 13 17 34 38 49 57 64 69 80 84 90 97 102 112 
0 2 6 13 17 34 38 49 57 64 69 80 84 90 97 102 113 
0 2 6 13 17 34 38 49 57 64 69 80 84 90 97 112 114 
0 2 6 13 17 34 38 49 57 64 69 80 84 90 97 113 114 
0 2 7 12 17 22 29 32 56 59 64 69 74 79 90 95 
0 2 7 12 17 22 29 32 56 59 64 69 74 79 90 113 
0 2 7 12 17 22 29 32 56 59 64 69 74 79 95 108 
0 2 7 12 17 22 29 40 50 59 64 69 74 90 103 113 
0 2 7 12 17 22 37 40 50 59 64 69 74 90 103 113 
