0 2 5 9 14 25 30 34 41 45 55 69 73 80 90 106 112 114 
0 2 5 9 14 25 36 40 51 55 69 73 80 96 100 101 107 111 
0 2 6 13 17 29 33 40 44 61 72 77 86 89 100 101 104 111 
0 2 6 13 17 33 40 44 49 61 72 77 85 89 100 101 105 109 
0 2 6 13 17 34 38 45 49 61 72 77 85 89 94 100 105 109 
0 2 6 13 18 29 33 40 44 61 72 77 86 89 100 101 104 111 
0 2 6 13 18 33 40 44 49 61 72 77 85 89 100 101 105 109 
0 2 7 13 18 33 40 44 49 55 62 73 77 85 89 100 101 105 
0 2 7 13 18 33 40 44 49 61 72 77 85 89 100 101 105 109 
0 2 7 13 18 33 40 44 49 61 73 77 85 89 100 101 105 109 
0 2 7 13 18 33 40 44 49 62 73 77 85 89 100 101 105 109 
0 2 7 13 18 33 40 45 49 55 62 73 77 85 89 100 101 105 
0 2 7 13 18 34 38 45 49 55 62 73 77 85 89 94 100 105 
0 2 7 13 18 34 38 45 49 62 73 77 85 89 94 100 105 110 
0 2 7 13 18 34 40 45 49 55 62 73 77 85 89 100 101 105 
0 2 7 13 18 34 45 49 55 62 73 77 85 89 94 100 101 105 
0 2 7 13 18 34 45 49 55 62 73 77 85 89 94 100 105 114 
0 2 7 13 18 34 45 49 55 62 73 77 85 90 94 100 105 114 
0 2 7 13 18 40 45 49 55 62 73 77 85 89 96 100 101 105 
0 2 7 14 18 25 34 45 49 55 62 73 85 90 94 100 105 114 
0 2 7 14 18 25 40 45 49 55 62 73 85 89 96 100 101 105 
0 2 7 14 18 33 40 44 49 55 62 73 77 85 89 100 101 105 
0 2 7 14 18 33 40 45 49 55 62 73 77 85 89 100 101 105 
0 2 7 14 18 34 38 45 49 55 62 73 77 85 89 94 100 105 
0 2 7 14 18 34 45 49 55 62 73 77 85 89 94 100 105 114 
0 2 7 14 18 34 45 49 55 62 73 77 85 90 94 100 105 114 
0 2 7 14 18 40 45 49 55 62 73 77 85 89 96 100 101 105 
0 2 7 18 33 40 44 49 55 62 66 73 77 85 89 100 101 105 
0 2 7 18 33 40 44 49 62 66 73 77 85 89 100 101 105 109 
0 2 7 18 34 38 45 49 55 62 66 73 77 85 89 94 100 105 
0 2 7 18 40 45 49 55 62 66 73 77 85 89 96 100 101 105 
0 2 9 13 18 25 30 34 41 45 55 68 73 85 90 105 112 114 
