0 1 4 8 20 25 29 31 38 43 60 67 72 87 90 95 102 107 
0 1 8 13 20 25 29 31 38 43 60 67 72 87 90 95 102 107 
0 1 8 13 20 25 31 38 43 54 60 67 72 87 90 95 102 107 
0 2 5 9 21 27 32 39 44 55 60 65 72 77 91 96 103 107 
0 2 5 9 21 27 32 39 44 55 60 65 72 77 91 96 103 108 
0 2 5 9 21 27 32 39 44 55 60 65 72 77 91 96 107 112 
0 2 5 9 21 27 32 39 44 55 60 65 72 77 91 96 108 112 
0 2 5 9 21 27 32 39 44 55 60 72 77 86 91 96 103 108 
0 2 5 9 21 27 32 39 44 55 60 72 77 86 91 96 108 112 
0 2 9 13 25 29 31 43 48 60 65 72 77 88 95 101 107 112 
0 2 9 13 25 29 32 43 48 60 65 72 77 88 95 101 107 112 
0 2 9 13 25 29 32 44 48 60 65 72 77 88 95 101 107 112 
0 2 9 14 21 25 29 31 43 48 60 65 72 77 95 101 107 112 
0 2 9 14 21 25 29 32 43 48 60 65 72 77 95 101 107 112 
0 2 9 14 21 25 29 32 44 48 60 65 72 77 95 101 107 112 
0 2 9 14 21 27 29 31 43 48 60 65 72 77 95 101 107 112 
0 2 9 14 21 27 29 31 43 48 60 65 72 77 96 101 107 112 
0 2 9 14 21 27 29 32 39 43 60 65 72 77 95 101 107 112 
0 2 9 14 21 27 29 32 39 43 60 65 72 77 96 101 107 112 
0 2 9 14 21 27 29 32 39 44 60 65 72 77 91 96 103 108 
0 2 9 14 21 27 29 32 39 44 60 65 72 77 95 101 107 112 
0 2 9 14 21 27 29 32 39 44 61 68 72 86 91 96 103 108 
0 2 9 14 21 27 29 32 39 44 61 68 73 86 91 96 103 108 
0 2 9 14 21 27 29 32 44 48 60 72 77 86 91 96 103 108 
0 3 10 15 32 39 44 55 56 60 67 72 87 90 97 102 
0 4 11 19 27 29 34 41 48 62 69 76 91 99 106 113 
0 4 12 19 27 29 34 41 48 62 69 76 87 92 99 106 
0 4 12 19 27 29 34 41 48 62 69 76 92 99 106 113 
0 5 12 19 27 29 34 41 48 62 69 76 87 92 99 106 
0 5 12 19 27 29 34 41 48 62 69 76 91 99 106 113 
0 5 12 19 27 29 34 41 48 62 69 76 92 99 106 113 
0 5 12 19 29 34 41 48 56 62 69 76 92 99 106 113 
0 5 12 19 34 41 48 55 56 62 69 76 87 92 99 106 
