0 1 5 10 14 19 23 31 36 40 45 49 54 57 61 70 79 95 104 
0 1 5 10 14 19 23 31 36 40 45 54 57 61 70 77 95 104 109 
0 1 5 10 14 19 23 31 36 45 49 54 57 61 68 79 95 101 104 
0 1 5 10 14 19 23 31 36 45 54 57 61 68 77 95 101 104 109 
0 1 5 10 14 19 23 36 40 45 49 54 57 59 70 79 91 95 104 
0 1 5 10 14 19 23 36 40 45 54 57 59 70 77 91 95 104 109 
0 1 5 10 14 19 23 36 45 49 54 57 59 68 79 91 95 101 104 
0 1 5 10 14 19 23 36 45 54 57 59 68 77 91 95 101 104 109 
0 1 5 10 14 19 24 31 36 40 45 54 57 61 70 77 95 104 109 
0 1 5 10 14 19 24 31 36 45 54 57 61 68 77 95 101 104 109 
0 1 5 10 14 19 24 36 40 45 54 57 59 70 77 91 95 104 109 
0 1 5 10 14 21 31 36 45 54 57 61 68 74 79 95 101 106 111 
0 1 5 10 14 21 31 36 45 54 57 61 68 75 79 95 101 106 111 
0 1 5 10 14 21 36 40 45 54 57 59 70 74 79 91 95 106 111 
0 1 5 10 14 21 36 40 45 54 57 59 70 75 79 91 95 106 111 
0 1 5 10 14 21 36 45 54 57 59 68 74 79 91 95 101 106 111 
0 1 5 10 14 21 36 45 54 57 59 68 75 79 91 95 101 106 111 
0 1 5 10 14 23 31 36 45 49 54 57 61 68 74 79 95 101 106 
0 1 5 10 14 23 36 40 45 49 54 57 59 70 74 79 91 95 106 
0 1 5 10 14 23 36 45 49 54 57 59 68 74 79 91 95 101 106 
0 1 5 10 14 31 36 45 49 54 57 61 68 74 79 95 101 106 111 
0 1 5 10 14 36 40 45 49 54 57 59 70 74 79 91 95 106 111 
0 1 5 10 14 36 45 49 54 57 59 68 74 79 91 95 101 106 111 
0 1 5 10 15 19 31 36 41 50 54 57 61 66 73 79 101 105 111 
0 1 5 10 15 19 36 41 50 54 57 59 66 73 79 91 101 105 111 
0 1 5 10 15 21 36 41 45 54 57 59 66 75 79 91 101 106 111 
0 1 5 10 15 21 36 41 45 54 57 59 75 79 91 95 101 106 111 
0 1 5 10 15 21 36 45 54 57 59 68 75 79 91 95 101 106 111 
0 1 5 10 15 23 31 36 41 46 54 57 61 66 71 76 108 
0 1 5 10 15 23 31 36 41 46 54 57 61 66 76 101 108 
0 1 5 10 15 23 31 36 41 46 54 57 61 71 76 95 108 
0 1 5 10 15 23 31 36 41 46 54 57 61 76 95 101 108 
0 1 5 10 15 23 31 36 46 54 57 61 68 76 95 101 108 
0 1 5 10 15 23 36 41 46 54 57 59 66 71 76 91 108 
0 1 5 10 15 23 36 41 46 54 57 59 66 76 91 101 108 
0 1 5 10 15 23 36 41 46 54 57 59 71 76 91 95 108 
0 1 5 10 15 23 36 41 46 54 57 59 76 91 95 101 108 
0 1 5 10 15 23 36 46 54 57 59 68 76 91 95 101 108 
0 1 5 10 15 24 31 36 41 48 54 57 61 66 73 78 101 105 109 
0 1 5 10 15 24 31 36 41 48 54 57 61 73 78 95 101 105 109 
0 1 5 10 15 24 31 36 48 54 57 61 68 73 78 95 101 105 109 
0 1 5 10 15 24 36 41 48 54 57 59 66 73 78 91 101 105 109 
0 1 5 10 16 21 36 40 47 54 57 59 70 79 91 95 102 106 111 
0 1 5 10 16 21 36 40 47 54 57 59 70 79 91 95 106 111 114 
0 1 5 10 16 21 36 40 54 57 59 70 74 79 91 95 106 111 114 
0 1 5 10 16 21 36 41 47 54 57 59 66 70 79 91 102 106 111 
0 1 5 10 16 21 36 41 47 54 57 59 70 79 91 95 102 106 111 
0 1 5 10 16 23 31 36 40 46 54 57 61 70 76 95 108 114 
0 1 5 10 16 23 31 36 40 47 54 57 61 70 76 95 102 108 
0 1 5 10 16 23 31 36 40 47 54 57 61 70 76 95 108 114 
0 1 5 10 16 23 31 36 40 47 54 57 61 70 77 95 102 108 
0 1 5 10 16 23 31 36 40 47 54 57 61 70 77 95 102 109 
0 1 5 10 16 23 31 36 40 47 54 57 61 70 77 95 108 114 
0 1 5 10 16 23 31 36 40 47 54 57 61 70 77 95 109 114 
0 1 5 10 16 23 31 36 41 47 54 57 61 66 70 76 102 108 
0 1 5 10 16 23 31 36 41 47 54 57 61 66 70 77 102 108 
0 1 5 10 16 23 31 36 41 47 54 57 61 66 70 77 102 109 
0 1 5 10 16 23 31 36 41 47 54 57 61 70 76 95 102 108 
0 1 5 10 16 23 31 36 41 47 54 57 61 70 77 95 102 108 
0 1 5 10 16 23 31 36 41 47 54 57 61 70 77 95 102 109 
0 1 5 10 16 23 36 40 46 54 57 59 70 76 91 95 108 114 
0 1 5 10 16 23 36 40 47 54 57 59 70 76 91 95 102 108 
0 1 5 10 16 23 36 40 47 54 57 59 70 76 91 95 108 114 
0 1 5 10 16 23 36 40 47 54 57 59 70 77 91 95 102 108 
0 1 5 10 16 23 36 40 47 54 57 59 70 77 91 95 102 109 
0 1 5 10 16 23 36 40 47 54 57 59 70 77 91 95 108 114 
0 1 5 10 16 23 36 40 47 54 57 59 70 77 91 95 109 114 
0 1 5 10 16 23 36 41 47 54 57 59 66 70 76 91 102 108 
0 1 5 10 16 23 36 41 47 54 57 59 66 70 77 91 102 108 
0 1 5 10 16 23 36 41 47 54 57 59 66 70 77 91 102 109 
0 1 5 10 16 23 36 41 47 54 57 59 70 76 91 95 102 108 
0 1 5 10 16 23 36 41 47 54 57 59 70 77 91 95 102 108 
0 1 5 10 16 23 36 41 47 54 57 59 70 77 91 95 102 109 
0 1 5 10 16 24 31 36 40 47 54 57 61 70 77 95 102 109 
0 1 5 10 16 24 31 36 40 47 54 57 61 70 77 95 109 114 
0 1 5 10 16 24 31 36 41 47 54 57 61 66 70 77 102 109 
0 1 5 10 16 24 31 36 41 47 54 57 61 70 77 95 102 109 
0 1 5 10 16 24 36 40 47 54 57 59 70 77 91 95 102 109 
0 1 5 10 16 24 36 40 47 54 57 59 70 77 91 95 109 114 
0 1 5 10 16 24 36 41 47 54 57 59 66 70 77 91 102 109 
0 1 5 10 16 24 36 41 47 54 57 59 70 77 91 95 102 109 
0 1 5 10 17 23 31 36 40 47 54 57 61 70 77 95 102 108 
0 1 5 10 17 23 31 36 40 47 54 57 61 70 77 95 102 109 
0 1 5 10 17 23 31 36 41 47 54 57 61 66 70 77 102 108 
0 1 5 10 17 23 31 36 41 47 54 57 61 66 70 77 102 109 
0 1 5 10 17 23 31 36 41 47 54 57 61 66 71 77 102 108 
0 1 5 10 17 23 31 36 41 47 54 57 61 66 71 77 102 109 
0 1 5 10 17 23 31 36 41 47 54 57 61 70 77 95 102 108 
0 1 5 10 17 23 31 36 41 47 54 57 61 70 77 95 102 109 
0 1 5 10 17 23 31 36 41 47 54 57 61 71 77 95 102 108 
0 1 5 10 17 23 31 36 41 47 54 57 61 71 77 95 102 109 
0 1 5 10 17 23 31 36 41 48 54 57 61 66 70 77 102 109 
0 1 5 10 17 23 31 36 41 48 54 57 61 66 71 77 102 109 
0 1 5 10 17 23 31 36 41 48 54 57 61 66 71 77 103 109 
0 1 5 10 17 23 36 40 47 54 57 59 70 77 91 95 102 108 
0 1 5 10 17 23 36 40 47 54 57 59 70 77 91 95 102 109 
0 1 5 10 17 23 36 41 47 54 57 59 66 70 77 91 102 108 
0 1 5 10 17 23 36 41 47 54 57 59 66 70 77 91 102 109 
0 1 5 10 17 23 36 41 47 54 57 59 66 71 77 91 102 108 
0 1 5 10 17 23 36 41 47 54 57 59 66 71 77 91 102 109 
0 1 5 10 17 23 36 41 48 54 57 59 66 70 77 91 102 109 
0 1 5 10 17 23 36 41 48 54 57 59 66 71 77 91 102 109 
0 1 5 10 17 23 36 41 48 54 57 59 66 71 77 91 103 109 
0 1 5 10 17 24 31 36 40 47 54 57 61 70 77 95 102 109 
0 1 5 10 17 24 31 36 41 47 54 57 61 66 70 77 102 109 
0 1 5 10 17 24 31 36 41 47 54 57 61 66 71 77 102 109 
0 1 5 10 17 24 31 36 41 48 54 57 61 66 70 77 102 109 
0 1 5 10 17 24 31 36 41 48 54 57 61 66 70 78 102 109 
0 1 5 10 17 24 31 36 41 48 54 57 61 66 71 77 102 109 
0 1 5 10 17 24 31 36 41 48 54 57 61 66 71 77 103 109 
0 1 5 10 17 24 31 36 41 48 54 57 61 66 71 78 102 109 
0 1 5 10 17 24 31 36 41 48 54 57 61 66 71 78 103 109 
0 1 5 10 17 24 36 41 47 54 57 59 66 70 77 91 102 109 
0 1 5 10 17 24 36 41 47 54 57 59 66 71 77 91 102 109 
0 1 5 10 17 24 36 41 48 54 57 59 66 70 77 91 102 109 
0 1 5 10 17 24 36 41 48 54 57 59 66 70 78 91 102 109 
0 1 5 10 17 24 36 41 48 54 57 59 66 71 77 91 102 109 
0 1 5 10 17 24 36 41 48 54 57 59 66 71 77 91 103 109 
0 1 5 10 17 24 36 41 48 54 57 59 66 71 78 91 102 109 
0 1 5 10 17 24 36 41 48 54 57 59 66 71 78 91 103 109 
0 1 5 10 18 23 31 36 41 49 54 57 61 66 71 79 103 
0 1 5 10 18 23 31 36 41 49 54 57 61 66 71 103 108 
0 1 5 10 18 23 31 36 41 54 57 61 66 71 76 103 108 
0 1 5 10 18 23 31 36 41 54 57 61 71 76 95 103 108 
0 1 5 10 18 23 36 41 49 54 57 59 66 71 79 91 103 
0 1 5 10 18 23 36 41 49 54 57 59 66 71 91 103 108 
0 1 5 10 18 23 36 41 54 57 59 66 71 76 91 103 108 
0 1 5 10 18 23 36 41 54 57 59 71 76 91 95 103 108 
0 1 5 10 18 24 31 36 41 48 54 57 61 66 71 78 103 109 
0 1 5 10 18 24 36 41 48 54 57 59 66 71 78 91 103 109 
0 1 5 10 18 36 41 49 54 57 59 66 71 79 91 103 111 
0 1 5 10 19 23 31 36 43 54 57 61 68 73 77 95 101 104 109 
0 1 5 10 23 31 36 41 46 54 57 61 66 71 76 103 108 
0 1 5 10 23 36 41 46 54 57 59 66 71 76 91 103 108 
0 1 5 11 16 21 36 42 47 54 57 59 65 72 79 91 97 106 111 
0 1 5 11 16 21 36 42 47 54 57 59 65 79 91 97 106 111 114 
0 1 5 11 16 21 36 42 54 57 59 65 74 79 91 97 106 111 114 
0 1 5 11 16 23 31 36 42 46 54 57 61 65 76 97 108 114 
0 1 5 11 16 23 31 36 42 47 54 57 61 65 72 76 97 108 
0 1 5 11 16 23 31 36 42 47 54 57 61 65 72 77 97 108 
0 1 5 11 16 23 31 36 42 47 54 57 61 65 72 77 97 109 
0 1 5 11 16 23 31 36 42 47 54 57 61 65 76 97 108 114 
0 1 5 11 16 23 31 36 42 47 54 57 61 65 77 97 108 114 
0 1 5 11 16 23 31 36 42 47 54 57 61 65 77 97 109 114 
0 1 5 11 16 23 36 42 46 54 57 59 65 76 91 97 108 114 
0 1 5 11 16 23 36 42 47 54 57 59 65 72 76 91 97 108 
0 1 5 11 16 23 36 42 47 54 57 59 65 72 77 91 97 108 
0 1 5 11 16 23 36 42 47 54 57 59 65 72 77 91 97 109 
0 1 5 11 16 23 36 42 47 54 57 59 65 76 91 97 108 114 
0 1 5 11 16 23 36 42 47 54 57 59 65 77 91 97 108 114 
0 1 5 11 16 23 36 42 47 54 57 59 65 77 91 97 109 114 
0 1 5 11 16 24 31 36 42 47 54 57 61 65 72 77 97 109 
0 1 5 11 16 24 31 36 42 47 54 57 61 65 77 97 109 114 
0 1 5 11 16 24 36 42 47 54 57 59 65 72 77 91 97 109 
0 1 5 11 16 24 36 42 47 54 57 59 65 77 91 97 109 114 
0 1 5 11 16 36 42 49 54 57 59 65 74 79 91 97 106 111 114 
0 1 5 11 17 23 31 36 42 48 54 57 61 65 71 77 97 103 109 
0 1 5 11 17 23 36 42 48 54 57 59 65 71 77 91 97 103 109 
0 1 5 11 17 24 31 36 42 48 54 57 61 65 71 77 97 103 109 
0 1 5 11 17 24 31 36 42 48 54 57 61 65 71 78 97 103 109 
0 1 5 11 17 24 36 42 48 54 57 59 65 71 77 91 97 103 109 
0 1 5 11 17 24 36 42 48 54 57 59 65 71 78 91 97 103 109 
0 1 5 11 18 23 31 36 42 49 54 57 61 65 71 97 103 108 
0 1 5 11 18 23 31 36 42 49 54 57 61 65 72 97 103 108 
0 1 5 11 18 23 31 36 42 49 54 57 61 65 72 97 104 108 
0 1 5 11 18 23 31 36 42 54 57 61 65 71 76 97 103 108 
0 1 5 11 18 23 31 36 42 54 57 61 65 72 76 97 103 108 
0 1 5 11 18 23 36 42 49 54 57 59 65 71 79 91 97 103 
0 1 5 11 18 23 36 42 49 54 57 59 65 71 91 97 103 108 
0 1 5 11 18 23 36 42 49 54 57 59 65 72 79 91 97 103 
0 1 5 11 18 23 36 42 49 54 57 59 65 72 79 91 97 104 
0 1 5 11 18 23 36 42 49 54 57 59 65 72 91 97 103 108 
0 1 5 11 18 23 36 42 49 54 57 59 65 72 91 97 104 108 
0 1 5 11 18 23 36 42 54 57 59 65 71 76 91 97 103 108 
0 1 5 11 18 23 36 42 54 57 59 65 72 76 91 97 103 108 
0 1 5 11 18 24 31 36 42 48 54 57 61 65 71 78 97 103 109 
0 1 5 11 18 24 36 42 48 54 57 59 65 71 78 91 97 103 109 
0 1 5 11 18 36 42 49 54 57 59 65 71 79 91 97 103 111 
0 1 5 11 18 36 42 49 54 57 59 65 72 79 91 97 103 111 
0 1 5 11 18 36 42 49 54 57 59 65 72 79 91 97 104 111 
0 1 5 11 19 23 31 36 42 54 57 61 65 72 77 97 104 109 
0 1 5 11 19 23 36 42 49 54 57 59 65 72 79 91 97 104 
0 1 5 11 19 23 36 42 54 57 59 65 72 77 91 97 104 109 
0 1 5 11 19 24 31 36 42 50 54 57 61 65 72 97 104 109 
0 1 5 11 19 24 31 36 42 54 57 61 65 72 77 97 104 109 
0 1 5 11 19 36 42 49 54 57 59 65 72 79 91 97 104 111 
0 1 5 11 19 36 42 50 54 57 59 65 72 79 91 97 104 111 
0 1 5 11 23 31 36 42 46 54 57 61 65 71 76 97 103 108 
0 1 5 11 23 31 36 42 47 54 57 61 65 72 77 97 104 108 
0 1 5 11 23 31 36 42 47 54 57 61 65 72 77 97 104 109 
0 1 5 11 23 36 42 46 54 57 59 65 71 76 91 97 103 108 
0 1 5 11 23 36 42 47 54 57 59 65 72 77 91 97 104 108 
0 1 5 11 23 36 42 47 54 57 59 65 72 77 91 97 104 109 
0 1 5 11 24 31 36 42 47 54 57 61 65 72 77 97 104 109 
0 1 5 11 24 36 42 47 54 57 59 65 72 77 91 97 104 109 
0 1 5 12 16 21 36 42 47 54 57 59 65 72 79 91 97 106 111 
0 1 5 12 16 23 31 36 42 47 54 57 61 65 72 76 97 108 
0 1 5 12 16 23 31 36 42 47 54 57 61 65 72 77 97 108 
0 1 5 12 16 23 31 36 42 47 54 57 61 65 72 77 97 109 
0 1 5 12 16 23 31 36 42 47 54 57 61 66 72 76 97 108 
0 1 5 12 16 23 31 36 42 47 54 57 61 66 72 77 97 108 
0 1 5 12 16 23 31 36 42 47 54 57 61 66 72 77 97 109 
0 1 5 12 16 23 31 36 47 54 57 61 65 70 76 97 102 108 
0 1 5 12 16 23 31 36 47 54 57 61 65 70 77 97 102 108 
0 1 5 12 16 23 31 36 47 54 57 61 65 70 77 97 102 109 
0 1 5 12 16 23 31 36 47 54 57 61 66 70 76 97 102 108 
0 1 5 12 16 23 31 36 47 54 57 61 66 70 77 97 102 108 
0 1 5 12 16 23 31 36 47 54 57 61 66 70 77 97 102 109 
0 1 5 12 16 23 36 42 47 54 57 59 65 72 76 91 97 108 
0 1 5 12 16 23 36 42 47 54 57 59 65 72 77 91 97 108 
0 1 5 12 16 23 36 42 47 54 57 59 65 72 77 91 97 109 
0 1 5 12 16 23 36 42 47 54 57 59 66 72 76 91 97 108 
0 1 5 12 16 23 36 42 47 54 57 59 66 72 77 91 97 108 
0 1 5 12 16 23 36 42 47 54 57 59 66 72 77 91 97 109 
0 1 5 12 16 23 36 47 54 57 59 65 70 76 91 97 102 108 
0 1 5 12 16 23 36 47 54 57 59 65 70 77 91 97 102 108 
0 1 5 12 16 23 36 47 54 57 59 65 70 77 91 97 102 109 
0 1 5 12 16 23 36 47 54 57 59 66 70 76 91 97 102 108 
0 1 5 12 16 23 36 47 54 57 59 66 70 77 91 97 102 108 
0 1 5 12 16 23 36 47 54 57 59 66 70 77 91 97 102 109 
0 1 5 12 16 24 31 36 42 47 54 57 61 65 72 77 97 109 
0 1 5 12 16 24 31 36 42 47 54 57 61 66 72 77 97 109 
0 1 5 12 16 24 31 36 47 54 57 61 65 70 77 97 102 109 
0 1 5 12 16 24 31 36 47 54 57 61 66 70 77 97 102 109 
0 1 5 12 16 24 36 42 47 54 57 59 65 72 77 91 97 109 
0 1 5 12 16 24 36 42 47 54 57 59 66 72 77 91 97 109 
0 1 5 12 16 24 36 47 54 57 59 65 70 77 91 97 102 109 
0 1 5 12 16 24 36 47 54 57 59 66 70 77 91 97 102 109 
0 1 5 12 17 23 31 36 43 47 54 57 61 65 77 97 102 108 
0 1 5 12 17 23 31 36 43 47 54 57 61 65 77 97 102 109 
0 1 5 12 17 23 31 36 43 47 54 57 61 66 77 97 102 108 
0 1 5 12 17 23 31 36 43 47 54 57 61 66 77 97 102 109 
0 1 5 12 17 23 31 36 43 47 54 57 61 66 77 98 102 108 
0 1 5 12 17 23 31 36 43 47 54 57 61 66 77 98 102 109 
0 1 5 12 17 23 31 36 43 48 54 57 61 65 77 97 102 109 
0 1 5 12 17 23 31 36 43 48 54 57 61 66 77 97 102 109 
0 1 5 12 17 23 31 36 43 48 54 57 61 66 77 98 102 109 
0 1 5 12 17 23 31 36 47 54 57 61 65 70 77 97 102 108 
0 1 5 12 17 23 31 36 47 54 57 61 65 70 77 97 102 109 
0 1 5 12 17 23 31 36 47 54 57 61 66 70 77 97 102 108 
0 1 5 12 17 23 31 36 47 54 57 61 66 70 77 97 102 109 
0 1 5 12 17 23 31 36 48 54 57 61 65 70 77 97 102 109 
0 1 5 12 17 23 31 36 48 54 57 61 66 70 77 97 102 109 
0 1 5 12 17 23 36 43 47 54 57 59 65 77 91 97 102 108 
0 1 5 12 17 23 36 43 47 54 57 59 65 77 91 97 102 109 
0 1 5 12 17 23 36 43 47 54 57 59 66 77 91 97 102 108 
0 1 5 12 17 23 36 43 47 54 57 59 66 77 91 97 102 109 
0 1 5 12 17 23 36 43 47 54 57 59 66 77 91 98 102 108 
0 1 5 12 17 23 36 43 47 54 57 59 66 77 91 98 102 109 
0 1 5 12 17 23 36 43 48 54 57 59 65 73 77 91 97 109 
0 1 5 12 17 23 36 43 48 54 57 59 65 77 91 97 102 109 
0 1 5 12 17 23 36 43 48 54 57 59 66 73 77 91 97 109 
0 1 5 12 17 23 36 43 48 54 57 59 66 73 77 91 98 109 
0 1 5 12 17 23 36 43 48 54 57 59 66 77 91 97 102 109 
0 1 5 12 17 23 36 43 48 54 57 59 66 77 91 98 102 109 
0 1 5 12 17 23 36 47 54 57 59 65 70 77 91 97 102 108 
0 1 5 12 17 23 36 47 54 57 59 65 70 77 91 97 102 109 
0 1 5 12 17 23 36 47 54 57 59 66 70 77 91 97 102 108 
0 1 5 12 17 23 36 47 54 57 59 66 70 77 91 97 102 109 
0 1 5 12 17 23 36 48 54 57 59 65 70 77 91 97 102 109 
0 1 5 12 17 23 36 48 54 57 59 66 70 77 91 97 102 109 
0 1 5 12 17 24 31 36 43 47 54 57 61 65 77 97 102 109 
0 1 5 12 17 24 31 36 43 47 54 57 61 66 77 97 102 109 
0 1 5 12 17 24 31 36 43 47 54 57 61 66 77 98 102 109 
0 1 5 12 17 24 31 36 43 48 54 57 61 65 77 97 102 109 
0 1 5 12 17 24 31 36 43 48 54 57 61 66 77 97 102 109 
0 1 5 12 17 24 31 36 43 48 54 57 61 66 77 98 102 109 
0 1 5 12 17 24 31 36 47 54 57 61 65 70 77 97 102 109 
0 1 5 12 17 24 31 36 47 54 57 61 66 70 77 97 102 109 
0 1 5 12 17 24 31 36 48 54 57 61 65 70 77 97 102 109 
0 1 5 12 17 24 31 36 48 54 57 61 66 70 77 97 102 109 
0 1 5 12 17 24 36 43 47 54 57 59 65 77 91 97 102 109 
0 1 5 12 17 24 36 43 47 54 57 59 66 77 91 97 102 109 
0 1 5 12 17 24 36 43 47 54 57 59 66 77 91 98 102 109 
0 1 5 12 17 24 36 43 48 54 57 59 65 73 77 91 97 109 
0 1 5 12 17 24 36 43 48 54 57 59 65 73 78 91 97 109 
0 1 5 12 17 24 36 43 48 54 57 59 65 77 91 97 102 109 
0 1 5 12 17 24 36 43 48 54 57 59 65 78 91 97 102 109 
0 1 5 12 17 24 36 43 48 54 57 59 66 73 77 91 97 109 
0 1 5 12 17 24 36 43 48 54 57 59 66 73 77 91 98 109 
0 1 5 12 17 24 36 43 48 54 57 59 66 73 78 91 97 109 
0 1 5 12 17 24 36 43 48 54 57 59 66 73 78 91 98 109 
0 1 5 12 17 24 36 43 48 54 57 59 66 77 91 97 102 109 
0 1 5 12 18 23 31 36 42 49 54 57 61 65 72 97 103 108 
0 1 5 12 18 23 31 36 42 49 54 57 61 65 72 97 104 108 
0 1 5 12 18 23 31 36 42 49 54 57 61 66 72 97 103 108 
0 1 5 12 18 23 31 36 42 49 54 57 61 66 72 97 104 108 
0 1 5 12 18 23 31 36 42 54 57 61 65 72 76 97 103 108 
0 1 5 12 18 23 31 36 42 54 57 61 66 72 76 97 103 108 
0 1 5 12 18 23 31 36 43 49 54 57 61 65 72 97 104 108 
0 1 5 12 18 23 31 36 43 49 54 57 61 66 72 97 104 108 
0 1 5 12 18 23 31 36 43 49 54 57 61 66 72 98 104 108 
0 1 5 12 18 23 36 42 49 54 57 59 65 72 79 91 97 103 
0 1 5 12 18 23 36 42 49 54 57 59 65 72 79 91 97 104 
0 1 5 12 18 23 36 42 49 54 57 59 65 72 91 97 103 108 
0 1 5 12 18 23 36 42 49 54 57 59 65 72 91 97 104 108 
0 1 5 12 18 23 36 42 49 54 57 59 66 72 79 91 97 103 
0 1 5 12 18 23 36 42 49 54 57 59 66 72 79 91 97 104 
0 1 5 12 18 23 36 42 49 54 57 59 66 72 91 97 103 108 
0 1 5 12 18 23 36 42 49 54 57 59 66 72 91 97 104 108 
0 1 5 12 18 23 36 42 54 57 59 65 72 76 91 97 103 108 
0 1 5 12 18 23 36 42 54 57 59 66 72 76 91 97 103 108 
0 1 5 12 18 23 36 43 49 54 57 59 65 72 79 91 97 104 
0 1 5 12 18 23 36 43 49 54 57 59 65 72 91 97 104 108 
0 1 5 12 18 23 36 43 49 54 57 59 66 72 79 91 97 104 
0 1 5 12 18 23 36 43 49 54 57 59 66 72 79 91 98 104 
0 1 5 12 18 23 36 43 49 54 57 59 66 72 91 97 104 108 
0 1 5 12 18 23 36 43 49 54 57 59 66 72 91 98 104 108 
0 1 5 12 18 36 42 49 54 57 59 65 72 79 91 97 103 111 
0 1 5 12 18 36 42 49 54 57 59 65 72 79 91 97 104 111 
0 1 5 12 18 36 42 49 54 57 59 66 72 79 91 97 103 111 
0 1 5 12 18 36 42 49 54 57 59 66 72 79 91 97 104 111 
0 1 5 12 18 36 43 49 54 57 59 65 72 79 91 97 104 111 
0 1 5 12 18 36 43 49 54 57 59 66 72 79 91 97 104 111 
0 1 5 12 18 36 43 49 54 57 59 66 72 79 91 98 104 111 
0 1 5 12 19 23 36 42 49 54 57 59 65 72 79 91 97 104 
0 1 5 12 19 23 36 42 49 54 57 59 66 72 79 91 97 104 
0 1 5 12 19 23 36 42 54 57 59 65 72 77 91 97 104 109 
0 1 5 12 19 23 36 42 54 57 59 66 72 77 91 97 104 109 
0 1 5 12 19 23 36 43 49 54 57 59 65 72 79 91 97 104 
0 1 5 12 19 23 36 43 49 54 57 59 65 73 79 91 97 104 
0 1 5 12 19 23 36 43 49 54 57 59 66 72 79 91 97 104 
0 1 5 12 19 23 36 43 49 54 57 59 66 72 79 91 98 104 
0 1 5 12 19 23 36 43 49 54 57 59 66 73 79 91 97 104 
0 1 5 12 19 23 36 43 49 54 57 59 66 73 79 91 98 104 
0 1 5 12 19 23 36 43 54 57 59 65 72 77 91 97 104 109 
0 1 5 12 19 23 36 43 54 57 59 65 73 77 91 97 104 109 
0 1 5 12 19 23 36 43 54 57 59 66 72 77 91 97 104 109 
0 1 5 12 19 23 36 43 54 57 59 66 72 77 91 98 104 109 
0 1 5 12 19 23 36 43 54 57 59 66 73 77 91 97 104 109 
0 1 5 12 19 23 36 43 54 57 59 66 73 77 91 98 104 109 
0 1 5 12 19 24 31 36 42 50 54 57 61 65 72 97 104 109 
0 1 5 12 19 24 31 36 42 50 54 57 61 66 72 97 104 109 
0 1 5 12 19 24 31 36 43 50 54 57 61 65 72 97 104 109 
0 1 5 12 19 24 31 36 43 50 54 57 61 65 73 97 104 109 
0 1 5 12 19 24 31 36 43 50 54 57 61 65 73 97 105 109 
0 1 5 12 19 24 31 36 43 50 54 57 61 66 72 97 104 109 
0 1 5 12 19 24 31 36 43 50 54 57 61 66 72 98 104 109 
0 1 5 12 19 24 31 36 43 50 54 57 61 66 73 97 104 109 
0 1 5 12 19 36 42 49 54 57 59 65 72 79 91 97 104 111 
0 1 5 12 19 36 42 49 54 57 59 66 72 79 91 97 104 111 
0 1 5 12 19 36 42 50 54 57 59 65 72 79 91 97 104 111 
0 1 5 12 19 36 42 50 54 57 59 66 72 79 91 97 104 111 
0 1 5 12 19 36 43 49 54 57 59 65 72 79 91 97 104 111 
0 1 5 12 19 36 43 49 54 57 59 65 73 79 91 97 104 111 
0 1 5 12 19 36 43 49 54 57 59 66 72 79 91 97 104 111 
0 1 5 12 19 36 43 49 54 57 59 66 72 79 91 98 104 111 
0 1 5 12 19 36 43 49 54 57 59 66 73 79 91 97 104 111 
0 1 5 12 19 36 43 49 54 57 59 66 73 79 91 98 104 111 
0 1 5 12 19 36 43 50 54 57 59 65 72 79 91 97 104 111 
0 1 5 12 19 36 43 50 54 57 59 65 73 79 91 97 104 111 
0 1 5 12 19 36 43 50 54 57 59 65 73 79 91 97 105 111 
0 1 5 12 19 36 43 50 54 57 59 66 72 79 91 97 104 111 
0 1 5 12 19 36 43 50 54 57 59 66 72 79 91 98 104 111 
0 1 5 12 19 36 43 50 54 57 59 66 73 79 91 97 104 111 
0 1 5 12 23 36 42 47 54 57 59 65 72 77 91 97 104 108 
0 1 5 12 23 36 42 47 54 57 59 65 72 77 91 97 104 109 
0 1 5 12 23 36 42 47 54 57 59 66 72 77 91 97 104 108 
0 1 5 12 23 36 42 47 54 57 59 66 72 77 91 97 104 109 
0 1 5 12 23 36 43 47 54 57 59 65 72 77 91 97 104 108 
0 1 5 12 23 36 43 47 54 57 59 65 72 77 91 97 104 109 
0 1 5 12 23 36 43 47 54 57 59 66 72 77 91 97 104 108 
0 1 5 12 23 36 43 47 54 57 59 66 72 77 91 97 104 109 
0 1 5 12 23 36 43 47 54 57 59 66 72 77 91 98 104 108 
0 1 5 12 23 36 43 47 54 57 59 66 72 77 91 98 104 109 
0 1 5 12 24 36 42 47 54 57 59 65 72 77 91 97 104 109 
0 1 5 12 24 36 42 47 54 57 59 66 72 77 91 97 104 109 
0 1 5 12 24 36 43 47 54 57 59 65 72 77 91 97 104 109 
0 1 5 12 24 36 43 47 54 57 59 66 72 77 91 97 104 109 
0 1 5 12 24 36 43 47 54 57 59 66 72 77 91 98 104 109 
0 1 5 12 24 36 43 48 54 57 59 65 73 78 91 97 105 109 
0 1 5 12 24 36 43 48 54 57 59 66 73 78 91 97 105 109 
0 1 5 12 24 36 43 48 54 57 59 66 73 78 91 98 105 109 
0 1 5 13 17 23 36 43 48 54 57 59 66 73 77 91 98 109 
0 1 5 13 17 23 36 48 54 57 59 66 71 77 91 98 103 109 
0 1 5 13 18 23 31 36 44 49 54 57 61 66 74 98 108 
0 1 5 13 18 23 31 36 44 49 54 57 61 66 98 103 108 
0 1 5 13 18 23 31 36 44 54 57 61 66 76 98 103 108 
0 1 5 13 18 23 31 36 49 54 57 61 66 71 98 103 108 
0 1 5 13 18 23 31 36 54 57 61 66 71 76 98 103 108 
0 1 5 13 18 23 36 44 49 54 57 59 66 74 79 91 98 
0 1 5 13 18 23 36 44 49 54 57 59 66 74 91 98 108 
0 1 5 13 18 23 36 44 49 54 57 59 66 79 91 98 103 
0 1 5 13 18 23 36 44 49 54 57 59 66 91 98 103 108 
0 1 5 13 18 23 36 44 54 57 59 66 76 91 98 103 108 
0 1 5 13 18 23 36 49 54 57 59 66 71 79 91 98 103 
0 1 5 13 18 23 36 49 54 57 59 66 71 91 98 103 108 
0 1 5 13 18 23 36 54 57 59 66 71 76 91 98 103 108 
0 1 5 13 18 36 44 49 54 57 59 66 74 79 91 98 111 
0 1 5 13 18 36 44 49 54 57 59 66 79 91 98 103 111 
0 1 5 13 18 36 49 54 57 59 66 71 79 91 98 103 111 
0 1 5 13 19 23 36 43 49 54 57 59 66 73 79 91 98 104 
0 1 5 13 19 23 36 43 54 57 59 66 73 77 91 98 104 109 
0 1 5 13 19 36 43 49 54 57 59 66 73 79 91 98 104 111 
0 1 5 13 21 36 44 54 57 59 66 74 79 91 98 106 111 
0 1 5 13 23 36 44 49 54 57 59 66 74 79 91 98 106 
0 1 5 13 23 36 46 54 57 59 66 71 76 91 98 103 108 
0 1 5 13 24 36 43 48 54 57 59 66 73 78 91 98 105 109 
0 1 5 13 24 36 44 48 54 57 59 66 73 78 91 98 105 109 
0 1 5 13 36 44 49 54 57 59 66 74 79 91 98 106 111 
0 1 5 15 23 36 41 46 54 57 59 66 71 76 91 98 108 
0 1 5 16 21 36 40 47 54 57 59 65 70 79 91 97 106 111 114 
0 1 5 16 23 36 40 46 54 57 59 65 70 76 91 97 108 114 
0 1 5 16 23 36 40 47 54 57 59 65 70 76 91 97 102 108 
0 1 5 16 23 36 40 47 54 57 59 65 70 76 91 97 108 114 
0 1 5 16 23 36 40 47 54 57 59 65 70 77 91 97 102 108 
0 1 5 16 23 36 40 47 54 57 59 65 70 77 91 97 102 109 
0 1 5 16 23 36 40 47 54 57 59 65 70 77 91 97 108 114 
0 1 5 16 23 36 40 47 54 57 59 65 70 77 91 97 109 114 
0 1 5 17 23 36 40 47 54 57 59 65 70 77 91 97 102 108 
0 1 5 17 23 36 40 47 54 57 59 65 70 77 91 97 102 109 
0 1 5 17 23 36 40 48 54 57 59 65 70 77 91 97 102 109 
0 1 5 17 23 36 41 47 54 57 59 66 71 77 91 98 102 108 
0 1 5 17 23 36 41 47 54 57 59 66 71 77 91 98 102 109 
0 1 5 17 23 36 41 48 54 57 59 66 71 77 91 98 102 109 
0 1 5 17 23 36 41 48 54 57 59 66 71 77 91 98 103 109 
0 1 5 18 23 31 36 41 49 54 57 61 66 71 98 103 108 
0 1 5 18 23 36 41 49 54 57 59 66 71 79 91 98 103 
0 1 5 18 23 36 41 49 54 57 59 66 71 91 98 103 108 
0 1 5 18 23 36 41 54 57 59 66 71 76 91 98 103 108 
0 1 5 18 36 41 49 54 57 59 66 71 79 91 98 103 111 
0 1 5 23 36 41 46 54 57 59 66 71 76 91 98 103 108 
0 1 6 10 15 23 36 41 46 54 57 59 66 71 76 91 108 
0 1 6 10 15 23 41 46 54 57 59 64 71 76 91 96 108 
0 1 6 10 16 23 36 41 47 54 57 59 66 70 76 91 102 108 
0 1 6 10 16 23 36 41 47 54 57 59 66 70 77 91 102 108 
0 1 6 10 16 23 36 41 47 54 57 59 66 70 77 91 102 109 
0 1 6 10 16 23 41 47 54 57 59 64 70 76 91 96 102 108 
0 1 6 10 16 23 41 47 54 57 59 64 70 77 91 96 102 108 
0 1 6 10 16 23 41 47 54 57 59 64 70 77 91 96 102 109 
0 1 6 10 17 23 36 41 47 54 57 59 66 70 77 91 102 108 
0 1 6 10 17 23 36 41 47 54 57 59 66 70 77 91 102 109 
0 1 6 10 17 23 36 41 47 54 57 59 66 71 77 91 102 108 
0 1 6 10 17 23 36 41 47 54 57 59 66 71 77 91 102 109 
0 1 6 10 17 23 36 41 48 54 57 59 66 70 77 91 102 109 
0 1 6 10 17 23 36 41 48 54 57 59 66 71 77 91 102 109 
0 1 6 10 17 23 36 41 48 54 57 59 66 71 77 91 103 109 
0 1 6 10 17 23 41 47 54 57 59 64 70 77 91 96 102 108 
0 1 6 10 17 23 41 47 54 57 59 64 70 77 91 96 102 109 
0 1 6 10 17 23 41 47 54 57 59 64 71 77 91 96 102 108 
0 1 6 10 17 23 41 47 54 57 59 64 71 77 91 96 102 109 
0 1 6 10 17 23 41 48 54 57 59 64 70 77 91 96 102 109 
0 1 6 10 17 23 41 48 54 57 59 64 71 77 91 96 102 109 
0 1 6 10 17 23 41 48 54 57 59 64 71 77 91 96 103 109 
0 1 6 10 18 23 36 41 49 54 57 59 66 71 79 91 103 
0 1 6 10 18 23 36 41 49 54 57 59 66 71 91 103 108 
0 1 6 10 18 23 36 41 54 57 59 66 71 76 91 103 108 
0 1 6 10 18 23 41 49 54 57 59 64 71 79 91 96 103 
0 1 6 10 18 23 41 49 54 57 59 64 71 91 96 103 108 
0 1 6 10 18 23 41 54 57 59 64 71 76 91 96 103 108 
0 1 6 10 18 36 41 49 54 57 59 66 71 79 91 103 111 
0 1 6 10 18 41 49 54 57 59 64 71 79 91 96 103 111 
0 1 6 10 23 36 41 46 54 57 59 66 71 76 91 103 108 
0 1 6 10 23 41 46 54 57 59 64 71 76 91 96 103 108 
0 1 6 11 15 23 41 46 54 57 59 64 71 76 91 96 108 
0 1 6 11 15 23 46 54 57 59 64 69 76 91 96 108 114 
0 1 6 11 16 21 27 32 37 42 47 52 62 67 72 77 85 111 
0 1 6 11 16 21 27 32 37 42 47 52 62 67 72 85 106 111 
0 1 6 11 16 21 27 32 37 42 47 52 62 67 77 85 111 114 
0 1 6 11 16 21 27 32 37 42 47 52 62 67 85 106 111 114 
0 1 6 11 16 21 27 32 37 42 47 52 62 72 77 85 96 111 
0 1 6 11 16 21 27 32 37 42 47 52 62 72 85 96 106 111 
0 1 6 11 16 21 27 32 37 42 47 52 62 77 85 96 111 114 
0 1 6 11 16 21 27 32 37 42 47 52 67 72 77 85 91 111 
0 1 6 11 16 21 27 32 37 42 47 52 67 77 85 91 111 114 
0 1 6 11 16 21 27 32 37 42 47 52 72 77 85 91 96 111 
0 1 6 11 16 21 27 32 37 42 47 62 67 79 85 106 111 114 
0 1 6 11 16 21 27 32 37 42 47 62 72 79 85 96 106 111 
0 1 6 11 16 21 27 32 37 42 47 67 72 79 85 91 106 111 
0 1 6 11 16 21 27 32 37 42 52 62 67 74 85 106 111 114 
0 1 6 11 16 21 27 32 37 42 52 67 74 85 91 106 111 114 
0 1 6 11 16 21 27 32 37 47 52 62 69 77 85 96 111 114 
0 1 6 11 16 21 27 32 37 47 52 69 77 85 91 96 111 114 
0 1 6 11 16 21 27 32 42 47 52 64 72 77 85 91 96 111 
0 1 6 11 16 21 27 32 42 47 52 64 77 85 91 96 111 114 
0 1 6 11 16 23 32 37 42 46 54 57 76 91 96 108 114 
0 1 6 11 16 23 32 37 42 47 54 57 62 67 72 76 108 
0 1 6 11 16 23 32 37 42 47 54 57 62 67 72 77 108 
0 1 6 11 16 23 32 37 42 47 54 57 62 67 72 77 109 
0 1 6 11 16 23 32 37 42 47 54 57 62 67 76 108 114 
0 1 6 11 16 23 32 37 42 47 54 57 62 67 77 108 114 
0 1 6 11 16 23 32 37 42 47 54 57 62 67 77 109 114 
0 1 6 11 16 23 32 37 42 47 54 57 62 72 76 96 108 
0 1 6 11 16 23 32 37 42 47 54 57 62 72 77 96 108 
0 1 6 11 16 23 32 37 42 47 54 57 62 76 96 108 114 
0 1 6 11 16 23 32 37 42 47 54 57 62 77 96 108 114 
0 1 6 11 16 23 32 37 42 47 54 57 62 77 96 109 114 
0 1 6 11 16 23 32 37 42 47 54 57 67 72 76 91 108 
0 1 6 11 16 23 32 37 42 47 54 57 67 72 77 91 108 
0 1 6 11 16 23 32 37 42 47 54 57 67 76 91 108 114 
0 1 6 11 16 23 32 37 42 47 54 57 67 77 91 108 114 
0 1 6 11 16 23 32 37 42 47 54 57 67 77 91 109 114 
0 1 6 11 16 23 32 37 42 47 54 57 72 76 91 96 108 
0 1 6 11 16 23 32 37 42 47 54 57 76 91 96 108 114 
0 1 6 11 16 23 32 37 42 47 54 57 77 91 96 108 114 
0 1 6 11 16 23 32 37 42 47 54 62 67 76 85 108 114 
0 1 6 11 16 23 32 37 42 47 54 62 67 77 85 108 114 
0 1 6 11 16 23 32 37 42 47 54 62 67 77 85 109 114 
0 1 6 11 16 23 32 37 42 47 54 62 72 76 85 96 108 
0 1 6 11 16 23 32 37 42 47 54 62 76 85 96 108 114 
0 1 6 11 16 23 32 37 42 47 54 62 77 85 96 108 114 
0 1 6 11 16 23 32 37 42 47 54 67 72 76 85 91 108 
0 1 6 11 16 23 32 37 42 47 54 67 76 85 91 108 114 
0 1 6 11 16 23 32 37 42 47 54 67 77 85 91 108 114 
0 1 6 11 16 23 32 37 42 47 54 72 76 85 91 96 108 
0 1 6 11 16 23 32 37 42 47 54 76 85 91 96 108 114 
0 1 6 11 16 23 32 37 46 54 57 62 69 76 96 108 114 
0 1 6 11 16 23 32 37 46 54 62 69 76 85 96 108 114 
0 1 6 11 16 23 32 37 46 54 69 76 85 91 96 108 114 
0 1 6 11 16 23 32 37 47 54 57 62 69 76 96 108 114 
0 1 6 11 16 23 32 37 47 54 57 62 69 77 96 108 114 
0 1 6 11 16 23 32 37 47 54 57 62 69 77 96 109 114 
0 1 6 11 16 23 32 37 47 54 62 69 76 85 96 108 114 
0 1 6 11 16 23 32 37 47 54 62 69 77 85 96 108 114 
0 1 6 11 16 23 32 37 47 54 62 69 77 85 96 109 114 
0 1 6 11 16 23 32 37 47 54 69 76 85 91 96 108 114 
0 1 6 11 16 23 32 37 47 54 69 77 85 91 96 108 114 
0 1 6 11 16 23 32 42 46 54 64 76 85 91 96 108 114 
0 1 6 11 16 23 32 42 47 54 57 64 72 76 91 96 108 
0 1 6 11 16 23 32 42 47 54 57 64 72 77 91 96 108 
0 1 6 11 16 23 32 42 47 54 57 64 72 77 91 96 109 
0 1 6 11 16 23 32 42 47 54 64 72 76 85 91 96 108 
0 1 6 11 16 23 32 42 47 54 64 72 77 85 91 96 108 
0 1 6 11 16 23 32 42 47 54 64 72 77 85 91 96 109 
0 1 6 11 16 23 32 46 54 64 69 76 85 91 96 108 114 
0 1 6 11 16 23 37 42 47 54 57 59 67 72 76 91 108 
0 1 6 11 16 23 37 42 47 54 57 59 67 72 77 91 108 
0 1 6 11 16 23 37 42 47 54 57 59 67 72 77 91 109 
0 1 6 11 16 23 37 42 47 54 57 59 67 76 91 108 114 
0 1 6 11 16 23 37 42 47 54 57 59 67 77 91 108 114 
0 1 6 11 16 23 37 42 47 54 57 59 72 76 91 96 108 
0 1 6 11 16 23 37 42 47 54 57 59 72 77 91 96 108 
0 1 6 11 16 23 37 42 47 54 57 59 72 77 91 96 109 
0 1 6 11 16 23 42 47 54 57 59 64 72 76 91 96 108 
0 1 6 11 16 23 42 47 54 57 59 64 72 77 91 96 108 
0 1 6 11 16 23 42 47 54 57 59 64 72 77 91 96 109 
0 1 6 11 16 24 32 42 47 54 64 72 77 85 91 96 109 
0 1 6 11 17 23 32 37 41 47 54 57 71 77 91 96 102 108 
0 1 6 11 17 23 32 37 41 47 54 57 71 77 91 96 102 109 
0 1 6 11 17 23 32 37 41 48 54 57 71 77 91 96 102 109 
0 1 6 11 17 23 32 37 41 48 54 57 71 77 91 96 103 109 
0 1 6 11 17 23 32 37 42 48 54 57 62 67 71 77 103 109 
0 1 6 11 17 23 32 37 42 48 54 57 62 71 77 96 103 109 
0 1 6 11 17 23 32 37 42 48 54 57 67 71 77 91 103 109 
0 1 6 11 17 23 32 37 42 48 54 57 71 77 91 96 103 109 
0 1 6 11 17 23 32 37 42 48 54 62 71 77 85 96 103 109 
0 1 6 11 17 23 32 37 42 48 54 67 71 77 85 91 103 109 
0 1 6 11 17 23 32 37 42 48 54 71 77 85 91 96 103 109 
0 1 6 11 17 23 32 41 47 54 57 64 71 77 91 96 102 109 
0 1 6 11 17 23 32 41 47 54 64 71 77 85 91 96 102 108 
0 1 6 11 17 23 32 41 47 54 64 71 77 85 91 96 102 109 
0 1 6 11 17 23 32 41 48 54 57 64 71 77 91 96 102 109 
0 1 6 11 17 23 32 41 48 54 57 64 71 77 91 96 103 109 
0 1 6 11 17 23 32 41 48 54 64 71 77 85 91 96 102 109 
0 1 6 11 17 23 32 41 48 54 64 71 77 85 91 96 103 109 
0 1 6 11 17 23 32 42 48 54 64 71 77 85 91 96 103 109 
0 1 6 11 17 23 37 41 47 54 57 59 71 77 91 96 102 109 
0 1 6 11 17 23 37 41 48 54 57 59 71 77 91 96 102 109 
0 1 6 11 17 23 37 41 48 54 57 59 71 77 91 96 103 109 
0 1 6 11 17 23 37 42 48 54 57 59 67 71 77 91 103 109 
0 1 6 11 17 24 29 32 37 42 48 62 67 71 77 85 103 109 
0 1 6 11 17 24 29 32 37 42 48 62 67 71 78 85 103 109 
0 1 6 11 17 24 29 32 37 42 48 62 67 71 78 85 103 110 
0 1 6 11 17 24 32 37 41 48 54 57 71 77 91 96 103 109 
0 1 6 11 17 24 32 37 42 48 54 57 62 67 71 77 103 109 
0 1 6 11 17 24 32 37 42 48 54 57 62 67 71 78 103 109 
0 1 6 11 17 24 32 37 42 48 54 57 67 71 77 91 103 109 
0 1 6 11 17 24 32 41 47 54 64 71 77 85 91 96 102 109 
0 1 6 11 17 24 32 41 48 54 64 71 77 85 91 96 102 109 
0 1 6 11 17 24 32 41 48 54 64 71 77 85 91 96 103 109 
0 1 6 11 17 24 32 41 48 54 64 71 78 85 91 96 102 109 
0 1 6 11 18 23 32 37 41 54 57 71 76 91 96 103 108 
0 1 6 11 18 23 32 37 42 49 54 57 62 67 71 103 108 
0 1 6 11 18 23 32 37 42 49 54 57 62 67 72 103 108 
0 1 6 11 18 23 32 37 42 49 54 57 62 67 72 104 108 
0 1 6 11 18 23 32 37 42 49 54 57 67 71 91 103 108 
0 1 6 11 18 23 32 37 42 49 54 57 67 72 91 103 108 
0 1 6 11 18 23 32 37 42 49 54 62 67 72 85 103 108 
0 1 6 11 18 23 32 37 42 49 54 62 67 72 85 104 108 
0 1 6 11 18 23 32 37 42 49 54 67 71 85 91 103 108 
0 1 6 11 18 23 32 37 42 49 54 67 72 85 91 103 108 
0 1 6 11 18 23 32 37 42 49 54 67 72 85 91 104 108 
0 1 6 11 18 23 32 37 42 54 57 62 67 71 76 103 108 
0 1 6 11 18 23 32 37 42 54 57 62 67 72 76 103 108 
0 1 6 11 18 23 32 37 42 54 57 62 71 76 96 103 108 
0 1 6 11 18 23 32 37 42 54 57 62 72 76 96 103 108 
0 1 6 11 18 23 32 37 42 54 57 67 71 76 91 103 108 
0 1 6 11 18 23 32 37 42 54 57 67 72 76 91 103 108 
0 1 6 11 18 23 32 37 42 54 62 67 71 76 85 103 108 
0 1 6 11 18 23 32 37 42 54 62 67 72 76 85 103 108 
0 1 6 11 18 23 32 37 42 54 62 71 76 85 96 103 108 
0 1 6 11 18 23 32 37 42 54 62 72 76 85 96 103 108 
0 1 6 11 18 23 32 37 42 54 67 71 76 85 91 103 108 
0 1 6 11 18 23 32 37 42 54 67 72 76 85 91 103 108 
0 1 6 11 18 23 32 37 42 54 71 76 85 91 96 103 108 
0 1 6 11 18 23 32 37 42 54 72 76 85 91 96 103 108 
0 1 6 11 18 23 32 41 54 64 71 76 85 91 96 103 108 
0 1 6 11 18 23 32 42 54 64 71 76 85 91 96 103 108 
0 1 6 11 18 23 32 42 54 64 72 76 85 91 96 103 108 
0 1 6 11 18 23 37 42 54 57 59 67 71 76 91 103 108 
0 1 6 11 18 27 32 41 49 64 71 79 85 91 96 103 111 
0 1 6 11 18 27 32 42 49 64 71 79 85 91 96 103 111 
0 1 6 11 18 27 32 42 49 64 72 79 85 91 96 103 111 
0 1 6 11 19 23 32 42 54 64 72 77 85 91 96 104 109 
0 1 6 11 19 24 32 42 54 64 72 77 85 91 96 104 109 
0 1 6 11 21 27 32 42 47 52 64 72 77 85 91 96 104 111 
0 1 6 11 23 37 42 47 54 57 59 67 72 77 91 104 108 
0 1 6 11 23 37 42 47 54 57 59 67 72 77 91 104 109 
0 1 6 12 16 23 32 36 42 47 54 57 66 72 76 91 97 108 
0 1 6 12 16 23 32 36 42 47 54 57 66 72 77 91 97 108 
0 1 6 12 16 23 32 36 42 47 54 57 66 72 77 91 97 109 
0 1 6 12 16 23 32 36 47 54 57 66 70 76 91 97 102 108 
0 1 6 12 16 23 32 36 47 54 57 66 70 77 91 97 102 108 
0 1 6 12 16 23 32 36 47 54 57 66 70 77 91 97 102 109 
0 1 6 12 16 23 36 42 47 54 57 59 66 72 76 91 97 108 
0 1 6 12 16 23 36 42 47 54 57 59 66 72 77 91 97 108 
0 1 6 12 16 23 36 42 47 54 57 59 66 72 77 91 97 109 
0 1 6 12 16 23 36 47 54 57 59 66 70 76 91 97 102 108 
0 1 6 12 16 23 36 47 54 57 59 66 70 77 91 97 102 108 
0 1 6 12 16 23 36 47 54 57 59 66 70 77 91 97 102 109 
0 1 6 12 16 24 32 36 42 47 54 57 66 72 77 91 97 109 
0 1 6 12 16 24 32 36 47 54 57 66 70 77 91 97 102 109 
0 1 6 12 17 23 32 36 43 47 54 57 66 77 91 97 102 108 
0 1 6 12 17 23 32 36 43 47 54 57 66 77 91 97 102 109 
0 1 6 12 17 23 32 36 43 47 54 57 66 77 91 98 102 108 
0 1 6 12 17 23 32 36 43 47 54 57 66 77 91 98 102 109 
0 1 6 12 17 23 32 36 43 48 54 57 66 73 77 91 97 109 
0 1 6 12 17 23 32 36 43 48 54 57 66 73 77 91 98 109 
0 1 6 12 17 23 32 36 43 48 54 57 66 77 91 97 102 109 
0 1 6 12 17 23 32 36 43 48 54 57 66 77 91 98 102 109 
0 1 6 12 17 23 32 36 47 54 57 66 70 77 91 97 102 108 
0 1 6 12 17 23 32 36 47 54 57 66 70 77 91 97 102 109 
0 1 6 12 17 23 32 36 48 54 57 66 70 77 91 97 102 109 
0 1 6 12 17 23 32 37 43 47 54 57 62 66 77 98 102 108 
0 1 6 12 17 23 32 37 43 47 54 57 62 66 77 98 102 109 
0 1 6 12 17 23 32 37 43 47 54 57 66 77 91 98 102 108 
0 1 6 12 17 23 32 37 43 47 54 57 66 77 91 98 102 109 
0 1 6 12 17 23 32 37 43 48 54 57 62 66 73 77 98 109 
0 1 6 12 17 23 32 37 43 48 54 57 62 66 77 98 102 109 
0 1 6 12 17 23 32 37 43 48 54 57 66 73 77 91 98 109 
0 1 6 12 17 23 32 37 43 48 54 66 73 77 85 91 98 109 
0 1 6 12 17 23 32 37 43 48 54 66 77 85 91 98 102 109 
0 1 6 12 17 23 36 43 47 54 57 59 66 77 91 97 102 109 
0 1 6 12 17 23 36 43 47 54 57 59 66 77 91 98 102 108 
0 1 6 12 17 23 36 43 47 54 57 59 66 77 91 98 102 109 
0 1 6 12 17 23 36 43 48 54 57 59 66 73 77 91 97 109 
0 1 6 12 17 23 36 43 48 54 57 59 66 73 77 91 98 109 
0 1 6 12 17 23 36 43 48 54 57 59 66 77 91 97 102 109 
0 1 6 12 17 23 37 43 47 54 57 59 66 77 91 98 102 108 
0 1 6 12 17 24 29 32 37 43 48 62 66 73 77 85 98 109 
0 1 6 12 17 24 29 32 37 43 48 62 66 73 78 85 98 109 
0 1 6 12 17 24 29 32 37 43 48 62 66 73 78 85 98 110 
0 1 6 12 17 24 29 32 37 43 48 62 66 77 85 98 102 109 
0 1 6 12 17 24 29 32 37 43 48 62 66 78 85 98 102 109 
0 1 6 12 17 24 29 32 37 43 48 62 66 78 85 98 102 110 
0 1 6 12 17 24 32 36 43 47 54 57 66 77 91 98 102 109 
0 1 6 12 17 24 32 36 43 48 54 57 66 73 77 91 97 109 
0 1 6 12 17 24 32 36 43 48 54 57 66 73 77 91 98 109 
0 1 6 12 17 24 32 37 43 47 54 57 62 66 77 98 102 109 
0 1 6 12 17 24 32 37 43 47 54 57 66 77 91 98 102 109 
0 1 6 12 17 24 32 37 43 48 54 57 62 66 73 77 98 109 
0 1 6 12 17 24 32 37 43 48 54 57 62 66 73 78 98 109 
0 1 6 12 17 24 32 37 43 48 54 57 62 66 77 98 102 109 
0 1 6 12 17 24 32 37 43 48 54 57 62 66 78 98 102 109 
0 1 6 12 18 23 32 36 42 54 57 66 72 76 91 97 103 108 
0 1 6 12 18 23 32 37 43 49 54 57 62 66 72 98 104 108 
0 1 6 12 18 24 29 32 37 43 49 62 66 72 78 85 98 104 110 
0 1 6 12 19 23 32 36 42 54 57 66 72 77 91 97 104 109 
0 1 6 12 19 23 32 36 43 54 57 66 72 77 91 97 104 109 
0 1 6 12 19 23 32 36 43 54 57 66 72 77 91 98 104 109 
0 1 6 12 19 23 32 36 43 54 57 66 73 77 91 97 104 109 
0 1 6 12 19 23 32 36 43 54 57 66 73 77 91 98 104 109 
0 1 6 12 19 23 32 37 43 54 57 62 66 72 77 98 104 109 
0 1 6 12 19 23 32 37 43 54 57 62 66 73 77 98 104 109 
0 1 6 12 19 23 32 37 43 54 57 66 72 77 91 98 104 109 
0 1 6 12 19 23 32 37 43 54 57 66 73 77 91 98 104 109 
0 1 6 12 19 23 32 37 43 54 62 66 72 77 85 98 104 109 
0 1 6 12 19 23 32 37 43 54 62 66 73 77 85 98 104 109 
0 1 6 12 19 23 32 37 43 54 66 72 77 85 91 98 104 109 
0 1 6 12 19 23 32 37 43 54 66 73 77 85 91 98 104 109 
0 1 6 12 19 24 29 32 37 43 50 62 66 72 85 98 104 109 
0 1 6 12 19 24 29 32 37 43 50 62 66 73 85 98 104 109 
0 1 6 12 19 24 29 32 37 43 50 62 66 73 85 98 105 109 
0 1 6 12 19 24 29 32 37 43 62 66 72 77 85 98 104 109 
0 1 6 12 19 24 29 32 37 43 62 66 73 77 85 98 104 109 
0 1 6 12 19 24 32 36 43 54 57 66 72 77 91 98 104 109 
0 1 6 12 19 24 32 36 43 54 57 66 73 77 91 98 104 109 
0 1 6 12 19 24 32 37 43 54 57 62 66 72 77 98 104 109 
0 1 6 12 19 24 32 37 43 54 57 62 66 73 77 98 104 109 
0 1 6 12 19 24 32 37 43 54 57 66 72 77 91 98 104 109 
0 1 6 12 19 24 32 37 43 54 57 66 73 77 91 98 104 109 
0 1 6 12 19 24 32 37 43 54 62 66 72 77 85 98 104 109 
0 1 6 12 19 24 32 37 43 54 62 66 73 77 85 98 104 109 
0 1 6 12 19 24 32 37 43 54 66 72 77 85 91 98 104 109 
0 1 6 12 19 24 32 37 43 54 66 73 77 85 91 98 104 109 
0 1 6 12 23 32 36 43 47 54 57 66 72 77 91 98 104 108 
0 1 6 12 23 32 36 43 47 54 57 66 72 77 91 98 104 109 
0 1 6 12 23 32 37 43 47 54 57 62 66 72 77 98 104 108 
0 1 6 12 23 32 37 43 47 54 57 62 66 72 77 98 104 109 
0 1 6 12 23 32 37 43 47 54 57 66 72 77 91 98 104 108 
0 1 6 12 23 32 37 43 47 54 57 66 72 77 91 98 104 109 
0 1 6 12 23 36 43 47 54 57 59 66 72 77 91 98 104 108 
0 1 6 12 23 36 43 47 54 57 59 66 72 77 91 98 104 109 
0 1 6 12 23 37 43 47 54 57 59 66 72 77 91 98 104 108 
0 1 6 12 23 37 43 47 54 57 59 66 72 77 91 98 104 109 
0 1 6 12 24 32 36 43 47 54 57 66 72 77 91 98 104 109 
0 1 6 12 24 32 37 43 47 54 57 62 66 72 77 98 104 109 
0 1 6 12 24 32 37 43 47 54 57 66 72 77 91 98 104 109 
0 1 6 13 17 23 32 37 43 48 54 57 62 66 73 77 98 109 
0 1 6 13 17 23 32 37 43 48 54 57 62 67 73 77 98 109 
0 1 6 13 17 23 32 37 48 54 57 62 66 71 77 98 103 109 
0 1 6 13 17 23 32 37 48 54 57 62 67 71 77 98 103 109 
0 1 6 13 17 23 32 37 48 54 62 66 71 77 85 98 103 109 
0 1 6 13 17 23 32 37 48 54 62 67 71 77 85 98 103 109 
0 1 6 13 17 24 29 32 37 48 62 66 71 77 85 98 103 109 
0 1 6 13 17 24 29 32 37 48 62 67 71 77 85 98 103 109 
0 1 6 13 17 24 32 37 43 48 54 57 62 66 73 77 98 109 
0 1 6 13 17 24 32 37 48 54 57 62 66 71 77 98 103 109 
0 1 6 13 17 24 32 37 48 54 57 62 67 71 77 98 103 109 
0 1 6 13 17 24 32 37 48 54 62 66 71 77 85 98 103 109 
0 1 6 13 17 24 32 37 48 54 62 67 71 77 85 98 103 109 
0 1 6 13 18 23 32 36 54 57 66 71 76 91 98 103 108 
0 1 6 13 18 23 32 37 44 49 54 62 67 85 98 103 108 
0 1 6 13 18 23 32 37 44 54 62 66 76 85 98 103 108 
0 1 6 13 18 23 32 37 44 54 62 67 76 85 98 103 108 
0 1 6 13 18 23 32 37 44 54 66 76 85 91 98 103 108 
0 1 6 13 18 23 32 37 49 54 57 62 66 71 98 103 108 
0 1 6 13 18 23 32 37 49 54 62 66 71 85 98 103 108 
0 1 6 13 18 23 32 37 49 54 62 67 71 85 98 103 108 
0 1 6 13 18 23 32 37 54 62 66 71 76 85 98 103 108 
0 1 6 13 23 32 37 46 54 66 71 76 85 91 98 103 108 
0 1 7 11 16 23 31 42 47 54 57 61 65 72 76 92 97 108 
0 1 7 11 16 23 31 42 47 54 57 61 65 72 77 92 97 108 
0 1 7 11 16 23 31 42 47 54 57 61 65 72 77 92 97 109 
0 1 7 11 16 24 31 42 47 54 57 61 65 72 77 92 97 109 
0 1 7 11 17 23 31 37 42 48 54 57 61 67 71 77 92 103 109 
0 1 7 11 17 23 31 42 48 54 57 61 65 71 77 92 97 103 109 
0 1 7 11 17 24 31 37 42 48 54 57 61 67 71 77 92 103 109 
0 1 7 11 17 24 31 37 42 48 54 57 61 67 71 78 92 103 109 
0 1 7 11 17 24 31 42 48 54 57 61 65 71 77 92 97 103 109 
0 1 7 11 17 24 31 42 48 54 57 61 65 71 78 92 97 103 109 
0 1 7 11 18 23 31 37 42 54 57 61 67 71 76 92 103 108 
0 1 7 11 18 23 31 37 42 54 57 61 67 72 76 92 103 108 
0 1 7 11 18 23 31 42 54 57 61 65 71 76 92 97 103 108 
0 1 7 11 18 23 31 42 54 57 61 65 72 76 92 97 103 108 
0 1 7 11 19 23 31 42 54 57 61 65 72 77 92 97 104 109 
0 1 7 11 23 31 42 46 54 57 61 65 71 76 92 97 103 108 
0 1 7 11 23 31 42 47 54 57 61 65 72 77 92 97 104 108 
0 1 7 11 23 31 42 47 54 57 61 65 72 77 92 97 104 109 
0 1 7 11 24 31 42 47 54 57 61 65 72 77 92 97 104 109 
0 1 7 12 16 23 31 42 47 54 57 61 65 72 76 92 97 108 
0 1 7 12 16 23 31 42 47 54 57 61 65 72 77 92 97 108 
0 1 7 12 16 23 31 42 47 54 57 61 65 72 77 92 97 109 
0 1 7 12 17 23 31 43 48 54 57 61 65 73 77 92 97 109 
0 1 7 12 18 24 29 32 38 43 49 61 68 72 78 85 93 104 110 
0 1 7 12 18 24 31 38 42 48 54 57 61 72 78 93 97 103 109 
0 1 7 12 19 23 31 38 42 54 57 61 72 77 92 97 104 109 
0 1 7 12 19 23 31 38 42 54 57 61 72 77 93 97 104 109 
0 1 7 12 19 23 31 38 43 54 57 61 68 72 77 92 104 109 
0 1 7 12 19 23 31 38 43 54 57 61 68 72 77 93 104 109 
0 1 7 12 19 23 31 38 43 54 57 61 68 73 77 92 104 109 
0 1 7 12 19 23 31 38 43 54 57 61 68 73 77 93 104 109 
0 1 7 12 19 23 31 38 43 54 57 61 72 77 92 97 104 109 
0 1 7 12 19 23 31 38 43 54 57 61 72 77 93 97 104 109 
0 1 7 12 19 23 31 38 43 54 57 61 73 77 92 97 104 109 
0 1 7 12 19 23 31 38 43 54 57 61 73 77 93 97 104 109 
0 1 7 12 19 23 32 38 42 54 57 61 72 77 93 97 104 109 
0 1 7 12 19 23 32 38 43 54 57 61 68 72 77 93 104 109 
0 1 7 12 19 23 32 38 43 54 57 61 68 73 77 93 104 109 
0 1 7 12 19 23 32 38 43 54 57 61 72 77 93 97 104 109 
0 1 7 12 19 23 32 38 43 54 57 61 73 77 93 97 104 109 
0 1 7 12 19 23 32 38 43 54 61 68 72 77 85 93 104 109 
0 1 7 12 19 23 32 38 43 54 61 72 77 85 93 97 104 109 
0 1 7 12 19 23 32 38 43 54 61 73 77 85 93 97 104 109 
0 1 7 12 19 24 29 32 38 43 50 61 68 72 85 93 104 109 
0 1 7 12 19 24 29 32 38 43 50 61 68 73 85 93 104 109 
0 1 7 12 19 24 29 32 38 43 50 61 68 73 85 93 105 109 
0 1 7 12 19 24 29 32 38 43 61 68 72 77 85 93 104 109 
0 1 7 12 19 24 31 38 42 54 57 61 72 77 93 97 104 109 
0 1 7 12 19 24 31 38 43 54 57 61 68 72 77 92 104 109 
0 1 7 12 19 24 31 38 43 54 57 61 68 72 77 93 104 109 
0 1 7 12 19 24 31 38 43 54 57 61 68 73 77 92 104 109 
0 1 7 12 19 24 31 38 43 54 57 61 68 73 77 93 104 109 
0 1 7 12 19 24 31 38 43 54 57 61 72 77 93 97 104 109 
0 1 7 12 19 24 31 38 43 54 57 61 73 77 93 97 104 109 
0 1 7 12 19 24 32 38 43 54 57 61 68 72 77 93 104 109 
0 1 7 12 19 24 32 38 43 54 57 61 72 77 93 97 104 109 
0 1 7 12 19 24 32 38 43 54 61 72 77 85 93 97 104 109 
0 1 7 13 17 23 31 37 48 54 57 61 67 71 77 92 98 103 109 
0 1 7 13 17 24 31 37 48 54 57 61 67 71 77 92 98 103 109 
0 1 7 13 19 23 31 37 43 54 57 61 67 73 77 92 98 104 109 
0 1 7 15 23 31 38 46 54 57 61 68 76 92 101 108 
0 1 7 15 23 31 38 46 54 57 61 68 76 93 101 108 
0 1 7 15 23 32 38 46 54 57 61 68 76 93 101 108 
0 1 8 12 17 24 29 32 43 48 61 66 73 77 85 93 98 109 
0 1 8 12 17 24 29 32 43 48 62 66 73 77 85 93 98 109 
0 1 8 12 19 24 31 38 43 54 57 61 68 72 77 93 104 109 
0 1 8 15 23 31 38 46 54 57 61 68 76 93 101 108 
0 1 8 15 23 31 39 46 54 57 61 68 76 93 101 108 
0 1 8 15 23 31 39 46 54 57 61 69 76 93 101 108 
0 1 8 15 23 31 39 46 54 57 61 69 76 93 108 114 
0 1 8 15 23 32 38 46 54 57 61 68 76 93 101 108 
0 1 8 15 23 32 38 46 54 57 62 68 76 93 101 108 
0 1 8 15 23 32 39 46 54 57 61 68 76 93 101 108 
0 1 8 15 23 32 39 46 54 57 61 69 76 93 101 108 
0 1 8 15 23 32 39 46 54 57 61 69 76 93 108 114 
0 1 8 15 23 32 39 46 54 57 62 68 76 93 101 108 
0 1 8 15 23 32 39 46 54 57 62 68 76 94 101 108 
0 1 8 15 23 32 39 46 54 57 62 69 76 93 101 108 
0 1 8 15 23 32 39 46 54 57 62 69 76 93 108 114 
0 1 8 15 23 32 39 46 54 57 62 69 76 94 101 108 
0 1 8 15 23 32 39 46 54 57 62 69 76 94 108 114 
0 1 8 16 23 31 39 46 54 57 61 69 76 93 108 114 
0 1 8 16 23 31 39 47 54 57 61 69 76 93 108 114 
0 1 8 16 23 31 39 47 54 57 61 69 77 93 108 114 
0 1 8 16 23 31 39 47 54 57 61 69 77 93 109 114 
0 1 8 16 23 32 39 46 54 57 61 69 76 93 108 114 
0 1 8 16 23 32 39 46 54 57 62 69 76 93 108 114 
0 1 8 16 23 32 39 46 54 57 62 69 76 94 108 114 
0 1 8 16 23 32 39 47 54 57 61 69 76 93 108 114 
0 1 8 16 23 32 39 47 54 57 61 69 77 93 108 114 
0 1 8 16 23 32 39 47 54 57 61 69 77 93 109 114 
0 1 8 16 23 32 39 47 54 57 62 69 76 93 108 114 
0 1 8 16 23 32 39 47 54 57 62 69 76 94 108 114 
0 1 8 16 23 32 39 47 54 57 62 69 77 93 108 114 
0 1 8 16 24 29 32 39 47 61 69 77 85 93 109 114 
0 1 9 15 23 32 39 46 54 57 62 69 76 94 101 108 
0 1 9 15 23 32 39 46 54 57 62 69 76 94 108 114 
0 1 9 15 23 32 40 46 54 57 62 69 76 94 108 114 
0 1 9 16 23 32 39 46 54 57 62 69 76 94 108 114 
0 2 8 15 23 33 39 46 54 62 68 76 86 88 94 101 108 
0 2 8 15 23 33 39 46 54 62 69 76 86 88 94 101 108 
0 2 8 15 23 33 39 46 54 62 69 76 86 88 94 108 114 
0 2 8 16 23 33 39 46 54 62 69 76 86 88 94 108 114 
0 2 9 15 23 33 39 46 54 62 69 76 86 88 94 101 108 
0 2 9 15 23 33 39 46 54 62 69 76 86 88 94 108 114 
0 2 9 15 23 33 39 46 54 63 69 76 86 88 94 108 114 
0 2 9 15 23 33 40 46 54 62 69 76 86 88 94 108 114 
0 2 9 15 23 33 40 46 54 63 69 76 86 88 94 108 114 
0 2 9 16 23 33 39 46 54 62 69 76 86 88 94 108 114 
0 2 9 16 23 33 39 46 54 63 69 76 86 88 94 108 114 
0 2 9 16 23 33 39 47 54 62 69 76 86 88 94 108 114 
0 2 9 16 23 33 39 47 54 62 69 77 86 88 94 108 114 
0 2 9 16 23 33 39 47 54 62 69 77 86 88 94 109 114 
0 2 9 16 23 33 39 47 54 63 69 76 86 88 94 108 114 
0 2 9 16 23 33 40 46 54 62 69 76 86 88 94 108 114 
0 2 9 16 23 33 40 46 54 62 70 76 86 88 94 108 114 
0 2 9 16 23 33 40 46 54 63 69 76 86 88 94 108 114 
0 2 9 16 23 33 40 46 54 63 69 76 86 88 95 108 114 
0 2 9 16 23 33 40 46 54 63 70 76 86 88 94 108 114 
0 2 9 16 23 33 40 47 54 62 69 76 86 88 94 108 114 
0 2 9 16 23 33 40 47 54 62 69 77 86 88 94 108 114 
0 2 9 16 23 33 40 47 54 62 70 76 86 88 94 108 114 
0 2 9 16 23 33 40 47 54 63 69 76 86 88 94 108 114 
0 2 9 16 23 33 40 47 54 63 69 76 86 88 95 108 114 
0 2 9 16 23 33 40 47 54 63 69 77 86 88 94 108 114 
0 2 9 16 23 33 40 47 54 63 69 77 86 88 94 109 114 
0 2 9 16 23 33 40 47 54 63 70 76 86 88 94 102 108 
0 2 9 16 23 33 40 47 54 63 70 76 86 88 94 108 114 
0 2 9 16 23 33 40 47 54 63 70 76 86 88 95 102 108 
0 2 9 16 23 33 40 47 54 63 70 76 86 88 95 108 114 
0 2 9 16 23 33 40 47 54 63 70 77 86 88 94 102 108 
0 2 9 16 23 33 40 47 54 63 70 77 86 88 94 102 109 
0 2 9 16 23 33 40 47 54 63 70 77 86 88 94 108 114 
0 2 9 16 23 33 40 47 54 63 70 77 86 88 95 102 108 
0 3 9 16 23 33 40 47 54 63 70 76 86 88 95 108 114 
0 3 9 16 23 33 40 47 54 63 70 77 86 88 95 102 108 
0 3 9 16 23 33 40 47 54 63 70 77 86 88 95 102 109 
