0 1 5 10 17 21 27 33 37 42 54 68 73 90 106 111 114 
0 1 5 10 17 21 27 33 38 42 47 54 68 73 90 106 111 
0 1 5 10 17 21 27 33 38 42 47 68 73 85 90 106 111 
0 1 5 10 17 21 27 33 38 42 47 68 73 86 90 106 111 
0 1 5 10 17 21 27 33 38 42 54 68 73 90 102 106 111 
0 1 5 10 17 21 27 33 38 42 54 68 73 90 106 111 114 
0 1 5 10 17 21 27 33 38 43 54 68 73 90 102 106 111 
0 1 5 10 17 21 27 33 38 43 54 68 73 90 102 107 111 
0 1 5 10 17 21 27 33 38 43 68 73 85 90 102 107 111 
0 1 5 10 17 21 27 33 38 54 68 73 90 97 102 106 111 
0 1 5 10 17 21 27 37 42 47 54 68 73 89 94 106 111 
0 1 5 10 17 21 27 37 42 47 54 68 73 90 94 106 111 
0 1 5 10 17 21 27 37 42 47 68 73 85 89 94 106 111 
0 1 5 10 17 21 27 37 42 47 68 73 85 90 94 106 111 
0 1 5 10 17 21 27 37 42 47 68 73 86 89 94 106 111 
0 1 5 10 17 21 27 37 42 47 68 73 86 90 94 106 111 
0 1 5 10 17 21 27 37 42 54 68 73 89 94 106 111 114 
0 1 5 10 17 21 27 37 42 54 68 73 90 94 106 111 114 
0 1 5 10 17 21 27 38 42 47 54 68 73 90 94 106 111 
0 1 5 10 17 21 27 38 42 47 54 68 73 90 95 106 111 
0 1 5 10 17 21 27 38 42 47 68 73 85 90 94 106 111 
0 1 5 10 17 21 27 38 42 47 68 73 85 90 95 106 111 
0 1 5 10 17 21 27 38 42 47 68 73 86 90 94 106 111 
0 1 5 10 17 21 27 38 42 47 68 73 86 90 95 106 111 
0 1 5 10 17 21 27 38 43 47 54 68 73 90 95 106 111 
0 1 5 10 17 21 27 38 43 47 68 73 85 90 95 106 111 
0 1 5 10 17 21 27 38 43 47 68 73 85 90 95 107 111 
0 1 5 10 17 21 27 38 43 47 68 73 86 90 95 106 111 
0 1 5 10 17 21 27 38 43 48 68 73 85 90 95 107 111 
0 1 5 10 17 21 27 38 43 48 68 73 85 90 95 107 112 
0 1 5 10 17 21 27 38 43 54 68 73 90 95 102 106 111 
0 1 5 10 17 21 27 38 43 54 68 73 90 95 102 107 111 
0 1 5 10 17 21 27 38 43 68 73 85 90 95 102 107 111 
0 1 5 10 17 21 27 42 47 52 68 73 85 90 94 99 111 
0 1 5 10 17 21 27 42 47 54 68 73 90 94 99 106 111 
0 1 5 10 17 21 27 42 47 68 73 85 90 94 99 106 111 
0 1 5 10 17 21 27 42 47 68 73 86 90 94 99 106 111 
0 1 5 10 17 22 27 33 37 42 54 68 73 90 106 111 114 
0 1 5 10 17 22 27 33 38 43 54 68 73 90 102 106 111 
0 1 5 10 17 22 27 33 38 43 54 68 73 90 102 107 111 
0 1 5 10 17 22 27 33 38 43 68 73 85 90 102 107 111 
0 1 5 10 17 22 27 33 38 54 68 73 90 97 102 106 111 
0 1 5 10 17 22 27 37 42 47 54 68 73 89 94 106 111 
0 1 5 10 17 22 27 37 42 47 54 68 73 90 94 106 111 
0 1 5 10 17 22 27 37 42 47 68 73 85 89 94 106 111 
0 1 5 10 17 22 27 37 42 47 68 73 85 90 94 106 111 
0 1 5 10 17 22 27 37 42 47 68 73 86 89 94 106 111 
0 1 5 10 17 22 27 37 42 47 68 73 86 90 94 106 111 
0 1 5 10 17 22 27 37 42 54 68 73 89 94 106 111 114 
0 1 5 10 17 22 27 37 42 54 68 73 90 94 106 111 114 
0 1 5 10 17 22 27 38 42 47 54 68 73 90 94 106 111 
0 1 5 10 17 22 27 38 42 47 54 68 73 90 95 106 111 
0 1 5 10 17 22 27 38 42 47 68 73 85 90 94 106 111 
0 1 5 10 17 22 27 38 42 47 68 73 85 90 95 106 111 
0 1 5 10 17 22 27 38 42 47 68 73 86 90 94 106 111 
0 1 5 10 17 22 27 38 42 47 68 73 86 90 95 106 111 
0 1 5 10 17 22 27 38 43 47 68 73 86 90 95 106 111 
0 1 5 10 17 22 27 38 43 54 68 73 90 95 102 106 111 
0 1 5 10 17 22 27 38 43 54 68 73 90 95 102 107 111 
0 1 5 10 17 22 27 38 43 68 73 85 90 95 102 107 111 
0 1 5 10 17 22 27 42 47 54 68 73 90 94 99 106 111 
0 1 5 10 17 22 27 42 47 68 73 86 90 94 99 106 111 
0 1 5 10 17 22 33 37 42 54 68 73 80 90 106 111 114 
0 1 5 10 17 22 33 38 42 47 54 68 73 80 90 106 111 
0 1 5 10 17 22 33 38 42 47 68 73 80 85 90 106 111 
0 1 5 10 17 22 33 38 42 47 68 73 80 86 90 106 111 
0 1 5 10 17 22 33 38 42 54 68 73 80 90 102 106 111 
0 1 5 10 17 22 33 38 42 54 68 73 80 90 106 111 114 
0 1 5 10 17 22 33 38 43 54 68 73 80 90 102 106 111 
0 1 5 10 17 22 33 38 43 54 68 73 80 90 102 107 111 
0 1 5 10 17 22 33 38 43 68 73 80 85 90 102 107 111 
0 1 5 10 21 27 33 37 42 54 68 73 77 90 106 111 114 
0 1 5 10 21 27 33 38 42 47 54 68 72 77 90 106 111 
0 1 5 10 21 27 33 38 42 47 68 72 77 85 90 106 111 
0 1 5 10 21 27 33 38 42 47 68 72 77 86 90 106 111 
0 1 5 10 21 27 33 38 42 54 68 72 77 90 102 106 111 
0 1 5 10 21 27 33 38 42 54 68 72 77 90 106 111 114 
0 1 5 10 21 27 33 38 43 54 68 72 77 90 102 106 111 
0 1 5 10 21 27 33 38 43 54 68 72 77 90 102 107 111 
0 1 5 10 21 27 33 38 43 54 68 73 77 90 102 106 111 
0 1 5 10 21 27 33 38 43 54 68 73 77 90 102 107 111 
0 1 5 10 21 27 33 38 43 68 72 77 85 90 102 107 111 
0 1 5 10 21 27 33 38 43 68 73 77 85 90 102 107 111 
0 1 5 10 21 27 33 38 54 68 72 77 90 97 102 106 111 
0 1 5 10 21 27 33 38 54 68 73 77 90 97 102 106 111 
0 1 5 10 21 27 37 42 47 54 68 73 77 89 94 106 111 
0 1 5 10 21 27 37 42 47 68 73 77 85 89 94 106 111 
0 1 5 10 21 27 37 42 47 68 73 77 86 89 94 106 111 
0 1 5 10 21 27 37 42 54 68 73 77 89 94 106 111 114 
0 1 5 10 21 27 38 42 47 68 72 77 85 90 95 106 111 
0 1 5 10 21 27 38 42 47 68 72 77 86 90 95 106 111 
0 1 5 10 21 27 38 42 47 68 73 77 85 90 95 106 111 
0 1 5 10 21 27 38 42 47 68 73 77 86 90 95 106 111 
0 1 5 10 21 27 38 43 47 68 72 77 85 90 95 106 111 
0 1 5 10 21 27 38 43 47 68 72 77 85 90 95 107 111 
0 1 5 10 21 27 38 43 47 68 72 77 86 90 95 106 111 
0 1 5 10 21 27 38 43 47 68 73 77 85 90 95 106 111 
0 1 5 10 21 27 38 43 47 68 73 77 85 90 95 107 111 
0 1 5 10 21 27 38 43 47 68 73 77 86 90 95 106 111 
0 1 5 10 21 27 38 43 48 68 72 77 85 90 95 107 111 
0 1 5 10 21 27 38 43 48 68 72 77 85 90 95 107 112 
0 1 5 10 21 27 38 43 48 68 73 77 85 90 95 107 111 
0 1 5 10 21 27 38 43 48 68 73 77 85 90 95 107 112 
0 1 5 10 21 27 38 43 54 68 72 77 90 95 102 106 111 
0 1 5 10 21 27 38 43 54 68 72 77 90 95 102 107 111 
0 1 5 10 21 27 38 43 54 68 73 77 90 95 102 106 111 
0 1 5 10 21 27 38 43 68 72 77 85 90 95 102 107 111 
0 1 5 10 21 27 38 43 68 73 77 85 90 95 102 107 111 
0 1 5 12 16 21 33 37 42 54 63 68 79 90 106 111 114 
0 1 5 12 16 21 33 38 43 54 63 68 79 90 102 107 111 
0 1 5 12 17 22 33 37 42 54 63 68 80 90 106 111 114 
0 1 5 12 17 22 33 38 42 54 63 68 80 90 106 111 114 
0 1 5 12 17 22 33 38 43 54 63 68 80 90 102 107 111 
0 1 5 16 21 25 37 42 47 54 63 67 72 89 94 106 111 
0 1 5 16 21 25 37 42 54 63 67 72 89 94 106 111 114 
0 1 5 16 21 25 37 42 54 63 68 72 89 94 106 111 114 
0 1 5 16 21 27 33 37 42 54 63 67 72 90 106 111 114 
0 1 5 16 21 27 33 38 42 54 63 67 72 90 106 111 114 
0 1 5 16 21 27 33 38 42 54 63 68 72 90 102 106 111 
0 1 5 16 21 27 33 38 42 54 63 68 72 90 106 111 114 
0 1 5 16 21 27 33 38 43 54 63 67 72 90 102 106 111 
0 1 5 16 21 27 33 38 43 54 63 67 72 90 102 107 111 
0 1 5 16 21 27 33 38 43 54 63 68 72 90 102 106 111 
0 1 5 16 21 27 33 38 43 54 63 68 72 90 102 107 111 
0 1 5 16 21 27 33 38 54 63 67 72 90 97 102 106 111 
0 1 5 16 21 27 33 38 54 63 68 72 90 97 102 106 111 
0 1 5 16 21 27 37 42 47 54 63 67 72 89 94 106 111 
0 1 5 16 21 27 37 42 47 54 63 67 72 90 94 106 111 
0 1 5 16 21 27 37 42 54 63 68 72 89 94 106 111 114 
0 1 5 16 21 27 37 42 54 63 68 72 90 94 106 111 114 
0 1 5 16 21 27 42 47 54 63 67 72 90 94 99 106 111 
0 1 5 16 21 33 38 42 54 63 68 72 79 90 102 106 111 
0 1 5 16 21 33 38 42 54 63 68 72 79 90 106 111 114 
0 1 5 16 21 33 38 43 54 63 67 72 79 90 102 106 111 
0 1 5 16 21 33 38 43 54 63 67 72 79 90 102 107 111 
0 1 5 16 21 33 38 43 54 63 68 72 79 90 102 106 111 
0 1 5 16 21 33 38 43 54 63 68 72 79 90 102 107 111 
0 1 5 16 21 33 38 54 63 67 72 79 90 97 102 106 111 
0 1 5 16 21 33 38 54 63 67 72 79 97 102 106 111 115 
0 1 5 16 21 33 38 54 63 68 72 79 90 97 102 106 111 
0 1 5 16 21 33 38 54 63 68 72 79 97 102 106 111 115 
0 1 5 17 21 27 33 38 42 54 63 68 72 90 102 106 111 
0 1 5 17 21 27 33 38 43 54 63 68 72 90 102 106 111 
0 1 5 17 21 27 33 38 43 54 63 68 73 90 102 106 111 
0 1 5 17 21 27 33 38 54 63 68 72 90 97 102 106 111 
0 1 5 17 21 27 33 38 54 63 68 73 90 97 102 106 111 
0 1 5 17 22 27 42 47 54 63 68 73 90 94 99 106 111 
0 1 5 17 22 27 42 47 54 64 68 73 90 94 99 106 111 
0 1 5 21 27 33 38 43 54 63 68 72 77 90 102 106 111 
0 1 5 21 27 33 38 43 54 63 68 72 77 90 102 107 111 
0 1 5 21 27 33 38 54 63 68 72 77 90 97 102 106 111 
0 2 5 9 14 21 27 33 38 50 60 72 77 90 97 102 106 109 
0 2 9 14 21 27 29 33 38 43 50 60 65 72 77 90 102 107 
0 2 9 14 21 27 29 33 38 43 60 65 72 77 90 102 107 112 
0 2 9 14 21 27 29 38 43 50 60 65 72 77 90 95 102 107 
0 4 9 14 21 27 29 33 38 43 50 60 72 77 87 90 102 107 
