0 1 6 13 20 28 36 50 56 64 
0 1 6 13 20 28 36 50 57 64 
0 1 6 13 20 28 36 50 57 65 
0 1 6 13 20 28 37 43 57 65 
0 1 6 13 20 28 42 43 56 63 
0 1 6 13 20 28 42 43 56 64 
0 1 6 13 20 28 42 43 57 64 
0 1 6 13 20 28 42 50 56 63 
0 1 6 13 20 28 42 50 56 64 
0 1 6 13 20 28 42 50 57 64 
0 1 6 13 20 28 43 52 56 63 
0 1 6 13 20 28 43 52 57 62 
0 1 6 13 20 28 43 52 57 65 
0 1 6 13 22 29 36 50 56 64 
0 1 6 13 22 29 36 50 57 64 
0 1 6 13 22 29 36 50 57 65 
0 1 6 13 22 29 37 43 57 65 
0 1 6 13 22 29 37 45 53 56 68 
0 1 6 13 22 29 37 45 57 65 
0 1 6 13 22 29 38 45 56 60 68 
0 1 6 13 22 29 42 43 56 63 
0 1 6 13 22 29 42 43 56 64 
0 1 6 13 22 29 42 43 57 64 
0 1 6 13 22 29 42 50 56 63 
0 1 6 13 22 29 42 50 56 64 
0 1 6 13 22 29 42 50 57 64 
0 1 6 13 22 29 43 52 56 63 
0 1 6 13 22 29 43 52 57 62 
0 1 6 13 22 29 43 52 57 65 
0 1 6 13 23 28 36 50 56 64 
0 1 6 13 23 28 36 50 57 64 
0 1 6 13 23 28 36 50 57 65 
0 1 6 13 23 28 37 43 57 65 
0 1 6 13 23 28 37 45 53 56 68 
0 1 6 13 23 28 37 45 57 65 
0 1 6 13 23 28 38 45 56 60 68 
0 1 6 13 23 28 38 45 57 60 62 
0 1 6 13 23 28 42 43 56 63 
0 1 6 13 23 28 42 43 56 64 
0 1 6 13 23 28 42 43 57 64 
0 1 6 13 23 28 42 50 56 63 
0 1 6 13 23 28 42 50 56 64 
0 1 6 13 23 28 42 50 57 64 
0 1 6 13 23 28 43 52 56 63 
0 1 6 13 23 28 43 52 57 62 
0 1 6 13 23 28 43 52 57 65 
0 1 6 13 23 31 36 50 56 64 
0 1 6 13 23 31 36 50 57 64 
0 1 6 13 23 31 36 50 57 65 
0 1 6 13 23 31 37 43 57 65 
0 1 6 13 23 31 37 45 53 56 68 
0 1 6 13 23 31 37 45 57 65 
0 1 6 13 23 31 38 45 56 60 68 
0 1 6 13 23 31 42 43 56 63 
0 1 6 13 23 31 42 43 56 64 
0 1 6 13 23 31 42 43 57 64 
0 1 6 13 23 31 42 50 56 63 
0 1 6 13 23 31 42 50 56 64 
0 1 6 13 23 31 42 50 57 64 
0 1 6 13 23 31 43 52 56 63 
0 1 6 13 23 31 43 52 57 62 
0 1 6 14 20 28 36 50 56 64 
0 1 6 14 20 28 36 50 57 64 
0 1 6 14 20 28 36 50 57 65 
0 1 6 14 20 28 37 43 57 65 
0 1 6 14 20 28 42 43 56 64 
0 1 6 14 20 28 42 43 57 64 
0 1 6 14 20 28 42 50 56 64 
0 1 6 14 20 28 43 52 57 65 
0 1 6 14 22 27 36 50 56 64 
0 1 6 14 22 27 36 50 57 64 
0 1 6 14 22 27 42 43 56 63 
0 1 6 14 22 27 42 43 56 64 
0 1 6 14 22 27 42 43 57 64 
0 1 6 14 22 27 42 50 56 63 
0 1 6 14 22 27 42 50 57 64 
0 1 6 14 22 27 43 52 57 62 
0 1 6 14 22 30 36 50 56 64 
0 1 6 14 22 30 36 50 57 64 
0 1 6 14 22 30 36 50 57 65 
0 1 6 14 22 30 42 43 56 63 
0 1 6 14 22 30 42 43 56 64 
0 1 6 14 22 30 42 50 56 63 
0 1 6 14 22 30 42 50 56 64 
0 1 6 14 22 30 42 50 57 64 
0 1 6 14 22 30 43 52 56 63 
0 1 6 14 22 30 43 52 57 62 
0 1 6 14 22 30 43 52 57 65 
0 1 6 14 23 28 36 50 56 64 
0 1 6 14 23 28 37 45 53 56 68 
0 1 6 14 23 28 38 45 56 60 68 
0 1 6 14 23 28 42 43 56 63 
0 1 6 14 23 28 42 43 56 64 
0 1 6 14 23 28 42 50 56 63 
0 1 6 14 23 28 42 50 56 64 
0 1 6 14 23 28 43 52 56 63 
0 1 6 14 23 30 36 50 56 64 
0 1 6 14 23 30 36 50 57 65 
0 1 6 14 23 30 42 43 56 63 
0 1 6 14 23 30 42 50 56 63 
0 1 6 14 23 30 42 50 56 64 
0 1 6 14 23 30 43 52 56 63 
0 1 6 14 23 30 43 52 57 62 
0 1 6 14 23 30 43 52 57 65 
0 1 8 13 22 29 37 43 54 66 68 
0 1 8 13 22 29 37 43 57 65 
0 1 8 13 22 29 37 45 53 54 68 
0 1 8 13 22 29 37 45 53 56 68 
0 1 8 13 22 29 37 45 54 66 68 
0 1 8 13 22 29 37 45 57 65 
0 1 8 13 22 29 38 45 54 60 62 
0 1 8 13 22 29 38 45 54 62 67 
0 1 8 13 22 29 38 45 54 66 68 
0 1 8 13 22 29 42 43 56 63 
0 1 8 13 22 29 42 43 56 64 
0 1 8 13 22 29 42 43 57 64 
0 1 8 13 23 28 37 45 53 54 68 
0 1 8 13 23 28 38 45 54 60 62 
0 1 8 13 23 28 38 45 54 62 67 
0 1 8 13 23 28 42 43 56 63 
0 1 8 13 23 28 42 43 56 64 
0 1 8 15 22 29 37 43 54 66 68 
0 1 8 15 22 29 37 43 57 65 
0 1 8 15 22 29 37 45 53 54 68 
0 1 8 15 22 29 37 45 54 66 68 
0 1 8 15 22 29 37 45 57 65 
0 1 8 15 22 29 38 45 54 60 68 
0 1 8 15 22 29 42 43 57 64 
0 1 8 15 22 29 43 52 57 65 
0 1 9 14 23 28 36 50 56 64 
0 1 9 14 23 28 42 50 56 64 
0 2 7 14 20 27 36 50 55 61 67 
0 2 7 14 20 27 36 50 56 64 
0 2 7 14 20 27 38 50 55 61 67 
0 2 7 14 20 27 42 43 55 63 
0 2 7 14 20 27 42 43 56 63 
0 2 7 14 20 27 42 43 56 64 
0 2 7 14 20 27 42 50 55 63 
0 2 7 14 20 27 42 50 56 64 
0 2 7 14 20 28 36 50 55 61 67 
0 2 7 14 20 28 36 50 56 64 
0 2 7 14 20 28 38 50 55 61 67 
0 2 7 14 20 28 42 43 55 63 
0 2 7 14 20 28 42 43 56 63 
0 2 7 14 20 28 42 43 56 64 
0 2 7 14 20 28 42 50 55 63 
0 2 7 14 20 28 42 50 56 63 
0 2 7 14 20 28 42 50 56 64 
0 2 7 14 20 28 43 52 55 63 
0 2 7 14 20 28 43 52 56 63 
0 2 7 14 22 27 38 50 55 62 67 
0 2 7 14 22 27 42 43 55 63 
0 2 7 14 22 27 42 50 55 63 
0 2 7 14 22 27 43 52 55 62 
0 2 7 14 22 27 43 52 55 63 
0 2 7 14 22 30 42 43 55 63 
0 2 7 14 22 30 42 50 55 63 
0 2 7 14 22 30 43 52 55 62 
0 2 7 14 22 30 43 52 55 63 
0 2 7 14 23 28 36 50 56 64 
0 2 7 14 23 28 42 43 55 63 
0 2 7 14 23 28 42 43 56 63 
0 2 7 14 23 28 42 43 56 64 
0 2 7 14 23 28 42 50 55 63 
0 2 7 14 23 28 42 50 56 63 
0 2 7 14 23 28 43 52 55 63 
0 2 7 14 23 30 36 50 55 61 67 
0 2 7 14 23 30 42 43 55 63 
0 2 7 14 23 30 42 50 55 63 
0 2 7 14 23 30 43 52 55 62 
0 2 7 15 22 29 43 52 55 62 
0 2 10 23 31 36 50 56 64 
0 2 10 23 31 38 50 55 61 67 
0 2 10 23 31 42 43 55 63 
0 2 10 23 31 42 43 56 63 
0 2 10 23 31 42 50 55 63 
0 3 8 15 20 27 42 43 55 63 
0 3 8 15 20 27 43 52 55 63 
0 3 8 16 20 28 43 52 55 63 
0 3 10 23 31 34 38 45 59 66 
0 3 10 23 31 34 38 45 59 67 
0 3 10 23 31 34 38 45 61 67 
0 3 11 23 30 34 37 45 59 66 
0 3 11 23 30 34 37 45 61 65 
0 3 11 23 30 34 38 45 59 66 
0 3 11 23 30 34 38 45 59 67 
0 3 11 23 30 34 38 45 61 67 
0 4 11 22 30 33 37 45 58 65 
0 4 11 22 30 33 37 45 58 66 
0 4 11 22 30 33 37 45 59 66 
0 4 11 22 30 33 38 45 58 66 
0 4 11 23 30 33 37 45 58 65 
0 4 11 23 30 33 37 45 58 66 
0 4 11 23 30 33 37 45 59 66 
0 4 11 23 30 33 38 45 59 66 
0 4 11 23 30 33 38 45 59 67 
0 4 11 23 31 33 37 45 59 66 
0 4 11 23 31 33 38 45 59 67 
0 4 12 23 30 33 37 45 59 66 
0 5 10 23 31 34 38 45 59 66 
0 5 10 23 31 34 38 45 59 67 
0 5 12 22 24 29 36 50 57 64 
0 5 12 22 24 29 36 50 57 65 
0 5 12 22 24 29 36 50 58 65 
0 5 12 22 24 30 36 50 58 65 
0 5 12 22 29 34 36 50 59 64 
0 5 12 23 30 34 37 45 59 66 
0 5 12 23 30 34 37 45 61 65 
0 6 13 22 29 33 36 50 58 65 
