0 1 6 13 21 29 36 37 51 62 66 
0 1 6 13 21 29 36 37 51 62 68 
0 1 6 13 21 29 36 38 44 62 66 
0 1 6 13 21 29 36 38 44 67 69 
0 1 6 13 21 29 36 39 51 62 68 
0 1 6 13 21 29 36 39 51 67 69 
0 1 6 13 21 29 37 51 56 62 68 
0 1 6 13 21 29 37 51 57 65 
0 1 6 13 21 29 43 44 56 64 
0 1 6 13 21 29 43 44 57 64 
0 1 6 13 21 29 43 44 57 65 
0 1 6 13 21 29 43 51 57 64 
0 1 6 13 21 29 44 53 56 63 
0 1 6 13 21 29 44 53 56 64 
0 1 6 13 21 29 44 53 57 64 
0 1 6 13 23 30 36 37 51 62 66 
0 1 6 13 23 30 36 37 51 62 68 
0 1 6 13 23 30 36 38 44 62 66 
0 1 6 13 23 30 36 38 44 67 69 
0 1 6 13 23 30 36 38 46 54 62 
0 1 6 13 23 30 36 38 46 54 69 
0 1 6 13 23 30 36 38 46 67 69 
0 1 6 13 23 30 36 39 46 62 68 
0 1 6 13 23 30 36 39 46 67 69 
0 1 6 13 23 30 36 39 51 67 69 
0 1 6 13 23 30 37 51 57 65 
0 1 6 13 23 30 38 46 54 56 62 
0 1 6 13 23 30 38 46 54 57 69 
0 1 6 13 23 30 39 46 56 62 68 
0 1 6 13 23 30 39 51 56 62 68 
0 1 6 13 23 30 43 44 56 64 
0 1 6 13 23 30 43 44 57 64 
0 1 6 13 23 30 43 44 57 65 
0 1 6 13 23 30 43 51 56 64 
0 1 6 13 23 30 43 51 57 64 
0 1 6 13 23 30 43 51 57 65 
0 1 6 13 23 30 44 53 56 63 
0 1 6 13 23 30 44 53 56 64 
0 1 6 13 23 30 44 53 57 64 
0 1 6 13 24 29 36 37 51 62 68 
0 1 6 13 24 29 36 38 44 62 66 
0 1 6 13 24 29 36 38 46 54 62 
0 1 6 13 24 29 36 38 46 54 69 
0 1 6 13 24 29 36 38 46 67 69 
0 1 6 13 24 29 36 39 46 67 69 
0 1 6 13 24 29 37 51 56 62 68 
0 1 6 13 24 29 37 51 57 65 
0 1 6 13 24 29 38 46 54 56 62 
0 1 6 13 24 29 39 51 56 62 68 
0 1 6 13 24 29 43 44 56 64 
0 1 6 13 24 29 43 44 57 64 
0 1 6 13 24 29 43 44 57 65 
0 1 6 13 24 29 43 51 56 64 
0 1 6 13 24 29 43 51 57 64 
0 1 6 13 24 29 43 51 57 65 
0 1 6 13 24 29 44 53 56 63 
0 1 6 13 24 29 44 53 56 64 
0 1 6 13 24 29 44 53 57 64 
0 1 6 14 21 29 38 44 58 66 
0 1 6 14 21 29 43 44 57 64 
0 1 6 14 21 29 43 44 58 65 
0 1 6 14 21 29 44 53 58 63 
0 1 6 14 23 30 37 51 57 65 
0 1 6 14 23 30 37 51 58 65 
0 1 6 14 23 30 37 51 58 66 
0 1 6 14 23 30 38 44 55 67 69 
0 1 6 14 23 30 38 44 58 66 
0 1 6 14 23 30 38 46 54 55 69 
0 1 6 14 23 30 38 46 54 57 69 
0 1 6 14 23 30 38 46 58 66 
0 1 6 14 23 30 39 51 55 67 69 
0 1 6 14 23 30 43 44 57 64 
0 1 6 14 23 30 43 44 57 65 
0 1 6 14 23 30 43 44 58 65 
0 1 6 14 23 30 43 51 57 64 
0 1 6 14 23 30 43 51 57 65 
0 1 6 14 23 30 43 51 58 65 
0 1 6 14 23 30 44 53 57 64 
0 1 6 14 23 30 44 53 58 66 
0 1 6 14 24 29 37 51 57 65 
0 1 6 14 24 29 37 51 58 65 
0 1 6 14 24 29 37 51 58 66 
0 1 6 14 24 29 38 46 58 66 
0 1 6 14 24 29 43 44 57 65 
0 1 6 14 24 29 43 44 58 65 
0 1 6 14 24 29 43 51 57 65 
0 1 6 14 24 29 44 53 58 66 
0 1 9 14 21 29 37 51 57 65 
0 1 9 14 21 29 37 51 58 65 
0 1 9 14 21 29 43 44 57 65 
0 1 9 14 21 29 43 44 58 65 
0 1 9 14 21 29 43 51 57 65 
0 1 9 14 23 30 37 51 57 65 
0 1 9 14 23 30 37 51 58 65 
0 1 9 14 23 30 37 51 58 66 
0 1 9 14 23 30 43 44 57 64 
0 1 9 14 23 30 43 44 57 65 
0 1 9 14 23 30 43 44 58 65 
0 1 9 14 23 30 43 51 57 64 
0 1 9 14 23 30 43 51 57 65 
0 1 9 14 23 30 43 51 58 65 
0 1 9 21 29 35 37 51 57 65 
0 1 9 21 29 35 37 51 60 65 
0 1 9 21 29 35 37 51 60 68 
0 1 9 21 29 35 39 51 59 67 
0 1 9 21 29 35 39 51 60 67 
0 1 9 21 29 35 39 51 60 68 
0 1 9 21 29 35 43 44 57 64 
0 1 9 21 29 35 43 44 57 65 
0 1 9 21 29 35 43 44 59 64 
0 1 9 21 29 35 43 44 59 67 
0 1 9 21 29 35 43 44 60 65 
0 1 9 21 29 35 43 44 60 67 
0 1 9 21 29 35 43 51 57 64 
0 1 9 21 29 35 43 51 57 65 
0 1 9 21 29 35 43 51 59 64 
0 1 9 21 29 35 43 51 59 67 
0 1 9 21 29 35 43 51 60 65 
0 1 9 21 29 35 43 51 60 67 
0 1 9 21 29 35 44 53 57 64 
0 1 9 21 29 35 44 53 59 64 
0 1 9 21 29 37 51 52 58 65 
0 1 9 21 29 37 51 52 60 65 
0 1 9 21 29 37 51 52 60 68 
0 1 9 21 29 37 51 52 62 68 
0 1 9 21 29 39 51 52 60 67 
0 1 9 21 29 39 51 52 60 68 
0 1 9 21 29 39 51 52 62 68 
0 1 9 21 29 43 44 52 60 65 
0 1 9 21 29 43 44 52 60 67 
0 1 9 21 29 43 51 52 60 65 
0 1 9 21 29 43 51 52 60 67 
0 1 9 23 30 35 37 51 57 65 
0 1 9 23 30 35 37 51 59 66 
0 1 9 23 30 35 43 44 57 64 
0 1 9 23 30 35 43 44 57 65 
0 1 9 23 30 35 43 44 59 64 
0 1 9 23 30 35 43 51 57 64 
0 1 9 23 30 35 43 51 57 65 
0 1 9 23 30 35 43 51 59 64 
0 1 9 23 30 35 44 53 57 64 
0 1 9 23 30 35 44 53 59 64 
0 1 9 24 29 35 37 51 57 65 
0 1 9 24 29 35 37 51 60 65 
0 1 9 24 29 35 37 51 60 68 
0 1 9 24 29 35 39 51 59 67 
0 1 9 24 29 35 39 51 60 67 
0 1 9 24 29 35 39 51 60 68 
0 1 9 24 29 35 43 44 57 64 
0 1 9 24 29 35 43 44 57 65 
0 1 9 24 29 35 43 44 59 64 
0 1 9 24 29 35 43 51 57 64 
0 1 9 24 29 35 43 51 57 65 
0 1 9 24 29 35 43 51 59 64 
0 1 9 24 29 35 43 51 59 67 
0 1 9 24 29 35 43 51 60 65 
0 1 9 24 29 35 43 51 60 67 
0 1 13 15 21 29 37 51 56 62 68 
0 1 13 15 21 29 39 51 56 62 68 
0 1 13 15 21 29 39 51 56 63 68 
0 1 13 15 21 29 43 51 56 64 
0 1 13 15 21 29 43 51 57 64 
0 1 13 15 21 29 43 51 57 65 
0 1 13 15 24 29 37 51 56 62 68 
0 1 13 15 24 29 39 51 56 62 68 
0 1 13 15 24 29 43 51 56 64 
0 1 13 15 24 29 43 51 57 64 
0 1 13 15 24 29 43 51 57 65 
0 1 13 15 24 32 37 51 56 62 68 
0 1 13 15 24 32 43 51 56 64 
0 1 13 15 24 32 43 51 57 64 
0 1 13 15 24 32 43 51 57 65 
0 1 15 21 29 35 43 51 57 64 
0 1 15 21 29 35 43 51 57 65 
0 1 15 21 29 35 43 51 60 65 
0 1 15 21 29 35 43 51 60 67 
0 1 15 24 29 35 43 51 57 64 
0 1 15 24 29 35 43 51 57 65 
0 2 8 14 23 30 38 44 55 67 69 
0 2 8 14 23 30 38 46 54 55 69 
0 2 8 14 23 30 38 46 54 57 69 
0 2 8 14 23 30 38 46 55 67 69 
0 2 8 14 23 30 39 46 55 61 63 
0 2 8 14 23 30 39 46 55 61 69 
0 2 8 14 23 30 39 46 55 63 68 
0 2 8 14 23 30 39 46 55 67 69 
0 2 8 14 23 30 39 46 57 61 69 
0 2 8 14 23 30 39 46 58 61 63 
0 2 8 14 23 30 43 44 57 65 
0 2 8 14 23 31 38 44 55 67 69 
0 2 8 14 23 31 38 46 54 55 69 
0 2 8 14 23 31 38 46 54 57 69 
0 2 8 14 23 31 38 46 55 67 69 
0 2 8 14 23 31 39 46 55 61 63 
0 2 8 14 23 31 39 46 55 63 68 
0 2 8 14 23 31 39 46 55 67 69 
0 2 8 14 23 31 39 51 55 63 68 
0 2 8 14 23 31 39 51 55 67 69 
0 2 8 14 23 31 43 44 57 65 
0 2 8 14 23 31 43 51 57 65 
0 2 8 14 23 31 43 51 58 65 
0 2 8 14 24 31 37 51 57 65 
0 2 8 14 24 31 39 51 55 67 69 
0 2 8 14 24 31 43 51 57 65 
0 2 8 16 23 31 44 53 56 63 
0 2 8 16 24 31 44 53 56 63 
0 3 10 16 23 31 39 46 58 61 63 
0 3 10 16 23 31 44 53 59 64 
0 3 11 23 31 36 38 44 59 67 
0 3 11 23 31 36 38 44 67 69 
0 3 11 23 31 36 38 46 59 67 
0 3 11 23 31 38 44 55 67 69 
0 3 11 23 31 38 46 55 67 69 
0 3 11 23 31 39 46 55 61 63 
0 3 11 23 31 44 53 55 63 
0 3 15 16 24 31 39 46 56 61 63 
0 3 15 16 24 31 39 46 56 63 68 
0 4 11 17 21 28 35 43 44 59 67 
0 4 11 17 21 28 35 43 44 60 67 
0 4 11 17 21 28 35 43 51 60 67 
0 4 11 17 21 28 36 38 44 59 67 
0 4 11 17 21 28 38 44 55 60 67 
0 4 11 17 21 28 43 44 55 60 67 
0 4 11 17 21 28 43 51 55 60 67 
0 4 11 17 23 28 38 44 55 60 67 
