0 1 4 8 20 35 42 47 56 68 75 83 88 90 95 
0 1 5 9 13 17 20 28 33 41 54 65 74 97 99 
0 1 5 9 13 17 20 28 33 54 65 69 74 97 99 
0 1 5 9 13 17 28 32 41 54 65 74 92 97 99 
0 1 5 9 13 17 28 32 41 54 65 79 92 97 99 
0 1 5 9 13 17 28 32 54 65 69 74 92 97 99 
0 1 5 9 13 18 28 32 41 48 54 74 93 97 99 
0 1 5 9 13 18 28 32 41 54 65 74 92 97 99 
0 1 5 9 13 18 28 32 41 54 65 74 93 97 99 
0 1 5 9 13 18 28 32 41 54 65 79 92 97 99 
0 1 5 9 13 18 28 32 41 54 65 79 93 97 99 
0 1 5 9 13 18 28 32 48 54 69 74 93 97 99 
0 1 5 9 13 18 28 32 54 65 69 74 92 97 99 
0 1 5 9 13 18 28 32 54 65 69 74 93 97 99 
0 1 5 9 13 18 28 32 54 65 69 79 92 97 99 
0 1 5 9 13 18 28 32 54 65 69 79 93 97 99 
0 1 5 9 13 18 28 33 41 48 54 74 93 97 99 
0 1 5 9 13 18 28 33 41 54 65 74 93 97 99 
0 1 5 9 13 18 28 33 48 54 69 74 93 97 99 
0 1 5 9 13 18 28 41 48 54 61 74 93 97 99 
0 1 5 9 13 18 28 41 54 61 65 74 93 97 99 
0 1 5 9 13 18 28 41 54 61 65 79 93 97 99 
0 1 5 9 13 18 28 48 54 61 69 74 87 93 99 
0 1 5 9 13 18 28 48 54 61 69 74 93 97 99 
0 1 5 9 13 18 28 54 61 65 69 74 87 93 99 
0 1 5 9 13 18 28 54 61 65 69 74 93 97 99 
0 1 5 9 13 18 28 54 61 65 69 79 87 93 99 
0 1 5 9 13 18 28 54 61 65 69 79 93 97 99 
0 1 5 9 13 20 28 41 47 54 61 65 74 97 99 
0 1 5 9 13 20 28 41 47 54 61 65 79 97 99 
0 1 5 9 13 20 28 47 54 61 65 69 74 87 99 
0 1 5 9 13 20 28 47 54 61 65 69 74 97 99 
0 1 5 9 13 20 28 47 54 61 65 69 79 97 99 
0 1 5 9 13 20 28 47 61 65 69 74 84 87 99 
0 1 5 9 13 20 28 47 61 65 69 74 84 97 99 
0 1 5 9 13 20 28 47 61 65 69 79 84 87 99 
0 1 5 9 13 20 28 47 61 65 69 79 84 97 99 
0 1 5 9 13 28 32 41 47 54 65 74 92 97 99 
0 1 5 9 13 28 32 41 47 54 65 79 92 97 99 
0 1 5 9 13 28 32 47 54 65 69 74 92 97 99 
0 1 5 9 13 28 32 47 54 65 69 79 92 97 99 
0 1 5 9 13 28 32 47 65 69 74 83 92 97 99 
0 1 5 9 13 28 32 47 65 69 74 84 92 97 99 
0 1 5 9 13 28 32 47 65 69 79 83 92 97 99 
0 1 5 9 13 28 32 47 65 69 79 84 92 97 99 
0 1 5 9 13 28 41 47 54 61 65 74 92 97 99 
0 1 5 9 13 28 41 47 54 61 65 79 92 97 99 
0 1 5 9 13 28 47 61 65 69 74 84 87 92 99 
0 1 5 9 13 28 47 61 65 69 74 84 92 97 99 
0 1 5 9 13 28 47 61 65 69 79 84 92 97 99 
0 1 5 9 28 32 43 47 65 69 79 84 92 97 99 
0 1 6 13 18 28 33 40 51 54 66 75 81 93 99 
0 1 6 13 18 28 40 51 54 61 66 75 81 93 99 
0 2 8 13 17 21 24 37 40 54 58 62 75 77 96 
0 2 8 13 17 21 27 37 40 53 58 62 75 77 96 
0 2 8 13 17 21 27 37 40 54 58 62 75 77 96 
0 2 8 13 17 21 27 37 40 58 62 75 77 83 96 
0 2 9 13 17 21 24 37 40 54 58 62 75 77 96 
0 2 9 13 17 21 27 37 40 54 58 62 75 77 96 
0 2 13 17 21 24 37 40 54 58 62 75 77 81 96 
0 4 8 12 17 21 27 31 35 40 53 75 88 91 96 
0 4 8 12 17 21 27 31 35 68 75 83 88 91 96 
0 4 8 12 17 21 27 31 37 40 53 62 75 88 96 
0 4 8 12 17 21 27 31 37 40 53 75 88 91 96 
0 4 8 12 17 21 27 31 37 53 62 68 75 88 96 
0 4 8 12 17 21 27 31 37 53 68 75 88 91 96 
0 4 8 12 17 21 27 31 37 68 75 83 88 91 96 
0 4 8 12 17 21 27 31 40 53 64 75 88 91 96 
0 4 8 12 17 21 27 31 53 64 68 75 88 91 96 
0 4 8 12 17 22 27 31 40 53 64 75 88 91 96 
0 4 8 12 17 23 27 31 40 53 64 75 88 91 96 
0 4 8 12 23 27 46 50 59 64 68 75 83 88 91 
0 4 8 12 23 27 46 50 60 64 68 75 83 88 91 
0 4 8 13 17 21 24 31 37 40 54 58 62 75 96 
0 4 8 13 17 21 24 31 37 40 54 62 75 88 96 
0 4 8 13 17 21 27 31 37 40 54 58 62 75 96 
0 4 8 13 17 21 27 31 37 40 54 58 75 91 96 
0 4 8 13 17 21 27 31 37 40 54 62 75 88 96 
0 4 8 13 17 21 27 31 37 58 68 75 83 91 96 
0 4 8 13 17 21 27 31 37 68 75 83 88 91 96 
0 4 8 13 17 21 27 31 40 54 58 64 75 91 96 
0 4 8 13 17 21 27 31 40 54 64 75 88 91 96 
0 4 8 13 17 21 27 31 40 58 64 75 83 91 96 
0 4 8 13 17 21 27 31 40 64 75 83 88 91 96 
0 4 8 13 21 27 31 37 46 58 68 75 83 91 96 
0 4 8 13 21 27 31 40 46 58 64 75 83 91 96 
