0 1 6 10 14 18 25 27 31 35 36 39 43 64 77 86 
0 1 6 10 14 18 25 27 31 35 36 39 44 60 64 86 
0 1 6 10 14 18 25 27 31 35 36 39 60 64 77 86 
0 1 6 10 14 18 25 27 31 35 36 39 60 77 82 86 
0 1 6 10 14 18 25 27 31 35 36 44 56 60 64 86 
0 1 6 10 14 18 25 27 31 35 36 44 56 60 82 86 
0 1 6 10 14 18 25 27 31 35 36 44 56 78 82 86 
0 1 6 10 14 18 25 27 31 35 36 56 60 64 77 86 
0 1 6 10 14 18 25 27 31 35 36 56 60 77 82 86 
0 1 6 10 14 18 25 27 31 35 40 44 56 60 64 86 
0 1 6 10 14 18 25 27 31 35 40 44 56 60 82 86 
0 1 6 10 14 18 25 27 31 36 44 52 56 60 64 86 
0 1 6 10 14 18 25 27 31 36 44 52 56 60 82 86 
0 1 6 10 14 18 25 27 31 36 44 52 56 78 82 86 
0 1 6 10 14 18 25 27 31 36 52 56 60 64 77 86 
0 1 6 10 14 18 25 27 31 36 52 56 60 77 82 86 
0 1 6 10 14 18 25 27 31 40 44 52 56 60 64 86 
0 1 6 10 14 18 25 27 31 40 44 52 56 60 82 86 
0 1 6 10 14 18 25 27 31 40 44 52 56 78 82 86 
0 1 6 10 14 18 25 27 36 44 52 56 60 64 76 86 
0 1 6 10 14 18 25 27 36 44 52 56 60 76 82 86 
0 1 6 10 14 18 25 27 36 52 56 60 64 76 77 86 
0 1 6 10 14 18 25 27 40 44 52 56 60 64 76 86 
0 1 6 10 14 18 25 27 40 44 52 56 60 76 82 86 
0 1 6 10 14 18 25 36 44 52 56 60 64 76 86 95 
0 1 6 10 14 18 25 36 44 52 56 60 76 82 86 95 
0 1 6 10 14 18 25 36 52 56 60 64 76 77 86 95 
0 1 6 10 14 18 25 40 44 52 56 60 64 76 86 95 
0 1 6 10 14 18 27 31 35 36 39 43 64 77 81 86 
0 1 6 10 14 18 27 31 35 36 39 60 64 77 81 86 
0 1 6 10 14 18 27 31 35 36 56 60 64 77 81 86 
0 1 10 14 18 25 27 31 35 36 39 60 64 77 86 90 
0 1 10 14 18 25 27 31 35 36 44 56 60 64 86 90 
0 1 10 14 18 25 27 31 35 36 56 60 64 77 86 90 
0 1 10 14 18 25 27 31 36 44 52 56 60 64 86 90 
0 1 10 14 18 25 27 31 36 44 52 56 60 82 86 90 
