0 1 4 8 12 25 28 44 53 62 69 79 84 95 99 
0 1 4 8 12 28 34 44 53 62 69 79 84 95 99 
0 1 4 12 28 34 36 44 53 62 69 79 84 95 99 
0 1 5 12 16 21 25 27 32 57 61 66 83 92 99 
0 1 5 12 16 21 25 27 32 57 62 66 83 92 99 
0 1 5 12 16 21 25 27 32 57 62 66 92 97 99 
0 1 5 12 16 21 25 27 32 57 66 76 83 92 99 
0 1 5 12 16 21 27 31 47 52 57 61 83 88 92 
0 1 5 12 16 21 27 31 47 52 57 61 83 92 99 
0 1 5 12 16 21 27 31 47 52 57 62 83 92 99 
0 1 5 12 16 21 27 31 47 52 57 62 92 97 99 
0 1 5 12 16 21 27 31 47 52 57 76 83 92 99 
0 1 5 12 16 21 27 31 47 57 61 66 83 92 99 
0 1 5 12 16 21 27 31 47 57 66 76 83 92 99 
0 1 5 12 16 21 27 32 47 57 61 66 83 92 99 
0 1 5 12 16 21 27 32 47 57 62 66 83 92 99 
0 1 5 12 16 21 27 32 47 57 66 76 83 92 99 
0 1 5 12 17 21 27 31 47 52 57 62 92 97 99 
0 1 5 12 21 25 32 41 57 62 66 81 92 97 99 
0 1 5 12 21 27 31 47 52 57 62 81 92 97 99 
0 1 5 12 21 31 41 47 52 57 62 81 92 97 99 
0 1 5 12 21 31 41 47 57 62 66 81 92 97 99 
0 1 5 12 21 32 41 47 57 62 66 81 92 97 99 
0 1 6 11 17 28 33 36 58 62 67 73 77 84 93 
0 1 6 12 17 21 25 27 32 57 62 66 92 97 99 
0 1 6 12 17 21 25 28 32 53 57 62 79 97 99 
0 1 6 12 17 21 25 28 32 53 57 62 92 97 99 
0 1 6 12 17 21 27 32 47 57 62 66 92 97 99 
0 1 6 12 17 21 28 32 47 53 57 62 79 97 99 
0 1 6 12 17 21 28 32 47 53 57 62 92 97 99 
0 1 6 12 17 21 28 32 47 53 57 62 93 97 99 
0 1 6 12 17 21 28 32 47 57 62 66 92 97 99 
0 1 6 12 17 21 32 41 47 57 62 66 92 97 99 
0 1 6 12 17 25 28 32 36 53 57 62 79 84 99 
0 1 6 12 17 25 28 32 36 53 57 62 84 92 99 
0 1 6 12 17 25 28 32 36 53 57 62 84 93 99 
0 1 6 12 17 25 28 32 36 53 58 62 84 93 99 
0 1 6 12 21 32 41 47 57 62 66 81 92 97 99 
0 1 6 13 17 25 28 32 36 53 57 62 84 89 93 
0 1 6 13 17 25 28 32 36 53 57 62 84 93 99 
0 1 6 13 17 25 28 32 36 53 58 62 84 89 93 
0 1 6 13 17 25 28 32 36 53 58 62 84 93 99 
0 1 6 17 21 25 27 32 57 62 66 77 92 97 99 
0 1 6 17 21 25 27 32 57 62 66 77 93 97 99 
0 1 6 17 21 25 28 32 53 57 62 77 93 97 99 
0 1 6 17 21 25 32 41 57 62 66 77 92 97 99 
0 1 6 17 21 25 32 41 57 62 66 77 93 97 99 
0 1 6 17 25 27 32 36 57 62 66 77 92 97 99 
0 1 6 17 25 27 32 36 57 62 66 77 93 97 99 
0 1 6 17 25 28 32 36 53 57 62 77 84 93 99 
0 1 6 17 25 32 36 41 57 62 66 77 92 97 99 
0 1 12 16 20 27 31 42 47 52 57 61 83 88 92 
0 1 12 16 21 25 27 32 43 52 57 61 83 88 92 
0 1 12 16 21 25 27 32 43 52 57 61 83 92 99 
0 1 12 16 21 25 27 32 43 52 57 62 83 92 99 
0 1 12 16 21 25 27 32 43 53 57 61 83 92 99 
0 1 12 16 21 27 31 42 47 52 57 61 83 88 92 
0 1 12 16 21 27 31 42 47 52 57 61 83 92 99 
0 1 12 16 21 27 31 43 47 52 57 61 83 88 92 
0 1 12 16 21 27 31 43 47 52 57 61 83 92 99 
0 1 12 16 21 27 32 43 47 52 57 61 83 88 92 
0 1 12 16 21 27 32 43 47 52 57 61 83 92 99 
0 1 12 16 21 27 32 43 47 52 57 62 83 92 99 
0 1 12 17 21 25 27 32 43 53 57 62 83 93 99 
