0 4 11 17 24 29 37 42 52 59 66 82 87 89 96 
0 4 11 18 24 29 37 42 51 52 59 66 82 89 96 
0 4 11 18 24 29 37 42 51 52 59 66 83 89 96 
0 4 11 18 24 29 37 42 51 53 59 66 83 90 97 
0 5 11 18 24 29 37 42 51 52 59 66 82 89 96 
0 5 11 18 24 29 37 42 51 52 59 66 83 89 96 
0 5 11 18 24 29 37 42 51 52 59 66 83 90 96 
0 5 11 18 24 29 37 42 51 52 59 66 83 90 97 
0 5 11 18 24 29 37 42 51 53 59 66 83 90 97 
0 5 11 18 24 29 37 42 52 59 66 82 87 89 96 
0 5 12 18 23 29 37 43 51 52 59 66 83 90 96 
0 5 12 18 23 29 37 43 51 52 59 66 83 90 97 
0 5 12 18 23 29 37 43 51 53 59 66 83 90 97 
0 5 12 18 23 29 37 43 51 53 60 66 83 90 97 
0 5 12 18 24 29 37 43 51 52 59 66 83 89 96 
0 5 12 18 24 29 37 43 51 52 59 66 83 90 96 
0 5 12 19 23 29 37 43 51 52 59 66 83 90 97 
0 5 12 19 23 29 37 43 51 53 59 66 83 90 97 
0 5 12 19 23 30 37 43 52 59 66 77 84 90 97 
0 5 12 19 23 30 43 48 52 59 66 77 84 90 97 
