0 1 5 12 17 28 35 40 57 61 74 80 84 96 
0 1 5 12 17 28 35 40 57 61 79 84 91 96 
0 1 5 12 17 28 35 40 57 61 80 84 91 96 
0 1 5 12 17 28 35 40 57 62 74 80 84 96 
0 1 5 17 28 35 36 40 57 62 74 80 85 96 
0 1 5 18 25 27 31 35 36 56 60 86 90 94 
0 1 5 18 25 31 35 36 56 60 68 86 90 94 
0 1 6 13 18 28 35 40 51 54 61 66 75 81 93 99 
0 1 6 13 18 28 35 40 56 59 62 80 83 86 
0 1 8 15 30 36 38 45 52 59 66 81 95 99 
0 1 8 15 30 36 38 45 58 66 73 80 88 95 
0 1 8 15 30 36 38 45 58 66 73 80 95 99 
0 1 8 15 30 36 38 45 59 66 73 81 95 99 
0 1 8 15 30 36 44 48 58 65 73 80 95 99 
0 1 14 18 25 27 31 35 36 56 60 86 90 94 
0 1 14 18 25 27 31 36 44 52 56 60 86 90 
