0 1 5 16 20 27 32 37 47 54 58 62 86 87 90 94 
0 1 5 16 20 28 32 43 47 54 58 62 86 87 90 94 
0 1 5 16 20 28 32 43 47 54 58 63 86 87 90 94 
0 1 5 16 20 28 32 43 47 54 58 69 74 82 86 90 
0 1 5 16 20 28 32 43 47 54 58 69 74 86 87 90 
0 1 9 19 24 31 34 54 58 63 79 87 90 94 
0 2 6 10 21 27 38 42 51 53 64 68 75 81 85 96 
0 2 6 10 21 33 38 42 51 53 64 68 75 81 85 96 
0 2 6 10 21 34 38 42 51 53 64 68 75 81 85 96 
0 2 6 10 21 34 38 42 51 53 64 69 75 81 85 96 
0 2 6 10 21 34 38 42 51 60 64 69 75 81 85 96 
