0 1 4 9 13 21 30 35 40 47 55 68 77 82 89 
0 1 4 9 14 21 25 30 35 40 43 56 68 77 89 
0 1 4 9 14 21 25 30 35 40 56 68 77 82 89 
0 1 4 9 14 21 25 30 35 43 56 68 73 77 89 
0 1 4 9 14 21 25 30 35 56 68 73 77 82 89 
0 1 4 9 14 21 30 35 40 47 55 68 77 82 89 
0 1 4 9 14 21 30 35 40 47 56 68 77 82 89 
0 1 4 9 14 21 30 35 43 47 56 68 73 77 89 
0 1 4 9 14 21 30 35 47 55 68 73 77 82 89 
0 1 4 9 14 21 30 35 47 56 68 73 77 82 89 
0 1 6 9 13 18 27 35 40 47 55 60 77 82 94 
0 1 6 9 13 27 30 35 40 47 55 60 77 82 94 
0 1 6 13 18 27 32 40 47 50 55 60 65 76 82 
0 1 6 13 18 27 35 40 47 55 60 65 76 82 94 
0 1 6 13 18 27 35 40 47 55 60 76 77 82 94 
0 1 6 13 18 27 40 47 50 55 60 65 76 82 94 
0 1 6 13 18 35 40 47 55 60 65 76 82 89 94 
0 1 6 13 18 35 40 47 55 60 76 77 82 89 94 
0 1 6 13 18 40 47 50 55 60 65 76 82 89 94 
0 1 6 13 21 30 35 40 47 55 76 77 82 89 94 
0 1 6 13 30 35 40 47 55 60 76 77 82 89 94 
0 1 6 14 18 28 32 40 45 50 60 65 76 82 88 
0 1 6 14 18 28 40 45 50 60 65 76 82 88 94 
0 1 6 14 19 28 35 40 45 60 65 76 82 88 94 
0 1 7 13 18 27 34 40 47 51 55 60 66 75 82 93 
0 1 7 14 18 28 34 41 45 51 60 66 75 82 88 93 
0 1 7 14 18 28 34 41 45 51 60 67 75 82 88 93 
