0 2 5 9 12 20 28 33 38 58 68 73 76 81 91 
0 2 5 10 20 28 33 38 51 58 63 68 76 81 91 
0 2 5 10 20 28 33 38 51 58 63 68 81 86 91 
0 2 5 10 20 28 33 38 51 58 68 74 81 86 91 
0 2 5 10 20 28 33 38 51 63 68 76 81 91 96 
0 2 5 10 20 28 33 38 51 63 68 81 86 91 96 
0 2 5 10 20 28 33 38 51 68 74 81 86 91 96 
0 2 5 10 20 28 38 46 51 58 63 68 76 81 91 
0 2 5 10 20 28 38 46 51 58 63 68 81 86 91 
0 2 5 10 20 28 38 46 51 58 68 74 81 86 91 
0 2 5 10 28 38 46 51 58 63 68 76 81 84 91 
0 2 7 12 17 25 26 33 43 55 65 78 85 96 99 
0 2 7 12 17 25 28 33 38 43 55 74 86 91 96 
0 2 7 12 17 25 33 38 43 55 65 74 78 86 96 
0 2 7 12 17 25 33 38 43 55 65 74 86 91 96 
0 2 7 12 25 28 33 38 43 55 74 81 86 91 96 
0 2 7 12 25 33 38 43 55 65 74 81 86 91 96 
0 2 7 17 25 33 38 43 51 55 65 74 86 91 96 
0 2 7 25 28 33 38 43 51 55 74 81 86 91 96 
