0 1 6 14 19 33 49 53 
0 1 6 14 19 35 42 49 
0 1 6 14 19 35 42 50 
0 1 6 14 19 35 43 50 
0 1 6 14 19 36 43 50 
0 1 6 14 19 36 49 53 
0 1 6 14 22 35 42 49 
0 1 6 14 22 35 42 50 
0 1 6 20 25 33 49 53 
0 1 6 20 25 35 42 49 
0 1 6 20 25 35 42 50 
0 1 6 20 25 35 43 50 
0 1 6 20 25 36 43 50 
0 1 8 15 20 33 41 45 52 
0 1 8 15 20 33 49 53 
0 1 8 15 20 36 44 49 
0 1 8 15 20 36 44 52 
0 1 8 15 20 36 49 53 
0 2 7 14 19 35 42 50 
0 2 7 14 19 35 43 50 
0 2 7 14 19 35 43 51 
0 2 7 14 19 36 43 51 
0 2 7 14 22 35 42 50 
0 2 7 14 22 35 43 50 
0 2 7 14 22 35 43 51 
0 2 7 14 22 36 43 50 
0 2 7 14 22 36 43 51 
0 2 7 15 20 35 43 51 
0 2 7 15 20 36 43 51 
0 3 8 15 20 36 44 52 
0 3 8 15 22 36 43 51 
0 3 11 19 35 43 51 
0 4 11 19 27 33 41 47 
0 4 11 19 27 33 41 48 
0 4 13 19 27 33 41 47 
0 4 13 19 27 33 41 48 
