0 1 4 14 19 24 39 44 49 58 61 64 74 79 99 104 109 
0 1 4 14 19 24 39 44 49 58 61 74 79 99 104 109 113 
0 1 4 14 19 24 39 44 49 58 62 74 79 86 97 100 110 
0 1 4 14 19 24 39 44 49 58 62 74 79 86 100 105 110 
0 1 4 14 19 24 39 44 49 58 64 69 74 79 99 104 109 
0 1 4 14 19 24 39 44 49 58 64 69 74 79 100 105 110 
0 1 4 14 19 24 39 44 49 58 69 74 79 86 100 105 110 
0 1 4 14 19 24 39 44 49 58 69 74 79 99 104 109 113 
0 1 4 14 19 24 39 44 49 59 64 69 74 79 94 99 104 
0 1 4 14 19 24 39 44 49 59 64 69 74 79 95 100 105 
0 1 4 14 19 24 39 44 49 62 74 79 86 95 100 105 110 
0 1 4 14 19 24 39 44 49 64 69 74 79 94 99 104 109 
0 1 4 14 19 24 39 44 49 64 69 74 79 95 100 105 110 
0 1 4 14 19 24 39 44 49 69 74 79 86 95 100 105 110 
0 1 6 11 16 21 27 32 37 42 47 61 66 71 96 101 106 
0 1 6 11 16 21 27 32 37 42 47 61 66 71 97 102 107 
0 1 6 11 16 21 27 32 37 42 47 62 67 72 97 102 107 
0 1 6 11 16 21 32 37 42 47 61 66 71 91 96 101 106 
0 1 6 11 16 21 32 37 42 47 61 66 71 91 96 101 113 
0 1 6 11 16 21 32 37 42 47 61 66 71 92 97 102 107 
0 1 6 11 16 21 32 37 42 54 61 66 71 91 96 101 106 
0 1 6 11 16 21 32 37 42 54 61 66 71 91 96 101 113 
0 1 6 11 16 21 32 37 42 54 61 66 71 92 97 102 107 
0 1 6 11 16 21 32 37 42 54 61 66 71 92 97 102 113 
0 1 6 11 16 21 32 37 42 54 62 67 72 86 92 97 102 
0 1 6 11 16 21 32 37 42 54 62 67 72 92 97 102 107 
0 1 6 11 16 27 32 37 42 47 58 62 67 72 97 102 107 
0 1 6 11 16 32 37 42 47 58 61 66 71 92 97 102 107 
0 1 6 11 16 32 37 42 47 58 61 66 71 92 97 102 113 
0 1 6 11 16 32 37 42 47 58 61 66 71 92 97 109 113 
0 1 6 11 16 32 37 42 47 58 62 67 72 86 92 97 102 
0 1 6 11 16 32 37 42 47 58 62 67 72 92 97 102 107 
0 1 6 11 16 32 37 42 47 61 66 71 85 91 96 101 106 
0 1 6 11 16 32 37 42 47 61 66 71 85 91 96 101 113 
0 1 6 11 16 32 37 42 47 61 66 71 85 91 96 109 113 
0 1 6 11 16 32 37 49 54 58 61 66 71 92 97 102 107 
0 1 6 11 16 32 37 49 54 58 61 66 71 92 97 102 113 
0 1 6 11 16 32 37 49 54 58 61 66 71 92 97 109 113 
0 1 6 11 16 32 37 49 54 58 62 67 72 86 92 97 102 
0 1 6 11 16 32 37 49 54 58 62 67 72 86 92 97 110 
0 1 6 11 16 32 37 49 54 58 62 67 72 92 97 102 107 
0 1 6 11 16 32 37 49 54 61 66 71 85 91 96 109 113 
0 1 6 11 21 24 32 37 42 54 61 66 71 92 97 102 107 
0 1 6 11 21 24 32 37 42 54 62 67 72 86 92 97 102 
0 1 6 11 21 24 32 37 42 54 62 67 72 92 97 102 107 
0 1 6 11 23 32 37 42 47 61 66 71 85 91 96 101 113 
0 1 6 11 23 32 37 42 47 61 66 71 85 91 96 106 109 
0 1 6 11 23 32 37 42 47 61 66 71 85 91 96 109 113 
0 1 6 11 23 32 37 42 47 61 66 71 85 91 104 109 113 
0 1 6 11 23 32 37 42 54 61 66 71 85 91 96 109 113 
0 1 6 11 23 32 37 42 54 61 66 71 85 91 104 109 113 
0 1 6 11 23 32 37 49 54 61 66 71 85 91 104 109 113 
0 1 6 16 19 32 37 49 54 58 62 67 72 86 92 97 102 
0 1 6 18 23 32 37 42 54 61 66 71 85 91 104 109 113 
0 1 6 18 23 32 37 42 54 62 67 72 85 98 103 108 
0 2 7 19 22 25 29 32 37 42 61 66 71 101 104 107 
0 2 15 20 25 29 32 37 50 61 66 71 96 101 106 
