0 1 7 13 20 27 33 39 46 52 64 71 77 84 90 97 103 109 
0 1 7 13 20 27 33 39 46 52 64 71 77 84 90 97 103 110 
0 1 7 13 20 27 33 39 46 52 65 71 77 84 90 97 103 110 
0 1 7 13 20 27 33 40 46 52 59 65 71 78 91 97 104 110 
0 3 9 13 24 28 31 42 46 59 63 74 78 85 92 96 107 111 
0 3 9 13 24 28 31 42 46 69 73 84 85 97 101 112 
0 3 9 13 24 28 32 42 46 59 63 74 78 85 92 96 107 111 
0 3 9 13 24 31 37 42 55 69 73 84 85 97 101 112 
0 3 9 13 24 31 42 46 55 69 73 84 85 97 101 112 
0 3 9 13 24 32 42 46 55 59 63 74 78 85 92 96 107 111 
