0 1 12 16 20 29 31 35 46 50 65 69 73 89 93 97 108 112 
0 1 12 16 20 29 31 35 46 50 65 69 73 89 93 104 108 112 
0 1 12 16 20 29 31 36 40 51 69 73 84 89 93 97 108 112 
0 1 12 16 21 25 29 31 35 46 50 60 64 69 73 94 98 103 107 
0 3 7 11 22 27 31 42 46 50 60 64 68 79 88 99 103 107 
0 3 7 11 22 27 31 42 46 50 60 64 69 79 88 99 103 107 
0 3 8 19 23 28 31 42 46 59 63 68 79 85 97 101 106 
0 3 8 19 23 28 31 42 46 59 63 68 79 85 97 102 106 
0 3 8 19 23 28 31 42 46 59 64 68 79 85 97 101 106 
0 3 8 19 23 28 31 42 46 64 68 73 92 96 107 111 
0 3 8 19 23 28 31 42 46 64 68 79 92 96 107 111 
0 3 8 19 23 28 31 42 46 64 69 73 92 96 107 111 
0 3 8 19 23 28 31 42 46 69 73 84 85 97 101 112 
0 3 8 19 23 28 31 42 46 69 73 84 92 96 101 112 
0 3 8 19 23 28 31 42 46 69 73 84 92 96 107 112 
0 3 8 19 23 28 31 42 46 69 73 84 92 97 101 112 
0 3 8 19 24 28 31 42 46 59 63 68 79 85 97 101 106 
0 3 8 19 24 28 31 42 46 69 73 84 85 97 101 112 
0 3 14 18 28 31 42 46 58 64 68 73 91 102 107 111 
0 4 8 13 24 31 36 47 51 58 64 68 73 91 102 106 111 
0 4 8 13 24 31 36 47 51 58 64 68 73 91 102 107 111 
0 4 8 13 24 31 36 47 51 58 64 69 73 91 102 106 111 
0 4 8 13 24 31 36 47 51 58 64 69 73 91 102 107 111 
0 4 8 13 24 31 36 47 51 64 68 73 85 91 102 106 111 
0 4 8 13 24 31 36 47 51 64 68 73 85 91 102 107 111 
0 4 8 13 24 31 36 47 51 64 69 73 85 91 102 106 111 
0 4 8 13 24 31 36 47 51 64 69 73 85 91 102 107 111 
0 4 8 13 24 31 42 46 51 58 64 68 79 91 102 106 111 
0 4 8 13 24 31 42 46 51 59 63 68 79 85 97 102 106 
0 4 8 13 24 31 42 46 51 59 64 68 79 85 91 102 106 
0 4 8 13 24 31 42 46 51 64 68 79 85 91 102 106 111 
