0 2 7 14 19 27 32 44 48 60 72 77 87 89 101 106 
0 2 7 14 19 32 44 48 60 72 77 87 89 94 101 106 
0 2 9 14 27 29 31 38 43 60 67 72 87 89 96 101 
0 2 9 14 27 29 31 39 43 60 67 72 87 89 96 101 
0 2 9 14 27 29 32 39 44 60 67 72 87 89 96 101 
0 4 11 18 25 29 34 41 48 62 69 76 87 91 98 105 
0 4 11 18 25 29 34 41 48 62 69 76 90 98 105 112 
0 4 11 18 27 29 34 41 48 62 69 76 87 91 98 105 
0 4 11 18 27 29 34 41 48 62 69 76 87 91 98 106 
0 4 11 19 27 29 34 41 48 62 69 76 87 91 98 105 
0 4 11 19 27 29 34 41 48 62 69 76 87 91 99 106 
0 4 12 19 27 29 34 41 48 62 69 76 87 91 98 105 
0 4 12 19 27 29 34 41 48 62 69 76 87 91 98 106 
