0 1 8 14 21 33 40 46 53 63 70 77 85 93 100 107 113 
0 1 8 15 21 33 40 46 53 63 70 77 85 93 100 107 113 
0 1 8 15 22 33 40 46 53 58 63 70 77 86 94 101 108 
0 1 8 15 22 33 40 46 53 58 63 70 77 93 100 107 113 
0 1 8 15 22 33 40 46 53 58 63 70 77 94 100 107 113 
0 2 8 15 21 33 40 46 53 63 70 77 85 93 100 107 113 
0 2 8 15 22 33 40 46 53 58 63 70 77 86 94 101 108 
0 2 8 15 22 33 40 46 53 58 63 70 77 93 100 107 113 
0 2 8 15 22 33 40 46 53 58 63 70 77 94 100 107 113 
0 2 8 15 22 33 40 46 53 58 63 70 77 94 101 107 113 
0 2 8 15 22 33 40 46 53 58 63 70 77 94 101 108 113 
0 2 8 15 22 33 40 46 53 58 64 70 77 86 94 101 108 
0 2 8 15 22 33 40 46 53 63 70 77 85 93 100 107 113 
0 2 9 15 22 33 40 46 53 58 63 70 77 86 94 101 108 
0 2 9 15 22 33 40 46 53 58 63 70 77 93 100 107 113 
0 2 9 15 22 33 40 46 53 58 63 70 77 94 100 107 113 
0 2 9 15 22 33 40 46 53 58 63 70 77 94 101 107 113 
0 2 9 15 22 33 40 46 53 58 63 70 77 94 101 108 113 
0 2 9 15 22 33 40 46 53 63 70 77 85 93 100 107 113 
0 2 9 15 22 33 40 47 53 58 63 70 77 86 94 101 108 
0 2 9 15 22 33 40 47 53 58 63 70 77 93 100 107 113 
0 2 9 15 22 33 40 47 53 58 63 70 77 94 101 107 113 
0 2 9 16 22 33 40 46 53 58 63 70 77 93 100 107 113 
0 2 9 16 22 33 40 46 53 58 63 70 77 94 100 107 113 
0 2 9 16 22 33 40 46 53 58 63 70 77 94 101 107 113 
0 2 9 16 22 33 40 46 53 58 63 70 77 94 101 108 113 
0 2 9 16 22 33 40 47 53 58 63 70 77 86 94 101 108 
0 2 9 16 22 33 40 47 53 58 63 70 77 94 100 107 113 
0 2 9 16 22 33 40 47 53 58 63 70 77 94 101 107 113 
0 2 9 16 22 33 40 47 53 58 63 70 77 94 101 108 113 
0 2 9 16 23 33 40 46 53 58 63 70 77 94 100 107 113 
0 2 9 16 23 33 40 46 53 58 63 70 77 94 101 107 113 
0 2 9 16 23 33 40 47 53 58 63 70 77 94 101 107 113 
0 2 9 16 23 33 40 47 53 58 63 70 77 94 101 108 113 
0 2 9 16 23 33 40 47 54 58 63 70 77 86 94 101 108 
