0 1 6 13 24 31 39 46 55 63 70 
0 1 6 13 24 31 39 46 55 64 69 
0 1 6 13 24 31 39 46 55 64 72 
0 1 6 13 24 31 39 46 58 63 70 
0 1 6 13 24 31 39 46 58 65 70 
0 1 6 13 24 31 39 46 58 65 72 
0 1 6 13 24 31 39 46 59 64 72 
0 1 6 13 24 31 39 47 55 63 70 
0 1 6 13 24 31 39 47 55 64 69 
0 1 6 13 24 31 39 47 55 64 72 
0 1 6 13 24 31 39 47 58 63 70 
0 1 6 13 24 31 39 47 58 65 70 
0 1 6 13 24 31 39 47 58 65 72 
0 1 6 13 24 31 39 47 59 64 72 
0 1 6 13 24 31 40 47 55 63 70 
0 1 6 13 24 31 40 47 55 63 71 
0 1 6 13 24 31 40 47 55 64 71 
0 1 6 13 24 31 40 47 57 58 65 
0 1 6 13 24 31 40 47 57 58 66 
0 1 6 13 24 31 40 47 57 59 66 
0 1 6 13 24 31 40 47 58 63 70 
0 1 6 13 24 31 40 47 58 63 71 
0 1 6 13 24 31 40 47 58 65 70 
0 1 6 13 24 31 40 47 58 66 71 
0 1 6 13 24 31 40 47 59 64 71 
0 1 6 13 24 31 40 47 59 66 71 
0 1 6 13 24 31 41 46 55 63 71 
0 1 6 13 24 31 41 46 55 64 71 
0 1 6 13 24 31 41 46 55 64 72 
0 1 6 13 24 31 41 46 58 63 71 
0 1 6 13 24 31 41 46 58 65 72 
0 1 6 13 24 31 41 46 58 66 71 
0 1 6 13 24 31 41 46 59 64 71 
0 1 6 13 24 31 41 46 59 64 72 
0 1 6 13 24 31 41 46 59 66 71 
0 1 6 13 24 31 41 49 55 63 71 
0 1 6 13 24 31 41 49 55 64 71 
0 1 6 13 24 31 41 49 55 64 72 
0 1 6 13 24 31 41 49 58 63 71 
0 1 6 13 24 31 41 49 58 66 71 
0 1 6 13 24 31 41 49 58 66 73 
0 1 6 13 24 31 41 49 59 64 71 
0 1 6 13 24 31 41 49 59 64 72 
0 1 6 13 24 31 41 49 59 66 71 
0 1 6 13 24 31 41 49 59 66 73 
0 1 6 13 24 31 41 49 59 67 72 
0 1 6 13 24 31 41 49 59 67 73 
0 1 6 13 24 31 42 47 55 64 72 
0 1 6 13 24 31 42 47 57 58 65 
0 1 6 13 24 31 42 47 57 58 66 
0 1 6 13 24 31 42 47 57 59 66 
0 1 6 13 24 31 42 47 59 64 72 
0 1 6 13 24 31 42 47 59 67 72 
0 1 6 13 24 31 42 49 55 56 63 68 
0 1 6 13 24 31 42 49 55 64 72 
0 1 6 13 24 31 42 49 56 59 67 
0 1 6 13 24 31 42 49 57 58 65 
0 1 6 13 24 31 42 49 57 58 66 
0 1 6 13 24 31 42 49 57 59 66 
0 1 6 13 24 31 42 49 58 65 72 
0 1 6 13 24 31 42 49 59 64 72 
0 1 6 13 24 31 42 49 59 67 72 
0 1 6 13 24 31 46 54 55 63 68 
0 1 6 13 24 31 46 54 55 63 71 
0 1 6 13 24 31 46 54 55 64 69 
0 1 6 13 24 31 46 54 55 64 71 
0 1 6 13 24 31 46 54 58 63 71 
0 1 6 13 24 31 46 54 59 64 71 
0 1 6 13 24 32 39 46 55 63 70 
0 1 6 13 24 32 39 46 55 64 69 
0 1 6 13 24 32 39 46 55 64 72 
0 1 6 13 24 32 39 46 58 63 70 
0 1 6 13 24 32 39 46 58 65 70 
0 1 6 13 24 32 39 46 58 65 72 
0 1 6 13 24 32 39 46 59 64 72 
0 1 6 13 24 32 39 47 55 63 70 
0 1 6 13 24 32 39 47 55 64 69 
0 1 6 13 24 32 39 47 55 64 72 
0 1 6 13 24 32 39 47 58 63 70 
0 1 6 13 24 32 39 47 58 65 70 
0 1 6 13 24 32 39 47 59 64 72 
0 1 6 13 24 32 40 47 55 63 70 
0 1 6 13 24 32 40 47 55 63 71 
0 1 6 13 24 32 40 47 57 58 66 
0 1 6 13 24 32 40 47 57 59 66 
0 1 6 13 24 32 40 47 58 63 70 
0 1 6 13 24 32 40 47 59 64 71 
0 1 6 13 24 32 40 47 59 66 71 
0 1 6 13 24 32 41 46 55 63 71 
0 1 6 13 24 32 41 46 55 64 71 
0 1 6 13 24 32 41 46 55 64 72 
0 1 6 13 24 32 41 46 58 63 71 
0 1 6 13 24 32 41 46 58 65 72 
0 1 6 13 24 32 41 46 58 66 71 
0 1 6 13 24 32 41 46 59 64 71 
0 1 6 13 24 32 41 46 59 64 72 
0 1 6 13 24 32 41 46 59 66 71 
0 1 6 13 24 32 41 46 59 67 72 
0 1 6 13 24 32 41 49 55 63 71 
0 1 6 13 24 32 41 49 55 64 71 
0 1 6 13 24 32 41 49 55 64 72 
0 1 6 13 24 32 41 49 58 63 71 
0 1 6 13 24 32 41 49 58 66 71 
0 1 6 13 24 32 41 49 58 66 73 
0 1 6 13 24 32 41 49 59 64 71 
0 1 6 13 24 32 41 49 59 64 72 
0 1 6 13 24 32 41 49 59 66 71 
0 1 6 13 24 32 41 49 59 67 72 
0 1 6 13 24 32 41 49 59 67 73 
0 1 6 13 24 32 42 47 55 64 72 
0 1 6 13 24 32 42 47 57 58 66 
0 1 6 13 24 32 42 47 59 64 72 
0 1 6 13 24 32 42 47 59 67 72 
0 1 6 13 24 32 42 49 55 56 63 68 
0 1 6 13 24 32 42 49 55 64 72 
0 1 6 13 24 32 42 49 57 58 65 
0 1 6 13 24 32 42 49 59 64 72 
0 1 6 13 24 32 46 54 55 63 68 
0 1 6 13 24 32 46 54 55 63 71 
0 1 6 13 24 32 46 54 55 64 69 
0 1 6 13 24 32 46 54 55 64 71 
0 1 6 13 24 32 46 54 58 63 71 
0 1 6 13 24 32 46 54 59 64 71 
0 1 6 13 25 32 39 46 55 63 70 
0 1 6 13 25 32 39 46 55 64 69 
0 1 6 13 25 32 39 46 55 64 72 
0 1 6 13 25 32 39 46 58 63 70 
0 1 6 13 25 32 39 46 58 65 70 
0 1 6 13 25 32 39 46 58 65 72 
0 1 6 13 25 32 39 46 59 64 72 
0 1 6 13 25 32 39 47 55 63 70 
0 1 6 13 25 32 39 47 55 64 69 
0 1 6 13 25 32 39 47 55 64 72 
0 1 6 13 25 32 39 47 58 63 70 
0 1 6 13 25 32 39 47 58 65 72 
0 1 6 13 25 32 39 47 59 64 72 
0 1 6 13 25 32 40 47 55 63 70 
0 1 6 13 25 32 40 47 59 64 71 
0 1 6 13 25 32 41 46 55 63 71 
0 1 6 13 25 32 41 46 55 64 71 
0 1 6 13 25 32 41 46 55 64 72 
0 1 6 13 25 32 41 46 58 63 71 
0 1 6 13 25 32 41 46 58 65 72 
0 1 6 13 25 32 41 46 58 66 71 
0 1 6 13 25 32 41 46 59 64 71 
0 1 6 13 25 32 41 46 59 64 72 
0 1 6 13 25 32 41 46 59 67 72 
0 1 6 13 25 32 41 49 55 63 71 
0 1 6 13 25 32 41 49 55 64 71 
0 1 6 13 25 32 41 49 55 64 72 
0 1 6 13 25 32 41 49 58 63 71 
0 1 6 13 25 32 41 49 58 65 72 
0 1 6 13 25 32 41 49 58 66 71 
0 1 6 13 25 32 41 49 59 64 71 
0 1 6 13 25 32 41 49 59 64 72 
0 1 6 13 25 32 41 49 59 67 72 
0 1 6 13 25 32 41 49 59 67 73 
0 1 6 13 25 32 42 47 55 64 72 
0 1 6 13 25 32 42 47 59 64 72 
0 1 6 13 25 32 42 47 59 67 72 
0 1 6 13 25 32 46 54 55 63 68 
0 1 6 13 25 32 46 54 55 63 71 
0 1 6 13 25 32 46 54 55 64 69 
0 1 6 13 25 32 46 54 55 64 71 
0 1 6 13 25 32 46 54 58 63 71 
0 1 6 13 25 32 46 54 59 64 71 
0 1 6 14 24 31 38 39 46 64 69 
0 1 6 14 24 31 38 39 46 64 72 
0 1 6 14 24 31 38 39 46 65 70 
0 1 6 14 24 31 38 39 47 64 69 
0 1 6 14 24 31 38 39 47 64 72 
0 1 6 14 24 31 38 39 47 65 70 
0 1 6 14 24 31 38 40 47 57 65 
0 1 6 14 24 31 38 40 47 64 71 
0 1 6 14 24 31 38 40 47 65 70 
0 1 6 14 24 31 38 41 46 64 71 
0 1 6 14 24 31 38 41 49 64 71 
0 1 6 14 24 31 38 41 49 64 72 
0 1 6 14 24 31 38 42 47 57 65 
0 1 6 14 24 31 38 42 47 64 72 
0 1 6 14 24 31 38 42 47 65 72 
0 1 6 14 24 31 38 46 54 64 69 
0 1 6 14 24 31 38 46 54 64 71 
0 1 6 14 24 31 39 46 59 64 72 
0 1 6 14 24 31 40 47 57 59 66 
0 1 6 14 24 31 40 47 57 60 65 
0 1 6 14 24 31 40 47 59 64 71 
0 1 6 14 24 31 41 46 59 64 71 
0 1 6 14 24 31 41 49 59 64 71 
0 1 6 14 24 31 41 49 59 64 72 
0 1 6 14 24 31 41 49 59 66 71 
0 1 6 14 24 31 41 49 59 67 72 
0 1 6 14 24 31 41 49 59 67 73 
0 1 6 14 24 31 41 49 60 67 72 
0 1 6 14 24 31 41 49 60 67 73 
0 1 6 14 24 31 42 47 57 60 65 
0 1 6 14 24 31 42 47 57 60 68 
0 1 6 14 24 31 42 47 59 64 72 
0 1 6 14 24 31 42 47 59 67 72 
0 1 6 14 24 31 42 47 60 65 72 
0 1 6 14 24 31 42 47 60 67 72 
0 1 6 14 24 31 46 54 59 64 71 
0 1 6 14 24 31 46 54 60 68 
0 1 6 14 24 32 38 39 46 64 69 
0 1 6 14 24 32 38 39 46 64 72 
0 1 6 14 24 32 38 39 46 65 70 
0 1 6 14 24 32 38 39 47 64 69 
0 1 6 14 24 32 38 39 47 65 70 
0 1 6 14 24 32 38 40 47 57 65 
0 1 6 14 24 32 38 40 47 64 71 
0 1 6 14 24 32 38 41 46 64 72 
0 1 6 14 24 32 38 41 49 64 71 
0 1 6 14 24 32 38 42 47 64 72 
0 1 6 14 24 32 38 42 47 65 72 
0 1 6 14 24 32 38 46 54 64 69 
0 1 6 14 24 32 38 46 54 64 71 
0 1 6 14 24 32 40 47 57 60 65 
0 1 6 14 24 32 40 47 59 64 71 
0 1 6 14 24 32 41 46 59 64 71 
0 1 6 14 24 32 41 46 59 64 72 
0 1 6 14 24 32 41 46 59 67 72 
0 1 6 14 24 32 41 46 60 65 72 
0 1 6 14 24 32 41 46 60 67 72 
0 1 6 14 24 32 41 49 59 64 71 
0 1 6 14 24 32 41 49 59 64 72 
0 1 6 14 24 32 42 47 59 64 72 
0 1 6 14 24 32 42 47 59 67 72 
0 1 6 14 24 32 42 47 60 65 72 
0 1 6 14 24 32 42 47 60 67 72 
0 1 6 14 24 32 46 54 59 64 71 
0 1 6 14 24 32 46 54 60 68 
0 1 6 14 25 32 38 39 46 64 69 
0 1 6 14 25 32 38 39 46 64 72 
0 1 6 14 25 32 38 39 46 65 70 
0 1 6 14 25 32 38 39 46 65 72 
0 1 6 14 25 32 38 39 47 64 69 
0 1 6 14 25 32 38 39 47 64 72 
0 1 6 14 25 32 38 39 47 65 72 
0 1 6 14 25 32 38 40 47 57 65 
0 1 6 14 25 32 38 40 47 64 71 
0 1 6 14 25 32 38 46 54 64 69 
0 1 6 14 25 32 38 46 54 64 71 
0 1 6 14 25 32 39 46 59 64 72 
0 1 6 14 25 32 39 46 60 65 72 
0 1 6 14 25 32 39 47 59 64 72 
0 1 6 14 25 32 39 47 60 65 72 
0 1 6 14 25 32 40 47 59 64 71 
0 1 6 14 25 32 41 46 59 64 71 
0 1 6 14 25 32 41 46 59 64 72 
0 1 6 14 25 32 41 46 59 67 72 
0 1 6 14 25 32 41 46 60 65 72 
0 1 6 14 25 32 41 46 60 67 72 
0 1 6 14 25 32 46 54 59 64 71 
0 1 6 14 25 32 46 54 60 68 
0 1 8 13 25 32 39 46 58 63 70 
0 1 8 13 25 32 39 46 58 65 72 
0 1 8 13 25 32 39 46 59 64 72 
0 1 8 13 25 32 39 47 58 65 72 
0 1 8 13 25 32 39 47 59 64 72 
0 1 8 13 25 32 40 47 58 66 71 
0 1 8 13 25 32 40 47 59 64 71 
0 1 8 13 25 32 41 46 58 63 71 
0 1 8 13 25 32 41 46 58 65 72 
0 1 8 13 25 32 41 46 58 66 71 
0 1 8 13 25 32 41 46 59 64 71 
0 1 8 13 25 32 41 46 59 64 72 
0 1 8 13 25 32 41 46 59 66 71 
0 1 8 13 25 32 41 46 59 67 72 
0 1 8 13 25 32 46 54 58 63 71 
0 1 8 13 25 32 46 54 59 64 71 
0 1 8 15 24 31 39 46 61 69 
0 1 8 15 24 31 39 47 61 69 
0 1 8 15 24 31 46 54 61 69 
0 1 8 15 24 32 39 46 61 69 
0 1 8 15 24 32 41 46 60 65 72 
0 1 8 15 24 32 41 46 60 67 72 
0 1 8 15 24 32 46 54 60 68 
0 1 8 15 24 32 46 54 61 68 
0 1 8 15 24 32 46 54 61 69 
0 1 8 15 25 32 39 46 58 65 72 
0 1 8 15 25 32 39 46 60 65 72 
0 1 8 15 25 32 39 46 61 69 
0 1 8 15 25 32 41 46 58 65 72 
0 1 8 15 25 32 41 46 58 66 71 
0 1 8 15 25 32 41 46 60 65 72 
0 1 8 15 25 32 41 46 60 67 72 
0 1 8 15 25 32 46 54 60 68 
0 1 8 17 24 31 39 46 61 69 
0 1 8 17 24 31 46 54 61 68 
0 1 8 17 24 31 46 54 61 69 
0 1 8 17 24 31 46 54 62 69 
0 1 8 17 25 32 39 46 62 69 
0 1 8 17 25 32 39 46 62 70 
0 1 9 14 24 31 46 54 59 64 71 
0 1 9 14 24 31 46 54 60 68 
0 1 9 14 24 32 41 46 59 64 71 
0 1 9 14 24 32 41 46 59 64 72 
0 1 9 14 24 32 41 46 59 66 71 
0 1 9 14 24 32 46 54 59 64 71 
0 1 9 14 24 32 46 54 60 68 
0 1 9 17 24 32 39 46 62 69 
0 1 9 24 31 37 46 54 60 68 
0 1 9 24 32 37 46 54 60 68 
0 1 9 24 32 37 46 54 63 68 
0 2 7 14 24 32 38 42 49 64 72 
0 2 7 14 24 32 38 46 54 64 69 
0 2 7 14 24 32 38 46 54 64 71 
0 2 7 14 24 32 41 46 59 64 71 
0 2 7 14 24 32 41 46 59 64 72 
0 2 7 14 24 32 41 46 59 66 71 
0 2 7 14 24 32 41 46 60 65 72 
0 2 7 14 24 32 41 49 59 64 71 
0 2 7 14 24 32 41 49 59 64 72 
0 2 7 14 24 32 41 49 59 66 71 
0 2 7 14 24 32 42 49 56 60 68 
0 2 7 14 24 32 42 49 57 59 66 
0 2 7 14 24 32 42 49 59 64 72 
0 2 7 14 24 32 46 54 60 68 
0 2 7 14 25 32 38 39 46 64 69 
0 2 7 14 25 32 38 39 46 64 72 
0 2 7 14 25 32 38 39 46 65 72 
0 2 7 14 25 32 38 42 49 64 72 
0 2 7 14 25 32 38 46 54 64 69 
0 2 7 14 25 32 38 46 54 64 71 
0 2 7 14 25 32 39 46 59 64 72 
0 2 7 14 25 32 39 46 60 65 72 
0 2 7 14 25 32 41 46 59 64 71 
0 2 7 14 25 32 41 46 59 66 71 
0 2 7 14 25 32 41 49 59 64 71 
0 2 7 14 25 32 41 49 59 64 72 
0 2 7 14 25 32 41 49 59 66 71 
0 2 7 14 25 32 42 49 57 59 66 
0 2 7 14 25 32 46 54 59 64 71 
0 2 7 14 25 32 46 54 60 68 
0 2 7 14 25 33 38 39 46 64 72 
0 2 7 14 25 33 38 39 46 65 72 
0 2 7 14 25 33 38 39 47 64 72 
0 2 7 14 25 33 38 46 54 64 69 
0 2 7 14 25 33 38 46 54 64 71 
0 2 7 14 25 33 39 46 59 64 72 
0 2 7 14 25 33 39 47 59 64 72 
0 2 7 14 25 33 41 46 59 64 71 
0 2 7 14 25 33 41 46 59 64 72 
0 2 7 14 25 33 41 46 59 66 71 
0 2 7 14 25 33 41 46 60 65 72 
0 2 7 14 25 33 41 49 59 64 71 
0 2 7 14 25 33 41 49 59 66 71 
0 2 7 14 25 33 42 47 57 59 66 
0 2 7 14 25 33 42 47 57 60 65 
0 2 7 14 25 33 42 47 59 64 72 
0 2 7 14 25 33 42 47 60 65 72 
0 2 7 14 25 33 46 54 59 64 71 
0 2 7 14 25 33 46 54 60 68 
0 2 7 15 24 32 41 46 58 66 71 
0 2 7 15 24 32 41 49 58 66 71 
0 2 7 15 24 32 41 49 58 66 73 
0 2 7 15 24 32 41 49 61 66 73 
0 2 7 15 24 32 46 54 60 68 
0 2 7 15 24 32 46 54 61 68 
0 2 7 15 24 32 46 54 61 69 
0 2 7 15 25 32 39 46 61 69 
0 2 7 15 25 32 41 49 58 66 71 
0 2 7 15 25 32 41 49 58 66 73 
0 2 7 15 25 32 46 54 60 68 
0 2 7 15 25 32 46 54 61 69 
0 2 7 15 25 33 39 46 61 69 
0 2 7 15 25 33 39 47 61 69 
0 2 7 15 25 33 41 46 58 65 72 
0 2 7 15 25 33 41 46 58 66 71 
0 2 7 15 25 33 41 46 60 65 72 
0 2 7 15 25 33 42 47 60 65 72 
0 2 7 15 25 33 46 54 61 69 
0 3 8 15 22 29 34 39 46 58 65 72 
0 3 8 15 22 29 34 39 46 60 65 72 
0 3 8 15 22 29 34 39 47 58 65 72 
0 3 8 15 22 29 34 39 47 60 65 72 
0 3 8 15 22 29 34 40 47 57 60 65 
0 3 8 15 22 29 34 40 47 58 66 71 
0 3 8 15 22 29 34 41 46 58 66 71 
0 3 8 15 22 29 34 41 46 60 65 72 
0 3 8 15 22 29 34 41 46 60 67 72 
0 3 8 15 25 33 41 46 58 65 72 
0 3 8 15 25 33 41 46 58 66 71 
0 3 8 15 25 33 41 46 60 65 72 
0 3 8 15 25 33 41 49 58 66 71 
0 3 8 15 25 33 41 49 58 66 73 
0 3 8 15 25 33 41 49 60 67 72 
0 3 8 15 25 33 41 49 60 67 73 
0 3 8 15 25 33 41 49 61 66 73 
0 3 8 15 25 33 42 49 57 61 66 
0 3 8 17 22 29 34 41 46 59 66 71 
0 3 8 17 25 33 41 46 59 66 71 
0 3 8 17 25 33 41 49 59 66 71 
0 3 8 17 25 33 41 49 59 66 73 
0 3 8 17 25 33 41 49 59 67 72 
0 3 10 15 22 29 34 40 47 57 60 65 
0 3 10 15 22 29 34 41 46 60 67 72 
0 4 9 17 22 29 34 41 46 59 67 72 
0 4 12 18 22 29 37 46 54 63 71 
0 4 12 18 22 29 41 46 58 63 71 
0 4 12 18 22 29 46 54 58 63 71 
0 4 12 18 25 30 41 46 58 63 71 
0 5 12 16 22 30 38 40 47 64 71 
0 5 12 16 22 30 38 46 54 64 71 
0 5 12 16 24 31 38 40 47 64 71 
