0 1 6 10 17 21 25 39 43 47 58 62 
0 1 6 10 17 25 33 39 43 47 62 71 
0 1 6 11 17 22 39 44 49 59 
0 1 6 12 17 19 21 39 43 49 57 58 
0 1 6 12 17 23 33 39 43 49 60 71 
0 1 6 17 19 21 25 39 43 57 58 62 
0 1 6 17 24 34 39 44 62 72 
0 1 8 17 19 25 31 39 45 57 62 69 
0 1 9 17 24 32 39 46 62 69 
0 1 17 19 21 25 31 39 57 58 62 69 
0 2 6 10 17 21 25 39 43 48 58 63 
0 2 6 10 17 21 25 39 43 48 63 71 
0 2 6 10 17 21 25 39 43 57 58 63 
0 2 6 10 17 25 34 39 43 48 63 71 
0 2 6 12 17 23 33 39 43 49 60 71 
0 2 6 12 17 23 33 39 43 50 60 71 
0 2 6 12 17 23 33 39 43 50 61 71 
0 2 6 12 23 34 37 44 50 61 65 71 
0 2 6 17 19 21 25 39 43 57 58 63 
