0 1 5 10 14 22 26 31 42 61 70 75 
0 1 5 10 14 22 26 31 43 61 70 75 
0 1 5 10 14 22 26 31 61 66 70 75 
0 1 5 10 14 22 26 53 61 66 70 74 
0 1 5 10 14 22 26 53 61 66 70 75 
0 1 5 10 14 22 26 54 61 66 70 75 
0 1 5 10 14 22 27 31 43 47 61 75 
0 1 5 10 14 22 27 31 43 61 70 75 
0 1 5 10 14 22 27 31 47 61 66 75 
0 1 5 10 14 22 27 47 53 61 66 75 
0 1 5 10 14 22 27 47 54 61 66 75 
0 1 5 10 14 22 50 54 62 66 70 75 
0 1 5 10 15 23 27 31 43 61 71 75 
0 1 5 10 15 27 31 42 45 61 71 75 
0 1 5 10 16 20 27 45 53 61 66 71 
0 1 5 10 16 20 45 50 53 61 66 71 
0 1 5 10 20 22 27 53 61 66 71 75 
0 1 5 10 20 22 27 54 61 66 71 75 
0 1 5 10 20 22 31 50 61 66 71 75 
0 1 5 10 20 23 27 31 43 61 71 75 
0 1 5 10 20 23 31 50 61 66 71 75 
0 1 5 10 20 27 31 45 61 66 71 75 
