0 1 6 13 23 30 35 40 42 58 66 71 78 
0 1 6 13 23 30 35 40 42 58 67 75 
0 1 6 13 23 30 35 40 43 51 61 66 71 
0 1 6 13 23 30 35 40 43 51 61 67 72 
0 1 6 13 23 30 35 40 43 58 61 66 71 
0 1 6 13 23 30 35 40 43 58 61 67 72 
0 1 6 13 23 30 35 40 44 51 60 66 73 
0 1 6 13 23 30 35 40 44 51 60 67 72 
0 1 6 13 23 30 35 40 44 51 66 71 78 
0 1 6 13 23 30 35 40 45 58 61 67 72 
0 1 6 13 23 30 35 41 42 58 68 75 
0 1 6 13 23 30 35 41 42 58 68 76 
0 1 6 13 23 30 35 41 42 58 69 76 
0 1 6 13 23 30 35 41 43 51 68 76 
0 1 6 13 23 30 35 41 43 51 69 76 
0 1 6 13 23 30 35 41 43 51 69 77 
0 1 6 13 23 30 35 41 43 58 68 76 
0 1 6 13 23 30 35 41 43 58 69 76 
0 1 6 13 23 30 35 41 43 58 69 77 
0 1 6 13 23 30 35 41 44 51 60 66 73 
0 1 6 13 23 30 35 41 44 51 60 68 73 
0 1 6 13 23 30 35 41 44 51 69 77 
0 1 6 13 23 30 35 41 45 58 61 66 74 
0 1 6 13 23 30 35 41 45 58 66 73 78 
0 1 6 13 23 30 35 42 58 62 67 75 
0 1 6 13 23 30 35 42 58 62 69 76 
0 1 6 13 23 30 35 42 58 62 70 75 
0 1 6 13 23 30 35 42 58 62 70 78 
0 1 6 13 23 30 35 43 51 62 69 76 
0 1 6 13 23 30 35 43 51 62 69 77 
0 1 6 13 23 30 35 43 58 62 69 76 
0 1 6 13 23 30 35 43 58 62 69 77 
0 1 6 13 23 30 35 43 58 62 70 77 
0 1 6 13 23 30 35 45 58 61 62 67 74 
0 1 6 13 23 30 35 45 58 62 70 78 
0 1 6 13 26 34 40 42 58 67 75 
0 1 6 13 26 34 40 43 51 61 66 71 
0 1 6 13 26 34 40 43 51 61 67 72 
0 1 6 13 26 34 40 43 58 61 66 71 
0 1 6 13 26 34 40 43 58 61 67 72 
0 1 6 13 26 34 40 44 51 60 66 73 
0 1 6 13 26 34 40 44 51 60 67 72 
0 1 6 13 26 34 40 44 51 66 73 78 
0 1 6 13 26 34 40 45 53 59 66 73 
0 1 6 13 26 34 40 45 53 59 66 74 
0 1 6 13 26 34 40 45 53 59 67 74 
0 1 6 13 26 34 40 45 53 61 66 71 
0 1 6 13 26 34 40 45 53 61 66 74 
0 1 6 13 26 34 40 45 53 61 67 72 
0 1 6 13 26 34 40 45 53 61 67 74 
0 1 6 13 26 34 40 45 53 66 73 78 
0 1 6 13 26 34 40 45 58 61 66 71 
0 1 6 13 26 34 40 45 58 61 66 74 
0 1 6 13 26 34 40 45 58 61 67 72 
0 1 6 13 26 34 40 45 58 66 73 78 
0 1 6 13 26 34 40 46 49 53 66 74 
0 1 6 13 26 34 40 46 49 53 67 74 
0 1 6 13 26 34 40 46 51 60 66 73 
0 1 6 13 26 34 40 46 51 60 67 72 
0 1 6 13 26 34 40 46 51 60 67 75 
0 1 6 13 26 34 40 46 51 61 66 71 
0 1 6 13 26 34 40 46 51 61 66 74 
0 1 6 13 26 34 40 46 51 61 67 72 
0 1 6 13 26 34 40 46 51 61 67 74 
0 1 6 13 26 34 40 46 53 60 66 73 
0 1 6 13 26 34 40 46 53 60 67 72 
0 1 6 13 26 34 40 46 53 60 67 75 
0 1 6 13 26 34 40 46 53 61 66 71 
0 1 6 13 26 34 40 46 53 61 66 74 
0 1 6 13 26 34 40 46 53 61 67 72 
0 1 6 13 26 34 40 46 53 61 67 74 
0 1 6 13 26 34 41 42 58 68 75 
0 1 6 13 26 34 41 42 58 68 76 
0 1 6 13 26 34 41 42 58 69 76 
0 1 6 13 26 34 41 43 51 68 76 
0 1 6 13 26 34 41 43 51 69 76 
0 1 6 13 26 34 41 43 51 69 77 
0 1 6 13 26 34 41 43 58 68 76 
0 1 6 13 26 34 41 43 58 69 76 
0 1 6 13 26 34 41 43 58 69 77 
0 1 6 13 26 34 41 44 51 60 66 73 
0 1 6 13 26 34 41 44 51 60 68 73 
0 1 6 13 26 34 41 44 51 66 73 78 
0 1 6 13 26 34 41 44 51 69 77 
0 1 6 13 26 34 41 45 53 59 66 73 
0 1 6 13 26 34 41 45 53 59 66 74 
0 1 6 13 26 34 41 45 53 59 68 73 
0 1 6 13 26 34 41 45 53 59 69 74 
0 1 6 13 26 34 41 45 53 61 66 74 
0 1 6 13 26 34 41 45 53 66 73 78 
0 1 6 13 26 34 41 45 58 66 73 78 
0 1 6 13 26 34 41 46 51 60 66 73 
0 1 6 13 26 34 41 46 51 60 68 73 
0 1 6 13 26 34 41 46 51 60 68 75 
0 1 6 13 26 34 41 46 51 61 66 74 
0 1 6 13 26 34 41 46 53 60 66 73 
0 1 6 13 26 34 41 46 53 60 68 73 
0 1 6 13 26 34 41 46 53 61 66 74 
0 1 6 13 26 34 42 58 62 67 75 
0 1 6 13 26 34 42 58 62 69 76 
0 1 6 13 26 34 42 58 62 70 75 
0 1 6 13 26 34 42 58 62 70 78 
0 1 6 13 26 34 43 51 62 69 76 
0 1 6 13 26 34 43 51 62 69 77 
0 1 6 13 26 34 43 51 62 70 77 
0 1 6 13 26 34 43 58 62 69 76 
0 1 6 13 26 34 43 58 62 69 77 
0 1 6 13 26 34 43 58 62 70 77 
0 1 6 13 26 34 44 51 62 69 77 
0 1 6 13 26 34 44 51 62 70 77 
0 1 6 13 26 34 44 51 62 70 78 
0 1 6 13 26 34 45 53 59 62 67 74 
0 1 6 13 26 34 45 53 59 62 69 74 
0 1 6 13 26 34 45 53 61 62 67 74 
0 1 6 13 26 34 45 53 62 70 78 
0 1 6 13 26 34 45 58 62 70 78 
0 1 6 13 26 34 46 51 60 62 67 75 
0 1 6 13 26 34 46 51 61 62 67 74 
0 1 6 13 26 34 46 53 61 62 67 74 
0 1 6 14 23 30 35 42 58 62 69 76 
0 1 6 14 23 30 35 42 58 62 70 78 
0 1 6 14 23 30 35 42 58 63 68 76 
0 1 6 14 23 30 35 42 58 68 76 79 
0 1 6 14 23 30 35 43 58 62 69 76 
0 1 6 14 23 30 35 43 58 62 69 77 
0 1 6 14 23 30 35 43 58 68 76 79 
0 1 6 14 23 30 35 45 58 61 67 72 79 
0 1 6 14 26 34 42 58 62 69 76 
0 1 6 14 26 34 42 58 62 70 75 
0 1 6 14 26 34 42 58 62 70 78 
0 1 6 14 26 34 42 58 63 68 75 
0 1 6 14 26 34 42 58 63 68 76 
0 1 6 14 26 34 42 58 67 75 79 
0 1 6 14 26 34 42 58 68 75 79 
0 1 6 14 26 34 42 58 68 76 79 
0 1 6 14 26 34 43 51 61 63 71 
0 1 6 14 26 34 43 51 62 69 76 
0 1 6 14 26 34 43 51 62 69 77 
0 1 6 14 26 34 43 51 62 70 77 
0 1 6 14 26 34 43 51 63 68 76 
0 1 6 14 26 34 43 51 63 70 77 
0 1 6 14 26 34 43 51 63 71 76 
0 1 6 14 26 34 43 51 68 76 79 
0 1 6 14 26 34 43 58 62 69 76 
0 1 6 14 26 34 43 58 62 69 77 
0 1 6 14 26 34 43 58 62 70 77 
0 1 6 14 26 34 43 58 63 68 76 
0 1 6 14 26 34 43 58 63 70 77 
0 1 6 14 26 34 43 58 63 71 76 
0 1 6 14 26 34 44 51 60 67 72 79 
0 1 6 14 26 34 44 51 60 68 73 79 
0 1 6 14 26 34 44 51 62 69 77 
0 1 6 14 26 34 44 51 62 70 77 
0 1 6 14 26 34 44 51 62 70 78 
0 1 6 14 26 34 44 51 63 70 77 
0 1 6 14 26 34 44 51 63 70 78 
0 1 6 14 26 34 44 51 63 71 78 
0 1 6 14 26 34 45 53 59 62 67 74 
0 1 6 14 26 34 45 53 59 62 69 74 
0 1 6 14 26 34 45 53 59 67 74 79 
0 1 6 14 26 34 45 53 59 68 73 79 
0 1 6 14 26 34 45 53 61 62 67 74 
0 1 6 14 26 34 45 58 63 70 78 
0 1 6 14 26 34 46 51 60 62 67 75 
0 1 6 14 26 34 46 51 60 67 72 79 
0 1 6 14 26 34 46 51 60 67 75 79 
0 1 6 14 26 34 46 51 60 68 73 79 
0 1 6 14 26 34 46 51 60 68 75 79 
0 1 6 14 26 34 46 51 61 62 67 74 
0 1 6 14 26 34 46 51 61 67 72 79 
0 1 6 14 26 34 46 51 61 67 74 79 
0 1 9 13 23 30 35 41 42 58 68 76 
0 1 9 13 23 30 35 41 42 58 69 76 
0 1 9 13 23 30 35 41 43 51 68 76 
0 1 9 13 23 30 35 41 43 51 69 76 
0 1 9 13 23 30 35 41 43 51 69 77 
0 1 9 13 23 30 35 41 43 58 68 76 
0 1 9 13 23 30 35 41 43 58 69 76 
0 1 9 13 23 30 35 41 43 58 69 77 
0 1 9 13 23 30 35 41 44 51 60 66 73 
0 1 9 13 23 30 35 41 44 51 69 77 
0 1 9 13 23 30 35 41 45 58 61 66 74 
0 1 9 13 23 30 35 42 58 62 69 76 
0 1 9 13 23 30 35 43 51 62 69 76 
0 1 9 13 23 30 35 43 51 62 69 77 
0 1 9 13 23 30 35 43 51 62 70 77 
0 1 9 13 23 30 35 43 58 62 69 76 
0 1 9 13 23 30 35 43 58 62 69 77 
0 1 9 13 23 30 35 43 58 62 70 77 
0 1 9 13 23 30 35 44 51 62 69 77 
0 1 9 13 23 30 35 44 51 62 70 77 
0 1 9 13 26 34 41 42 58 68 75 
0 1 9 13 26 34 41 42 58 68 76 
0 1 9 13 26 34 41 42 58 69 76 
0 1 9 13 26 34 41 43 51 68 76 
0 1 9 13 26 34 41 43 51 69 76 
0 1 9 13 26 34 41 43 51 69 77 
0 1 9 13 26 34 41 43 58 68 76 
0 1 9 13 26 34 41 43 58 69 76 
0 1 9 13 26 34 41 43 58 69 77 
0 1 9 13 26 34 41 44 51 69 77 
0 1 9 13 26 34 41 46 51 60 66 73 
0 1 9 13 26 34 41 46 51 60 68 73 
0 1 9 13 26 34 41 46 51 61 66 74 
0 1 9 13 26 34 42 58 62 69 76 
0 1 9 13 26 34 43 51 62 69 76 
0 1 9 13 26 34 43 51 62 69 77 
0 1 9 13 26 34 43 51 62 70 77 
0 1 9 13 26 34 43 58 62 69 76 
0 1 9 13 26 34 43 58 62 69 77 
0 1 9 13 26 34 43 58 62 70 77 
0 1 9 13 26 34 44 51 62 69 77 
0 1 9 13 26 34 44 51 62 70 77 
0 1 9 13 26 34 46 51 61 62 67 74 
0 1 9 15 23 30 35 41 42 58 68 76 
0 1 9 15 23 30 35 41 42 58 69 76 
0 1 9 15 23 30 35 41 43 51 69 76 
0 1 9 15 23 30 35 41 43 51 69 77 
0 1 9 15 23 30 35 41 43 58 68 76 
0 1 9 15 23 30 35 41 43 58 69 76 
0 1 9 15 23 30 35 41 43 58 69 77 
0 1 9 15 23 30 35 42 58 63 68 76 
0 1 9 15 23 30 35 42 58 63 70 78 
0 1 9 15 23 30 35 42 58 63 71 76 
0 1 9 15 23 30 35 42 58 63 71 78 
0 1 9 15 23 30 35 42 58 64 69 76 
0 1 9 15 23 30 35 42 58 64 71 76 
0 1 9 15 23 30 35 42 58 64 71 78 
0 1 9 15 23 30 35 43 51 61 63 71 
0 1 9 15 23 30 35 43 51 61 64 71 
0 1 9 15 23 30 35 43 51 61 64 72 
0 1 9 15 23 30 35 43 51 63 70 77 
0 1 9 15 23 30 35 43 51 63 71 76 
0 1 9 15 23 30 35 43 51 64 69 76 
0 1 9 15 23 30 35 43 51 64 69 77 
0 1 9 15 23 30 35 43 51 64 71 76 
0 1 9 15 23 30 35 43 51 64 72 77 
0 1 9 15 23 30 35 43 58 61 63 71 
0 1 9 15 23 30 35 43 58 61 64 71 
0 1 9 15 23 30 35 43 58 61 64 72 
0 1 9 15 23 30 35 43 58 63 68 76 
0 1 9 15 23 30 35 43 58 63 70 77 
0 1 9 15 23 30 35 43 58 63 71 76 
0 1 9 15 23 30 35 43 58 64 69 76 
0 1 9 15 23 30 35 43 58 64 69 77 
0 1 9 15 23 30 35 43 58 64 71 76 
0 1 9 15 23 30 35 43 58 64 72 77 
0 1 9 15 23 30 35 44 51 63 70 77 
0 1 9 15 23 30 35 44 51 63 70 78 
0 1 9 15 23 30 35 44 51 63 71 78 
0 1 9 15 23 30 35 44 51 64 69 77 
0 1 9 15 23 30 35 44 51 64 72 77 
0 1 9 15 23 30 35 45 58 61 63 71 
0 1 9 15 23 30 35 45 58 61 64 71 
0 1 9 15 23 30 35 45 58 61 64 72 
0 1 9 15 23 30 35 45 58 63 70 78 
0 1 9 15 23 30 35 45 58 63 71 78 
0 1 9 15 23 30 35 45 58 64 71 78 
0 1 9 15 23 30 37 41 42 58 68 76 
0 1 9 15 23 30 37 41 42 58 69 76 
0 1 9 15 23 30 37 41 43 51 69 76 
0 1 9 15 23 30 37 41 43 58 69 76 
0 1 9 15 23 30 37 42 58 63 68 76 
0 1 9 15 23 30 37 42 58 63 70 78 
0 1 9 15 23 30 37 42 58 63 71 76 
0 1 9 15 23 30 37 42 58 63 71 78 
0 1 9 15 23 30 37 42 58 64 69 76 
0 1 9 15 23 30 37 42 58 64 71 76 
0 1 9 15 23 30 37 42 58 64 71 78 
0 1 9 15 23 30 37 43 51 61 63 71 
0 1 9 15 23 30 37 43 51 61 64 71 
0 1 9 15 23 30 37 43 51 61 64 72 
0 1 9 15 23 30 37 43 51 63 70 77 
0 1 9 15 23 30 37 43 51 63 71 76 
0 1 9 15 23 30 37 43 51 64 69 76 
0 1 9 15 23 30 37 43 51 64 69 77 
0 1 9 15 23 30 37 43 51 64 71 76 
0 1 9 15 23 30 37 43 51 64 72 77 
0 1 9 15 23 30 37 43 58 61 63 71 
0 1 9 15 23 30 37 43 58 61 64 71 
0 1 9 15 23 30 37 43 58 61 64 72 
0 1 9 15 23 30 37 43 58 63 68 76 
0 1 9 15 23 30 37 43 58 63 70 77 
0 1 9 15 23 30 37 43 58 63 71 76 
0 1 9 15 23 30 37 43 58 64 69 76 
0 1 9 15 23 30 37 43 58 64 69 77 
0 1 9 15 23 30 37 43 58 64 71 76 
0 1 9 15 23 30 37 43 58 64 72 77 
0 1 9 15 23 30 37 44 51 63 70 77 
0 1 9 15 23 30 37 44 51 63 70 78 
0 1 9 15 23 30 37 44 51 64 69 77 
0 1 9 15 23 30 37 45 58 61 63 71 
0 1 9 15 23 30 37 45 58 61 64 71 
0 1 9 15 23 30 37 45 58 61 64 72 
0 1 9 15 23 30 37 45 58 63 70 78 
0 1 9 15 23 30 37 45 58 63 71 78 
0 1 9 15 23 30 37 45 58 64 71 78 
0 1 9 15 25 30 37 42 58 64 69 76 
0 1 9 15 25 30 37 42 58 64 71 76 
0 1 9 15 25 30 37 42 58 64 71 78 
0 1 9 15 25 30 37 43 51 61 64 71 
0 1 9 15 25 30 37 43 51 61 64 72 
0 1 9 15 25 30 37 43 51 64 71 76 
0 1 9 15 25 30 37 43 58 61 64 71 
0 1 9 15 25 30 37 43 58 61 64 72 
0 1 9 15 25 30 37 43 58 64 69 76 
0 1 9 15 25 30 37 43 58 64 69 77 
0 1 9 15 25 30 37 43 58 64 71 76 
0 1 9 15 25 30 37 43 58 64 72 77 
0 1 9 15 25 30 37 45 58 61 64 71 
0 1 9 15 25 30 37 45 58 61 64 72 
0 1 9 15 25 30 37 45 58 64 71 78 
0 1 9 15 26 34 41 42 58 68 75 
0 1 9 15 26 34 41 42 58 68 76 
0 1 9 15 26 34 41 42 58 69 76 
0 1 9 15 26 34 41 43 51 69 76 
0 1 9 15 26 34 41 43 51 69 77 
0 1 9 15 26 34 41 43 58 68 76 
0 1 9 15 26 34 41 43 58 69 76 
0 1 9 15 26 34 41 43 58 69 77 
0 1 9 15 26 34 42 58 63 68 76 
0 1 9 15 26 34 43 51 61 63 71 
0 1 9 15 26 34 43 51 61 64 71 
0 1 9 15 26 34 43 51 61 64 72 
0 1 9 15 26 34 43 51 63 70 77 
0 1 9 15 26 34 43 51 63 71 76 
0 1 9 15 26 34 43 51 64 69 76 
0 1 9 15 26 34 43 51 64 69 77 
0 1 9 15 26 34 43 51 64 71 76 
0 1 9 15 26 34 43 51 64 72 77 
0 1 9 15 26 34 43 58 63 68 76 
0 1 9 15 26 34 43 58 63 70 77 
0 1 9 15 26 34 43 58 63 71 76 
0 1 9 15 26 34 43 58 64 69 76 
0 1 9 15 26 34 43 58 64 69 77 
0 1 9 15 26 34 43 58 64 71 76 
0 1 9 15 26 34 44 51 63 70 77 
0 1 9 15 26 34 44 51 63 70 78 
0 1 9 15 26 34 44 51 64 69 77 
0 1 9 16 23 30 35 42 58 62 69 76 
0 1 9 16 23 30 35 42 58 62 70 78 
0 1 9 16 23 30 35 42 58 64 69 76 
0 1 9 16 23 30 35 42 58 64 71 76 
0 1 9 16 23 30 35 42 58 64 71 78 
0 1 9 16 23 30 35 42 58 65 70 78 
0 1 9 16 23 30 35 43 58 61 64 71 
0 1 9 16 23 30 35 43 58 61 64 72 
0 1 9 16 23 30 35 43 58 61 65 72 
0 1 9 16 23 30 35 43 58 62 69 76 
0 1 9 16 23 30 35 43 58 62 69 77 
0 1 9 16 23 30 35 43 58 62 70 77 
0 1 9 16 23 30 35 43 58 64 69 76 
0 1 9 16 23 30 35 43 58 64 69 77 
0 1 9 16 23 30 35 43 58 64 71 76 
0 1 9 16 23 30 35 43 58 64 72 77 
0 1 9 16 23 30 35 43 58 65 70 77 
0 1 9 16 23 30 35 43 58 65 72 77 
0 1 9 16 23 30 35 45 58 61 64 71 
0 1 9 16 23 30 35 45 58 61 64 72 
0 1 9 16 23 30 35 45 58 61 65 72 
0 1 9 16 23 30 35 45 58 64 71 78 
0 1 9 16 23 30 35 45 58 65 70 78 
0 1 9 16 23 30 37 42 58 62 69 76 
0 1 9 16 23 30 37 42 58 62 70 78 
0 1 9 16 23 30 37 42 58 64 69 76 
0 1 9 16 23 30 37 42 58 64 71 76 
0 1 9 16 23 30 37 42 58 64 71 78 
0 1 9 16 23 30 37 42 58 65 70 78 
0 1 9 16 23 30 37 43 51 61 64 71 
0 1 9 16 23 30 37 43 51 61 64 72 
0 1 9 16 23 30 37 43 51 61 65 72 
0 1 9 16 23 30 37 43 51 64 69 76 
0 1 9 16 23 30 37 43 51 64 69 77 
0 1 9 16 23 30 37 43 51 64 71 76 
0 1 9 16 23 30 37 43 58 61 64 71 
0 1 9 16 23 30 37 43 58 61 64 72 
0 1 9 16 23 30 37 43 58 61 65 72 
0 1 9 16 23 30 37 43 58 62 69 76 
0 1 9 16 23 30 37 43 58 62 69 77 
0 1 9 16 23 30 37 43 58 62 70 77 
0 1 9 16 23 30 37 43 58 64 69 76 
0 1 9 16 23 30 37 43 58 64 69 77 
0 1 9 16 23 30 37 43 58 64 71 76 
0 1 9 16 23 30 37 43 58 64 72 77 
0 1 9 16 23 30 37 43 58 65 70 77 
0 1 9 16 23 30 37 43 58 65 72 77 
0 1 9 16 23 30 37 45 58 61 64 71 
0 1 9 16 23 30 37 45 58 61 64 72 
0 1 9 16 23 30 37 45 58 61 65 72 
0 1 9 16 23 30 37 45 58 64 71 78 
0 1 9 16 23 30 37 45 58 65 70 78 
0 1 9 16 25 30 37 42 58 62 69 76 
0 1 9 16 25 30 37 42 58 62 70 78 
0 1 9 16 25 30 37 42 58 64 69 76 
0 1 9 16 25 30 37 42 58 64 71 76 
0 1 9 16 25 30 37 42 58 64 71 78 
0 1 9 16 25 30 37 42 58 65 70 78 
0 1 9 16 25 30 37 43 58 61 64 71 
0 1 9 16 25 30 37 43 58 61 64 72 
0 1 9 16 25 30 37 43 58 62 69 76 
0 1 9 16 25 30 37 43 58 62 69 77 
0 1 9 16 25 30 37 43 58 62 70 77 
0 1 9 16 25 30 37 43 58 64 71 76 
0 1 9 16 26 34 43 51 61 64 71 
0 1 9 16 26 34 43 51 61 64 72 
0 1 9 16 26 34 43 51 61 65 72 
0 1 9 16 26 34 43 51 64 69 76 
0 1 9 16 26 34 43 51 64 69 77 
0 1 9 16 26 34 43 51 64 71 76 
0 1 9 16 26 34 43 58 62 69 76 
0 1 9 16 26 34 43 58 64 69 76 
0 1 14 17 23 30 35 42 58 62 69 76 
0 1 14 17 23 30 35 42 58 62 70 78 
0 1 14 17 23 30 35 42 58 63 68 76 
0 1 14 17 23 30 35 42 58 63 70 78 
0 1 14 17 23 30 35 42 58 63 71 76 
0 1 14 17 23 30 35 42 58 63 71 78 
0 1 14 17 23 30 35 43 58 62 69 76 
0 1 14 17 23 30 35 43 58 62 69 77 
0 1 14 17 23 30 35 43 58 62 70 77 
0 1 14 17 23 30 35 43 58 63 68 76 
0 1 14 17 23 30 35 43 58 63 70 77 
0 1 14 17 23 30 35 43 58 63 71 76 
0 1 14 17 23 30 35 45 58 63 70 78 
0 1 14 17 23 30 35 45 58 63 71 78 
0 1 14 17 23 30 37 42 58 62 69 76 
0 1 14 17 23 30 37 42 58 62 70 78 
0 1 14 17 23 30 37 42 58 63 68 76 
0 1 14 17 23 30 37 42 58 63 70 78 
0 1 14 17 23 30 37 42 58 63 71 76 
0 1 14 17 23 30 37 42 58 63 71 78 
0 1 14 17 23 30 37 43 58 62 69 76 
0 1 14 17 23 30 37 43 58 62 69 77 
0 1 14 17 23 30 37 43 58 62 70 77 
0 1 14 17 23 30 37 43 58 63 68 76 
0 1 14 17 23 30 37 43 58 63 70 77 
0 1 14 17 23 30 37 43 58 63 71 76 
0 1 14 17 23 30 37 45 58 63 70 78 
0 1 14 17 25 30 37 42 58 62 69 76 
0 1 14 17 25 30 37 42 58 62 70 78 
0 1 14 17 25 30 37 42 58 63 68 76 
0 1 14 17 25 30 37 42 58 63 70 78 
0 1 14 17 25 30 37 42 58 63 71 76 
0 1 14 17 25 30 37 42 58 63 71 78 
0 1 14 17 25 30 37 43 58 62 69 76 
0 1 14 17 25 30 37 43 58 62 69 77 
0 1 14 17 25 30 37 43 58 62 70 77 
0 1 14 17 25 30 37 43 58 63 68 76 
0 1 14 17 25 30 37 43 58 63 70 77 
0 1 14 17 25 30 37 43 58 63 71 76 
0 1 16 17 23 30 35 42 58 62 69 76 
0 1 16 17 23 30 35 42 58 62 70 78 
0 1 16 17 23 30 35 42 58 64 69 76 
0 1 16 17 23 30 35 42 58 64 71 76 
0 1 16 17 23 30 35 42 58 64 71 78 
0 1 16 17 23 30 35 42 58 65 70 78 
0 1 16 17 23 30 35 43 58 61 64 71 
0 1 16 17 23 30 35 43 58 61 64 72 
0 1 16 17 23 30 35 43 58 61 65 72 
0 1 16 17 23 30 35 43 58 62 69 76 
0 1 16 17 23 30 35 43 58 62 69 77 
0 1 16 17 23 30 35 43 58 62 70 77 
0 1 16 17 23 30 35 43 58 64 69 76 
0 1 16 17 23 30 35 43 58 64 69 77 
0 1 16 17 23 30 35 43 58 64 71 76 
0 1 16 17 23 30 35 43 58 64 72 77 
0 1 16 17 23 30 35 43 58 65 70 77 
0 1 16 17 23 30 35 43 58 65 72 77 
0 1 16 17 23 30 37 42 58 62 69 76 
0 1 16 17 23 30 37 42 58 62 70 78 
0 1 16 17 23 30 37 42 58 64 69 76 
0 1 16 17 23 30 37 42 58 64 71 76 
0 1 16 17 23 30 37 42 58 64 71 78 
0 1 16 17 23 30 37 42 58 65 70 78 
0 1 16 17 23 30 37 43 58 61 64 71 
0 1 16 17 23 30 37 43 58 61 64 72 
0 1 16 17 23 30 37 43 58 61 65 72 
0 1 16 17 23 30 37 43 58 64 69 76 
0 1 16 17 23 30 37 43 58 64 69 77 
0 1 16 17 23 30 37 43 58 64 71 76 
0 1 16 17 25 30 37 42 58 62 69 76 
0 1 16 17 25 30 37 42 58 62 70 78 
0 1 16 17 25 30 37 42 58 64 69 76 
0 1 16 17 25 30 37 42 58 64 71 76 
0 1 16 17 25 30 37 42 58 64 71 78 
0 1 16 17 25 30 37 42 58 65 70 78 
0 1 17 23 30 35 38 42 58 63 70 78 
0 1 17 23 30 35 38 42 58 63 71 76 
0 1 17 23 30 35 38 42 58 63 71 78 
0 1 17 23 30 35 38 42 58 65 70 78 
0 1 17 23 30 37 38 42 58 63 70 78 
0 1 17 23 30 37 38 42 58 63 71 76 
0 2 7 14 23 30 35 42 58 62 69 76 
0 2 7 14 23 30 35 42 58 62 70 78 
0 2 7 14 23 30 35 42 58 63 68 76 
0 2 7 14 23 30 35 42 58 63 70 78 
0 2 7 14 23 30 35 42 58 63 71 76 
0 2 7 14 23 30 35 42 58 63 71 78 
0 2 7 14 23 30 35 42 58 68 76 79 
0 2 7 14 23 30 35 43 58 62 69 76 
0 2 7 14 23 30 35 43 58 62 69 77 
0 2 7 14 23 30 35 43 58 62 70 77 
0 2 7 14 23 30 35 43 58 63 68 76 
0 2 7 14 23 30 35 43 58 63 70 77 
0 2 7 14 23 30 35 43 58 63 71 76 
0 2 7 14 23 30 35 45 58 63 70 78 
0 2 7 14 23 30 35 45 58 63 71 78 
0 2 7 15 23 30 35 41 42 58 68 76 
0 2 7 15 23 30 35 41 42 58 69 76 
0 2 7 15 23 30 35 41 43 58 68 76 
0 2 7 15 23 30 35 41 43 58 69 76 
0 2 7 15 23 30 35 41 43 58 69 77 
0 2 7 15 23 30 35 42 58 63 68 76 
0 2 7 15 23 30 35 42 58 63 70 78 
0 2 7 15 23 30 35 42 58 63 71 76 
0 2 7 15 23 30 35 42 58 63 71 78 
0 2 7 15 23 30 35 42 58 64 69 76 
0 2 7 15 23 30 35 42 58 64 71 76 
0 2 7 15 23 30 35 42 58 64 71 78 
0 2 7 15 23 30 35 43 58 61 63 71 
0 2 7 15 23 30 35 43 58 61 64 71 
0 2 7 15 23 30 35 43 58 63 68 76 
0 2 7 15 23 30 35 43 58 63 70 77 
0 2 7 15 23 30 35 43 58 63 71 76 
0 2 7 15 23 30 35 43 58 64 69 76 
0 2 7 15 23 30 35 43 58 64 69 77 
0 2 7 15 23 30 35 43 58 64 71 76 
0 2 7 15 23 30 35 45 58 63 70 78 
0 2 7 15 23 30 35 45 58 63 71 78 
0 2 10 15 20 23 30 42 58 63 70 78 
0 2 10 15 20 23 30 42 58 63 71 76 
0 2 10 15 20 23 30 42 58 63 71 78 
0 2 10 15 20 23 30 42 58 64 69 76 
0 2 10 15 20 23 30 42 58 64 71 76 
0 2 10 15 20 23 30 42 58 64 71 78 
0 2 10 15 20 23 30 43 51 61 63 71 
0 2 10 15 20 23 30 43 51 61 64 71 
0 2 10 15 20 23 30 43 51 61 64 72 
0 2 10 15 20 23 30 43 51 63 70 77 
0 2 10 15 20 23 30 43 51 63 71 76 
0 2 10 15 20 23 30 43 51 64 69 76 
0 2 10 15 20 23 30 43 51 64 69 77 
0 2 10 15 20 23 30 43 51 64 72 77 
0 2 10 15 20 23 30 43 58 61 63 71 
0 2 10 15 20 23 30 43 58 61 64 71 
0 2 10 15 20 23 30 43 58 61 64 72 
0 2 10 15 20 23 30 43 58 63 70 77 
0 2 10 15 20 23 30 43 58 63 71 76 
0 2 10 15 20 23 30 43 58 64 69 76 
0 2 10 15 20 23 30 43 58 64 69 77 
0 2 10 15 20 23 30 43 58 64 71 76 
0 2 10 15 20 23 30 43 58 64 72 77 
0 2 10 15 20 23 30 44 51 63 70 77 
0 2 10 15 20 23 30 44 51 63 70 78 
0 2 10 15 20 23 30 44 51 63 71 78 
0 2 10 15 20 23 30 44 51 64 69 77 
0 2 10 15 20 23 30 44 51 64 71 78 
0 2 10 15 20 23 30 44 51 64 72 77 
0 2 10 15 20 23 30 45 58 61 63 71 
0 2 10 15 20 23 30 45 58 61 64 71 
0 2 10 15 20 23 30 45 58 61 64 72 
0 2 10 15 20 23 30 45 58 63 70 78 
0 2 10 15 20 23 30 45 58 63 71 78 
0 2 10 15 20 23 30 45 58 64 71 78 
0 2 10 15 20 23 31 42 58 63 70 78 
0 2 10 15 20 23 31 42 58 63 71 76 
0 2 10 15 20 23 31 42 58 63 71 78 
0 2 10 15 20 23 31 42 58 64 69 76 
0 2 10 15 20 23 31 42 58 64 71 78 
0 2 10 15 20 23 31 43 51 61 63 71 
0 2 10 15 20 23 31 43 51 61 64 71 
0 2 10 15 20 23 31 43 51 61 64 72 
0 2 10 15 20 23 31 43 51 63 70 77 
0 2 10 15 20 23 31 43 51 64 69 76 
0 2 10 15 20 23 31 43 51 64 69 77 
0 2 10 15 20 23 31 43 51 64 72 77 
0 2 10 15 20 23 31 43 58 61 63 71 
0 2 10 15 20 23 31 43 58 61 64 71 
0 2 10 15 20 23 31 43 58 61 64 72 
0 2 10 15 20 23 31 43 58 63 70 77 
0 2 10 15 20 23 31 43 58 63 71 76 
0 2 10 15 20 23 31 43 58 64 69 76 
0 2 10 15 20 23 31 43 58 64 69 77 
0 2 10 15 20 23 31 43 58 64 72 77 
0 2 10 15 20 23 31 44 51 63 70 77 
0 2 10 15 20 23 31 44 51 63 70 78 
0 2 10 15 20 23 31 44 51 63 71 78 
0 2 10 15 20 23 31 44 51 64 69 77 
0 2 10 15 20 23 31 44 51 64 71 78 
0 2 10 15 20 23 31 44 51 64 72 77 
0 2 10 15 20 23 31 46 51 61 64 71 
0 2 10 15 20 23 31 46 51 61 64 72 
0 2 10 15 20 25 30 42 58 63 70 78 
0 2 10 15 20 25 30 42 58 63 71 78 
0 2 10 15 20 25 30 42 58 64 69 76 
0 2 10 15 20 25 30 42 58 64 71 78 
0 2 10 15 20 25 30 43 51 61 64 71 
0 2 10 15 20 25 30 43 51 61 64 72 
0 2 10 15 20 25 30 43 51 63 70 77 
0 2 10 15 20 25 30 43 51 64 69 77 
0 2 10 15 20 25 30 43 51 64 72 77 
0 2 10 15 20 25 30 43 58 61 64 71 
0 2 10 15 20 25 30 43 58 61 64 72 
0 2 10 15 20 25 30 43 58 63 70 77 
0 2 10 15 20 25 30 43 58 64 69 76 
0 2 10 15 20 25 30 43 58 64 69 77 
0 2 10 15 20 25 30 43 58 64 72 77 
0 2 10 15 20 25 30 44 51 63 70 77 
0 2 10 15 20 25 30 44 51 64 69 77 
0 2 10 15 20 25 30 44 51 64 71 78 
0 2 10 15 20 25 30 44 51 64 72 77 
0 2 10 15 23 30 35 42 58 63 68 76 
0 2 10 15 23 30 35 42 58 63 70 78 
0 2 10 15 23 30 35 42 58 63 71 76 
0 2 10 15 23 30 35 42 58 63 71 78 
0 2 10 15 23 30 35 42 58 64 69 76 
0 2 10 15 23 30 35 42 58 64 71 76 
0 2 10 15 23 30 35 43 58 61 63 71 
0 2 10 15 23 30 35 43 58 61 64 71 
0 2 10 15 23 30 35 43 58 61 64 72 
0 2 10 15 23 30 35 43 58 63 70 77 
0 2 10 15 23 30 35 43 58 63 71 76 
0 2 10 15 23 30 35 43 58 64 69 76 
0 2 10 15 23 30 35 43 58 64 69 77 
0 2 10 15 23 30 35 43 58 64 71 76 
0 2 10 15 23 30 35 43 58 64 72 77 
0 2 10 20 23 30 38 42 58 63 70 78 
0 2 10 20 23 30 38 42 58 63 71 78 
0 2 10 20 23 30 38 42 58 65 70 78 
0 2 10 20 23 30 38 43 51 61 65 72 
0 2 10 20 23 30 38 43 51 63 70 77 
0 2 10 20 23 30 38 43 51 65 70 77 
0 2 10 20 23 30 38 43 51 65 72 77 
0 2 10 20 23 30 38 43 58 61 65 72 
0 2 10 20 23 30 38 43 58 63 70 77 
0 2 10 20 23 30 38 43 58 65 70 77 
0 2 10 20 23 30 38 43 58 65 72 77 
0 2 10 20 23 30 38 44 51 63 70 77 
0 2 10 20 23 30 38 44 51 65 70 77 
0 2 10 20 23 30 38 44 51 65 70 78 
0 2 10 20 23 30 38 44 51 65 72 77 
0 2 10 20 23 30 38 44 51 65 73 78 
0 2 10 20 23 30 38 44 51 66 71 78 
0 2 10 20 23 30 38 44 51 66 73 78 
0 2 10 20 23 30 40 43 51 61 64 72 
0 2 10 20 23 30 40 43 51 64 72 77 
0 2 10 20 23 30 40 43 58 61 64 71 
0 2 10 20 23 30 40 43 58 64 72 77 
0 2 10 20 23 30 40 44 51 64 71 78 
0 2 10 20 23 30 40 44 51 64 72 77 
0 2 10 20 23 30 40 44 51 66 71 78 
0 2 10 20 23 30 40 44 51 66 73 78 
0 2 10 20 23 31 38 43 51 61 65 72 
0 2 10 20 23 31 38 43 51 63 70 77 
0 2 10 20 23 31 38 43 51 65 70 77 
0 2 10 20 23 31 38 43 51 65 72 77 
0 2 10 20 23 31 38 44 51 63 70 77 
0 2 10 20 23 31 38 44 51 63 70 78 
0 2 10 20 23 31 38 44 51 65 70 77 
0 2 10 20 23 31 38 44 51 65 70 78 
0 2 10 20 23 31 38 44 51 65 72 77 
0 2 10 20 23 31 38 44 51 65 73 78 
0 2 10 20 23 31 38 44 51 66 71 78 
0 2 10 20 23 31 38 44 51 66 73 78 
0 2 10 20 23 31 38 46 51 61 65 72 
0 2 10 20 23 31 40 43 51 64 72 77 
0 2 10 20 23 31 40 44 51 64 71 78 
0 2 10 20 23 31 40 44 51 64 72 77 
0 2 10 20 23 31 40 44 51 66 71 78 
0 2 10 20 23 31 40 44 51 66 73 78 
0 2 10 20 23 31 40 46 51 61 64 71 
0 2 10 20 23 31 40 46 51 61 64 72 
0 2 10 20 25 30 38 42 58 65 70 78 
0 2 10 20 25 30 38 42 58 66 71 78 
0 2 10 20 25 30 38 43 51 61 65 72 
0 2 10 20 25 30 38 43 51 61 66 71 
0 2 10 20 25 30 38 43 51 65 70 77 
0 2 10 20 25 30 38 43 51 65 72 77 
0 2 10 20 25 30 38 43 58 61 65 72 
0 2 10 20 25 30 38 43 58 61 66 71 
0 2 10 20 25 30 38 43 58 65 70 77 
0 2 10 20 25 30 38 43 58 65 72 77 
0 2 10 20 25 30 38 44 51 60 65 72 
0 2 10 20 25 30 38 44 51 60 65 73 
0 2 10 20 25 30 38 44 51 60 66 73 
0 2 10 20 25 30 38 44 51 65 70 77 
0 2 10 20 25 30 38 44 51 65 70 78 
0 2 10 20 25 30 38 44 51 65 72 77 
0 2 10 20 25 30 38 44 51 65 73 78 
0 2 10 20 25 30 38 44 51 66 71 78 
0 2 10 20 25 30 38 44 51 66 73 78 
0 2 10 20 25 30 40 43 51 64 72 77 
0 2 10 20 25 30 40 43 58 61 66 71 
0 2 10 20 25 30 40 44 51 60 64 72 
0 2 10 20 25 30 40 44 51 60 66 73 
0 2 10 20 25 30 40 44 51 64 71 78 
0 2 10 20 25 30 40 44 51 64 72 77 
0 2 10 20 25 30 40 44 51 66 71 78 
0 2 10 20 25 30 40 44 51 66 73 78 
0 2 10 20 26 31 38 43 51 61 65 72 
0 2 10 20 26 31 38 43 51 61 66 71 
0 2 10 20 26 31 38 43 51 63 70 77 
0 2 10 20 26 31 38 43 51 65 70 77 
0 2 10 20 26 31 38 43 51 65 72 77 
0 2 10 20 26 31 38 43 58 61 65 72 
0 2 10 20 26 31 38 43 58 63 70 77 
0 2 10 20 26 31 38 43 58 65 70 77 
0 2 10 20 26 31 38 43 58 65 72 77 
0 2 10 20 26 31 38 44 51 60 65 72 
0 2 10 20 26 31 38 44 51 60 65 73 
0 2 10 20 26 31 38 44 51 63 70 77 
0 2 10 20 26 31 38 44 51 63 70 78 
0 2 10 20 26 31 38 44 51 65 72 77 
0 2 10 20 26 31 40 43 58 61 66 71 
0 2 10 23 31 36 38 43 51 63 70 77 
0 2 10 23 31 36 38 43 51 65 70 77 
0 2 10 23 31 36 38 44 51 63 70 77 
0 2 10 23 31 36 38 44 51 63 70 78 
0 2 10 23 31 36 38 44 51 63 71 78 
0 2 10 23 31 36 38 44 51 65 70 77 
0 2 10 23 31 36 38 44 51 65 70 78 
0 2 10 23 31 36 38 44 51 65 72 77 
0 2 10 23 31 36 38 44 51 65 73 78 
0 2 10 23 31 36 38 44 51 66 71 78 
0 2 10 23 31 36 38 44 51 66 73 78 
0 2 10 23 31 36 40 44 51 64 71 78 
0 2 10 23 31 36 40 44 51 64 72 77 
0 2 10 23 31 36 40 44 51 66 71 78 
0 2 10 23 31 36 40 44 51 66 73 78 
0 2 16 17 20 23 30 43 51 61 64 72 
0 2 16 17 20 23 30 43 51 61 65 72 
0 2 16 17 20 23 30 43 51 64 69 76 
0 2 16 17 20 23 30 43 51 64 69 77 
0 2 16 17 20 23 30 43 51 64 71 76 
0 2 16 17 20 23 30 43 51 64 72 77 
0 2 16 17 20 23 30 43 51 65 70 77 
0 2 16 17 20 23 30 43 51 65 72 77 
0 2 16 17 20 23 30 44 51 64 69 77 
0 2 16 17 20 23 30 44 51 64 71 78 
0 2 16 17 20 23 30 44 51 64 72 77 
0 2 16 17 20 23 30 44 51 65 70 77 
0 2 16 17 20 23 30 44 51 65 70 78 
0 2 16 17 20 23 30 44 51 65 72 77 
0 2 16 17 20 23 30 44 51 65 73 78 
0 2 16 17 20 23 31 43 51 64 69 76 
0 2 16 17 20 23 31 43 51 64 69 77 
0 2 16 17 20 23 31 43 51 64 71 76 
0 2 16 17 20 23 31 43 51 64 72 77 
0 2 16 17 20 23 31 43 51 65 70 77 
0 2 16 17 20 23 31 43 51 65 72 77 
0 2 16 17 20 25 30 43 51 61 64 71 
0 2 16 17 20 25 30 43 51 61 64 72 
0 2 16 17 20 25 30 43 51 61 65 72 
0 2 16 17 20 25 30 43 51 64 69 76 
0 2 16 17 20 25 30 43 51 64 69 77 
0 2 16 17 20 25 30 43 51 64 71 76 
0 2 16 17 20 25 30 43 51 64 72 77 
0 2 16 17 20 25 30 43 51 65 72 77 
0 2 16 17 20 25 30 44 51 60 64 72 
0 2 16 17 20 25 30 44 51 64 71 78 
0 2 16 17 20 25 30 44 51 64 72 77 
0 2 17 20 23 30 38 43 51 65 70 77 
0 2 17 20 23 30 38 43 51 65 72 77 
0 3 9 15 23 30 37 42 58 63 70 78 
0 3 9 15 23 30 37 42 58 63 71 76 
0 3 9 15 23 30 37 42 58 63 71 78 
0 3 9 15 23 30 37 42 58 64 71 76 
0 3 9 15 23 30 37 42 58 64 71 78 
0 3 9 15 23 30 37 43 51 63 70 77 
0 3 9 15 23 30 37 43 51 63 71 76 
0 3 9 15 23 30 37 43 51 64 71 76 
0 3 9 15 23 30 37 43 58 63 70 77 
0 3 9 15 23 30 37 43 58 63 71 76 
0 3 9 15 23 30 37 43 58 64 71 76 
0 3 9 15 23 30 37 43 58 64 72 77 
0 3 9 15 23 30 37 44 51 63 70 77 
0 3 9 15 23 30 37 44 51 63 70 78 
0 3 9 16 23 30 37 42 58 64 71 76 
0 3 9 16 23 30 37 42 58 64 71 78 
0 3 9 16 23 30 37 42 58 65 70 78 
0 3 9 16 23 30 37 43 58 64 71 76 
0 3 9 16 23 31 36 42 58 62 70 78 
0 3 9 16 23 31 36 42 58 64 71 76 
0 3 9 16 23 31 36 42 58 64 71 78 
0 3 9 16 23 31 36 42 58 65 70 78 
0 3 9 16 23 31 36 43 58 62 70 77 
0 3 9 16 23 31 36 43 58 64 71 76 
0 3 10 15 23 30 37 42 58 63 70 78 
0 3 10 15 23 30 37 42 58 63 71 78 
0 3 10 15 23 30 37 42 58 64 71 78 
0 3 10 15 23 30 37 43 51 63 70 77 
0 3 10 15 23 30 37 43 58 63 70 77 
0 3 10 15 23 30 37 44 51 63 70 77 
0 3 10 19 25 32 38 43 51 61 65 72 
0 3 10 19 25 32 38 43 51 61 66 71 
0 3 10 19 25 32 38 43 58 61 65 72 
0 3 10 19 25 32 38 44 51 60 66 73 
0 3 10 19 25 32 38 44 51 65 73 78 
0 3 10 19 25 32 38 44 51 66 71 78 
0 3 10 19 25 32 38 44 51 66 73 78 
0 3 10 19 25 32 38 45 58 65 73 78 
0 3 10 19 25 32 40 44 51 66 71 78 
0 3 10 25 32 37 40 45 58 61 64 71 
0 3 10 25 32 37 40 45 58 61 64 72 
0 3 11 16 25 30 37 43 58 61 64 71 
0 3 11 16 25 30 37 43 58 61 64 72 
0 3 11 16 25 30 37 43 58 61 65 72 
0 4 11 16 20 25 30 43 51 61 65 72 
0 4 11 16 25 30 37 43 58 61 64 72 
0 4 12 18 25 32 41 42 58 68 76 
0 4 12 18 25 32 41 43 58 68 76 
0 4 12 18 25 32 42 58 68 76 79 
0 4 12 18 25 33 41 42 58 68 76 
0 4 12 18 25 33 41 43 58 68 76 
0 4 12 18 25 33 42 58 68 76 79 
0 4 12 18 26 33 41 43 58 68 76 
0 4 12 20 25 30 41 42 58 68 76 
0 4 12 20 25 30 42 58 68 76 79 
0 4 12 20 26 33 41 43 58 68 76 
0 5 8 12 25 33 41 42 58 69 76 
0 5 8 12 25 33 41 43 51 69 76 
0 5 8 12 25 33 41 43 58 69 76 
0 5 8 13 25 33 41 42 58 69 76 
0 5 8 13 25 33 41 43 51 69 76 
0 5 8 13 25 33 41 43 51 69 77 
0 5 8 13 25 33 41 43 58 69 76 
0 5 8 13 25 33 41 43 58 69 77 
0 5 8 13 25 33 42 58 62 69 76 
0 5 8 13 25 33 43 51 62 69 76 
0 5 8 13 25 33 43 51 62 69 77 
0 5 8 13 25 33 43 58 62 69 77 
0 5 8 13 26 33 41 43 51 69 76 
0 5 8 13 26 33 41 43 51 69 77 
0 5 8 13 26 33 41 43 58 69 77 
0 5 12 19 25 32 41 42 58 68 76 
0 5 12 19 25 32 41 42 58 69 76 
0 5 12 19 25 32 41 43 51 69 76 
0 5 12 19 25 32 41 43 58 68 76 
0 5 13 19 25 32 41 42 58 68 76 
0 5 13 19 25 32 41 42 58 69 76 
0 5 13 19 25 32 41 43 58 68 76 
0 5 13 19 25 32 41 43 58 69 76 
0 5 13 19 25 32 42 58 62 69 76 
0 6 13 18 25 32 41 42 58 69 76 
0 6 13 18 25 32 41 43 51 69 76 
0 6 13 18 25 32 41 43 58 69 76 
0 6 13 18 25 32 41 43 58 69 77 
0 6 13 18 25 32 43 58 62 69 76 
0 6 13 18 25 33 43 58 62 69 77 
0 6 13 18 25 33 43 58 62 70 77 
