0 1 6 10 22 26 38 42 46 51 62 67 
0 1 6 10 22 26 38 42 46 51 63 67 
0 1 6 10 22 26 38 42 46 51 67 76 
0 1 6 10 22 26 38 42 46 58 62 67 
0 1 6 10 22 26 38 42 46 62 67 78 
0 1 6 10 22 26 38 42 47 51 63 67 
0 1 6 10 22 26 38 42 51 63 67 74 
0 1 6 10 22 27 38 42 46 51 62 67 
0 1 6 10 22 27 38 42 46 51 63 67 
0 1 6 10 22 27 38 42 46 51 67 76 
0 1 6 10 26 35 38 42 46 51 67 76 
0 1 6 10 26 35 38 42 46 58 67 76 
0 1 6 10 26 36 38 42 46 51 67 76 
0 1 6 10 26 36 38 42 47 51 67 76 
0 1 6 10 27 36 38 42 46 51 67 76 
0 1 6 10 27 36 38 42 47 51 67 76 
0 1 6 11 22 27 38 42 46 51 63 67 
0 1 6 11 22 27 38 42 47 51 63 67 
0 1 6 11 22 27 38 42 51 63 67 74 
0 1 6 11 23 27 38 42 47 51 63 67 
0 1 6 11 27 36 38 42 46 51 67 76 
0 1 6 11 27 36 38 42 47 51 63 67 
0 1 6 11 27 36 38 42 47 51 67 77 
0 1 6 12 20 22 38 42 46 53 62 78 
0 1 6 12 20 22 38 42 47 53 63 78 
0 1 6 12 20 22 38 42 53 63 74 78 
0 1 6 12 24 35 38 42 46 53 64 76 
0 1 6 12 24 35 38 42 46 53 65 76 
0 1 6 12 24 36 38 42 46 53 65 76 
0 1 6 12 24 36 38 42 47 53 65 76 
0 1 6 13 20 22 38 42 53 61 63 74 
0 1 6 13 20 22 38 42 53 63 74 78 
0 1 6 13 24 35 38 42 46 53 65 76 
0 1 6 13 24 36 38 42 46 53 65 76 
0 1 6 20 22 26 38 42 46 62 67 78 
0 1 6 20 22 26 38 42 47 63 67 78 
0 1 6 20 22 27 38 42 46 62 67 78 
0 1 6 20 22 27 38 42 46 63 67 78 
0 1 6 20 22 27 38 42 47 51 63 67 
0 1 6 20 22 27 38 42 47 63 67 78 
0 1 6 20 22 27 38 42 51 63 67 74 
0 1 6 20 22 27 38 42 63 67 74 78 
0 1 6 20 22 38 42 53 63 67 74 78 
0 1 6 20 23 27 38 42 47 61 63 67 
0 1 9 20 22 27 33 38 42 67 74 78 
0 1 9 20 27 33 38 42 48 67 74 78 
0 1 9 20 27 34 38 42 50 61 67 74 
0 1 20 22 27 33 38 42 63 67 74 78 
0 2 6 13 24 35 38 42 46 53 65 76 
0 2 6 13 24 36 38 42 46 53 65 76 
0 2 6 13 24 36 38 42 47 53 65 76 
0 2 6 13 24 36 42 47 53 65 72 76 
0 2 6 13 25 36 38 42 46 53 65 76 
0 2 6 13 25 36 38 42 46 54 65 76 
0 2 6 13 25 36 38 42 47 53 65 76 
0 2 6 13 25 36 40 47 54 65 70 77 
0 2 6 13 25 36 40 47 54 66 70 77 
0 2 6 13 25 36 42 47 53 65 72 77 
