0 1 9 12 32 37 44 50 54 59 77 80 
0 1 9 12 37 38 45 50 54 59 77 80 
0 1 9 13 20 33 45 49 54 58 77 80 
0 1 9 13 20 40 46 49 54 58 77 80 
0 1 9 13 26 37 38 45 50 54 77 80 
0 1 9 13 31 40 49 54 58 63 77 80 
0 1 9 13 33 37 45 49 50 54 77 80 
0 1 9 13 33 37 45 49 54 58 77 80 
0 1 9 13 33 45 49 54 58 63 77 80 
0 1 9 13 37 38 45 49 50 54 77 80 
0 1 9 13 37 38 45 50 54 59 77 80 
0 1 9 13 40 45 49 54 58 63 77 80 
0 1 9 28 32 37 44 50 54 59 77 80 
0 1 9 28 32 37 45 50 54 59 77 80 
0 1 9 28 33 37 45 50 54 59 77 80 
0 1 10 14 20 23 27 40 46 54 58 80 
0 1 10 14 20 23 34 42 46 54 58 80 
0 1 10 14 23 27 32 37 50 54 79 80 
0 1 10 14 23 27 40 46 54 58 63 80 
0 1 10 14 23 28 32 37 50 54 79 80 
0 1 10 14 23 32 37 42 50 54 79 80 
0 1 10 15 20 23 28 33 45 54 58 80 
0 1 10 15 23 28 33 37 45 54 58 80 
0 1 10 23 28 32 37 45 50 54 59 80 
0 1 10 23 28 32 37 50 54 59 79 80 
0 1 10 23 28 37 38 45 50 54 59 80 
0 1 15 24 28 33 37 45 54 58 77 80 
0 1 20 23 28 33 45 54 58 59 76 80 
0 1 20 23 28 33 45 54 58 59 77 80 
0 1 20 24 28 33 45 49 54 58 77 80 
0 1 20 24 28 33 45 54 58 59 77 80 
0 1 23 28 32 37 44 50 54 59 77 80 
0 1 23 28 32 37 45 50 54 59 77 80 
0 1 23 28 33 37 45 50 54 59 77 80 
0 1 23 28 33 37 45 54 58 59 77 80 
0 1 24 28 33 37 45 50 54 59 77 80 
0 4 8 23 27 32 36 44 50 53 59 76 
0 43 46 50 52 55 59 75 78 
