0 1 6 13 18 25 38 43 50 57 
0 1 6 13 18 25 38 43 51 56 
0 1 6 13 18 25 38 46 50 57 
0 1 6 13 18 25 39 44 51 56 
0 1 6 14 22 36 43 48 56 
0 1 6 14 22 36 43 50 57 
0 1 6 14 22 36 43 51 56 
0 1 6 14 22 36 44 49 56 
0 1 6 14 22 38 43 50 57 
0 1 6 14 22 38 43 51 56 
0 1 6 14 22 38 46 50 57 
0 1 6 14 22 38 46 52 57 
0 1 6 14 22 39 44 51 56 
0 1 8 15 22 36 43 48 56 
0 1 8 15 22 36 43 50 57 
0 1 8 15 22 36 43 51 56 
0 1 8 15 22 36 43 51 59 
0 1 8 15 22 36 44 49 56 
0 1 8 15 22 36 44 49 57 
0 1 8 15 22 36 44 51 59 
0 1 8 15 22 36 44 52 57 
0 1 8 15 22 36 44 52 59 
0 1 8 15 22 38 43 50 57 
0 1 8 15 22 38 43 51 59 
0 1 8 15 22 38 46 50 57 
0 1 8 15 22 38 46 52 57 
0 1 8 15 22 38 51 59 60 
0 1 8 15 22 39 44 51 59 
0 1 8 15 22 39 44 52 57 
0 1 8 15 22 39 44 52 59 
0 1 8 15 22 39 51 59 60 
0 1 8 15 23 36 43 48 56 
0 1 8 15 23 36 43 51 56 
0 1 8 15 23 36 43 51 59 
0 1 8 15 23 36 44 49 56 
0 1 8 15 23 36 44 51 56 
0 1 8 15 23 36 44 51 59 
0 1 8 15 23 36 44 52 59 
0 1 8 15 23 38 43 51 56 
0 1 8 15 23 38 43 51 59 
0 1 8 15 23 39 44 51 56 
0 1 8 15 23 39 44 51 59 
0 1 8 15 23 39 44 52 59 
0 1 8 15 23 39 47 52 59 
0 1 8 15 23 39 51 59 60 
0 1 9 14 22 36 43 51 56 
0 1 9 14 22 36 43 51 59 
0 1 9 14 22 36 44 49 56 
0 1 9 14 22 36 44 49 57 
0 1 9 14 22 38 46 50 57 
0 1 9 14 22 38 51 59 60 
0 2 7 14 22 38 43 50 57 
0 2 7 14 22 38 43 50 58 
0 2 7 14 22 38 46 50 57 
0 2 7 14 22 38 46 50 58 
0 2 7 14 22 38 46 53 58 
0 2 7 14 22 38 51 58 60 
0 2 7 14 22 38 53 58 60 
0 2 7 14 22 39 51 58 60 
0 2 7 14 22 39 53 58 60 
0 2 7 15 22 38 43 50 57 
0 2 7 15 22 38 43 50 58 
0 2 7 15 22 38 43 51 58 
0 2 7 15 22 38 51 58 60 
0 2 7 15 22 38 53 58 60 
0 2 7 15 22 39 44 51 58 
0 2 7 15 22 39 53 58 60 
0 2 7 15 23 38 43 50 58 
0 2 7 15 23 38 43 51 58 
0 2 7 15 23 38 51 58 60 
0 2 7 15 23 39 51 58 60 
0 2 9 17 22 38 46 50 58 
0 2 10 15 22 38 43 51 58 
0 2 10 15 22 38 53 58 60 
0 3 8 15 22 39 53 58 60 
0 4 11 16 23 29 36 43 48 55 
0 6 14 22 29 38 54 60 
0 6 14 22 29 39 47 54 
0 6 14 22 29 39 47 55 
0 6 14 22 29 39 54 60 
