0 1 6 13 20 28 42 47 56 64 
0 1 6 13 20 28 42 49 55 62 
0 1 6 13 20 28 42 49 55 63 
0 1 6 13 20 28 42 49 56 63 
0 1 6 13 20 28 42 50 55 62 
0 1 6 13 20 28 42 50 56 61 
0 1 6 13 20 28 42 50 56 64 
0 1 6 13 20 28 43 48 55 63 
0 1 6 13 20 28 43 48 56 63 
0 1 6 13 20 28 43 50 55 62 
0 1 6 13 20 28 43 50 56 61 
0 1 6 13 20 28 43 50 56 64 
0 1 6 13 20 28 43 51 55 63 
0 1 6 13 20 28 43 51 55 67 
0 1 6 13 20 28 43 51 56 61 
0 1 6 13 20 28 43 51 56 63 
0 1 6 13 22 29 40 47 52 55 67 
0 1 6 13 22 29 40 47 56 64 
0 1 6 13 22 29 40 48 56 63 
0 1 6 13 22 29 42 47 56 64 
0 1 6 13 22 29 42 49 55 62 
0 1 6 13 22 29 42 49 55 63 
0 1 6 13 22 29 42 49 56 63 
0 1 6 13 22 29 42 50 55 62 
0 1 6 13 22 29 42 50 56 61 
0 1 6 13 22 29 42 50 56 64 
0 1 6 13 22 29 43 48 56 63 
0 1 6 13 22 29 43 50 55 62 
0 1 6 13 22 29 43 50 56 61 
0 1 6 13 22 29 43 50 56 64 
0 1 6 13 22 29 43 51 55 63 
0 1 6 13 22 29 43 51 55 67 
0 1 6 13 22 29 43 51 56 61 
0 1 6 13 22 29 43 51 56 63 
0 1 6 13 23 28 40 47 52 55 67 
0 1 6 13 23 28 40 47 56 64 
0 1 6 13 23 28 40 48 55 63 
0 1 6 13 23 28 40 48 56 63 
0 1 6 13 23 28 40 48 56 64 
0 1 6 13 23 28 42 47 56 64 
0 1 6 13 23 28 42 49 55 62 
0 1 6 13 23 28 42 49 55 63 
0 1 6 13 23 28 42 49 56 63 
0 1 6 13 23 28 42 50 55 62 
0 1 6 13 23 28 42 50 56 61 
0 1 6 13 23 28 42 50 56 64 
0 1 6 13 23 28 43 48 56 63 
0 1 6 13 23 28 43 50 56 61 
0 1 6 13 23 28 43 51 55 63 
0 1 6 13 23 28 43 51 55 67 
0 1 6 13 23 28 43 51 56 61 
0 1 6 13 23 28 43 51 56 63 
0 1 6 13 23 31 40 47 52 55 67 
0 1 6 13 23 31 40 47 56 64 
0 1 6 13 23 31 40 48 55 63 
0 1 6 13 23 31 40 48 56 63 
0 1 6 13 23 31 40 48 56 64 
0 1 6 13 23 31 42 49 55 62 
0 1 6 13 23 31 42 49 55 63 
0 1 6 13 23 31 42 49 56 63 
0 1 6 13 23 31 42 50 55 62 
0 1 6 13 23 31 42 50 56 61 
0 1 6 13 23 31 43 48 56 63 
0 1 6 13 23 31 43 50 56 61 
0 1 6 13 23 31 43 51 55 67 
0 1 6 13 23 31 43 51 56 61 
0 1 6 13 23 31 43 51 56 63 
0 1 6 14 20 28 42 49 55 62 
0 1 6 14 20 28 42 49 55 63 
0 1 6 14 20 28 43 48 56 63 
0 1 6 14 22 27 42 47 56 64 
0 1 6 14 22 27 42 49 55 62 
0 1 6 14 22 27 42 50 56 61 
0 1 6 14 22 27 42 50 56 64 
0 1 6 14 22 27 43 50 56 61 
0 1 6 14 22 27 43 50 56 64 
0 1 6 14 22 27 43 51 56 61 
0 1 6 14 22 30 42 47 56 64 
0 1 6 14 22 30 42 49 55 62 
0 1 6 14 22 30 42 49 55 63 
0 1 6 14 22 30 42 49 56 63 
0 1 6 14 22 30 42 50 55 62 
0 1 6 14 22 30 42 50 56 61 
0 1 6 14 22 30 42 50 56 64 
0 1 6 14 22 30 43 50 56 61 
0 1 6 14 22 30 43 51 56 61 
0 1 6 14 23 28 40 47 52 55 67 
0 1 6 14 23 28 40 48 55 63 
0 1 6 14 23 28 42 49 55 62 
0 1 6 14 23 28 42 49 55 63 
0 1 6 14 23 28 42 50 55 62 
0 1 6 14 23 30 42 47 56 64 
0 1 6 14 23 30 42 49 55 62 
0 1 6 14 23 30 42 49 55 63 
0 1 6 14 23 30 42 50 55 62 
0 1 6 14 23 30 42 50 56 61 
0 1 6 14 23 30 42 50 56 64 
0 1 6 14 23 30 43 51 56 61 
0 1 8 13 22 29 40 47 52 53 67 
0 1 8 13 22 29 40 47 52 55 67 
0 1 8 13 22 29 40 47 56 64 
0 1 8 13 22 29 40 48 55 63 
0 1 8 13 22 29 40 48 56 63 
0 1 8 13 22 29 40 48 56 64 
0 1 8 13 22 29 43 48 55 63 
0 1 8 13 22 29 43 48 56 63 
0 1 8 13 22 29 43 48 56 64 
0 1 8 13 22 29 43 51 53 61 
0 1 8 13 22 29 43 51 53 67 
0 1 8 13 22 29 43 51 55 63 
0 1 8 13 22 29 43 51 55 67 
0 1 8 13 22 29 43 51 56 61 
0 1 8 13 22 29 43 51 56 63 
0 1 8 13 23 28 40 47 52 53 67 
0 1 8 13 23 28 40 47 52 55 67 
0 1 8 13 23 28 40 48 55 63 
0 1 8 13 23 28 43 48 55 63 
0 1 8 13 23 28 43 51 53 61 
0 1 8 13 23 28 43 51 53 67 
0 1 8 13 23 28 43 51 55 63 
0 1 8 13 23 28 43 51 55 67 
0 1 8 15 22 29 40 47 52 53 67 
0 1 8 15 22 29 40 47 56 64 
0 1 8 15 22 29 40 48 56 63 
0 1 8 15 22 29 40 48 56 64 
0 1 8 15 22 29 43 48 56 63 
0 1 8 15 22 29 43 48 56 64 
0 1 8 15 22 29 43 50 56 64 
0 1 9 14 23 28 40 47 52 53 67 
0 1 9 14 23 28 40 47 52 55 67 
0 1 9 14 23 28 42 49 55 62 
0 1 9 14 23 28 42 49 55 63 
0 2 7 14 20 27 42 49 54 62 
0 2 7 14 20 27 42 49 55 62 
0 2 7 14 20 27 42 50 54 62 
0 2 7 14 20 27 42 50 55 62 
0 2 7 14 20 27 43 50 55 62 
0 2 7 14 20 28 42 49 54 62 
0 2 7 14 20 28 42 49 55 62 
0 2 7 14 20 28 42 49 55 63 
0 2 7 14 20 28 42 50 54 62 
0 2 7 14 20 28 42 50 55 62 
0 2 7 14 20 28 43 50 54 62 
0 2 7 14 20 28 43 50 55 62 
0 2 7 14 22 27 40 47 52 54 60 
0 2 7 14 22 27 42 49 54 62 
0 2 7 14 22 27 42 50 54 61 
0 2 7 14 22 27 42 50 54 62 
0 2 7 14 22 27 43 50 54 61 
0 2 7 14 22 27 43 50 54 62 
0 2 7 14 22 30 42 49 54 62 
0 2 7 14 22 30 42 50 54 61 
0 2 7 14 22 30 42 50 54 62 
0 2 7 14 22 30 43 50 54 61 
0 2 7 14 22 30 43 50 54 62 
0 2 7 14 23 28 40 47 52 55 67 
0 2 7 14 23 28 42 49 54 62 
0 2 7 14 23 28 42 49 55 62 
0 2 7 14 23 28 42 49 55 63 
0 2 7 14 23 28 42 50 54 62 
0 2 7 14 23 28 43 50 54 62 
0 2 7 14 23 30 42 49 54 62 
0 2 7 14 23 30 42 50 54 61 
0 2 7 14 23 30 42 50 54 62 
0 2 7 14 23 30 43 50 54 61 
0 2 7 15 22 29 42 50 54 61 
0 2 7 15 22 29 43 50 54 61 
0 2 10 23 31 35 43 51 67 
0 2 10 23 31 42 49 54 62 
0 2 10 23 31 42 49 55 62 
0 2 10 23 31 42 49 55 63 
0 2 10 23 31 42 50 54 62 
0 3 8 15 20 27 43 50 54 61 
0 3 8 15 20 27 43 50 54 62 
0 3 8 15 22 27 43 50 53 61 
0 3 8 15 22 29 43 51 53 67 
0 3 10 23 31 42 49 54 62 
0 3 10 23 31 42 50 54 61 
0 3 11 23 30 43 50 53 61 
0 4 11 22 30 34 40 47 57 64 
0 4 11 23 30 34 40 47 57 64 
0 4 11 23 30 34 40 47 57 65 
0 4 11 23 30 34 40 47 58 65 
0 4 11 23 31 34 40 47 57 65 
0 4 11 23 31 34 40 47 58 65 
0 4 12 23 30 34 40 47 57 64 
0 4 12 23 30 34 40 47 58 65 
