0 3 8 13 17 34 39 44 48 66 
0 3 8 13 20 34 39 44 48 55 
0 3 8 17 32 34 39 44 60 66 
0 4 8 13 17 34 39 44 48 66 
0 4 8 13 17 34 39 44 60 66 
0 4 8 13 20 34 39 44 48 55 
0 4 8 13 20 34 39 44 48 66 
0 4 8 13 20 34 39 44 49 55 
0 4 8 13 20 34 39 44 49 66 
0 4 8 13 20 34 39 44 60 66 
0 4 8 13 22 31 34 44 49 66 
0 4 8 13 31 34 39 44 49 66 
0 4 8 13 31 34 39 44 60 66 
0 4 8 17 25 34 39 44 60 66 
0 4 8 17 32 34 39 44 60 66 
0 4 8 31 32 34 39 44 60 66 
0 4 9 24 25 31 40 45 58 65 
0 4 9 24 25 31 40 45 60 65 
0 6 13 22 24 29 42 49 56 63 
0 6 13 22 24 29 42 49 57 63 
