0 1 5 8 22 30 39 44 52 56 61 65 83 92 99 
0 1 5 8 22 39 44 52 56 61 65 70 83 87 92 
0 1 5 8 22 39 44 52 56 61 65 70 83 88 92 
0 1 5 8 22 39 44 52 56 61 65 70 83 92 99 
0 1 5 10 19 28 38 44 52 54 61 70 87 92 96 
0 1 5 10 19 28 38 44 52 54 61 70 87 92 97 
0 1 6 10 15 19 28 33 38 51 54 70 78 92 97 
0 1 6 10 15 19 28 33 38 54 61 70 88 92 97 
0 1 6 10 15 19 28 33 38 54 70 78 87 92 96 
0 1 6 10 15 19 28 33 38 54 70 78 87 92 97 
0 1 6 10 15 19 28 33 38 54 70 78 88 92 97 
0 1 6 10 15 19 28 33 38 54 70 88 89 92 97 
0 1 6 10 15 19 28 38 44 54 61 70 88 92 97 
0 1 6 10 15 20 28 33 38 51 54 70 78 92 97 
0 1 6 10 15 20 28 33 38 54 61 70 88 92 97 
0 1 6 10 15 20 28 33 38 54 70 78 87 92 97 
0 1 6 10 15 20 28 33 38 54 70 78 88 92 97 
0 1 6 10 15 20 28 33 38 54 70 81 88 89 97 
0 1 6 10 15 20 28 33 38 54 70 88 89 92 97 
0 1 6 10 15 20 28 38 44 54 61 70 88 92 97 
0 1 6 10 15 26 28 33 51 54 70 78 83 92 97 
0 1 6 10 15 26 28 33 54 61 70 83 88 92 97 
0 1 6 10 15 26 28 33 54 70 78 83 87 92 97 
0 1 6 10 15 26 28 33 54 70 78 83 88 92 97 
0 1 6 10 15 26 28 33 54 70 83 88 89 92 97 
0 1 6 10 15 26 28 44 54 61 70 83 88 92 97 
0 1 6 10 15 26 28 44 61 65 70 83 88 92 97 
0 1 6 10 15 28 38 44 54 61 70 83 88 92 97 
0 1 6 10 19 28 38 44 52 54 61 70 87 92 96 
0 1 6 10 19 28 38 44 52 54 61 70 87 92 97 
0 1 6 10 19 28 38 44 52 54 61 70 88 92 97 
0 1 6 10 19 28 38 44 54 61 70 79 88 92 97 
0 1 6 10 20 28 38 44 52 54 61 70 87 92 97 
0 1 6 10 20 28 38 44 52 54 61 70 88 92 97 
0 1 6 10 20 28 38 44 54 61 70 79 88 92 97 
0 1 6 10 26 28 44 52 54 61 70 83 88 92 97 
0 1 6 10 26 28 44 52 61 65 70 83 88 92 97 
0 1 6 10 26 28 44 54 61 70 79 83 88 92 97 
0 1 6 10 26 28 44 61 65 70 79 83 88 92 97 
0 1 6 10 28 38 44 52 54 61 70 83 87 92 97 
0 1 6 10 28 38 44 52 54 61 70 83 88 92 97 
0 1 6 10 28 38 44 54 61 70 79 83 88 92 97 
0 1 6 12 15 20 26 28 33 54 61 70 88 92 97 
0 1 6 12 15 20 26 28 33 54 70 81 88 89 97 
0 1 6 12 15 20 26 28 33 54 70 88 89 92 97 
0 1 6 12 15 20 26 28 44 54 61 70 88 92 97 
0 1 6 12 15 20 28 33 38 54 61 70 88 92 97 
0 1 6 12 15 20 28 33 49 54 61 70 88 92 97 
0 1 6 12 15 20 28 33 49 54 70 88 89 92 97 
0 1 6 12 15 20 28 38 44 54 61 70 88 92 97 
0 1 6 12 15 20 28 44 49 54 61 70 88 92 97 
0 1 6 12 15 26 28 33 54 61 70 83 88 92 97 
0 1 6 12 20 28 38 44 52 54 61 70 88 92 97 
0 1 6 12 20 28 38 44 54 61 70 79 88 92 97 
0 1 6 12 20 28 44 49 52 54 61 70 88 92 97 
0 1 6 15 22 26 28 33 54 61 70 83 88 92 97 
0 1 6 15 22 26 28 33 54 70 78 83 88 92 97 
0 1 6 15 22 26 33 39 54 57 70 78 83 88 92 
0 1 6 15 22 26 33 39 54 57 70 83 88 89 92 
0 5 13 19 25 30 38 44 52 54 61 67 85 92 99 
0 5 13 19 25 30 38 44 52 54 61 68 85 92 99 
0 5 19 23 25 30 38 44 52 54 61 68 85 92 99 
0 6 11 13 20 31 44 49 54 61 68 79 86 92 99 
0 6 11 13 20 31 44 49 54 61 68 79 86 92 100 
0 6 11 13 20 31 44 49 54 61 68 79 86 93 99 
0 6 11 13 20 31 45 49 54 61 68 79 86 92 99 
0 6 11 13 20 31 45 49 54 61 68 79 86 93 99 
0 6 11 13 20 31 45 49 54 61 68 79 86 93 100 
