0 1 4 15 23 32 40 58 61 70 78 80 88 96 
0 1 5 9 13 26 32 36 40 45 61 63 88 92 96 100 
0 1 5 9 13 26 32 40 45 61 63 69 88 92 96 100 
0 1 5 9 13 26 36 40 45 61 63 65 88 92 96 100 
0 1 5 9 13 26 40 45 61 63 65 69 88 92 96 100 
0 1 5 9 26 28 32 36 40 45 63 84 88 92 96 100 
0 1 5 9 26 28 36 40 45 63 65 84 88 92 96 100 
0 1 5 9 26 32 36 40 45 61 63 84 88 92 96 100 
0 1 5 9 26 36 40 45 61 63 65 84 88 92 96 100 
0 1 5 12 26 28 32 38 41 53 67 80 84 88 92 96 
0 1 5 13 21 26 32 40 44 60 63 69 79 88 96 100 
0 1 5 13 26 32 36 40 44 60 63 79 88 92 96 100 
0 1 5 13 26 32 36 41 45 61 63 80 88 92 96 100 
0 1 5 13 26 32 40 44 60 63 69 79 88 92 96 100 
0 1 5 13 26 32 40 45 61 63 69 80 88 92 96 100 
0 1 5 13 26 32 41 45 61 63 69 80 88 92 96 100 
0 1 5 13 32 40 44 48 60 63 69 79 88 92 96 100 
0 1 5 14 18 26 38 41 45 53 61 65 78 80 92 96 
0 1 5 14 18 26 41 45 53 61 65 69 78 80 92 96 
0 1 5 14 26 33 38 41 45 53 61 78 80 88 92 96 
0 1 5 14 26 38 41 45 53 61 65 78 80 88 92 96 
0 1 5 15 32 36 41 45 61 71 80 84 88 92 96 100 
0 1 5 26 28 32 36 40 44 63 79 83 88 92 96 100 
0 1 5 26 28 32 36 40 44 63 79 84 88 92 96 100 
0 1 5 26 28 32 36 40 45 63 79 84 88 92 96 100 
0 1 5 26 28 32 36 40 45 63 80 84 88 92 96 100 
0 1 5 26 28 33 38 41 45 53 78 80 84 88 92 96 
0 1 5 26 32 36 40 45 61 63 80 84 88 92 96 100 
0 1 5 26 32 36 41 45 53 61 80 84 88 92 96 100 
0 1 5 26 32 36 41 45 61 63 80 84 88 92 96 100 
0 1 5 26 32 38 41 45 53 61 80 84 88 92 96 100 
0 1 5 32 36 40 44 48 60 63 79 83 88 92 96 100 
0 1 24 26 28 32 36 40 44 63 79 83 88 92 96 100 
0 1 24 26 28 32 36 40 44 63 79 84 88 92 96 100 
0 1 24 26 28 32 36 40 45 63 80 84 88 92 96 100 
0 6 11 13 20 31 38 44 52 54 61 68 86 93 99 
0 6 11 13 20 31 38 44 54 61 68 79 86 93 99 
0 6 11 13 20 31 44 49 54 61 68 79 86 93 99 
0 6 11 13 20 31 45 49 54 61 68 79 86 93 99 
0 6 11 13 20 31 45 49 54 61 68 79 86 93 100 
