0 1 5 9 13 17 28 32 36 40 54 58 89 94 98 
0 1 5 9 13 17 28 32 36 40 54 89 94 98 101 
0 1 5 9 13 17 28 32 36 40 58 86 89 94 98 
0 1 5 9 13 17 28 32 36 54 58 71 82 94 98 
0 1 5 9 13 17 28 32 36 54 71 82 94 98 101 
0 1 5 9 13 17 28 32 36 54 71 89 94 98 101 
0 1 5 9 13 17 28 32 40 54 58 67 89 94 98 
0 1 5 9 13 17 28 32 40 54 67 89 94 98 101 
0 1 5 9 13 17 28 32 40 58 67 86 89 94 98 
0 1 5 9 13 17 28 32 52 54 58 67 71 82 94 
0 1 5 9 13 17 28 32 52 54 58 67 71 89 94 
0 1 5 9 13 17 28 32 52 54 67 71 82 94 101 
0 1 5 9 13 17 28 32 52 54 67 71 89 94 101 
0 1 5 9 13 17 28 32 52 58 67 71 86 89 94 
0 1 5 9 13 17 28 32 52 67 71 82 86 94 101 
0 1 5 9 13 17 28 32 52 67 71 86 89 94 101 
0 1 5 9 13 17 28 52 54 64 67 71 82 94 101 
0 1 5 9 13 22 26 28 40 54 64 67 89 98 101 
0 1 5 9 13 22 26 28 40 64 67 86 89 98 101 
0 1 6 12 16 24 31 36 41 46 60 65 70 80 85 101 
0 1 6 12 16 31 36 41 46 60 65 70 80 85 95 101 
0 1 8 17 28 38 46 52 54 64 67 77 82 94 101 
0 4 9 14 19 29 34 39 52 53 58 64 68 83 88 93 
0 4 9 14 21 25 29 34 39 52 53 58 64 83 88 100 
