0 1 5 16 20 28 33 38 48 51 55 59 75 87 91 96 
0 1 5 16 20 28 33 38 48 51 55 59 75 87 92 96 
0 1 5 16 20 28 33 38 48 51 55 60 75 87 91 96 
0 1 5 16 20 28 33 38 48 51 55 60 75 87 92 96 
0 1 5 16 20 28 33 38 48 55 59 75 76 81 92 96 
0 1 5 16 20 28 33 38 48 55 59 75 76 87 92 96 
0 1 5 16 20 28 33 38 48 55 60 75 76 77 88 92 
0 1 5 16 20 28 33 38 48 55 60 75 76 81 92 96 
0 1 5 16 20 28 33 38 48 55 60 75 76 87 92 96 
0 1 5 16 20 28 33 38 48 55 60 75 76 88 92 96 
0 1 5 16 20 28 33 38 48 55 60 75 76 88 92 97 
0 1 5 16 20 28 33 38 48 55 60 75 77 83 87 92 
0 1 5 16 20 28 33 38 48 55 60 75 77 83 88 92 
0 1 5 16 20 28 33 38 48 55 60 75 83 87 92 96 
0 1 5 16 20 28 33 38 48 56 60 75 76 88 92 97 
0 1 5 16 20 28 33 38 48 56 60 75 76 88 93 97 
0 1 5 16 20 28 33 38 48 60 75 76 78 81 92 96 
0 1 5 16 20 28 33 38 48 60 75 76 78 88 92 97 
0 1 5 16 20 28 33 44 48 51 55 59 75 87 91 96 
0 1 5 16 20 28 33 44 48 51 55 59 75 87 92 96 
0 1 5 16 20 28 33 44 48 55 59 75 76 81 92 96 
0 1 5 16 20 28 33 44 48 55 59 75 76 87 92 96 
0 1 5 16 20 28 33 44 48 55 59 75 76 88 92 96 
0 1 5 16 20 28 33 44 48 55 59 75 83 87 92 96 
0 1 5 16 20 29 33 44 48 51 55 59 75 87 91 96 
0 1 5 16 20 29 33 44 48 51 55 59 75 87 92 96 
0 1 5 16 20 29 33 44 48 51 55 60 75 87 91 96 
0 1 5 16 20 29 33 44 48 51 55 60 75 87 92 96 
0 1 5 16 20 29 33 44 48 55 59 75 76 81 92 96 
0 1 5 16 20 29 33 44 48 55 59 75 76 87 92 96 
0 1 5 16 20 29 33 44 48 55 59 75 76 88 92 96 
0 1 5 16 20 29 33 44 48 55 59 75 83 87 92 96 
0 1 5 16 20 29 33 44 48 55 60 75 76 81 92 96 
0 1 5 16 20 29 33 44 48 55 60 75 76 87 92 96 
0 1 5 16 20 29 33 44 48 55 60 75 76 88 92 96 
0 1 5 16 20 29 33 44 48 55 60 75 76 88 92 97 
0 1 5 16 20 29 33 44 48 56 60 71 76 77 88 92 
0 1 6 10 21 32 35 43 52 56 60 65 82 93 97 
0 1 6 10 21 32 35 43 56 60 65 76 82 93 97 
0 2 6 10 21 28 39 43 52 56 60 71 82 93 97 
0 2 6 10 21 28 39 43 52 56 60 75 82 93 97 
0 2 6 10 21 28 39 43 52 60 75 78 82 93 97 
0 2 6 10 21 28 39 43 55 59 70 76 81 92 96 
0 2 6 10 21 28 39 43 55 59 70 76 88 92 96 
0 2 6 10 21 28 39 43 55 59 75 76 88 92 96 
0 2 6 10 21 28 39 43 55 60 70 76 77 88 92 
0 2 6 10 21 28 39 43 55 60 75 76 77 88 92 
0 2 6 10 21 28 39 43 55 60 75 76 81 92 96 
0 2 6 10 21 28 39 43 55 66 70 76 77 88 92 
0 2 6 10 21 28 39 43 56 60 75 76 82 93 97 
0 2 6 10 21 28 39 43 60 75 76 78 81 92 96 
0 2 6 10 21 28 39 43 60 75 76 78 81 92 97 
0 2 6 10 21 28 39 43 60 75 76 78 82 86 97 
0 2 6 10 21 28 39 43 60 75 76 78 82 92 97 
