0 1 6 12 16 19 27 35 40 51 60 63 64 68 81 86 
0 1 6 12 16 19 27 35 40 51 60 63 64 81 86 99 
0 1 6 12 16 19 27 35 40 51 60 63 68 81 86 94 
0 1 6 12 16 19 27 35 40 51 60 63 81 86 94 99 
0 1 6 12 16 19 27 35 40 60 63 64 68 81 86 97 
0 1 6 12 16 19 27 35 40 60 63 68 81 86 94 97 
0 1 6 12 16 19 27 35 51 60 63 70 81 86 94 99 
0 1 6 12 16 19 27 40 51 60 63 65 68 81 86 94 
0 1 6 12 16 19 27 40 51 60 63 65 81 86 94 99 
0 1 6 12 16 19 27 51 60 63 65 70 81 86 94 99 
0 1 6 12 16 27 35 37 40 51 60 63 68 81 86 94 
0 1 6 12 16 27 35 37 40 51 60 63 81 86 94 99 
0 1 6 12 16 27 35 37 51 60 63 70 81 86 94 99 
0 1 6 12 16 27 37 40 51 60 63 65 68 81 86 94 
0 1 6 12 16 27 37 40 51 60 63 65 81 86 94 99 
0 1 6 12 16 27 37 51 60 63 65 70 81 86 94 99 
0 1 6 12 16 35 37 40 51 57 60 63 68 81 86 94 
0 1 6 12 16 35 37 40 51 57 60 63 81 86 94 99 
0 1 6 12 16 37 40 51 57 60 63 65 68 81 86 94 
0 1 6 12 16 37 40 51 57 60 63 65 81 86 94 99 
0 1 6 16 27 35 37 42 51 60 63 70 81 86 94 99 
0 1 12 16 19 27 38 40 51 60 63 65 81 86 94 99 
0 1 12 16 27 37 38 40 51 60 63 65 81 86 94 99 
0 3 6 12 16 19 27 32 40 60 63 65 81 86 94 99 
0 3 6 12 16 19 27 32 60 63 65 70 81 86 94 99 
0 3 6 12 16 21 27 32 37 40 60 63 65 81 86 99 
0 3 6 12 16 21 27 32 37 40 63 65 81 86 91 99 
0 3 6 12 16 21 27 32 37 60 63 65 70 81 86 99 
0 3 6 12 16 21 27 32 37 63 65 70 81 86 91 99 
0 3 6 12 16 21 32 37 40 57 60 63 65 81 86 99 
0 3 6 12 16 21 32 37 40 57 63 65 81 86 91 99 
0 3 6 12 16 21 32 37 57 60 63 65 70 81 86 99 
0 3 6 12 16 21 32 37 57 63 65 70 81 86 91 99 
0 3 6 12 16 21 37 57 62 63 65 70 81 86 91 99 
0 3 6 12 16 27 32 37 40 60 63 65 81 86 94 99 
0 3 6 12 16 27 32 37 40 63 65 81 86 91 94 99 
0 3 6 12 16 27 32 37 63 65 70 81 86 91 94 99 
0 3 6 12 16 32 37 40 57 63 65 81 86 91 94 99 
0 3 6 12 16 32 37 57 60 63 65 70 81 86 94 99 
0 3 6 12 16 32 37 57 63 65 70 81 86 91 94 99 
0 3 6 12 21 32 37 40 47 57 63 65 81 86 91 99 
0 3 6 12 21 32 37 47 57 63 65 70 81 86 91 99 
0 3 6 12 21 37 47 57 62 63 65 70 81 86 91 99 
0 3 6 12 32 37 40 47 57 63 65 81 86 91 94 99 
0 3 6 12 32 37 47 57 63 65 70 81 86 91 94 99 
0 3 6 13 16 21 32 37 42 57 60 63 65 70 81 99 
0 3 6 13 16 21 32 37 42 57 63 65 70 81 91 99 
0 3 6 16 21 32 37 42 57 60 63 65 70 81 86 99 
0 3 6 16 21 32 37 42 57 63 65 70 81 86 91 99 
0 3 6 16 21 37 42 57 62 63 65 70 81 86 91 99 
0 3 6 16 32 37 42 57 60 63 65 70 81 86 94 99 
0 3 6 16 32 37 42 57 63 65 70 81 86 91 94 99 
0 3 8 11 13 16 29 38 42 52 57 62 63 70 91 96 
0 3 8 11 13 16 29 38 42 52 57 62 63 78 91 96 
0 3 8 11 13 16 29 38 42 52 57 62 70 83 91 96 
0 3 8 11 13 16 29 42 52 57 62 63 67 70 91 96 
0 3 8 11 13 18 29 38 42 47 52 57 62 63 70 96 
0 3 8 11 13 18 29 38 42 47 52 57 62 70 83 96 
0 3 8 11 13 18 29 38 42 47 52 57 62 78 83 96 
0 3 8 11 13 18 29 38 42 47 52 62 63 70 88 96 
0 3 8 11 13 18 29 38 42 47 52 62 70 83 88 96 
0 3 8 11 13 18 29 42 47 52 57 62 63 67 70 96 
0 3 8 11 13 18 29 42 47 52 57 62 67 70 83 96 
0 3 8 11 13 18 29 42 47 52 57 62 67 78 83 96 
0 3 8 11 13 18 29 42 47 52 62 67 78 83 88 96 
0 3 8 11 13 29 38 42 47 52 57 62 63 70 91 96 
0 3 8 11 13 29 38 42 47 52 57 62 63 78 91 96 
0 3 8 11 13 29 42 47 52 57 62 67 70 83 91 96 
0 3 8 11 13 29 42 47 52 57 62 67 78 83 91 96 
0 3 8 13 21 29 38 42 47 52 57 62 63 70 91 96 
