0 1 5 10 22 31 36 41 53 65 70 78 79 84 96 
0 1 5 10 22 31 36 41 53 65 70 79 84 96 100 
0 1 5 10 22 31 36 41 65 70 78 79 84 91 96 
0 1 5 10 22 31 36 41 65 70 79 84 91 96 100 
0 1 5 10 22 31 36 41 66 70 78 79 84 91 96 
0 1 5 10 22 36 41 45 53 65 70 78 79 84 96 
0 1 5 10 36 41 45 53 65 70 79 84 88 96 100 
0 1 5 13 22 31 36 41 48 56 65 78 84 91 96 
0 1 5 13 22 31 36 41 48 56 65 84 91 96 100 
0 1 5 13 22 31 36 41 48 56 66 78 84 91 96 
0 1 5 22 31 36 41 48 56 65 78 79 84 91 96 
0 1 5 22 31 36 41 48 56 65 79 84 91 96 100 
0 1 5 22 31 36 41 48 56 66 78 79 84 91 96 
0 1 5 22 31 36 41 48 65 70 78 79 84 91 96 
0 1 5 22 31 36 41 48 65 70 79 84 91 96 100 
0 1 5 22 31 36 41 48 66 70 78 79 84 91 96 
0 1 6 10 22 31 36 41 53 65 70 79 84 96 100 
0 1 6 12 29 36 41 46 53 70 78 79 84 90 96 
0 1 6 12 29 36 41 46 54 70 78 79 84 90 96 
0 1 6 13 22 31 36 41 48 56 65 78 84 91 96 
0 1 6 13 22 31 36 41 48 56 65 84 91 96 100 
0 1 6 13 22 31 36 41 48 56 66 78 84 91 96 
0 1 6 13 24 31 36 41 48 56 65 78 84 91 96 
0 1 6 22 31 36 41 48 56 65 78 79 84 91 96 
0 1 6 22 31 36 41 48 56 65 79 84 91 96 100 
0 1 8 13 20 29 36 41 48 56 64 68 76 77 84 96 
