0 1 6 13 23 30 37 38 52 62 67 
0 1 6 13 23 30 37 38 52 62 70 
0 1 6 13 23 30 37 38 52 63 68 
0 1 6 13 23 30 37 38 52 63 70 
0 1 6 13 23 30 37 39 45 62 69 
0 1 6 13 23 30 37 39 45 63 68 
0 1 6 13 23 30 37 39 47 55 63 
0 1 6 13 23 30 37 39 47 62 69 
0 1 6 13 23 30 37 39 47 63 68 
0 1 6 13 23 30 37 40 47 62 69 
0 1 6 13 23 30 37 40 47 62 70 
0 1 6 13 23 30 37 40 47 63 70 
0 1 6 13 23 30 37 40 52 62 69 
0 1 6 13 23 30 37 40 52 62 70 
0 1 6 13 23 30 37 44 45 62 67 
0 1 6 13 23 30 37 44 45 62 69 
0 1 6 13 23 30 37 44 52 62 67 
0 1 6 13 23 30 37 44 52 62 69 
0 1 6 13 23 30 38 52 57 62 70 
0 1 6 13 23 30 38 52 58 63 70 
0 1 6 13 23 30 39 45 57 62 69 
0 1 6 13 23 30 39 47 55 57 64 
0 1 6 13 23 30 39 47 55 58 63 
0 1 6 13 23 30 39 47 57 62 69 
0 1 6 13 23 30 39 47 57 64 69 
0 1 6 13 23 30 40 47 54 57 65 
0 1 6 13 23 30 40 47 54 58 65 
0 1 6 13 23 30 40 47 57 62 69 
0 1 6 13 23 30 40 47 57 62 70 
0 1 6 13 23 30 40 47 57 64 69 
0 1 6 13 23 30 40 47 58 63 70 
0 1 6 13 23 30 40 47 58 65 70 
0 1 6 13 23 30 40 52 57 62 69 
0 1 6 13 23 30 40 52 57 62 70 
0 1 6 13 23 30 40 52 57 64 69 
0 1 6 13 23 30 40 52 58 63 70 
0 1 6 13 23 30 40 52 58 65 70 
0 1 6 13 23 30 44 45 57 62 69 
0 1 6 13 23 30 44 45 58 66 
0 1 6 13 23 30 44 52 58 66 
0 1 6 13 23 30 45 53 57 65 
0 1 6 13 23 30 45 53 58 65 
0 1 6 13 23 30 45 53 58 66 
0 1 6 13 23 31 37 38 52 62 70 
0 1 6 13 23 31 37 38 52 63 68 
0 1 6 13 23 31 37 38 52 63 70 
0 1 6 13 23 31 37 39 45 62 69 
0 1 6 13 23 31 37 39 45 63 68 
0 1 6 13 23 31 37 39 47 55 63 
0 1 6 13 23 31 37 39 47 63 68 
0 1 6 13 23 31 37 40 47 62 69 
0 1 6 13 23 31 37 40 47 62 70 
0 1 6 13 23 31 37 44 45 62 67 
0 1 6 13 23 31 37 44 45 62 69 
0 1 6 13 23 31 37 44 52 62 67 
0 1 6 13 23 31 38 52 57 62 70 
0 1 6 13 23 31 38 52 58 63 70 
0 1 6 13 23 31 39 45 57 62 69 
0 1 6 13 23 31 39 45 57 64 69 
0 1 6 13 23 31 39 47 55 57 64 
0 1 6 13 23 31 39 47 55 58 63 
0 1 6 13 23 31 39 47 57 64 69 
0 1 6 13 23 31 40 47 57 62 69 
0 1 6 13 23 31 40 47 57 64 69 
0 1 6 13 23 31 40 52 57 62 69 
0 1 6 13 23 31 40 52 57 62 70 
0 1 6 13 23 31 40 52 57 64 69 
0 1 6 13 23 31 40 52 58 63 70 
0 1 6 13 23 31 44 45 58 66 
0 1 6 13 23 31 44 52 58 66 
0 1 6 13 23 31 45 53 57 65 
0 1 6 13 23 31 45 53 58 65 
0 1 6 13 23 31 45 53 58 66 
0 1 6 13 24 31 37 38 52 62 70 
0 1 6 13 24 31 37 38 52 63 68 
0 1 6 13 24 31 37 38 52 63 70 
0 1 6 13 24 31 37 39 45 62 69 
0 1 6 13 24 31 37 39 45 63 68 
0 1 6 13 24 31 37 39 47 55 63 
0 1 6 13 24 31 37 39 47 62 69 
0 1 6 13 24 31 37 39 47 63 68 
0 1 6 13 24 31 37 44 45 62 67 
0 1 6 13 24 31 37 44 45 62 69 
0 1 6 13 24 31 37 44 52 62 69 
0 1 6 13 24 31 38 52 57 62 70 
0 1 6 13 24 31 39 45 57 62 69 
0 1 6 13 24 31 39 45 57 64 69 
0 1 6 13 24 31 39 47 55 57 64 
0 1 6 13 24 31 39 47 55 58 63 
0 1 6 13 24 31 39 47 57 62 69 
0 1 6 13 24 31 39 47 57 64 69 
0 1 6 13 24 31 40 52 57 62 69 
0 1 6 13 24 31 40 52 57 64 69 
0 1 6 13 24 31 44 45 57 62 69 
0 1 6 13 24 31 44 45 58 66 
0 1 6 13 24 31 44 52 57 62 69 
0 1 6 13 24 31 44 52 58 66 
0 1 6 13 24 31 45 53 57 65 
0 1 6 13 24 31 45 53 58 66 
0 1 6 14 23 30 38 52 56 63 68 
0 1 6 14 23 30 38 52 56 63 70 
0 1 6 14 23 30 38 52 58 63 70 
0 1 6 14 23 30 38 52 59 67 
0 1 6 14 23 30 39 45 56 63 68 
0 1 6 14 23 30 39 47 55 56 63 
0 1 6 14 23 30 39 47 55 56 64 
0 1 6 14 23 30 39 47 55 58 63 
0 1 6 14 23 30 39 47 55 59 64 
0 1 6 14 23 30 39 47 56 63 68 
0 1 6 14 23 30 39 47 56 64 69 
0 1 6 14 23 30 40 52 56 63 70 
0 1 6 14 23 30 40 52 56 64 69 
0 1 6 14 23 30 40 52 58 63 70 
0 1 6 14 23 30 44 45 58 66 
0 1 6 14 23 30 44 45 59 66 
0 1 6 14 23 30 44 45 59 67 
0 1 6 14 23 30 44 52 58 66 
0 1 6 14 23 30 44 52 59 66 
0 1 6 14 23 30 44 52 59 67 
0 1 6 14 23 30 45 53 58 65 
0 1 6 14 23 30 45 53 58 66 
0 1 6 14 23 30 45 53 59 66 
0 1 6 14 23 31 38 52 56 63 68 
0 1 6 14 23 31 38 52 56 63 70 
0 1 6 14 23 31 38 52 58 63 70 
0 1 6 14 23 31 38 52 59 67 
0 1 6 14 23 31 39 45 56 63 68 
0 1 6 14 23 31 39 45 56 64 69 
0 1 6 14 23 31 39 47 55 56 63 
0 1 6 14 23 31 39 47 55 58 63 
0 1 6 14 23 31 39 47 55 59 64 
0 1 6 14 23 31 40 52 56 64 69 
0 1 6 14 23 31 44 45 58 66 
0 1 6 14 23 31 44 45 59 66 
0 1 6 14 23 31 44 45 59 67 
0 1 6 14 23 31 44 52 58 66 
0 1 6 14 23 31 44 52 59 66 
0 1 6 14 23 31 44 52 59 67 
0 1 6 14 23 31 45 53 58 66 
0 1 6 14 23 31 45 53 59 66 
0 1 6 14 24 31 38 52 56 63 68 
0 1 6 14 24 31 38 52 59 67 
0 1 6 14 24 31 39 45 56 63 68 
0 1 6 14 24 31 39 45 56 64 69 
0 1 6 14 24 31 44 45 58 66 
0 1 6 14 24 31 44 45 59 66 
0 1 6 14 24 31 44 45 59 67 
0 1 6 14 24 31 44 52 58 66 
0 1 6 14 24 31 44 52 59 66 
0 1 6 14 24 31 44 52 59 67 
0 1 6 14 24 31 45 53 58 66 
0 1 6 14 24 31 45 53 59 66 
0 1 9 14 23 30 38 52 58 63 70 
0 1 9 14 23 30 38 52 59 67 
0 1 9 14 23 30 40 52 58 63 70 
0 1 9 14 23 30 40 52 58 65 70 
0 1 9 14 23 30 44 45 58 66 
0 1 9 14 23 30 44 45 59 66 
0 1 9 14 23 30 44 45 59 67 
0 1 9 14 23 30 44 52 58 66 
0 1 9 14 23 30 44 52 59 66 
0 1 9 14 23 30 44 52 59 67 
0 1 9 14 23 31 38 52 58 63 70 
0 1 9 14 23 31 38 52 59 67 
0 1 9 14 23 31 44 45 58 66 
0 1 9 14 23 31 44 45 59 66 
0 1 9 14 23 31 44 52 58 66 
0 1 9 14 23 31 44 52 59 66 
0 1 9 14 23 31 44 52 59 67 
0 1 9 23 30 36 38 52 60 67 
0 1 9 23 30 36 38 52 60 68 
0 1 9 23 30 36 38 52 61 68 
0 1 9 23 30 36 40 52 58 65 70 
0 1 9 23 30 36 40 52 61 69 
0 1 9 23 30 36 44 45 58 66 
0 1 9 23 30 36 44 52 58 66 
0 1 9 23 30 36 45 53 58 65 
0 1 9 23 30 36 45 53 58 66 
0 1 9 23 30 38 52 61 68 71 
0 1 9 23 30 38 52 62 70 71 
0 1 9 23 30 40 52 61 69 71 
0 1 9 23 30 40 52 62 69 71 
0 1 9 23 30 40 52 62 70 71 
0 1 9 23 31 36 38 52 60 67 
0 1 9 23 31 36 38 52 60 68 
0 1 9 23 31 36 38 52 61 68 
0 1 9 23 31 38 52 62 70 71 
0 1 9 23 31 45 53 61 66 71 
0 1 9 24 31 36 38 52 60 67 
0 2 8 14 23 31 39 45 56 63 68 
0 2 8 14 23 31 39 45 56 64 69 
0 2 8 14 23 31 39 47 55 56 63 
0 2 8 14 23 31 39 47 55 56 64 
0 2 8 14 23 31 39 47 55 58 63 
0 2 8 14 23 31 39 47 55 59 64 
0 2 8 14 23 31 39 47 56 63 68 
0 2 8 14 23 31 39 47 56 64 69 
0 2 8 14 23 31 40 47 54 56 64 
0 2 8 14 23 31 40 47 54 58 65 
0 2 8 14 23 31 40 47 54 59 64 
0 2 8 14 23 31 40 47 56 63 70 
0 2 8 14 23 31 40 47 56 64 69 
0 2 8 14 23 31 40 47 58 63 70 
0 2 8 14 23 31 40 47 58 65 70 
0 2 8 14 24 31 39 45 56 63 68 
0 2 8 14 24 31 39 47 55 56 63 
0 2 8 14 24 31 39 47 55 56 64 
0 2 8 14 24 31 39 47 55 58 63 
0 2 8 14 24 31 39 47 55 59 64 
0 2 8 14 24 31 39 47 56 63 68 
0 2 8 14 24 31 39 47 56 64 69 
0 2 8 14 24 31 40 47 54 56 64 
0 2 8 14 24 31 40 47 54 58 65 
0 2 8 14 24 31 40 47 54 59 64 
0 2 8 14 24 31 40 47 58 63 70 
0 2 8 14 24 32 39 45 56 63 68 
0 2 8 14 24 32 39 45 56 64 69 
0 2 8 14 24 32 39 47 55 56 63 
0 2 8 14 24 32 39 47 55 56 64 
0 2 8 14 24 32 39 47 55 58 63 
0 2 8 14 24 32 39 47 55 59 64 
0 2 8 14 24 32 39 47 56 63 68 
0 2 8 14 24 32 39 47 56 64 69 
0 2 8 14 24 32 40 52 56 63 70 
0 2 8 14 24 32 40 52 56 64 69 
0 2 8 14 24 32 40 52 58 63 70 
0 2 8 23 31 34 39 45 60 68 
0 2 8 23 31 34 39 47 55 57 64 
0 2 8 23 31 34 39 47 55 59 64 
0 2 8 23 31 34 39 47 57 64 69 
0 2 8 23 31 34 39 47 60 68 
0 2 8 23 31 34 45 53 57 65 
0 2 8 23 31 34 45 53 60 65 
0 2 8 23 31 34 45 53 60 68 
0 2 8 24 31 34 39 47 55 57 64 
0 2 8 24 31 34 39 47 55 59 64 
0 2 8 24 31 34 39 47 60 68 
0 2 8 24 31 34 45 53 57 65 
0 2 8 24 31 34 45 53 60 65 
0 2 8 24 31 34 45 53 60 68 
0 2 8 24 32 34 39 45 57 64 69 
0 2 8 24 32 34 39 45 60 68 
0 2 8 24 32 34 40 52 57 64 69 
0 2 8 24 32 34 45 53 57 65 
0 2 8 24 32 34 45 53 60 65 
0 2 8 24 32 34 45 53 60 68 
0 2 10 23 31 34 45 53 60 65 
0 3 10 17 21 28 34 39 45 60 68 
0 3 10 17 21 28 34 45 53 60 65 
0 3 10 17 21 28 34 45 53 60 68 
0 3 10 17 21 28 37 39 45 60 68 
0 3 10 17 21 28 37 45 53 60 68 
0 3 10 17 21 28 38 52 61 68 71 
0 3 10 17 21 28 45 53 61 68 71 
0 3 10 17 23 28 34 39 45 60 68 
0 3 10 17 23 28 34 39 47 55 59 64 
0 3 10 17 23 28 34 39 47 60 68 
0 3 10 17 23 28 37 39 45 60 68 
0 3 10 17 23 28 38 52 61 68 71 
0 3 10 21 28 33 45 53 61 68 71 
0 3 11 17 21 28 36 44 45 61 69 
0 3 11 17 21 28 36 45 53 60 65 
0 3 11 17 21 28 36 45 53 60 68 
0 3 11 17 21 28 36 45 53 61 68 
0 3 11 17 21 28 37 45 53 60 68 
0 3 11 17 21 28 45 53 56 61 68 
0 3 11 17 23 28 37 39 45 60 68 
0 3 11 17 23 28 37 39 47 60 68 
0 3 11 17 23 28 39 45 56 61 68 
0 3 11 17 23 28 39 45 56 61 69 
0 3 11 17 23 28 39 45 56 64 69 
0 3 11 24 32 36 45 53 60 65 
0 3 11 24 32 36 45 53 60 68 
0 4 11 16 21 28 36 44 45 61 69 
0 4 11 16 21 28 36 44 52 61 69 
0 4 11 16 21 28 36 45 53 61 68 
0 4 11 16 21 28 37 39 45 62 69 
0 4 11 16 21 28 37 44 45 62 69 
0 4 11 16 21 28 37 44 52 62 69 
0 4 11 16 21 28 39 45 56 61 68 
0 4 11 16 21 28 39 45 56 61 69 
0 4 11 16 21 28 44 52 56 61 69 
0 4 11 16 21 29 37 39 45 62 69 
0 4 11 16 21 29 37 44 45 62 69 
0 4 11 16 21 29 39 45 56 61 69 
0 4 11 18 21 29 37 39 45 60 68 
0 4 11 18 21 29 37 39 45 62 69 
0 4 11 18 21 29 37 45 53 60 68 
0 5 7 12 21 29 38 52 56 63 68 
0 5 7 12 23 30 38 52 56 63 68 
0 5 7 12 23 30 38 52 56 63 70 
0 5 7 13 21 29 37 39 45 63 68 
