0 1 5 17 22 26 32 37 49 57 62 74 84 88 100 105 
0 1 5 17 22 26 32 37 49 57 62 74 84 89 100 105 
0 1 5 17 22 26 32 37 49 57 62 74 84 89 101 105 
0 1 5 17 22 26 32 37 49 58 62 74 84 89 96 101 
0 1 5 17 22 26 32 37 49 58 62 74 84 89 101 105 
0 1 5 17 22 32 37 44 49 57 62 74 84 88 100 105 
0 1 5 17 22 32 37 44 49 57 62 74 84 89 100 105 
0 1 5 17 22 32 37 44 49 57 62 74 84 89 101 105 
0 1 5 17 22 32 37 44 49 58 62 74 84 89 96 101 
0 1 5 17 22 32 37 44 49 58 62 74 84 89 101 105 
0 1 5 17 22 32 37 44 49 58 62 74 84 89 101 106 
0 1 5 17 22 32 37 44 49 58 63 74 84 89 101 106 
0 1 5 17 22 32 37 44 49 58 63 75 84 89 101 106 
0 1 5 17 22 32 37 44 49 62 67 74 84 89 101 105 
0 1 6 13 18 32 37 44 49 58 62 74 84 89 96 101 
0 1 6 13 18 32 37 44 49 58 62 74 85 89 96 101 
0 1 6 17 22 32 37 44 49 57 62 74 84 88 100 105 
0 1 6 17 22 32 37 44 49 57 62 74 84 89 100 105 
0 1 6 17 22 32 37 44 49 57 62 74 84 89 101 105 
0 1 6 17 22 32 37 44 49 58 62 74 84 89 96 101 
0 1 6 17 22 32 37 44 49 58 62 74 84 89 101 105 
0 1 6 17 22 32 37 44 49 58 62 74 84 89 101 106 
0 1 6 17 22 32 37 44 49 58 63 74 84 89 101 106 
0 1 6 18 22 32 37 44 49 57 62 74 84 89 100 105 
0 1 6 18 22 32 37 44 49 57 62 74 84 89 101 105 
0 1 6 18 22 32 37 44 49 58 62 74 84 89 96 101 
0 1 6 18 22 32 37 44 49 58 62 74 84 89 101 105 
0 1 6 18 22 32 37 44 49 58 62 74 84 89 101 106 
0 2 9 14 21 26 29 36 41 62 67 79 93 94 98 105 
0 2 9 14 21 27 29 36 41 62 67 79 93 94 98 105 
0 3 7 20 25 29 33 37 39 50 58 62 66 83 96 100 
0 3 7 20 25 29 33 37 39 50 58 62 66 92 96 100 
0 3 7 20 25 29 33 37 39 50 62 66 92 96 100 104 
0 3 7 20 25 33 37 39 50 62 66 74 83 96 100 104 
0 3 7 20 25 33 37 39 50 62 66 74 92 96 100 104 
0 3 8 16 20 29 33 46 50 58 62 66 80 88 92 96 
0 3 10 14 26 29 41 46 60 67 72 79 86 93 94 98 
0 3 10 14 26 29 41 46 67 71 79 86 93 94 98 105 
0 3 10 14 26 29 41 46 67 72 79 86 93 94 98 105 
0 3 10 14 26 30 41 46 60 67 72 79 86 93 94 98 
0 3 10 14 26 30 41 46 67 72 79 86 93 94 98 105 
0 3 10 14 26 30 42 46 60 67 72 79 86 93 94 98 
0 3 10 15 22 25 30 37 42 55 56 63 67 95 99 106 
0 3 10 15 22 25 30 37 42 55 56 63 68 95 99 106 
0 3 10 15 22 25 30 37 42 55 56 67 72 95 99 106 
0 3 10 15 22 25 30 37 42 55 67 72 79 95 99 106 
0 3 10 15 22 26 29 36 41 55 62 67 79 93 98 105 
0 3 10 15 22 26 29 37 41 55 62 67 79 93 98 105 
0 3 10 15 22 26 30 37 42 55 56 63 68 95 99 106 
0 3 10 15 22 26 30 37 42 55 56 67 72 95 99 106 
0 3 16 20 25 29 33 37 39 50 58 62 66 83 96 100 
0 3 16 20 25 29 33 37 39 50 58 62 66 92 96 100 
0 3 16 20 25 29 33 37 39 50 62 66 92 96 100 104 
0 5 13 20 26 32 40 46 55 57 64 71 90 97 104 
0 6 13 20 25 32 40 46 55 57 64 71 90 97 104 
0 6 13 20 25 32 40 46 57 64 71 83 90 97 104 
0 6 13 20 25 32 40 47 57 64 71 83 90 97 105 
