0 2 9 16 23 31 38 44 51 58 65 72 85 92 99 106 
0 3 9 16 23 31 38 44 51 58 65 72 85 92 99 106 
0 3 10 16 23 27 31 38 45 58 65 72 85 92 99 106 
0 3 10 16 23 31 38 45 51 58 65 72 85 92 99 106 
0 3 10 17 23 27 31 38 45 58 65 72 85 92 99 106 
0 3 10 17 23 31 38 44 51 58 65 72 85 92 99 106 
0 3 10 17 27 31 38 39 45 58 65 72 82 86 93 100 
0 3 10 17 27 31 38 39 45 58 65 72 86 92 99 106 
0 3 10 17 27 31 38 39 45 58 65 72 86 93 99 106 
0 3 10 17 27 32 38 39 45 58 65 72 82 86 93 100 
0 3 10 17 27 32 38 39 45 58 65 72 86 93 99 106 
0 3 10 17 27 32 39 40 45 58 65 72 82 86 93 100 
0 3 10 17 27 32 39 40 45 58 65 72 86 93 100 106 
0 4 10 17 27 31 38 39 45 58 65 72 86 93 99 106 
