0 1 4 8 13 27 30 36 39 41 56 63 82 84 91 107 
0 1 6 13 17 27 29 34 41 45 56 67 72 84 100 107 
0 1 6 13 17 27 29 36 39 41 45 56 67 72 84 107 
0 1 6 13 17 27 29 39 41 45 56 67 72 84 99 107 
0 1 6 13 17 27 29 39 41 45 56 67 72 84 100 107 
0 1 6 13 27 29 36 39 41 45 56 63 67 72 84 107 
0 1 8 13 17 27 29 36 39 45 52 56 67 83 106 107 
0 1 8 13 27 29 36 39 52 56 63 67 83 91 106 107 
0 2 6 10 14 18 22 26 29 33 37 41 45 49 71 75 
0 2 6 10 14 18 22 26 29 33 37 41 45 49 71 85 
0 2 6 10 14 18 22 26 29 33 37 45 49 85 94 105 
0 2 6 10 14 18 22 26 29 33 41 45 49 85 94 101 
0 2 6 10 14 18 22 26 29 33 45 49 85 94 101 105 
0 2 6 10 14 18 22 26 29 37 41 45 49 71 85 97 
0 2 6 10 14 18 22 26 29 37 41 45 49 85 94 97 
0 2 6 10 14 18 22 26 29 37 45 49 85 94 97 105 
0 2 6 10 14 18 22 26 29 41 45 49 85 94 97 101 
0 2 6 10 14 18 22 26 33 37 41 45 49 71 85 93 
0 2 6 10 14 22 26 29 33 37 45 49 63 85 94 105 
