0 1 5 9 20 30 39 41 45 59 64 75 79 84 99 107 
0 1 5 9 20 30 39 41 45 59 64 75 79 90 95 99 
0 1 5 9 20 30 39 41 45 59 64 75 79 90 99 107 
0 1 5 9 20 30 39 41 45 60 64 75 79 84 99 107 
0 1 5 9 20 30 39 41 45 60 64 75 79 90 95 99 
0 1 5 9 20 30 39 41 45 60 64 75 84 99 104 107 
0 1 5 9 20 30 39 41 45 60 64 75 84 100 104 107 
0 1 5 9 20 30 41 45 54 59 64 75 79 84 99 107 
0 1 5 9 20 30 41 45 54 60 64 75 79 84 99 107 
0 1 5 9 20 30 41 45 54 60 64 75 84 99 104 107 
0 1 5 9 20 30 41 45 54 60 64 75 84 100 104 107 
0 1 5 9 20 36 39 41 45 59 64 75 79 84 99 107 
0 1 5 9 20 36 39 41 45 59 64 75 79 90 95 99 
0 1 5 9 20 36 39 41 45 59 70 74 79 84 99 107 
0 1 5 9 20 36 39 41 45 59 70 74 79 90 95 99 
0 1 5 9 20 36 39 41 45 59 70 74 79 90 95 105 
0 1 5 9 20 36 39 41 45 59 70 74 80 90 95 105 
0 1 5 9 20 36 39 41 45 59 70 75 79 84 99 107 
0 1 5 9 20 36 39 41 45 59 70 75 79 90 95 99 
0 1 5 9 20 36 39 41 45 59 70 75 79 90 95 105 
0 1 5 9 20 36 39 41 45 59 70 75 80 90 95 105 
0 1 5 9 20 36 39 41 45 60 64 75 79 90 95 99 
0 1 5 9 20 36 39 45 52 59 64 75 79 84 99 107 
0 1 5 9 20 36 39 45 52 59 64 75 79 90 95 99 
0 1 5 9 20 36 39 45 52 59 70 74 79 84 99 107 
0 1 5 9 20 36 39 45 52 59 70 74 79 90 95 99 
0 1 5 9 20 36 39 45 52 59 70 74 79 90 95 105 
0 1 5 9 20 36 39 45 52 59 70 74 80 90 95 105 
0 1 5 9 20 36 39 45 52 59 70 75 79 84 99 107 
0 1 5 9 20 36 39 45 52 59 70 75 79 90 95 99 
0 1 5 9 20 36 39 45 52 59 70 75 79 90 95 105 
0 1 5 9 20 36 39 45 52 59 70 75 80 90 95 105 
0 1 5 9 20 36 39 45 52 60 64 75 79 84 99 107 
0 1 5 9 20 36 39 45 52 60 64 75 79 90 95 99 
0 1 5 9 20 36 39 45 52 60 64 75 84 99 104 107 
0 1 5 9 20 36 39 45 52 60 64 75 84 100 104 107 
0 1 5 9 20 36 45 52 54 59 64 75 79 84 99 107 
0 1 5 9 20 36 45 52 54 59 70 74 79 84 99 107 
0 1 5 9 20 36 45 52 54 59 70 75 79 84 99 107 
0 1 5 10 14 30 41 45 54 59 64 75 79 84 99 107 
0 1 5 10 14 30 41 45 54 60 64 75 79 84 99 107 
0 1 5 10 14 30 41 45 54 60 64 75 84 89 100 104 
0 1 5 10 14 30 41 45 54 60 64 75 84 99 104 107 
0 1 5 10 14 30 41 45 54 60 64 75 84 100 104 107 
0 1 5 10 14 30 41 45 54 60 64 75 85 89 100 104 
0 1 5 10 14 36 41 45 54 59 64 75 79 84 99 107 
0 1 5 10 14 36 41 45 54 59 70 74 79 84 99 107 
0 1 5 10 14 36 41 45 54 59 70 75 79 84 99 107 
0 1 5 10 14 36 41 45 54 60 64 75 79 84 99 107 
0 1 5 10 14 36 41 45 54 60 64 75 84 89 100 104 
0 1 5 10 14 36 41 45 54 60 64 75 84 99 104 107 
0 1 5 10 14 36 41 45 54 60 64 75 85 89 100 104 
0 1 5 10 14 36 45 52 54 59 64 75 79 84 99 107 
0 1 5 10 14 36 45 52 54 59 70 74 79 84 99 107 
0 1 5 10 14 36 45 52 54 59 70 75 79 84 99 107 
0 1 5 10 14 36 45 52 54 60 64 75 79 84 99 107 
0 1 5 10 14 36 45 52 54 60 64 75 84 99 104 107 
0 1 5 10 14 36 45 52 54 60 64 75 85 89 100 104 
0 1 5 10 20 30 41 45 54 59 64 75 79 84 99 107 
0 1 5 10 20 30 41 45 54 60 64 75 79 84 99 107 
0 1 5 10 20 30 41 45 54 60 64 75 84 99 104 107 
0 1 5 10 20 30 41 45 54 60 64 75 84 100 104 107 
0 1 5 10 20 36 41 45 54 59 64 75 79 84 99 107 
0 1 5 10 20 36 41 45 54 59 70 74 79 84 99 107 
0 1 5 10 20 36 41 45 54 59 70 75 79 84 99 107 
0 1 5 10 20 36 41 45 54 60 64 75 84 99 104 107 
0 1 5 10 20 36 41 45 54 60 64 75 84 100 104 107 
0 1 5 10 20 36 45 52 54 59 64 75 79 84 99 107 
0 1 5 10 20 36 45 52 54 59 70 74 79 84 99 107 
0 1 5 10 20 36 45 52 54 59 70 75 79 84 99 107 
0 1 5 10 20 36 45 52 54 60 64 75 84 100 104 107 
0 1 5 10 21 36 45 52 54 60 64 75 79 91 106 107 
0 1 5 10 21 36 45 52 56 60 64 75 85 94 96 100 
0 1 5 16 20 36 41 45 54 59 64 75 79 84 99 107 
0 1 5 16 20 36 41 45 54 59 70 74 79 84 99 107 
0 1 5 16 20 36 41 45 54 59 70 74 79 90 99 107 
0 4 8 19 23 24 29 44 52 64 68 81 89 93 104 
