0 1 5 14 22 27 28 34 43 56 64 73 85 93 102 106 
0 1 5 14 22 27 28 34 43 64 73 79 85 93 102 106 
0 1 5 14 22 28 34 43 51 56 64 73 85 93 102 106 
0 1 5 14 27 34 38 42 47 64 79 84 93 97 101 106 
0 1 5 14 27 34 38 43 47 64 79 84 93 97 101 106 
0 1 5 14 27 34 38 43 47 64 79 84 93 97 102 106 
0 1 5 14 27 34 42 47 64 73 79 84 93 97 101 106 
0 1 5 14 27 34 42 47 64 73 79 84 93 97 102 106 
0 1 5 14 27 34 43 47 56 64 73 84 93 97 102 106 
0 1 5 14 27 34 43 47 64 73 79 84 93 97 101 106 
0 1 5 14 27 34 43 47 64 73 79 84 93 97 102 106 
0 1 5 14 34 38 43 47 51 64 79 84 93 97 101 106 
0 1 5 14 34 42 47 51 64 73 79 84 93 97 102 106 
0 1 5 14 34 43 47 51 64 73 79 84 93 97 102 106 
0 1 5 29 34 38 42 47 51 79 84 88 93 97 101 106 
0 1 5 34 38 42 47 51 64 79 84 88 93 97 101 106 
0 1 5 34 38 42 47 51 64 79 84 88 93 97 102 106 
0 1 5 34 38 43 47 51 64 79 84 88 93 97 101 106 
0 1 27 30 34 40 43 47 54 56 84 89 93 97 102 106 
0 4 9 14 21 27 30 35 42 47 62 67 72 79 93 94 105 
0 4 9 14 21 27 30 35 42 47 67 72 79 93 94 98 105 
0 4 9 16 21 25 30 37 42 47 62 67 79 88 93 100 105 
0 6 13 20 25 32 40 46 55 57 64 71 90 97 104 
0 6 13 20 25 32 40 46 57 64 71 83 90 97 104 
0 6 13 20 25 32 40 47 57 64 71 83 90 97 105 
0 6 13 20 26 31 40 46 55 57 63 71 90 97 104 
0 6 13 20 26 31 40 46 55 57 64 71 90 97 104 
