0 1 5 9 13 17 29 33 37 41 56 82 99 103 107 
0 1 5 9 13 17 29 33 37 56 75 82 99 103 107 
0 1 5 9 13 17 29 33 41 56 71 82 99 103 107 
0 1 5 9 13 17 29 33 41 56 71 87 99 103 107 
0 1 6 11 27 39 43 48 63 67 72 80 91 104 107 
0 1 6 13 27 29 38 43 67 74 86 91 99 104 107 
0 1 6 27 29 38 43 47 67 80 86 91 99 104 107 
0 1 6 27 29 38 43 48 67 80 86 91 99 104 107 
0 1 6 27 34 38 43 48 63 80 86 91 100 104 107 
0 2 6 11 27 34 43 48 63 72 80 91 100 104 107 
0 2 6 27 34 38 43 48 63 80 86 91 100 104 107 
0 2 6 27 34 40 43 48 63 80 86 91 100 104 107 
0 2 7 13 17 21 29 33 40 43 54 60 64 68 80 86 91 105 
0 2 11 27 34 40 43 48 55 63 80 91 100 105 107 
