0 1 5 9 15 19 35 45 49 60 64 68 75 80 84 105 107 
0 1 5 9 15 19 35 45 49 64 68 75 80 84 99 105 107 
0 1 5 9 15 19 35 46 50 65 69 75 80 85 99 105 107 
0 1 5 10 15 19 29 34 39 60 64 69 74 79 84 105 
0 1 5 10 15 19 29 34 39 60 64 69 74 84 93 105 
0 1 5 10 15 19 29 39 51 60 64 69 74 79 84 105 
0 1 5 10 15 19 34 37 46 60 64 69 79 84 96 105 
0 1 5 10 15 19 34 37 46 60 65 69 79 84 96 105 
0 1 5 10 15 19 34 39 46 60 64 69 74 79 84 105 
0 1 5 10 15 19 34 39 46 60 64 69 74 84 93 105 
0 1 5 10 15 19 34 39 46 60 65 69 74 79 84 105 
0 1 5 10 15 19 34 39 46 60 65 69 74 84 93 105 
0 1 5 10 15 19 34 46 60 64 69 74 79 84 96 105 
0 1 5 10 15 19 39 46 51 60 64 69 74 79 84 105 
0 1 5 10 15 20 29 34 39 60 64 69 74 79 84 89 
0 1 5 10 15 20 29 34 39 60 64 69 74 79 84 105 
0 1 5 10 15 20 29 34 39 60 69 74 79 84 89 103 
0 1 5 10 15 20 29 39 51 60 69 74 79 84 89 103 
0 1 5 10 15 20 30 34 39 60 65 69 74 79 84 89 
0 1 5 10 15 20 30 39 51 60 65 69 74 79 84 89 
0 1 5 10 15 20 30 39 51 60 65 69 74 79 89 101 
0 1 5 10 15 20 30 39 51 60 65 70 74 79 84 89 
0 1 5 10 15 20 30 39 51 60 65 70 74 79 89 101 
0 1 5 10 15 20 32 37 46 51 60 65 79 84 96 106 
0 1 5 10 15 20 32 37 46 51 60 65 79 96 101 106 
0 1 5 10 15 20 32 46 51 60 65 74 79 84 96 106 
0 1 5 10 15 20 32 46 51 60 65 74 79 96 101 106 
0 1 5 10 15 20 34 37 46 60 64 69 79 84 96 105 
0 1 5 10 15 20 34 37 46 60 65 69 79 84 89 96 
0 1 5 10 15 20 34 37 46 60 65 69 79 84 96 105 
0 1 5 10 15 20 34 39 46 60 65 69 74 79 84 89 
0 1 5 10 15 20 34 46 60 64 69 74 79 84 96 105 
0 1 5 10 15 20 34 46 60 65 69 74 79 84 89 96 
0 1 5 10 15 20 34 46 60 65 69 74 79 84 96 105 
0 1 5 10 15 20 37 46 51 56 60 65 70 84 96 106 
0 1 5 10 15 20 37 46 51 56 60 65 70 96 101 106 
0 1 5 10 15 20 37 46 51 60 64 69 79 84 96 105 
0 1 5 10 15 20 37 46 51 60 65 69 79 84 89 96 
0 1 5 10 15 20 37 46 51 60 65 69 79 89 96 101 
0 1 5 10 15 20 37 46 51 60 65 70 79 96 101 106 
0 1 5 10 15 20 39 46 51 60 65 69 74 79 84 89 
0 1 5 10 15 20 46 51 60 65 69 74 79 84 89 96 
0 1 5 10 15 20 46 51 60 65 69 74 79 84 96 105 
0 1 5 10 15 20 46 51 60 65 69 74 79 89 96 101 
0 1 5 10 15 29 32 39 51 60 64 74 79 84 91 105 
0 1 5 10 15 32 37 46 51 60 64 79 84 91 96 105 
0 1 5 10 15 32 37 46 51 60 65 79 84 91 96 105 
0 1 5 10 15 32 37 46 51 60 65 79 84 91 96 106 
0 1 5 10 15 32 39 46 51 60 65 74 79 91 101 106 
0 1 5 10 15 32 46 51 60 64 74 79 84 91 96 105 
0 1 5 10 15 32 46 51 60 65 74 79 84 91 96 105 
0 1 5 10 15 34 37 46 60 64 69 79 84 91 96 105 
0 1 5 10 20 37 46 51 56 60 65 70 84 87 96 106 
0 1 5 11 15 31 35 45 54 60 64 75 80 84 91 105 107 
0 1 5 12 16 32 36 46 61 65 75 79 85 91 94 106 107 
0 1 5 15 31 34 46 55 60 65 74 79 85 91 96 105 
