0 1 5 9 13 17 21 27 29 33 56 75 82 99 103 107 
0 1 5 9 13 17 21 29 33 37 56 60 82 99 103 107 
0 1 5 9 13 17 21 29 33 37 56 75 82 99 103 107 
0 1 5 9 13 17 21 29 33 37 60 71 82 99 103 107 
0 1 5 9 13 17 29 33 37 54 56 60 67 91 99 103 
0 1 5 9 13 17 29 33 37 54 56 60 82 91 99 103 
0 1 5 9 13 17 29 33 37 54 56 67 75 91 99 103 
0 1 5 9 13 17 29 33 37 54 56 75 82 91 99 103 
0 1 5 9 13 17 29 33 37 56 60 67 91 99 103 107 
0 1 5 9 13 18 29 33 51 56 60 63 67 91 99 107 
0 1 5 9 13 18 29 33 51 56 60 63 82 91 99 107 
0 1 5 9 13 18 29 33 51 60 63 71 82 91 99 107 
0 1 6 13 18 23 30 34 51 57 62 67 90 100 107 
0 1 6 13 18 23 30 34 51 57 62 67 100 105 107 
0 1 13 18 23 27 30 35 47 57 62 67 90 100 107 
0 1 13 18 23 29 34 46 51 57 62 66 90 100 107 
