0 2 5 15 20 37 42 47 54 57 69 74 82 85 97 102 
0 2 5 15 20 37 42 47 54 57 69 74 82 92 97 102 
0 2 5 15 20 37 42 47 54 64 69 74 82 85 97 102 
0 2 5 15 20 37 42 47 54 64 69 74 82 92 97 102 
0 2 7 12 17 22 27 30 35 52 56 61 66 89 95 99 
0 2 7 12 17 22 27 30 35 52 57 62 67 89 95 99 
0 2 7 12 17 22 27 30 35 52 57 62 67 90 100 107 
0 2 7 12 17 22 30 35 45 52 56 61 66 89 95 99 
0 2 7 12 17 22 30 35 45 52 57 62 67 89 95 99 
0 2 7 12 17 27 30 35 47 56 61 66 84 89 95 106 
0 2 7 12 17 27 30 35 47 57 62 67 82 85 90 107 
0 2 7 12 17 27 30 35 47 57 62 67 85 90 100 107 
0 2 7 12 17 27 30 35 52 56 61 66 84 89 95 99 
0 2 7 12 17 27 30 35 52 56 61 66 84 89 95 106 
0 2 7 12 17 27 30 35 52 57 62 67 82 84 89 95 
0 2 7 12 17 27 30 35 52 57 62 67 82 85 90 107 
0 2 7 12 17 27 30 35 52 57 62 67 85 90 100 107 
0 2 7 12 27 30 35 39 47 56 61 66 84 89 101 106 
0 2 7 12 27 30 35 39 52 56 61 66 84 89 95 106 
0 2 7 12 27 30 35 39 52 56 61 66 84 89 101 106 
0 2 7 12 27 30 35 47 54 57 62 67 85 90 100 107 
0 2 7 17 20 27 30 35 47 57 62 67 85 90 100 107 
0 2 14 17 20 27 30 35 47 56 61 66 93 96 99 
0 3 8 13 18 23 26 30 35 52 56 61 74 91 96 101 106 
