0 1 5 8 12 19 31 38 43 49 54 61 67 79 85 92 98 
0 1 5 12 18 23 31 36 42 49 61 72 80 85 91 98 103 
0 1 5 12 18 23 31 36 43 49 61 72 80 85 91 98 103 
0 1 5 12 18 31 38 42 49 54 61 67 72 80 85 91 98 
0 1 5 12 19 23 31 36 42 49 61 72 80 85 91 98 103 
0 1 5 12 19 23 31 36 42 49 61 72 80 85 92 98 103 
0 1 5 12 19 23 31 36 43 49 61 72 79 85 92 98 103 
0 1 5 12 19 31 38 43 49 54 61 67 72 79 85 92 98 
0 1 5 12 19 31 38 43 49 54 61 67 72 80 85 92 98 
0 1 6 12 18 23 31 36 43 49 61 72 80 85 91 98 103 
0 2 7 12 19 25 32 37 39 42 45 49 61 74 92 104 
0 2 7 12 19 25 32 37 39 42 49 61 74 80 91 104 
0 2 7 12 19 25 32 37 39 42 49 61 74 80 92 104 
0 2 7 12 19 25 32 37 39 42 49 61 80 84 91 104 
0 2 7 12 19 25 32 37 39 42 49 61 80 84 92 104 
0 2 7 12 19 25 32 37 39 42 50 61 74 80 92 104 
0 2 7 12 19 25 32 37 39 42 50 61 80 84 92 104 
0 2 7 12 19 25 32 37 39 45 49 61 74 87 92 104 
0 2 7 12 19 25 32 37 39 45 50 61 74 87 92 104 
0 2 7 12 19 25 32 37 39 49 61 74 80 87 91 104 
0 2 7 12 19 25 32 37 39 49 61 74 80 87 92 104 
0 2 7 12 19 25 32 37 39 49 61 80 84 87 91 104 
0 2 7 12 19 25 32 37 39 49 61 80 84 87 92 104 
0 2 7 12 19 25 32 37 39 50 61 74 80 87 92 104 
0 2 7 12 19 32 37 39 42 49 61 74 80 91 99 104 
0 2 7 12 19 32 37 39 42 49 61 74 80 92 99 104 
0 2 7 12 19 32 37 39 42 49 61 80 84 91 99 104 
0 2 7 12 19 32 37 39 42 49 61 80 84 92 99 104 
0 2 7 12 19 32 37 39 42 50 62 80 84 92 99 104 
0 2 7 12 19 32 37 39 45 49 61 74 87 92 99 104 
0 2 7 12 19 32 37 39 45 50 61 74 87 92 99 104 
0 2 7 12 19 32 37 39 49 61 74 80 87 91 99 104 
0 2 7 12 19 32 37 39 49 61 74 80 87 92 99 104 
0 2 7 12 19 32 37 39 50 61 74 80 87 92 99 104 
0 2 7 12 19 32 37 39 50 62 80 84 87 92 99 104 
0 2 7 12 19 32 37 45 49 52 61 69 74 87 92 99 
0 2 7 12 19 32 37 49 61 69 74 80 87 91 99 104 
0 2 7 12 19 32 39 45 49 55 61 74 87 92 99 104 
0 2 7 12 19 32 45 49 52 55 61 69 74 87 92 99 
0 2 7 19 25 32 37 39 45 50 57 61 74 87 92 104 
0 2 7 19 25 32 37 39 50 57 61 74 80 87 92 104 
0 2 7 19 32 37 39 45 50 57 61 74 87 92 99 104 
0 2 7 19 32 37 39 45 50 57 62 74 87 92 99 104 
0 3 7 12 20 33 38 45 50 54 62 74 87 92 100 105 
0 3 7 12 20 33 38 50 54 62 74 80 87 92 100 105 
