0 1 6 13 18 25 38 43 50 55 
0 1 6 13 18 25 39 47 55 
0 1 6 14 22 36 43 48 55 
0 1 6 14 22 36 43 48 56 
0 1 6 14 22 36 43 50 55 
0 1 6 14 22 38 43 50 55 
0 1 6 14 22 38 43 51 56 
0 1 6 14 22 39 47 55 
0 1 8 15 22 36 43 48 55 
0 1 8 15 22 36 43 48 56 
0 1 8 15 22 36 43 50 55 
0 1 8 15 22 36 43 50 58 
0 1 8 15 22 36 43 51 56 
0 1 8 15 22 36 43 51 58 
0 1 8 15 22 36 44 49 56 
0 1 8 15 22 36 44 51 56 
0 1 8 15 22 36 44 51 58 
0 1 8 15 22 38 43 50 58 
0 1 8 15 22 38 43 51 56 
0 1 8 15 22 38 43 51 58 
0 1 8 15 22 38 45 50 58 
0 1 8 15 22 38 46 51 58 
0 1 8 15 22 39 44 51 56 
0 1 8 15 22 39 44 51 58 
0 1 8 15 22 39 46 51 58 
0 1 8 15 22 39 47 55 
0 1 8 15 23 36 43 48 55 
0 1 8 15 23 36 43 50 55 
0 1 8 15 23 36 43 50 58 
0 1 8 15 23 36 43 51 58 
0 1 8 15 23 36 44 51 58 
0 1 8 15 23 38 43 50 55 
0 1 8 15 23 38 43 50 58 
0 1 8 15 23 39 44 51 58 
0 1 8 15 23 39 46 51 58 
0 1 8 15 23 39 47 55 
0 1 9 14 22 36 43 48 55 
0 1 9 14 22 36 43 48 56 
0 1 9 14 22 36 43 50 55 
0 1 9 14 22 36 43 50 58 
0 1 9 14 22 36 43 51 56 
0 1 9 14 22 36 43 51 58 
0 1 9 14 22 36 44 49 56 
0 1 9 14 22 36 44 51 56 
0 1 9 14 22 38 43 50 58 
0 1 9 14 22 38 43 51 56 
0 1 9 14 22 38 43 51 58 
0 1 9 14 22 38 45 50 58 
0 1 9 14 22 38 46 51 58 
0 2 7 14 22 36 43 48 56 
0 2 7 14 22 36 43 50 57 
0 2 7 14 22 36 43 51 56 
0 2 7 14 22 38 43 50 57 
0 2 7 14 22 38 43 51 56 
0 2 7 14 22 38 45 50 57 
0 2 7 15 22 36 43 50 57 
0 2 7 15 22 36 43 51 56 
0 2 7 15 22 36 44 49 56 
0 2 7 15 22 38 43 50 57 
0 2 7 15 22 38 43 51 56 
0 2 7 15 22 39 44 51 56 
0 2 7 15 23 38 43 50 57 
0 2 9 14 22 36 43 50 57 
0 2 9 14 22 36 43 51 56 
0 2 9 16 23 31 38 45 52 
0 2 9 17 22 36 44 49 57 
0 3 8 15 22 39 46 53 58 
0 3 8 15 23 39 46 51 58 
0 3 8 16 23 39 44 51 58 
0 6 14 22 30 38 45 53 
0 6 14 22 30 38 46 53 
0 7 14 22 30 38 46 53 
