0 1 6 13 18 32 48 52 
0 1 6 13 18 34 41 48 
0 1 6 13 18 34 41 49 
0 1 6 13 18 34 42 49 
0 1 6 13 18 35 42 49 
0 1 6 13 18 35 48 52 
0 1 6 13 21 34 41 48 
0 1 6 13 21 34 41 49 
0 1 6 13 21 34 42 49 
0 1 6 13 21 35 42 49 
0 1 6 13 21 35 43 48 
0 1 6 13 21 35 48 52 
0 1 6 14 19 34 41 48 
0 1 6 14 19 34 41 49 
0 1 6 14 19 34 42 49 
0 1 6 14 19 35 43 48 
0 2 7 14 19 34 42 50 
0 2 7 14 19 35 42 50 
0 2 7 14 21 34 41 49 
0 2 7 14 21 34 42 49 
0 2 7 14 21 34 42 50 
0 2 7 14 21 35 42 49 
0 2 10 18 34 41 49 
0 2 10 18 34 42 49 
0 2 10 18 34 42 50 
0 3 10 18 26 32 40 46 
0 3 11 18 26 32 40 46 
0 3 11 18 26 32 45 52 
0 4 11 18 25 32 40 46 
0 4 11 18 25 32 40 47 
0 4 11 18 25 32 47 52 
0 4 11 19 25 32 40 47 
0 5 10 18 26 32 40 46 
0 5 12 19 24 34 41 48 
