0 1 12 16 23 25 29 40 46 51 56 67 79 83 
0 1 12 16 23 25 29 40 46 52 56 67 79 83 
0 1 12 16 23 25 29 40 46 52 56 79 83 88 
0 1 12 16 23 25 29 40 46 52 56 79 84 88 
0 1 12 16 23 25 29 40 51 56 67 74 78 83 
0 1 12 16 23 25 29 40 51 56 67 74 79 83 
0 1 12 17 23 25 29 40 46 51 56 67 79 83 
0 2 6 17 22 25 30 44 46 51 56 67 79 83 
0 2 6 17 22 25 30 44 46 52 56 67 79 83 
0 2 6 17 22 25 30 44 46 52 56 73 84 88 
0 2 6 17 22 25 30 44 46 52 56 79 83 88 
0 2 6 17 22 25 30 44 46 52 56 79 84 88 
0 2 6 17 22 25 30 44 52 56 73 80 84 88 
0 2 7 11 22 25 30 44 52 56 73 80 84 88 
0 2 7 17 22 25 30 44 52 56 73 80 84 88 
0 2 7 18 22 25 30 44 52 56 73 80 84 88 
0 2 7 18 22 25 30 44 52 56 80 81 84 88 
0 2 12 17 23 25 29 40 46 51 56 67 79 83 
0 2 12 17 23 25 29 40 46 52 56 67 79 83 
0 2 12 17 23 25 29 40 46 52 56 79 83 88 
0 2 12 17 23 25 29 40 46 52 56 79 84 88 
0 2 13 17 22 25 29 40 46 51 56 67 79 83 
0 2 13 17 22 25 29 40 46 52 56 67 79 83 
0 2 13 17 22 25 29 40 46 52 56 79 83 88 
0 2 13 17 22 25 29 40 46 52 56 79 84 88 
0 2 13 17 22 25 29 40 52 56 75 79 84 88 
0 2 13 17 22 25 29 40 52 56 79 80 84 88 
0 2 13 17 22 25 29 40 52 56 80 81 84 88 
0 2 13 17 22 25 30 40 51 56 67 75 79 83 
0 2 13 17 22 25 30 40 52 56 67 75 79 84 
0 2 13 17 22 25 30 40 52 56 75 79 84 88 
0 2 13 17 22 25 30 41 51 56 67 75 79 83 
0 2 13 17 22 25 30 44 46 51 56 67 79 83 
0 2 13 17 22 25 30 44 46 52 56 79 83 88 
0 2 13 17 22 25 30 44 51 56 67 75 79 83 
0 2 13 17 22 25 30 44 52 56 73 80 84 88 
0 2 13 17 22 26 30 41 51 56 67 75 79 83 
