0 2 5 9 22 28 34 46 50 55 62 73 81 85 
0 2 7 14 19 25 32 37 50 55 73 78 85 90 
0 2 7 14 19 25 34 37 50 55 73 78 85 90 
0 2 7 14 19 25 37 42 48 55 60 73 78 90 
0 2 7 14 19 25 37 42 48 55 60 78 83 90 
0 2 7 14 19 25 37 42 50 55 73 78 85 90 
0 2 7 14 19 26 34 37 48 55 60 78 83 90 
0 2 7 14 19 26 34 38 48 55 60 73 78 90 
0 2 7 14 19 26 34 38 48 55 60 78 83 90 
0 2 9 16 28 35 42 47 52 59 69 77 84 
0 2 9 16 28 35 42 47 52 59 69 77 85 
0 2 9 16 28 35 42 47 52 59 69 78 85 
0 2 9 16 28 35 42 52 59 69 71 78 85 
