0 1 4 9 14 17 24 35 54 57 68 72 77 88 
0 1 4 9 14 17 24 54 57 62 68 72 77 88 
0 1 6 9 14 17 24 32 54 57 62 68 77 80 
0 1 6 9 14 17 24 32 54 57 62 68 77 88 
0 1 6 9 14 17 24 32 54 62 68 77 80 85 
0 1 6 9 14 17 24 32 54 62 68 77 85 88 
0 1 6 9 14 17 24 54 59 62 68 77 80 85 
0 1 6 9 14 22 24 32 54 62 68 77 80 85 
0 1 6 9 14 22 24 54 59 62 68 77 80 85 
0 1 6 9 14 22 32 51 54 62 68 77 80 85 
0 1 6 11 14 22 32 37 51 54 62 68 80 85 
0 1 6 11 14 22 32 37 51 54 62 74 80 85 
0 1 6 14 17 24 32 37 54 57 68 77 80 90 
0 1 6 14 17 24 32 37 54 62 68 77 80 85 
0 1 6 14 17 24 32 37 54 62 68 77 85 88 
0 1 6 14 17 24 37 54 59 68 77 80 85 90 
0 1 6 14 22 24 32 37 54 62 68 77 80 85 
0 1 6 14 22 24 32 37 54 62 68 77 85 88 
0 1 6 14 22 24 32 37 54 62 74 77 85 88 
0 1 6 14 22 24 32 37 54 68 77 80 85 90 
0 1 6 14 22 37 51 54 59 68 77 80 85 90 
0 3 6 11 14 19 22 29 37 51 59 74 82 90 
