0 1 6 10 17 28 32 37 51 58 62 73 80 81 89 
0 1 7 19 25 32 37 43 48 60 73 77 84 89 
0 1 7 19 25 32 37 43 49 60 73 77 84 89 
0 1 8 19 23 25 32 37 48 60 73 77 84 89 
0 1 8 19 23 25 32 37 48 60 73 78 84 89 
0 1 8 19 23 25 32 37 49 60 73 77 84 89 
0 1 8 19 23 25 32 37 49 60 73 77 85 89 
0 1 8 19 23 25 32 37 49 60 73 78 84 89 
0 1 8 19 23 26 32 37 49 60 73 77 84 89 
0 1 8 19 23 26 32 37 49 60 73 77 85 89 
0 1 8 19 23 26 32 37 49 60 73 78 84 89 
0 1 8 19 23 26 32 37 49 60 73 78 85 89 
0 1 8 19 25 32 37 43 48 60 73 77 84 89 
0 1 8 19 25 32 37 43 48 60 73 78 84 89 
0 1 8 19 26 32 37 43 49 60 73 77 84 89 
0 1 8 19 26 32 37 43 49 60 73 77 85 89 
0 1 8 19 26 32 37 43 49 60 73 78 84 89 
