0 1 5 9 14 27 39 44 56 60 67 74 85 91 
0 1 5 9 14 28 39 44 56 60 67 74 85 91 
0 1 5 9 14 28 39 44 56 61 67 74 85 91 
0 1 5 9 14 30 39 43 44 56 67 85 90 91 
0 1 5 9 14 39 43 44 56 60 67 74 85 91 
0 1 5 9 14 39 43 44 56 60 67 85 89 91 
0 1 5 9 14 39 43 44 56 60 67 85 90 91 
0 1 5 9 14 39 43 44 56 61 67 85 90 91 
0 1 5 9 30 39 43 44 56 67 76 85 89 91 
0 1 5 9 30 39 43 44 56 67 76 85 90 91 
0 1 5 9 30 39 43 44 56 67 77 85 90 91 
0 1 5 10 14 23 39 44 56 61 67 85 90 91 
0 1 5 10 14 28 39 44 56 60 67 74 85 91 
0 1 5 10 14 28 39 44 56 61 67 74 85 91 
0 1 5 10 14 28 39 44 56 61 67 75 85 91 
0 1 5 10 14 28 39 44 56 61 67 85 90 91 
0 1 5 10 14 30 39 43 44 56 67 85 90 91 
0 1 5 10 14 39 43 44 56 60 67 85 90 91 
0 1 5 10 14 39 43 44 56 61 67 85 90 91 
0 1 5 10 23 30 39 44 56 67 77 85 90 91 
0 1 5 10 30 39 43 44 56 67 76 85 90 91 
0 1 5 10 30 39 43 44 56 67 77 85 90 91 
0 1 5 11 25 30 39 44 58 67 72 76 85 91 
0 1 5 12 25 30 39 44 58 67 72 76 85 91 
0 1 5 12 25 30 39 44 58 67 72 77 85 91 
0 1 5 12 26 30 39 44 58 67 72 76 85 91 
0 1 5 12 26 30 39 44 58 67 72 77 85 91 
0 1 5 12 26 30 39 44 59 67 72 77 85 91 
0 1 5 12 26 30 39 44 67 72 77 85 90 91 
0 1 5 14 23 26 39 44 61 67 72 85 90 91 
0 1 5 14 26 39 43 44 60 67 72 85 90 91 
0 1 5 14 26 39 43 44 61 67 72 85 90 91 
0 1 5 14 30 39 43 44 56 67 72 85 90 91 
0 1 5 14 39 43 44 56 60 67 72 85 90 91 
0 1 5 14 39 43 44 56 61 67 72 85 90 91 
0 1 5 23 26 30 39 44 67 72 77 85 90 91 
0 1 5 25 30 39 43 44 67 72 76 85 89 91 
0 1 5 25 30 39 43 44 67 72 76 85 90 91 
0 1 5 26 30 39 43 44 67 72 76 85 90 91 
0 1 5 26 30 39 43 44 67 72 77 85 90 91 
0 1 5 30 39 43 44 56 67 72 76 85 90 91 
0 1 5 30 39 43 44 56 67 72 77 85 90 91 
0 1 7 11 25 30 33 44 53 58 67 71 76 91 
0 1 7 11 25 30 33 44 53 58 67 72 76 91 
0 1 7 11 25 30 33 44 54 58 67 72 76 91 
0 1 7 11 25 30 35 46 54 58 67 72 76 91 
0 1 7 11 25 30 44 46 54 58 67 72 76 91 
0 1 7 11 30 33 40 44 53 58 67 76 87 91 
0 1 7 11 30 33 41 44 53 58 67 76 87 91 
0 1 7 11 30 33 41 44 54 58 67 76 87 91 
0 1 7 11 30 35 41 46 54 58 67 76 87 91 
0 1 7 11 30 41 44 46 54 58 67 76 87 91 
0 1 7 12 25 30 33 44 53 58 67 72 76 91 
0 1 7 12 25 30 33 44 53 58 67 72 77 91 
0 1 7 12 25 30 33 44 54 58 67 72 76 91 
0 1 7 12 25 30 33 44 54 58 67 72 77 91 
0 1 7 12 25 30 35 46 54 58 67 72 76 91 
0 1 7 12 25 30 35 46 54 58 67 72 77 91 
0 1 7 12 25 30 44 46 54 58 67 72 76 91 
0 1 7 12 25 30 44 46 54 58 67 72 77 91 
0 1 7 12 26 30 33 44 54 58 67 72 76 91 
0 1 7 12 26 30 33 44 54 58 67 72 77 91 
0 1 7 12 26 30 33 44 54 59 67 72 77 91 
0 1 7 12 26 30 33 44 54 67 72 77 90 91 
0 1 7 12 26 30 35 46 48 54 72 77 90 91 
0 1 7 12 26 30 35 46 54 58 67 72 76 91 
0 1 7 12 26 30 35 46 54 58 67 72 77 91 
0 1 7 12 26 30 35 46 54 59 67 72 77 91 
0 1 7 12 26 30 35 46 54 67 72 77 90 91 
0 1 7 12 26 30 44 46 54 58 67 72 76 91 
0 1 7 12 26 30 44 46 54 58 67 72 77 91 
0 1 7 12 26 30 44 46 54 59 67 72 77 91 
0 1 7 12 26 30 44 46 54 67 72 77 90 91 
0 1 7 12 30 33 41 44 53 58 67 76 87 91 
0 1 7 12 30 33 41 44 54 58 67 72 76 91 
0 1 7 12 30 33 41 44 54 58 67 72 77 91 
0 1 7 12 30 33 41 44 54 58 67 76 87 91 
0 1 7 12 30 33 41 44 54 58 67 76 88 91 
0 1 7 12 30 33 41 44 54 58 67 77 88 91 
0 1 7 12 30 33 41 44 54 59 67 77 88 91 
0 1 7 12 30 35 41 46 54 58 67 76 88 91 
0 1 7 12 30 35 41 46 54 58 67 77 88 91 
0 1 7 12 30 41 44 46 54 58 67 76 88 91 
0 1 7 12 30 41 44 46 54 58 67 77 88 91 
0 1 7 12 30 41 44 46 54 59 67 77 88 91 
0 1 7 14 27 33 40 44 53 60 67 74 87 91 
0 1 7 14 27 33 41 44 53 60 67 74 87 91 
0 1 7 14 27 33 41 44 54 60 67 74 87 91 
0 1 7 14 28 33 41 44 54 60 67 74 87 91 
0 1 8 12 26 30 35 46 54 58 67 72 76 91 
0 1 8 12 26 30 35 46 54 58 67 72 77 91 
0 1 8 12 26 30 35 46 54 59 67 72 77 91 
0 1 8 12 26 30 35 46 54 59 67 73 77 91 
0 1 8 12 26 30 35 46 54 59 67 77 88 91 
0 1 8 12 26 30 35 46 54 67 72 77 90 91 
0 1 8 12 26 30 44 46 54 58 67 72 76 91 
0 1 8 12 26 30 44 46 54 58 67 72 77 91 
0 1 8 12 26 30 44 46 54 59 67 72 77 91 
0 1 8 12 26 30 44 46 54 59 67 73 77 91 
0 1 8 12 26 30 44 46 54 59 67 77 88 91 
0 1 8 12 26 30 44 46 54 67 72 77 90 91 
0 1 8 12 30 35 42 46 54 59 67 77 88 91 
0 1 8 12 30 41 44 46 54 58 67 76 88 91 
0 1 8 12 30 41 44 46 54 58 67 77 88 91 
0 1 8 12 30 42 44 46 54 59 67 77 88 91 
0 1 8 23 26 30 44 46 54 67 72 77 90 91 
0 1 8 23 26 30 44 46 54 67 73 77 90 91 
0 1 8 26 30 43 44 46 54 67 72 76 90 91 
0 1 8 26 30 43 44 46 54 67 72 77 90 91 
0 1 9 14 30 35 39 43 46 56 67 85 90 91 
0 1 9 25 30 33 38 43 44 67 76 85 89 91 
0 1 9 30 33 38 43 44 55 67 76 85 89 91 
0 1 9 30 33 38 43 44 56 67 76 85 89 91 
0 1 9 30 33 38 43 44 56 67 76 85 90 91 
0 1 9 30 33 38 43 44 56 67 77 85 90 91 
0 1 9 30 33 39 43 44 56 67 76 85 89 91 
0 1 9 30 33 39 43 44 56 67 76 85 90 91 
0 1 9 30 33 39 43 44 56 67 77 85 90 91 
0 1 9 30 35 39 43 46 56 67 76 85 89 91 
0 1 9 30 35 39 43 46 56 67 76 85 90 91 
0 1 9 30 35 39 43 46 56 67 77 85 90 91 
0 1 9 30 39 43 44 46 56 67 76 85 90 91 
0 1 9 30 39 43 44 46 56 67 77 85 90 91 
0 1 10 23 26 31 35 39 46 48 77 86 90 91 
0 1 10 23 30 33 39 44 56 67 77 85 90 91 
0 1 10 23 30 35 39 46 48 57 77 86 90 91 
0 1 10 23 30 35 39 46 56 67 77 85 90 91 
0 1 10 23 30 35 39 46 56 67 77 86 90 91 
0 1 10 23 30 35 39 46 57 67 77 86 90 91 
0 1 10 23 30 39 44 46 56 67 77 85 90 91 
0 1 10 30 35 39 43 46 56 67 77 85 90 91 
0 1 12 26 30 35 39 46 67 72 77 85 90 91 
0 1 12 26 30 39 44 46 54 67 72 77 90 91 
0 1 12 26 30 39 44 46 67 72 77 85 90 91 
0 1 14 25 30 35 39 43 46 67 72 85 90 91 
0 1 14 26 30 35 39 43 46 67 72 85 90 91 
0 1 14 26 30 35 39 43 46 67 72 86 90 91 
0 1 23 26 30 33 39 44 67 72 77 85 90 91 
0 1 23 26 30 35 39 46 48 72 77 85 90 91 
0 1 23 26 30 35 39 46 48 72 77 86 90 91 
0 1 23 26 30 35 39 46 48 73 77 86 90 91 
0 1 23 26 30 35 39 46 67 72 77 85 90 91 
0 1 23 26 30 35 39 46 67 72 77 86 90 91 
0 1 23 26 30 35 39 46 67 73 77 86 90 91 
0 1 23 26 30 39 44 46 67 72 77 85 90 91 
0 1 23 26 30 39 44 46 67 72 77 86 90 91 
0 1 23 26 30 39 44 46 67 73 77 86 90 91 
0 1 23 26 31 35 39 46 48 72 77 85 90 91 
0 1 23 26 31 35 39 46 48 73 77 86 90 91 
0 1 26 30 35 39 43 46 67 72 76 85 90 91 
0 1 26 30 35 39 43 46 67 72 76 86 90 91 
0 1 26 30 35 39 43 46 67 72 77 85 90 91 
0 1 26 30 35 39 43 46 67 72 77 86 90 91 
0 2 7 11 15 25 29 33 49 53 57 62 71 75 
0 2 7 11 16 22 25 33 49 53 58 62 69 71 
0 2 7 13 25 31 33 42 49 53 59 71 78 89 
0 2 7 13 25 31 33 42 49 53 60 71 78 89 
0 2 7 13 25 31 33 43 49 53 60 71 78 89 
0 2 7 13 25 31 33 43 49 53 60 72 78 89 
0 2 7 13 25 31 33 43 49 54 60 72 78 89 
0 2 7 13 25 31 33 43 49 60 72 78 85 89 
0 2 7 13 25 32 33 42 49 53 60 71 78 89 
0 2 7 13 25 32 33 43 49 53 60 71 78 89 
0 2 7 13 25 32 33 43 49 53 60 72 78 89 
0 2 7 13 25 32 33 43 49 54 60 72 78 89 
0 2 7 13 25 32 33 43 49 60 72 78 85 89 
0 2 7 14 25 32 33 43 49 53 60 71 78 89 
0 2 7 14 25 32 33 43 49 54 60 72 78 89 
0 2 7 14 25 32 33 43 49 54 60 72 78 90 
0 2 7 14 25 32 33 43 49 60 72 78 85 89 
0 2 7 14 25 32 33 43 49 60 72 78 85 90 
0 2 7 14 26 32 33 43 49 54 60 72 78 90 
0 2 9 13 25 31 33 38 43 49 60 78 85 89 
0 2 9 13 25 32 33 38 43 49 60 78 85 89 
0 2 9 13 27 31 33 38 49 55 60 73 78 85 
0 2 9 13 27 31 33 38 49 56 60 74 78 85 
0 2 9 13 27 31 33 39 49 56 60 74 78 85 
0 2 9 13 31 33 38 43 49 55 60 78 85 89 
0 2 9 13 32 33 38 43 49 55 60 78 85 89 
0 2 9 22 27 32 33 38 49 55 70 74 78 85 
0 3 7 11 16 22 25 32 33 49 53 58 69 71 
0 3 7 11 16 22 25 33 49 53 58 62 69 71 
0 3 7 11 16 22 25 33 49 53 58 62 71 76 
0 3 7 11 22 25 32 33 49 53 58 69 71 79 
