0 2 9 13 17 23 26 30 39 44 74 79 80 84 
0 2 9 13 18 22 26 30 35 40 47 75 79 84 
0 2 9 13 18 23 26 30 35 39 47 74 79 84 
0 2 9 13 18 23 26 30 35 39 55 60 79 84 
0 2 9 13 18 23 26 30 35 39 55 74 79 84 
0 2 9 13 18 23 26 30 35 39 74 79 80 84 
0 2 9 13 18 23 26 30 35 40 47 60 79 84 
0 2 9 13 18 23 26 30 35 40 47 74 79 84 
0 2 9 13 18 23 26 30 35 40 47 75 79 84 
0 2 9 13 18 23 26 30 35 47 53 74 79 84 
0 2 9 13 18 23 26 30 39 44 74 79 80 84 
0 2 9 13 18 23 26 30 39 48 74 79 80 84 
0 2 9 13 18 23 26 30 47 48 53 74 79 84 
0 2 9 13 18 26 30 35 40 47 58 75 79 84 
0 2 9 13 18 26 30 35 47 53 58 75 79 84 
0 2 9 13 18 26 30 47 48 53 58 75 79 84 
0 2 9 13 22 26 30 44 50 54 71 75 79 84 
0 2 9 13 23 26 30 39 44 50 55 60 79 84 
0 2 9 13 23 26 30 39 44 50 55 74 79 84 
0 2 9 13 23 26 30 39 44 50 74 79 80 84 
0 2 9 13 26 30 38 44 50 54 58 75 79 84 
0 2 9 13 26 30 44 50 54 58 71 75 79 84 
0 2 9 14 18 23 26 30 35 39 47 74 79 84 
0 2 9 14 18 23 26 30 35 39 55 60 79 84 
0 2 9 14 18 23 26 30 35 39 55 74 79 84 
0 2 9 14 18 23 26 30 35 39 74 79 80 84 
0 2 9 14 18 23 26 30 35 40 47 60 79 84 
0 2 9 14 18 23 26 30 35 40 47 74 79 84 
0 2 9 14 18 23 26 30 35 40 47 75 79 84 
0 2 9 14 18 23 26 30 35 47 53 74 79 84 
0 2 9 14 18 23 26 31 35 39 47 74 79 84 
0 2 9 14 18 23 26 31 35 39 55 60 79 84 
0 2 9 14 18 23 26 31 35 39 55 74 79 84 
0 2 9 14 18 23 26 31 35 39 74 79 80 84 
0 2 9 14 18 23 26 31 35 40 47 60 79 84 
0 2 9 14 18 23 26 31 35 40 47 74 79 84 
0 2 9 14 18 23 26 31 35 47 53 74 79 84 
0 2 9 14 18 23 26 35 39 47 70 74 79 84 
0 2 9 14 18 23 26 35 39 55 60 70 79 84 
0 2 9 14 18 23 26 35 39 55 70 74 79 84 
0 2 9 14 18 23 26 35 39 70 74 79 80 84 
0 2 9 14 18 23 26 35 40 47 60 70 79 84 
0 2 9 14 18 23 26 35 47 53 70 74 79 84 
0 2 9 14 18 26 30 35 40 47 58 75 79 84 
0 2 9 14 18 26 30 35 47 53 58 75 79 84 
0 2 9 14 18 26 31 35 40 47 58 75 79 84 
0 2 9 14 18 26 31 35 47 53 58 75 79 84 
0 2 9 14 18 26 35 40 47 58 70 75 79 84 
0 2 9 14 19 23 26 31 47 49 53 74 79 84 
0 2 9 14 19 26 31 35 40 47 58 75 79 84 
0 2 9 14 19 26 31 36 40 47 58 75 79 84 
0 2 9 14 19 26 31 36 54 58 71 75 79 84 
0 2 9 14 19 26 31 38 49 54 58 75 79 84 
0 2 9 14 19 26 31 40 47 49 58 75 79 84 
0 2 9 14 19 26 31 47 49 53 58 75 79 84 
0 2 9 14 19 26 31 47 49 54 58 75 79 84 
0 2 9 14 19 26 31 49 54 58 71 75 79 84 
0 2 9 14 26 31 35 40 47 51 58 75 79 84 
0 2 9 18 26 30 35 40 47 58 68 75 79 84 
0 2 9 26 30 44 50 54 58 68 71 75 79 84 
0 2 11 15 19 22 32 36 40 56 75 79 84 88 
0 2 11 15 19 22 32 36 40 71 75 79 84 88 
0 2 11 15 19 22 32 36 54 71 75 79 84 88 
0 2 11 15 19 22 36 40 47 69 75 79 84 88 
0 2 11 15 19 22 36 40 69 71 75 79 84 88 
0 2 11 15 19 22 36 54 69 71 75 79 84 88 
0 2 11 15 19 22 50 54 69 71 75 79 84 88 
0 2 11 15 19 23 36 40 47 69 75 79 84 88 
0 2 11 15 19 32 36 54 58 71 75 79 84 88 
0 2 11 15 19 36 40 47 58 69 75 79 84 88 
0 2 11 15 19 50 54 58 69 71 75 79 84 88 
0 2 11 15 22 32 33 50 54 71 75 79 84 88 
0 2 11 15 22 32 36 40 52 56 75 79 84 88 
0 2 11 15 22 33 50 54 68 71 75 79 84 88 
0 2 11 15 22 33 50 54 69 71 75 79 84 88 
0 2 11 15 23 39 44 50 55 69 74 79 84 88 
0 2 11 16 22 35 40 51 56 68 75 79 84 88 
0 2 11 16 23 35 39 51 55 68 74 79 84 88 
0 2 11 22 30 35 40 51 56 68 75 79 84 88 
0 2 11 22 30 44 50 54 68 71 75 79 84 88 
0 2 11 23 30 35 39 50 55 68 74 79 84 88 
0 2 13 18 23 25 30 35 39 47 74 79 84 88 
0 2 13 18 23 25 30 35 40 47 75 79 84 88 
0 2 14 18 23 26 31 35 39 47 74 79 84 89 
0 2 14 19 23 26 31 35 40 47 75 79 84 89 
0 2 15 19 23 25 36 40 47 69 75 79 84 88 
0 2 18 23 26 30 35 39 47 68 74 79 84 88 
