0 1 6 11 16 26 31 36 46 49 54 70 73 86 
0 1 6 11 16 26 31 36 46 49 54 70 86 91 
0 1 6 11 16 26 31 36 46 49 62 70 73 86 
0 1 6 11 16 26 31 36 46 49 62 70 86 91 
0 1 6 11 16 26 31 36 46 54 57 70 86 91 
0 1 6 11 16 26 31 36 49 54 70 73 76 86 
0 1 6 11 16 26 31 36 49 54 70 76 86 91 
0 1 6 11 16 26 31 43 46 49 54 70 86 91 
0 1 6 11 16 26 31 43 46 54 57 70 86 91 
0 1 6 11 16 26 31 43 49 54 70 76 86 91 
0 1 6 11 16 26 31 43 54 57 70 76 86 91 
0 1 6 11 26 31 36 47 50 55 69 75 81 
0 1 6 16 19 26 31 43 54 57 70 76 86 91 
