0 1 6 13 19 21 34 48 53 66 70 75 
0 1 8 13 17 29 34 38 43 48 65 70 
0 1 8 13 19 21 34 43 48 66 70 75 
0 1 8 13 19 29 34 38 43 48 65 70 
0 1 8 13 19 29 34 38 43 48 66 70 
0 1 8 13 19 34 38 43 48 66 70 75 
0 2 9 13 19 21 30 35 44 49 66 71 
0 2 9 14 19 21 30 35 44 49 66 71 
0 3 8 13 24 28 33 43 55 65 76 81 
0 3 8 13 24 29 33 43 55 65 76 81 
0 3 8 13 24 29 33 43 55 65 77 81 
0 3 8 13 24 29 34 43 55 63 65 77 
0 3 8 13 24 29 34 43 55 65 77 81 
0 3 8 13 25 29 34 43 55 63 65 77 
0 3 8 13 25 29 34 43 55 63 66 77 
0 3 12 17 26 31 39 46 51 66 75 80 
0 4 8 13 20 25 29 34 55 63 77 83 
0 4 8 13 25 29 34 43 55 63 65 77 
0 5 10 24 33 38 40 46 51 66 75 80 
