0 2 9 13 17 21 24 28 32 48 53 64 71 76 
0 2 9 13 19 21 24 28 35 44 49 53 71 76 
0 2 9 13 19 21 24 28 44 48 53 64 71 76 
0 2 9 14 21 24 29 34 40 66 71 76 
0 2 9 14 24 29 33 47 51 67 71 76 
0 2 9 24 28 33 47 51 60 67 71 76 
0 2 11 15 21 30 34 40 66 71 76 80 
0 2 11 15 21 30 34 41 66 71 76 80 
0 2 11 15 21 30 34 48 66 71 76 80 
0 2 11 15 21 30 35 41 66 71 76 80 
0 2 11 15 21 30 35 41 67 71 76 80 
0 2 11 15 21 30 41 46 66 71 76 80 
0 2 11 15 21 34 40 61 66 71 76 80 
0 2 11 15 21 41 46 60 66 71 76 80 
0 2 11 15 21 41 46 61 66 71 76 80 
0 2 11 15 30 35 39 41 67 71 76 80 
0 2 11 15 30 35 41 51 67 71 76 80 
0 2 11 15 41 46 51 60 67 71 76 80 
0 2 11 16 21 35 41 60 67 71 76 80 
0 2 11 16 21 41 46 60 66 71 76 80 
0 2 11 16 35 39 41 60 67 71 76 80 
0 2 11 16 35 41 51 60 67 71 76 80 
0 2 11 16 39 42 47 60 67 71 76 80 
0 2 11 16 41 46 51 60 67 71 76 80 
0 2 14 21 24 29 34 40 66 71 76 81 
0 2 15 21 23 34 40 61 66 71 76 80 
0 2 15 21 23 41 46 61 66 71 76 80 
0 2 16 21 24 35 41 60 67 71 76 81 
0 2 16 21 24 41 46 60 66 71 76 81 
0 2 21 24 29 34 40 43 66 71 76 81 
0 4 9 13 18 19 23 28 32 37 64 69 
0 4 9 13 18 19 23 28 33 37 65 69 
