0 1 5 10 14 19 23 27 38 46 50 55 
0 1 5 10 14 19 23 27 46 51 55 65 
0 1 5 10 14 19 23 38 46 50 55 60 
0 1 5 10 14 19 23 46 51 55 60 65 
0 1 5 10 14 21 23 34 46 51 55 60 
0 1 5 10 14 23 28 32 40 51 55 65 
0 1 5 10 14 23 32 40 51 55 60 65 
0 1 5 10 14 23 34 38 46 50 55 60 
0 1 5 10 14 23 34 38 46 55 60 67 
0 1 5 10 14 23 40 46 51 55 60 65 
0 1 5 10 15 23 28 33 38 41 50 55 
0 1 5 10 15 23 28 33 38 41 55 67 
0 1 6 10 14 19 21 23 27 31 35 64 68 73 
0 1 6 10 14 19 23 27 31 36 48 53 67 73 
0 1 6 10 14 19 23 27 38 46 50 55 
0 1 6 10 14 19 23 27 46 51 55 65 
0 1 6 10 14 19 23 38 46 50 55 60 
0 1 6 10 14 19 23 46 51 55 60 65 
0 1 6 10 14 19 38 46 50 55 60 81 
0 1 6 10 14 21 23 27 32 42 44 49 68 73 
0 1 6 10 14 21 23 34 46 51 55 60 
0 1 6 10 14 21 23 34 46 51 60 73 
0 1 6 10 14 21 23 40 47 51 55 60 
0 1 6 10 14 21 23 40 47 51 60 73 
0 1 6 10 14 21 34 46 51 55 60 81 
0 1 6 10 14 21 34 46 51 60 73 81 
0 1 6 10 14 21 40 47 51 55 60 81 
0 1 6 10 14 21 40 47 51 60 73 81 
0 1 6 10 14 23 27 32 40 51 55 65 
0 1 6 10 14 23 27 32 42 44 49 53 67 73 
0 1 6 10 14 23 34 38 46 50 55 60 
0 1 6 10 14 23 34 38 46 55 60 67 
0 1 6 10 14 23 34 38 46 60 67 73 
0 1 6 10 14 23 34 46 51 55 60 65 
0 1 6 10 14 34 38 46 55 60 67 81 
0 1 6 10 14 34 38 46 60 67 73 81 
0 1 6 10 15 21 23 28 40 47 51 73 
0 1 6 10 15 21 28 40 47 51 73 81 
0 1 6 10 15 23 28 33 38 41 50 55 
0 1 6 10 15 23 28 33 38 41 55 67 
0 1 6 10 15 23 28 33 38 41 67 73 
0 1 6 10 15 28 33 38 41 50 55 81 
0 1 6 10 15 28 33 38 41 55 67 81 
0 1 6 10 15 28 33 38 41 67 73 81 
0 1 6 10 15 28 33 38 45 50 55 81 
0 1 6 10 15 33 38 41 43 50 55 81 
0 1 6 10 15 33 38 41 43 55 67 81 
0 1 6 10 17 21 23 28 42 45 49 62 68 73 
0 1 6 10 21 30 40 47 51 60 73 81 
0 1 6 10 30 34 42 53 60 67 73 81 
0 1 6 13 19 24 31 36 48 53 61 67 73 79 
