0 1 5 10 14 19 23 46 51 55 60 65 
0 1 5 10 14 21 40 47 51 55 60 65 
0 1 5 10 14 21 46 51 55 60 65 76 
0 1 5 10 14 21 47 51 55 60 65 76 
0 1 5 10 14 23 40 46 51 55 60 65 
0 1 5 10 14 23 40 51 55 60 65 74 
0 1 5 10 14 38 46 51 55 60 65 76 
0 1 5 10 15 21 40 47 51 55 60 65 
0 1 5 10 15 21 47 51 55 60 65 76 
0 1 5 10 21 40 47 51 55 60 65 73 
0 1 5 10 21 47 51 55 60 65 73 76 
0 1 6 10 14 21 30 40 47 51 60 81 
0 1 6 10 14 21 30 47 51 60 77 81 
0 1 6 10 14 21 40 47 51 55 60 65 
0 1 6 10 14 21 40 47 51 55 60 81 
0 1 6 10 14 23 30 40 47 51 60 81 
0 1 6 10 14 23 30 40 51 60 74 81 
0 1 6 10 14 30 38 51 60 74 77 81 
0 1 6 10 21 30 40 47 51 60 73 81 
0 1 6 14 30 38 46 51 60 67 76 81 
0 2 5 12 26 37 50 57 63 65 73 75 
