0 2 7 11 16 26 31 35 41 49 60 67 76 80 
0 2 7 11 16 26 35 41 51 60 67 71 76 80 
0 2 7 11 26 31 37 41 49 55 60 67 76 80 
0 2 7 15 26 34 41 52 60 67 73 80 
0 2 7 15 34 41 47 52 60 67 73 80 
0 2 8 15 28 34 41 46 52 60 67 80 82 
0 2 8 15 28 34 41 46 53 60 67 80 82 
0 2 8 15 28 35 41 46 53 60 67 80 82 
0 2 8 16 28 35 41 46 53 60 67 80 82 
0 2 9 15 28 34 41 46 53 60 67 80 82 
0 2 9 15 28 34 41 47 53 60 67 80 82 
0 2 9 15 28 35 41 46 53 60 67 74 80 
0 2 9 15 28 35 41 46 53 60 67 80 82 
0 2 9 15 28 35 41 47 53 60 67 74 80 
0 2 9 16 28 35 41 46 53 60 67 74 80 
0 2 10 15 29 34 41 47 52 60 67 80 
0 2 10 15 29 34 41 47 60 67 75 80 
0 4 8 15 20 23 34 48 52 64 68 80 82 
0 4 8 15 20 23 34 48 53 64 68 80 82 
0 4 8 15 20 23 35 48 53 64 68 80 82 
0 4 8 15 23 28 34 41 46 52 60 80 82 
0 4 8 15 23 34 41 48 52 60 68 80 82 
0 4 8 15 23 34 41 48 53 60 68 80 82 
0 4 9 15 18 24 28 35 53 60 69 74 80 
0 4 9 15 18 24 35 49 53 60 69 74 80 
0 4 9 15 18 35 44 49 53 64 69 74 80 
0 4 9 15 20 23 28 35 53 64 69 74 80 
0 4 9 15 20 23 28 35 53 64 69 80 82 
0 4 9 15 20 23 35 49 53 64 69 74 80 
0 4 9 15 20 35 44 49 53 64 69 74 80 
0 4 9 15 23 28 35 41 46 53 60 80 82 
0 4 9 15 23 28 35 41 53 60 69 74 80 
0 4 9 15 23 28 35 41 53 60 69 80 82 
0 4 9 15 23 35 41 49 53 60 69 74 80 
0 4 9 15 24 28 34 41 53 60 69 80 82 
0 4 9 15 24 28 35 41 53 60 69 80 82 
0 4 9 15 24 35 41 49 53 60 69 74 80 
0 4 9 16 18 24 35 49 53 60 69 74 81 
0 4 9 16 18 36 44 49 54 64 69 74 81 
0 4 9 16 20 23 35 49 54 64 69 74 80 
0 4 9 16 20 35 44 49 54 64 69 74 80 
0 4 9 16 23 35 41 49 53 60 69 74 80 
0 4 9 16 23 35 41 49 54 60 69 74 80 
0 4 9 16 24 35 41 49 53 60 69 74 80 
0 4 10 15 18 24 30 34 48 60 69 75 80 
0 4 10 16 18 24 30 36 48 54 60 69 75 81 
0 5 10 15 18 24 29 34 47 52 60 80 
0 5 10 15 18 24 29 34 47 60 75 80 
0 5 10 15 18 24 29 55 60 70 75 80 
0 7 15 18 26 34 44 52 64 73 80 
