0 1 5 10 15 23 28 33 38 41 45 50 55 
0 1 5 10 15 23 28 33 38 41 45 50 76 
0 1 5 10 15 23 28 33 38 41 45 55 71 
0 1 5 10 15 23 28 33 38 41 45 71 76 
0 1 5 10 15 23 28 38 41 45 52 71 76 
0 1 5 10 15 28 33 38 41 43 50 55 67 
0 1 5 10 15 28 33 38 41 43 50 67 76 
0 1 5 10 15 28 38 41 43 52 67 71 76 
0 1 5 10 16 23 28 32 38 41 45 54 71 77 
0 1 5 10 28 33 38 41 43 50 55 67 79 
0 1 5 11 16 23 28 34 38 41 45 49 77 82 
0 1 5 11 28 34 38 41 43 49 55 67 79 82 
0 1 5 13 28 38 41 43 50 55 67 74 79 
0 1 5 15 28 33 38 41 43 50 55 67 74 
0 1 5 16 28 32 38 41 43 49 54 67 77 82 
0 1 5 28 33 38 41 43 50 55 67 74 79 
0 1 6 10 15 28 33 38 41 43 50 55 67 
0 1 6 10 15 33 38 41 43 48 55 67 73 
0 1 6 10 28 33 38 41 43 50 55 67 79 
0 1 6 10 33 38 41 43 48 55 67 73 79 
0 1 6 11 16 24 29 38 46 53 61 73 77 
0 1 6 11 16 24 29 38 53 61 67 73 77 
0 1 6 11 19 24 33 48 55 61 67 73 79 
0 1 6 13 19 24 31 36 48 53 61 67 73 79 
0 1 7 15 23 30 38 41 45 52 68 76 
0 1 7 15 23 30 38 41 45 52 69 76 
0 1 7 15 24 30 38 41 45 52 69 76 
0 1 8 15 23 30 38 41 45 52 69 76 
0 1 8 15 23 31 38 41 45 52 69 76 
0 1 8 15 23 31 38 41 45 53 69 76 
0 1 8 15 23 31 38 41 45 53 69 77 
0 1 8 15 24 30 38 41 45 52 69 76 
0 1 8 15 24 30 38 41 46 52 69 76 
0 1 8 15 24 31 38 41 45 52 69 76 
0 1 8 15 24 31 38 41 45 53 69 76 
0 1 8 15 24 31 38 41 45 53 69 77 
0 1 8 15 24 31 38 41 46 52 69 76 
0 1 8 15 24 31 38 41 46 52 70 76 
0 1 8 15 24 31 38 41 46 53 69 76 
0 1 8 16 21 24 31 45 53 61 69 77 
0 2 8 15 25 31 38 46 52 62 64 70 76 
0 2 8 15 25 31 38 46 53 62 64 70 76 
0 2 9 15 25 31 38 46 53 62 64 70 76 
0 2 9 15 25 31 38 46 53 62 64 70 77 
0 2 9 15 25 31 38 47 53 62 64 70 77 
