0 1 6 13 19 24 31 36 44 52 63 67 74 
0 1 6 13 19 24 31 36 44 52 63 67 75 
0 1 6 13 19 24 31 36 44 52 63 68 75 
0 1 6 13 19 24 31 36 44 52 67 73 79 
0 1 6 13 19 24 31 36 44 52 67 73 80 
0 1 6 13 19 24 31 36 44 52 67 74 79 
0 1 6 13 19 24 31 36 44 52 67 75 80 
0 1 6 13 19 24 31 36 44 52 68 75 80 
0 1 6 13 19 24 31 36 44 52 68 80 82 
0 1 6 13 19 24 31 36 45 52 62 67 75 
0 1 6 13 19 24 31 36 45 52 62 68 75 
0 1 6 13 19 24 31 36 45 52 67 74 81 
0 1 6 13 19 24 31 36 45 52 67 75 80 
0 1 6 13 19 24 31 36 45 52 68 80 82 
0 1 6 13 19 24 31 36 45 52 68 81 82 
0 1 6 13 19 24 31 36 45 53 62 67 75 
0 1 6 13 19 24 31 36 45 53 67 74 81 
0 1 6 13 19 24 31 36 45 53 68 80 82 
0 1 6 13 19 24 31 36 45 53 68 81 82 
0 1 6 13 19 24 31 36 46 53 63 67 74 
0 1 6 13 19 24 31 36 46 53 68 81 82 
0 1 6 13 19 24 31 36 48 53 61 67 73 79 
0 1 6 13 19 27 35 43 48 55 67 73 79 
0 1 6 13 19 27 35 44 52 63 67 74 
0 1 6 13 19 27 35 44 52 63 67 75 
0 1 6 13 19 27 35 44 52 63 68 75 
0 1 6 13 19 27 35 44 52 67 73 79 
0 1 6 13 19 27 35 44 52 67 73 80 
0 1 6 13 19 27 35 44 52 67 74 79 
0 1 6 13 19 27 35 44 52 67 75 80 
0 1 6 13 19 27 35 44 52 68 75 80 
0 1 6 13 19 27 35 44 52 68 80 82 
0 1 6 13 19 27 35 45 52 62 67 75 
0 1 6 13 19 27 35 45 52 62 68 75 
0 1 6 13 19 27 35 45 52 62 68 76 
0 1 6 13 19 27 35 45 52 67 73 80 
0 1 6 13 19 27 35 45 52 67 74 81 
0 1 6 13 19 27 35 45 52 67 75 80 
0 1 6 13 19 27 35 45 52 68 75 80 
0 1 6 13 19 27 35 45 52 68 76 81 
0 1 6 13 19 27 35 45 52 68 80 82 
0 1 6 13 19 27 35 45 52 68 81 82 
0 1 6 13 19 27 35 45 53 62 67 75 
0 1 6 13 19 27 35 45 53 62 68 75 
0 1 6 13 19 27 35 45 53 62 68 76 
0 1 6 13 19 27 35 45 53 67 73 80 
0 1 6 13 19 27 35 45 53 67 74 81 
0 1 6 13 19 27 35 45 53 67 75 80 
0 1 6 13 19 27 35 45 53 68 75 80 
0 1 6 13 19 27 35 45 53 68 76 81 
0 1 6 13 19 27 35 45 53 68 80 82 
0 1 6 13 19 27 35 45 53 68 81 82 
0 1 6 13 19 27 35 46 53 61 68 76 
0 1 6 13 19 27 35 46 53 63 67 74 
0 1 6 13 19 27 35 46 53 63 67 75 
0 1 6 13 19 27 35 46 53 63 68 75 
0 1 6 13 19 27 35 46 53 67 74 81 
0 1 6 13 19 27 35 46 53 68 76 81 
0 1 6 13 19 27 35 46 53 68 81 82 
0 1 6 13 19 27 35 47 52 62 67 75 
0 1 6 13 19 27 35 47 52 62 68 75 
0 1 6 13 19 27 35 47 52 62 68 76 
0 1 6 13 19 27 35 47 52 63 67 74 
0 1 6 13 19 27 35 47 52 63 67 75 
0 1 6 13 19 27 35 47 52 63 68 75 
0 1 6 13 19 27 35 47 55 62 67 75 
0 1 6 13 19 27 35 47 55 62 68 75 
0 1 6 13 19 27 35 47 55 62 68 76 
0 1 6 13 19 27 35 47 55 63 67 74 
0 1 6 13 19 27 35 47 55 63 67 75 
0 1 6 13 19 27 35 47 55 63 68 75 
0 1 6 13 19 27 35 48 53 61 68 76 
0 1 6 13 19 27 35 48 53 62 67 75 
0 1 6 13 19 27 35 48 53 62 68 75 
0 1 6 13 19 27 35 48 53 62 68 76 
0 1 6 13 19 27 35 48 55 62 67 75 
0 1 6 13 19 27 35 48 55 62 68 75 
0 1 6 13 19 27 35 48 55 62 68 76 
0 1 6 13 24 31 36 41 44 52 63 67 74 
0 1 6 13 24 31 36 41 44 52 63 67 75 
0 1 6 13 24 31 36 41 44 52 63 69 74 
0 1 6 13 24 31 36 41 44 52 63 70 75 
0 1 6 13 24 31 36 41 44 52 67 75 80 
0 1 6 13 24 31 36 41 45 52 62 67 75 
0 1 6 13 24 31 36 41 45 52 62 69 76 
0 1 6 13 24 31 36 41 45 52 62 70 75 
0 1 6 13 24 31 36 41 45 52 67 74 81 
0 1 6 13 24 31 36 41 45 52 67 75 80 
0 1 6 13 24 31 36 41 45 52 69 74 81 
0 1 6 13 24 31 36 41 45 52 69 76 81 
0 1 6 13 24 31 36 41 45 53 62 67 75 
0 1 6 13 24 31 36 41 45 53 62 69 76 
0 1 6 13 24 31 36 41 45 53 62 70 75 
0 1 6 13 24 31 36 41 45 53 67 74 81 
0 1 6 13 24 31 36 41 45 53 67 75 80 
0 1 6 13 24 31 36 41 45 53 69 74 81 
0 1 6 13 24 31 36 41 45 53 69 76 81 
0 1 6 13 24 31 36 41 46 53 61 69 76 
0 1 6 13 24 31 36 41 46 53 61 69 77 
0 1 6 13 24 31 36 41 46 53 61 70 77 
0 1 6 13 24 31 36 41 46 53 63 69 74 
0 1 6 13 24 31 36 41 46 53 63 70 75 
0 1 6 13 24 31 36 41 46 53 63 70 77 
0 1 6 13 24 31 36 41 47 52 62 67 75 
0 1 6 13 24 31 36 41 47 52 62 69 76 
0 1 6 13 24 31 36 41 47 52 62 70 75 
0 1 6 13 24 31 36 41 47 52 62 70 78 
0 1 6 13 24 31 36 41 47 52 63 67 74 
0 1 6 13 24 31 36 41 47 52 63 67 75 
0 1 6 13 24 31 36 41 47 52 63 69 74 
0 1 6 13 24 31 36 41 47 52 63 69 77 
0 1 6 13 24 31 36 41 47 52 63 70 75 
0 1 6 13 24 31 36 41 47 52 63 70 77 
0 1 6 13 24 31 36 42 44 52 63 68 75 
0 1 6 13 24 31 36 42 44 52 63 70 75 
0 1 6 13 24 31 36 42 44 52 68 75 80 
0 1 6 13 24 31 36 42 45 52 62 68 75 
0 1 6 13 24 31 36 42 45 52 62 68 76 
0 1 6 13 24 31 36 42 45 52 62 70 75 
0 1 6 13 24 31 36 42 45 52 62 71 76 
0 1 6 13 24 31 36 42 45 52 68 75 80 
0 1 6 13 24 31 36 42 45 52 68 76 81 
0 1 6 13 24 31 36 42 45 53 62 68 75 
0 1 6 13 24 31 36 42 45 53 62 70 75 
0 1 6 13 24 31 36 42 45 53 62 71 76 
0 1 6 13 24 31 36 42 47 52 62 68 75 
0 1 6 13 24 31 36 42 47 52 62 68 76 
0 1 6 13 24 31 36 42 47 52 62 70 75 
0 1 6 13 24 31 36 42 47 52 62 70 78 
0 1 6 13 24 31 36 42 47 52 62 71 76 
0 1 6 13 24 31 36 42 47 52 62 71 78 
0 1 6 13 24 31 36 42 47 52 63 68 75 
0 1 6 13 24 31 36 42 47 52 63 70 75 
0 1 6 13 24 31 36 42 47 52 63 70 77 
0 1 6 13 27 35 41 44 52 63 67 74 
0 1 6 13 27 35 41 44 52 63 67 75 
0 1 6 13 27 35 41 44 52 63 69 74 
0 1 6 13 27 35 41 44 52 67 75 80 
0 1 6 13 27 35 41 45 52 62 67 75 
0 1 6 13 27 35 41 45 52 62 69 76 
0 1 6 13 27 35 41 45 52 62 70 75 
0 1 6 13 27 35 41 45 52 67 74 81 
0 1 6 13 27 35 41 45 52 67 75 80 
0 1 6 13 27 35 41 45 52 69 74 81 
0 1 6 13 27 35 41 45 52 69 76 81 
0 1 6 13 27 35 41 45 53 62 67 75 
0 1 6 13 27 35 41 45 53 62 69 76 
0 1 6 13 27 35 41 45 53 62 70 75 
0 1 6 13 27 35 41 45 53 67 74 81 
0 1 6 13 27 35 41 45 53 67 75 80 
0 1 6 13 27 35 41 45 53 69 74 81 
0 1 6 13 27 35 41 45 53 69 76 81 
0 1 6 13 27 35 41 46 53 61 69 76 
0 1 6 13 27 35 41 46 53 61 69 77 
0 1 6 13 27 35 41 46 53 61 70 77 
0 1 6 13 27 35 41 46 53 63 67 74 
0 1 6 13 27 35 41 46 53 63 67 75 
0 1 6 13 27 35 41 46 53 63 69 74 
0 1 6 13 27 35 41 46 53 63 69 77 
0 1 6 13 27 35 41 46 53 63 70 75 
0 1 6 13 27 35 41 46 53 63 70 77 
0 1 6 13 27 35 41 46 53 67 74 81 
0 1 6 13 27 35 41 46 53 69 74 81 
0 1 6 13 27 35 41 46 53 69 76 81 
0 1 6 13 27 35 41 47 52 62 67 75 
0 1 6 13 27 35 41 47 52 62 69 76 
0 1 6 13 27 35 41 47 52 62 70 75 
0 1 6 13 27 35 41 47 52 63 67 74 
0 1 6 13 27 35 41 47 52 63 67 75 
0 1 6 13 27 35 41 47 52 63 69 74 
0 1 6 13 27 35 41 47 52 63 69 77 
0 1 6 13 27 35 41 47 52 63 70 75 
0 1 6 13 27 35 41 47 52 63 70 77 
0 1 6 13 27 35 41 47 55 60 69 77 
0 1 6 13 27 35 41 47 55 60 70 77 
0 1 6 13 27 35 41 47 55 60 70 78 
0 1 6 13 27 35 41 47 55 62 67 75 
0 1 6 13 27 35 41 47 55 62 69 76 
0 1 6 13 27 35 41 47 55 62 70 75 
0 1 6 13 27 35 41 47 55 62 70 78 
0 1 6 13 27 35 41 47 55 63 67 74 
0 1 6 13 27 35 41 47 55 63 67 75 
0 1 6 13 27 35 41 47 55 63 69 74 
0 1 6 13 27 35 41 47 55 63 69 77 
0 1 6 13 27 35 41 47 55 63 70 75 
0 1 6 13 27 35 41 47 55 63 70 77 
0 1 6 13 27 35 41 48 53 61 69 76 
0 1 6 13 27 35 41 48 53 61 69 77 
0 1 6 13 27 35 41 48 53 61 70 77 
0 1 6 13 27 35 41 48 53 62 67 75 
0 1 6 13 27 35 41 48 53 62 69 76 
0 1 6 13 27 35 41 48 53 62 70 75 
0 1 6 13 27 35 41 48 53 62 70 78 
0 1 6 13 27 35 41 48 55 61 69 76 
0 1 6 13 27 35 41 48 55 61 69 77 
0 1 6 13 27 35 41 48 55 62 69 76 
0 1 6 13 27 35 41 48 55 62 70 75 
0 1 6 13 27 35 41 48 55 62 70 78 
0 1 6 13 27 35 42 44 52 68 75 80 
0 1 6 13 27 35 42 44 52 71 79 
0 1 6 13 27 35 42 45 52 62 68 75 
0 1 6 13 27 35 42 45 52 62 68 76 
0 1 6 13 27 35 42 45 52 62 70 75 
0 1 6 13 27 35 42 45 52 62 71 76 
0 1 6 13 27 35 42 45 52 68 75 80 
0 1 6 13 27 35 42 45 52 68 76 81 
0 1 6 13 27 35 42 45 53 62 68 75 
0 1 6 13 27 35 42 45 53 62 68 76 
0 1 6 13 27 35 42 45 53 62 70 75 
0 1 6 13 27 35 42 45 53 62 71 76 
0 1 6 13 27 35 42 45 53 68 75 80 
0 1 6 13 27 35 42 45 53 68 76 81 
0 1 6 13 27 35 42 46 53 61 68 76 
0 1 6 13 27 35 42 46 53 61 70 77 
0 1 6 13 27 35 42 46 53 61 71 76 
0 1 6 13 27 35 42 46 53 63 68 75 
0 1 6 13 27 35 42 46 53 63 70 75 
0 1 6 13 27 35 42 46 53 63 70 77 
0 1 6 13 27 35 42 46 53 68 76 81 
0 1 6 13 27 35 42 47 52 62 68 75 
0 1 6 13 27 35 42 47 52 63 68 75 
0 1 6 13 27 35 42 47 52 63 70 75 
0 1 6 13 27 35 42 47 52 63 70 77 
0 1 6 13 27 35 42 47 55 60 70 77 
0 1 6 13 27 35 42 47 55 60 70 78 
0 1 6 13 27 35 42 47 55 60 71 78 
0 1 6 13 27 35 42 47 55 62 68 75 
0 1 6 13 27 35 42 47 55 62 68 76 
0 1 6 13 27 35 42 47 55 62 70 75 
0 1 6 13 27 35 42 47 55 62 70 78 
0 1 6 13 27 35 42 47 55 62 71 76 
0 1 6 13 27 35 42 47 55 62 71 78 
0 1 6 13 27 35 42 47 55 63 68 75 
0 1 6 13 27 35 42 47 55 63 70 75 
0 1 6 13 27 35 42 47 55 63 70 77 
0 1 6 13 27 35 42 48 53 61 68 76 
0 1 6 13 27 35 42 48 53 61 70 77 
0 1 6 13 27 35 42 48 53 61 71 76 
0 1 6 13 27 35 42 48 53 62 68 75 
0 1 6 13 27 35 42 48 53 62 68 76 
0 1 6 13 27 35 42 48 53 62 70 75 
0 1 6 13 27 35 42 48 53 62 70 78 
0 1 6 13 27 35 42 48 53 62 71 76 
0 1 6 13 27 35 42 48 53 62 71 78 
0 1 6 13 27 35 42 48 55 62 68 75 
0 1 6 13 27 35 42 48 55 62 68 76 
0 1 6 13 27 35 42 48 55 62 70 75 
0 1 6 14 24 31 36 40 44 52 63 68 75 
0 1 6 14 24 31 36 40 44 52 63 69 74 
0 1 6 14 24 31 36 40 44 52 68 75 80 
0 1 6 14 24 31 36 40 44 52 68 80 82 
0 1 6 14 24 31 36 40 45 52 62 68 75 
0 1 6 14 24 31 36 40 45 52 62 68 76 
0 1 6 14 24 31 36 40 45 52 62 69 76 
0 1 6 14 24 31 36 40 45 52 68 75 80 
0 1 6 14 24 31 36 40 45 52 68 76 81 
0 1 6 14 24 31 36 40 45 52 68 80 82 
0 1 6 14 24 31 36 40 45 52 68 81 82 
0 1 6 14 24 31 36 40 45 52 69 74 81 
0 1 6 14 24 31 36 40 45 52 69 76 81 
0 1 6 14 24 31 36 40 47 52 62 68 75 
0 1 6 14 24 31 36 40 47 52 62 69 76 
0 1 6 14 24 31 36 40 47 52 63 69 74 
0 1 6 14 24 31 36 42 44 52 63 68 75 
0 1 6 14 24 31 36 42 44 52 63 70 75 
0 1 6 14 24 31 36 42 44 52 68 75 80 
0 1 6 14 24 31 36 42 45 52 62 68 75 
0 1 6 14 24 31 36 42 45 52 62 70 75 
0 1 6 14 24 31 36 42 45 52 62 71 76 
0 1 6 14 27 35 40 44 52 63 69 74 
0 1 6 14 27 35 40 44 52 68 75 80 
0 1 6 14 27 35 40 44 52 68 80 82 
0 1 6 14 27 35 40 45 52 62 68 75 
0 1 6 14 27 35 40 45 52 62 68 76 
0 1 6 14 27 35 40 45 52 62 69 76 
0 1 6 14 27 35 40 45 52 68 75 80 
0 1 6 14 27 35 40 45 52 68 76 81 
0 1 6 14 27 35 40 45 52 68 80 82 
0 1 6 14 27 35 40 45 52 68 81 82 
0 1 6 14 27 35 40 45 52 69 74 81 
0 1 6 14 27 35 40 45 52 69 76 81 
0 1 6 14 27 35 40 45 53 62 68 75 
0 1 6 14 27 35 40 45 53 62 68 76 
0 1 6 14 27 35 40 45 53 62 69 76 
0 1 6 14 27 35 40 45 53 68 75 80 
0 1 6 14 27 35 40 45 53 68 76 81 
0 1 6 14 27 35 40 45 53 68 80 82 
0 1 6 14 27 35 40 45 53 68 81 82 
0 1 6 14 27 35 40 45 53 69 74 81 
0 1 6 14 27 35 40 45 53 69 76 81 
0 1 6 14 27 35 40 46 53 61 68 76 
0 1 6 14 27 35 40 46 53 61 69 76 
0 1 6 14 27 35 40 46 53 61 69 77 
0 1 6 14 27 35 40 46 53 63 68 75 
0 1 6 14 27 35 40 46 53 63 69 74 
0 1 6 14 27 35 40 46 53 63 69 77 
0 1 6 14 27 35 40 46 53 68 76 81 
0 1 6 14 27 35 40 46 53 68 81 82 
0 1 6 14 27 35 40 46 53 69 74 81 
0 1 6 14 27 35 40 46 53 69 76 81 
0 1 6 14 27 35 40 47 52 63 68 75 
0 1 6 14 27 35 40 47 52 63 69 74 
0 1 6 14 27 35 40 47 52 63 69 77 
0 1 6 14 27 35 40 47 55 60 69 77 
0 1 6 14 27 35 40 47 55 62 68 75 
0 1 6 14 27 35 40 47 55 62 68 76 
0 1 6 14 27 35 40 47 55 62 69 76 
0 1 6 14 27 35 40 47 55 63 68 75 
0 1 6 14 27 35 40 47 55 63 69 74 
0 1 6 14 27 35 40 47 55 63 69 77 
0 1 6 14 27 35 40 48 53 61 68 76 
0 1 6 14 27 35 40 48 53 61 69 76 
0 1 6 14 27 35 40 48 53 61 69 77 
0 1 6 14 27 35 40 48 53 62 68 75 
0 1 6 14 27 35 40 48 53 62 68 76 
0 1 6 14 27 35 40 48 53 62 69 76 
0 1 6 14 27 35 42 44 52 68 75 80 
0 1 6 14 27 35 42 44 52 71 79 
0 1 6 14 27 35 42 45 52 62 68 75 
0 1 6 14 27 35 42 45 52 62 68 76 
0 1 6 14 27 35 42 45 52 62 70 75 
0 1 6 14 27 35 42 45 52 62 71 76 
0 1 6 14 27 35 42 45 52 68 75 80 
0 1 6 14 27 35 42 45 52 68 76 81 
0 1 6 14 27 35 42 45 53 62 68 75 
0 1 6 14 27 35 42 45 53 62 68 76 
0 1 6 14 27 35 42 45 53 62 70 75 
0 1 6 14 27 35 42 45 53 62 71 76 
0 1 6 14 27 35 42 45 53 68 75 80 
0 1 6 14 27 35 42 45 53 68 76 81 
0 1 6 14 27 35 42 46 53 61 68 76 
0 1 6 14 27 35 42 46 53 61 70 77 
0 1 6 14 27 35 42 46 53 61 71 76 
0 1 6 14 27 35 42 46 53 63 68 75 
0 1 6 14 27 35 42 46 53 63 70 75 
0 1 6 14 27 35 42 46 53 63 70 77 
0 1 6 14 27 35 42 46 53 68 76 81 
0 1 6 14 27 35 42 47 52 63 68 75 
0 1 6 14 27 35 42 47 55 62 68 75 
0 1 6 14 27 35 42 47 55 62 68 76 
0 1 6 14 27 35 42 47 55 62 70 75 
0 1 6 14 27 35 42 47 55 63 68 75 
0 1 6 14 27 35 42 47 55 63 70 75 
0 1 6 14 27 35 42 47 55 63 70 77 
0 1 6 14 27 35 42 48 53 61 68 76 
0 1 6 14 27 35 42 48 53 61 70 77 
0 1 6 14 27 35 42 48 53 61 71 76 
0 1 6 14 27 35 42 48 53 61 71 79 
0 1 6 14 27 35 42 48 53 62 68 75 
0 1 6 14 27 35 42 48 53 62 68 76 
0 1 6 14 27 35 42 48 53 62 70 75 
0 1 6 14 27 35 42 48 53 62 70 78 
0 1 6 14 27 35 42 48 53 62 71 76 
0 1 6 14 27 35 42 48 53 62 71 78 
0 1 6 14 27 35 44 52 64 71 79 
0 1 6 14 27 35 44 52 64 73 79 
0 1 6 14 27 35 44 52 64 73 80 
0 1 6 14 27 35 45 52 62 64 69 76 
0 1 6 14 27 35 45 52 62 64 71 76 
0 1 6 14 27 35 45 52 64 69 76 81 
0 1 6 14 27 35 45 53 62 64 69 76 
0 1 6 14 27 35 45 53 62 64 71 76 
0 1 6 14 27 35 45 53 64 69 76 81 
0 1 6 14 27 35 46 53 61 64 69 76 
0 1 6 14 27 35 46 53 61 64 69 77 
0 1 6 14 27 35 46 53 61 64 71 76 
0 1 6 14 27 35 46 53 63 64 69 77 
0 1 6 14 27 35 46 53 64 69 76 81 
0 1 6 14 27 35 47 55 63 64 69 77 
0 1 6 14 27 35 48 53 61 64 69 76 
0 1 6 14 27 35 48 53 61 64 69 77 
0 1 6 14 27 35 48 53 61 64 71 76 
0 1 6 14 27 35 48 53 61 64 71 79 
0 1 6 14 27 35 48 53 61 64 73 79 
0 1 6 14 27 35 48 53 62 64 69 76 
0 1 6 14 27 35 48 53 62 64 71 76 
0 1 6 14 27 35 48 53 62 64 71 78 
0 1 8 13 24 31 36 41 44 52 63 67 74 
0 1 8 13 24 31 36 41 44 52 63 67 75 
0 1 8 13 24 31 36 41 44 52 63 69 74 
0 1 8 13 24 31 36 41 44 52 63 70 75 
0 1 8 13 24 31 36 41 44 52 67 75 80 
0 1 8 13 24 31 36 41 45 52 62 69 76 
0 1 8 13 24 31 36 41 45 52 62 70 75 
0 1 8 13 24 31 36 41 45 52 67 74 81 
0 1 8 13 24 31 36 41 45 52 67 75 80 
0 1 8 13 24 31 36 41 45 52 69 74 81 
0 1 8 13 24 31 36 41 45 52 69 76 81 
0 1 8 13 24 31 36 41 45 53 62 69 76 
0 1 8 13 24 31 36 41 45 53 62 70 75 
0 1 8 13 24 31 36 41 45 53 67 74 81 
0 1 8 13 24 31 36 41 45 53 67 75 80 
0 1 8 13 24 31 36 41 45 53 69 74 81 
0 1 8 13 24 31 36 41 45 53 69 76 81 
0 1 8 13 24 31 36 41 46 53 61 69 76 
0 1 8 13 24 31 36 41 46 53 61 69 77 
0 1 8 13 24 31 36 41 46 53 63 69 74 
0 1 8 13 24 31 36 41 46 53 63 69 77 
0 1 8 13 24 31 36 41 46 53 63 70 75 
0 1 8 13 24 31 36 41 46 53 63 70 77 
0 1 8 13 24 31 36 41 46 53 67 74 81 
0 1 8 13 24 31 36 41 46 53 69 74 81 
0 1 8 13 24 31 36 41 46 53 69 76 81 
0 1 8 13 24 31 36 41 47 52 62 69 76 
0 1 8 13 24 31 36 41 47 52 62 70 75 
0 1 8 13 24 31 36 41 47 52 62 70 78 
0 1 8 13 24 31 36 41 47 52 63 69 74 
0 1 8 13 24 31 36 41 47 52 63 69 77 
0 1 8 13 24 31 36 41 47 52 63 70 75 
0 1 8 13 24 31 36 41 47 52 63 70 77 
0 1 8 13 24 31 36 42 44 52 63 68 75 
0 1 8 13 24 31 36 42 44 52 63 70 75 
0 1 8 13 24 31 36 42 44 52 68 75 80 
0 1 8 13 24 31 36 42 45 52 62 68 75 
0 1 8 13 24 31 36 42 45 52 62 68 76 
0 1 8 13 24 31 36 42 45 52 62 70 75 
0 1 8 13 24 31 36 42 45 52 62 71 76 
0 1 8 13 24 31 36 42 45 52 68 75 80 
0 1 8 13 24 31 36 42 45 52 68 76 81 
0 1 8 13 24 31 36 42 45 53 62 68 75 
0 1 8 13 24 31 36 42 45 53 62 68 76 
0 1 8 13 24 31 36 42 45 53 62 70 75 
0 1 8 13 24 31 36 42 45 53 62 71 76 
0 1 8 13 24 31 36 42 45 53 68 75 80 
0 1 8 13 24 31 36 42 45 53 68 76 81 
0 1 8 13 24 31 36 42 46 53 61 68 76 
0 1 8 13 24 31 36 42 46 53 63 68 75 
0 1 8 13 24 31 36 42 46 53 63 70 75 
0 1 8 13 24 31 36 42 46 53 63 70 77 
0 1 8 13 24 31 36 42 46 53 68 76 81 
0 1 8 13 24 31 36 42 47 52 62 68 75 
0 1 8 13 24 31 36 42 47 52 62 68 76 
0 1 8 13 24 31 36 42 47 52 62 70 75 
0 1 8 13 24 31 36 42 47 52 62 70 78 
0 1 8 13 24 31 36 42 47 52 62 71 76 
0 1 8 13 24 31 36 42 47 52 62 71 78 
0 1 8 13 24 31 36 42 47 52 63 68 75 
0 1 8 13 24 31 36 42 47 52 63 70 75 
0 1 8 13 24 31 36 42 47 52 63 70 77 
0 1 8 13 27 35 41 44 52 67 75 80 
0 1 8 13 27 35 41 45 52 62 67 75 
0 1 8 13 27 35 41 45 52 62 69 76 
0 1 8 13 27 35 41 45 52 62 70 75 
0 1 8 13 27 35 41 45 52 67 74 81 
0 1 8 13 27 35 41 45 52 67 75 80 
0 1 8 13 27 35 41 45 52 69 74 81 
0 1 8 13 27 35 41 45 52 69 76 81 
0 1 8 13 27 35 41 45 53 62 67 75 
0 1 8 13 27 35 41 45 53 62 69 76 
0 1 8 13 27 35 41 45 53 62 70 75 
0 1 8 13 27 35 41 45 53 67 74 81 
0 1 8 13 27 35 41 45 53 67 75 80 
0 1 8 13 27 35 41 45 53 69 74 81 
0 1 8 13 27 35 41 45 53 69 76 81 
0 1 8 13 27 35 41 46 53 61 69 76 
0 1 8 13 27 35 41 46 53 61 69 77 
0 1 8 13 27 35 41 46 53 61 70 77 
0 1 8 13 27 35 41 46 53 63 67 74 
0 1 8 13 27 35 41 46 53 63 67 75 
0 1 8 13 27 35 41 46 53 63 69 74 
0 1 8 13 27 35 41 46 53 63 69 77 
0 1 8 13 27 35 41 46 53 63 70 75 
0 1 8 13 27 35 41 46 53 63 70 77 
0 1 8 13 27 35 41 46 53 67 74 81 
0 1 8 13 27 35 41 46 53 69 74 81 
0 1 8 13 27 35 41 46 53 69 76 81 
0 1 8 13 27 35 41 48 53 61 69 76 
0 1 8 13 27 35 41 48 53 61 69 77 
0 1 8 13 27 35 41 48 53 62 69 76 
0 1 8 13 27 35 41 48 53 62 70 75 
0 1 8 13 27 35 41 48 53 62 70 78 
0 1 8 13 27 35 42 45 52 62 68 75 
0 1 8 13 27 35 42 45 52 68 75 80 
0 1 8 13 27 35 42 45 52 68 76 81 
0 1 8 13 27 35 42 45 53 62 68 75 
0 1 8 13 27 35 42 45 53 62 68 76 
0 1 8 13 27 35 42 45 53 62 70 75 
0 1 8 13 27 35 42 45 53 62 71 76 
0 1 8 13 27 35 42 45 53 68 75 80 
0 1 8 13 27 35 42 45 53 68 76 81 
0 1 8 13 27 35 42 46 53 61 68 76 
0 1 8 13 27 35 42 46 53 61 70 77 
0 1 8 13 27 35 42 46 53 61 71 76 
0 1 8 13 27 35 42 46 53 63 68 75 
0 1 8 13 27 35 42 46 53 63 70 75 
0 1 8 13 27 35 42 46 53 63 70 77 
0 1 8 13 27 35 42 46 53 68 76 81 
0 1 8 13 27 35 42 48 53 62 68 75 
0 1 8 13 27 35 42 48 53 62 68 76 
0 1 8 13 27 35 42 48 53 62 70 75 
0 1 8 15 24 31 36 41 44 52 63 69 74 
0 1 8 15 24 31 36 41 44 52 63 70 75 
0 1 8 15 24 31 36 41 45 52 62 69 76 
0 1 8 15 24 31 36 41 45 52 62 70 75 
0 1 8 15 24 31 36 41 45 52 69 74 81 
0 1 8 15 24 31 36 41 45 52 69 76 81 
0 1 8 15 24 31 36 41 45 53 62 69 76 
0 1 8 15 24 31 36 41 45 53 62 70 75 
0 1 8 15 24 31 36 41 45 53 69 74 81 
0 1 8 15 24 31 36 41 45 53 69 76 81 
0 1 8 15 24 31 36 41 46 53 63 69 77 
0 1 8 15 24 31 36 41 46 53 63 70 75 
0 1 8 15 24 31 36 41 46 53 69 76 81 
0 1 8 15 24 31 36 41 47 52 62 69 76 
0 1 8 15 24 31 36 41 47 52 62 70 75 
0 1 8 15 24 31 36 41 47 52 62 70 78 
0 1 8 15 24 31 36 41 47 52 63 69 77 
0 1 8 15 24 31 36 41 47 52 63 70 75 
0 1 8 15 24 31 36 41 47 52 63 70 77 
0 1 8 15 24 31 36 44 52 64 73 80 
0 1 8 15 24 31 36 44 52 65 73 80 
0 1 8 15 24 31 36 44 52 65 80 82 
0 1 8 15 24 31 36 45 52 62 64 69 76 
0 1 8 15 24 31 36 45 52 62 64 71 76 
0 1 8 15 24 31 36 45 52 64 69 76 81 
0 1 8 15 24 31 36 45 52 64 73 80 
0 1 8 15 24 31 36 45 52 65 73 80 
0 1 8 15 24 31 36 45 52 65 80 82 
0 1 8 15 24 31 36 45 52 65 81 82 
0 1 8 15 24 31 36 45 53 62 64 69 76 
0 1 8 15 24 31 36 45 53 64 69 76 81 
0 1 8 15 24 31 36 45 53 65 80 82 
0 1 8 15 24 31 36 45 53 65 81 82 
0 1 8 15 24 31 36 46 53 65 81 82 
0 1 8 15 24 31 36 47 52 62 64 69 76 
0 1 8 15 24 31 36 47 52 62 64 71 76 
0 1 8 15 24 31 36 47 52 62 64 71 78 
0 1 8 15 24 31 36 47 52 62 65 70 78 
0 1 8 15 24 31 36 47 52 63 64 69 77 
0 1 8 15 24 31 36 47 52 63 65 70 77 
0 1 8 15 24 31 38 41 44 52 63 70 75 
0 1 8 15 24 31 38 41 45 52 62 69 76 
0 1 8 15 24 31 38 41 45 52 62 70 75 
0 1 8 15 24 31 38 41 45 52 69 76 81 
0 1 8 15 24 31 38 41 45 53 62 69 76 
0 1 8 15 24 31 38 41 45 53 62 70 75 
0 1 8 15 24 31 38 41 45 53 69 76 81 
0 1 8 15 24 31 38 41 46 53 63 70 75 
0 1 8 15 24 31 38 41 47 52 62 70 75 
0 1 8 15 24 31 38 44 52 64 73 80 
0 1 8 15 24 31 38 44 52 65 73 80 
0 1 8 15 24 31 38 44 52 65 80 82 
0 1 8 15 24 31 38 45 52 62 64 69 76 
0 1 8 15 24 31 38 45 52 64 73 80 
0 1 8 15 24 31 38 45 52 65 73 80 
0 1 8 15 24 31 38 45 52 65 80 82 
0 1 8 15 24 31 38 45 52 65 81 82 
0 1 8 15 24 31 38 45 53 65 80 82 
0 1 8 15 24 31 38 45 53 65 81 82 
0 1 8 15 24 31 38 46 53 63 64 69 77 
0 1 8 15 24 31 38 46 53 65 81 82 
0 1 8 15 24 31 38 47 52 62 64 69 76 
0 1 8 15 24 31 38 47 52 62 64 71 76 
0 1 8 15 24 31 38 47 52 62 65 70 78 
0 1 8 15 24 31 38 47 52 63 64 69 77 
0 1 8 15 24 31 38 47 52 63 65 70 77 
0 1 8 15 26 31 38 44 52 65 73 80 
0 1 8 15 26 31 38 44 52 65 80 82 
0 1 8 15 26 31 38 45 52 65 73 80 
0 1 8 15 26 31 38 45 52 65 80 82 
0 1 8 15 26 31 38 45 52 65 81 82 
0 1 8 15 26 31 38 45 53 65 73 80 
0 1 8 15 26 31 38 45 53 65 80 82 
0 1 8 15 26 31 38 47 52 62 65 70 78 
0 1 8 15 26 31 38 47 52 63 65 70 77 
0 1 8 15 27 35 41 45 53 62 69 76 
0 1 8 15 27 35 41 45 53 62 70 75 
0 1 8 15 27 35 41 46 53 61 69 76 
0 1 8 15 27 35 41 46 53 61 69 77 
0 1 8 15 27 35 41 46 53 63 69 74 
0 1 8 15 27 35 41 46 53 63 69 77 
0 1 8 15 27 35 41 46 53 63 70 75 
0 1 8 15 27 35 41 46 53 63 70 77 
0 1 8 15 27 35 44 52 64 71 79 
0 1 8 15 27 35 44 52 64 73 79 
0 1 8 15 27 35 44 52 64 73 80 
0 1 8 15 27 35 44 52 65 73 79 
0 1 8 15 27 35 44 52 65 73 80 
0 1 8 15 27 35 44 52 65 80 82 
0 1 8 15 27 35 45 52 64 73 80 
0 1 8 15 27 35 45 52 65 73 80 
0 1 8 15 27 35 45 52 65 80 82 
0 1 8 15 27 35 45 52 65 81 82 
0 1 8 15 27 35 45 53 65 73 80 
0 1 8 15 27 35 45 53 65 80 82 
0 1 8 15 27 35 45 53 65 81 82 
0 1 8 15 27 35 46 53 63 64 69 77 
0 1 8 16 24 31 36 42 45 52 62 70 75 
0 1 8 16 24 31 36 42 45 52 62 71 76 
0 1 8 16 24 31 36 42 47 52 62 70 75 
0 1 8 16 24 31 36 42 47 52 62 70 78 
0 1 8 16 24 31 36 42 47 52 62 71 76 
0 1 8 16 24 31 36 42 47 52 62 71 78 
0 1 8 16 24 31 36 42 47 52 63 70 75 
0 1 8 16 24 31 36 42 47 52 63 70 77 
0 1 8 16 24 31 36 44 52 65 73 80 
0 1 8 16 24 31 36 44 52 65 80 82 
0 1 8 16 24 31 36 44 52 66 80 82 
0 1 8 16 24 31 36 45 52 65 73 80 
0 1 8 16 24 31 36 45 52 65 80 82 
0 1 8 16 24 31 36 45 52 65 81 82 
0 1 8 16 24 31 36 45 52 66 80 82 
0 1 8 16 24 31 36 45 52 66 81 82 
0 1 8 16 24 31 36 47 52 62 65 70 78 
0 1 8 16 24 31 36 47 52 63 65 70 77 
0 1 8 16 24 31 38 42 45 52 62 70 75 
0 1 8 16 24 31 38 42 45 52 62 71 76 
0 1 8 16 24 31 38 42 45 53 62 70 75 
0 1 8 16 24 31 38 42 47 52 62 70 75 
0 1 8 16 24 31 38 42 47 52 62 70 78 
0 1 8 16 24 31 38 42 47 52 62 71 76 
0 1 8 16 24 31 38 42 47 52 62 71 78 
0 1 8 16 24 31 38 42 47 52 63 70 75 
0 1 8 16 24 31 38 42 47 52 63 70 77 
0 1 8 16 24 31 38 44 52 65 73 80 
0 1 8 16 24 31 38 44 52 65 80 82 
0 1 8 16 24 31 38 44 52 66 80 82 
0 1 8 16 24 31 38 45 52 65 73 80 
0 1 8 16 24 31 38 45 52 65 80 82 
0 1 8 16 24 31 38 45 52 65 81 82 
0 1 8 16 24 31 38 45 52 66 80 82 
0 1 8 16 24 31 38 45 52 66 81 82 
0 1 8 16 24 31 38 45 53 65 80 82 
0 1 8 16 24 31 38 45 53 65 81 82 
0 1 8 16 24 31 38 45 53 66 80 82 
0 1 8 16 24 31 38 47 52 62 65 70 78 
0 1 8 16 24 31 38 47 52 63 65 70 77 
0 1 8 16 26 31 38 42 45 52 62 70 75 
0 1 8 16 26 31 38 42 45 52 62 71 76 
0 1 8 16 26 31 38 42 47 52 62 70 75 
0 1 8 16 26 31 38 42 47 52 62 71 76 
0 1 8 16 26 31 38 42 47 52 62 71 78 
0 1 8 16 26 31 38 44 52 65 73 80 
0 1 8 16 26 31 38 44 52 65 80 82 
0 1 8 16 26 31 38 44 52 66 80 82 
0 1 8 16 26 31 38 45 52 65 73 80 
0 1 8 16 26 31 38 45 52 65 80 82 
0 1 8 16 27 35 42 45 53 62 70 75 
0 1 8 16 27 35 44 52 65 73 80 
0 1 8 16 27 35 45 52 65 73 80 
0 1 8 16 27 35 45 52 65 80 82 
0 1 8 16 27 35 45 53 65 80 82 
0 1 8 16 27 35 45 53 65 81 82 
0 1 8 16 27 35 45 53 66 80 82 
0 1 9 14 24 31 36 42 45 52 62 68 75 
0 1 9 14 24 31 36 42 45 52 62 68 76 
0 1 9 14 24 31 36 42 45 52 62 70 75 
0 1 9 14 24 31 36 42 45 52 68 76 81 
0 1 9 14 24 31 36 42 47 52 62 68 75 
0 1 9 14 24 31 36 42 47 52 62 68 76 
0 1 9 14 24 31 36 42 47 52 62 70 75 
0 1 9 14 24 31 36 42 47 52 62 70 78 
0 1 9 14 24 31 36 42 47 52 62 71 76 
0 1 9 14 24 31 36 42 47 52 62 71 78 
0 1 9 14 24 31 36 42 47 52 63 70 77 
0 1 9 14 24 31 36 47 52 62 64 69 76 
0 1 9 14 24 31 36 47 52 63 64 69 77 
0 1 9 14 24 31 38 42 45 52 62 68 76 
0 1 9 14 24 31 38 42 45 52 62 70 75 
0 1 9 14 24 31 38 42 45 52 68 76 81 
0 1 9 14 24 31 38 42 47 52 62 68 75 
0 1 9 14 24 31 38 42 47 52 62 68 76 
0 1 9 14 24 31 38 42 47 52 63 70 77 
0 1 9 14 24 31 38 47 52 63 64 69 77 
0 1 9 14 26 31 38 42 45 52 62 68 76 
0 1 9 14 26 31 38 42 45 52 62 71 76 
0 1 9 14 26 31 38 42 45 52 68 76 81 
0 1 9 16 24 31 36 44 52 65 73 80 
0 1 9 16 24 31 36 44 52 65 80 82 
0 1 9 16 24 31 36 44 52 66 80 82 
0 1 9 16 24 31 36 45 52 65 73 80 
0 1 9 16 24 31 36 45 52 65 80 82 
0 1 9 16 24 31 36 45 52 65 81 82 
0 1 9 16 24 31 36 45 52 66 74 81 
0 1 9 16 24 31 36 45 52 66 80 82 
0 1 9 16 24 31 36 45 52 66 81 82 
0 1 9 16 24 31 38 44 52 65 73 80 
0 1 9 16 24 31 38 44 52 65 80 82 
0 1 9 16 24 31 38 44 52 66 80 82 
0 1 9 16 24 31 38 45 52 65 73 80 
0 1 9 16 24 31 38 45 52 65 80 82 
0 1 9 16 24 31 38 45 52 65 81 82 
0 1 9 16 24 31 38 45 52 66 80 82 
0 1 9 16 26 31 38 44 52 65 73 80 
0 1 9 16 26 31 38 44 52 65 80 82 
0 1 9 16 26 31 38 44 52 66 80 82 
0 1 9 17 24 31 36 44 52 63 66 74 
0 1 9 17 24 31 36 44 52 64 73 80 
0 1 9 17 24 31 36 44 52 66 80 82 
0 1 9 17 24 31 38 44 52 63 66 74 
0 1 9 17 24 31 38 44 52 66 80 82 
0 2 7 14 24 31 36 40 44 52 63 69 74 
0 2 7 14 24 31 36 40 45 52 62 69 76 
0 2 7 14 24 31 36 40 45 52 69 74 81 
0 2 7 14 24 31 36 40 47 52 63 69 74 
0 2 7 14 24 31 36 42 45 52 62 70 75 
0 2 7 14 24 31 36 42 47 52 62 70 75 
0 2 7 14 24 31 36 42 47 52 63 70 75 
0 2 7 14 24 31 36 42 47 52 63 70 77 
0 2 7 14 24 31 36 47 52 63 64 69 77 
0 2 7 15 24 31 36 41 44 52 63 69 74 
0 2 7 15 24 31 36 41 44 52 63 70 75 
0 2 7 15 24 31 36 41 45 52 62 69 76 
0 2 7 15 24 31 36 41 45 52 62 70 75 
0 2 7 15 24 31 36 41 47 52 63 69 77 
0 2 7 15 24 31 36 41 47 52 63 70 75 
0 2 7 15 24 31 36 44 52 64 73 80 
0 2 7 15 24 31 36 44 52 65 73 80 
0 2 7 15 24 31 36 45 52 65 73 80 
0 2 9 16 21 24 31 44 52 65 73 80 
0 2 9 16 21 24 31 44 52 65 80 82 
0 2 9 16 21 24 31 44 52 66 80 82 
0 2 9 16 21 24 31 45 52 65 73 80 
0 2 9 16 21 24 31 45 52 65 80 82 
0 2 9 16 21 24 31 45 52 65 81 82 
0 2 9 16 21 24 31 45 52 66 74 81 
0 2 9 16 21 24 31 45 52 66 80 82 
0 2 9 16 21 24 31 45 52 66 81 82 
0 2 9 16 21 24 31 45 53 65 80 82 
0 2 9 16 21 24 31 45 53 65 81 82 
0 2 9 16 21 24 31 45 53 66 74 81 
0 2 9 16 21 24 31 45 53 66 80 82 
0 2 9 16 21 24 31 45 53 66 81 82 
0 2 9 16 21 24 31 46 53 66 74 81 
0 2 9 16 21 24 31 46 53 66 81 82 
0 2 9 16 21 24 32 44 52 65 73 80 
0 2 9 16 21 24 32 44 52 65 80 82 
0 2 9 16 21 24 32 44 52 66 80 82 
0 2 9 16 21 24 32 45 52 65 73 80 
0 2 9 16 21 24 32 45 52 65 80 82 
0 2 9 16 21 24 32 45 52 65 81 82 
0 2 9 16 21 24 32 45 52 66 74 81 
0 2 9 16 21 24 32 45 52 66 80 82 
0 2 9 16 21 24 32 45 52 66 81 82 
0 2 9 16 21 24 32 45 53 65 80 82 
0 2 9 16 21 24 32 45 53 65 81 82 
0 2 9 16 21 24 32 45 53 66 74 81 
0 2 9 16 21 24 32 45 53 66 80 82 
0 2 9 16 21 24 32 45 53 66 81 82 
0 2 9 16 21 26 31 44 52 65 73 80 
0 2 9 16 21 26 31 44 52 65 80 82 
0 2 9 16 21 26 31 44 52 66 80 82 
0 2 9 16 21 26 31 45 52 65 73 80 
0 2 9 16 21 26 31 45 52 65 80 82 
0 2 9 16 21 26 31 45 52 65 81 82 
0 2 9 16 21 26 31 45 52 66 74 81 
0 2 9 16 21 26 31 45 52 66 80 82 
0 2 9 16 21 26 31 45 52 66 81 82 
0 2 9 16 21 26 31 45 53 65 80 82 
0 2 9 16 21 26 31 45 53 65 81 82 
0 2 9 16 21 26 31 45 53 66 74 81 
0 2 9 16 21 26 31 45 53 66 81 82 
0 2 9 16 24 31 36 44 52 65 73 80 
0 2 9 16 24 31 36 44 52 65 80 82 
0 2 9 16 24 31 36 44 52 66 80 82 
0 2 9 16 24 31 36 45 52 65 73 80 
0 2 9 16 24 31 36 45 52 65 80 82 
0 2 9 16 24 31 36 45 52 65 81 82 
0 2 9 16 24 31 36 45 52 66 80 82 
0 2 9 16 24 31 36 45 52 66 81 82 
0 2 9 16 24 32 37 44 52 65 73 80 
0 2 9 16 24 32 37 44 52 65 80 82 
0 2 9 16 24 32 37 44 52 66 80 82 
0 2 9 16 24 32 37 45 52 65 73 80 
0 2 9 16 24 32 37 45 52 65 80 82 
0 2 9 16 24 32 37 45 52 65 81 82 
0 2 9 16 24 32 37 45 52 66 74 81 
0 2 9 16 24 32 37 45 52 66 80 82 
0 2 9 16 24 32 37 45 52 66 81 82 
0 2 9 17 21 24 31 44 52 63 66 74 
0 2 9 17 21 24 31 44 52 63 67 74 
0 2 9 17 21 24 31 44 52 64 73 80 
0 2 9 17 21 24 31 44 52 66 80 82 
0 2 9 17 21 24 31 44 52 67 73 80 
0 2 9 17 21 24 31 45 52 66 74 81 
0 2 9 17 21 24 31 45 52 66 80 82 
0 2 9 17 21 24 31 45 52 66 81 82 
0 2 9 17 21 24 31 45 52 67 73 80 
0 2 9 17 21 24 31 45 52 67 74 81 
0 2 9 17 21 24 31 45 53 66 74 81 
0 2 9 17 21 24 31 45 53 66 80 82 
0 2 9 17 21 24 31 45 53 66 81 82 
0 2 9 17 21 24 31 45 53 67 74 81 
0 2 9 17 21 24 31 47 52 63 67 74 
0 2 9 17 21 24 32 44 52 63 66 74 
0 2 9 17 21 24 32 44 52 63 67 74 
0 2 9 17 21 24 32 44 52 64 73 80 
0 2 9 17 21 24 32 44 52 66 80 82 
0 2 9 17 21 24 32 44 52 67 73 80 
0 2 9 17 21 24 32 45 52 66 74 81 
0 2 9 17 21 24 32 45 52 66 80 82 
0 2 9 17 21 24 32 45 52 66 81 82 
0 2 9 17 21 24 32 45 52 67 73 80 
0 2 9 17 21 24 32 45 52 67 74 81 
0 2 9 17 21 24 32 47 52 63 67 74 
0 2 9 17 21 26 31 44 52 63 66 74 
0 2 9 17 21 26 31 44 52 63 67 74 
0 2 9 17 21 26 31 44 52 64 73 80 
0 2 9 17 21 26 31 44 52 66 80 82 
0 2 9 17 21 26 31 45 52 66 74 81 
0 2 9 17 21 26 31 45 52 66 81 82 
0 2 9 17 24 31 36 44 52 63 66 74 
0 2 9 17 24 31 36 44 52 63 67 74 
0 2 9 17 24 31 36 44 52 64 73 80 
0 2 9 17 24 31 36 44 52 66 80 82 
0 2 9 17 24 31 36 44 52 67 73 80 
0 2 9 17 24 31 36 45 52 66 80 82 
0 2 9 17 24 31 36 45 52 67 73 80 
0 2 9 17 24 32 37 44 52 63 66 74 
0 2 9 17 24 32 37 44 52 63 67 74 
0 2 9 17 24 32 37 44 52 64 73 80 
0 2 9 17 24 32 37 44 52 66 80 82 
0 2 9 17 24 32 37 44 52 67 73 80 
0 2 9 17 24 32 37 45 52 66 74 81 
0 2 9 17 24 32 37 45 52 66 80 82 
0 2 9 17 24 32 37 45 52 66 81 82 
0 2 9 17 24 32 37 45 52 67 73 80 
0 2 9 17 24 32 37 45 52 67 74 81 
0 2 9 17 24 32 37 47 52 63 67 74 
0 2 10 15 21 24 31 44 52 64 73 80 
0 2 10 15 21 24 31 44 52 65 73 80 
0 2 10 15 21 24 31 44 52 65 80 82 
0 2 10 15 21 24 31 45 52 65 73 80 
0 2 10 15 21 24 31 45 52 65 80 82 
0 2 10 15 21 24 32 44 52 65 73 80 
0 2 10 15 21 24 32 44 52 65 80 82 
0 2 10 15 21 24 32 45 52 65 73 80 
0 2 10 15 21 24 32 45 52 65 80 82 
0 2 10 15 21 26 31 44 52 64 73 80 
0 2 10 15 21 26 31 44 52 65 73 80 
0 2 10 15 21 26 31 44 52 65 80 82 
0 2 10 15 21 26 31 45 52 65 73 80 
0 2 10 15 21 26 31 45 52 65 80 82 
0 2 10 15 24 31 36 44 52 64 73 80 
0 2 10 15 24 31 36 44 52 65 73 80 
0 2 10 15 24 31 36 44 52 65 80 82 
0 2 10 17 21 24 31 44 52 63 66 74 
0 2 10 17 21 24 31 44 52 63 67 74 
0 2 10 17 21 24 31 44 52 63 67 75 
0 2 10 17 21 24 31 44 52 64 73 80 
0 2 10 17 21 24 31 44 52 66 80 82 
0 2 10 17 21 24 31 44 52 67 73 80 
0 2 10 17 21 24 31 44 52 67 75 80 
0 2 10 17 21 24 31 45 52 66 74 81 
0 2 10 17 21 24 31 45 52 66 80 82 
0 2 10 17 21 24 31 45 52 66 81 82 
0 2 10 17 21 24 31 45 52 67 73 80 
0 2 10 17 21 24 31 45 52 67 74 81 
0 2 10 17 21 24 31 45 52 67 75 80 
0 2 10 17 21 24 32 44 52 63 66 74 
0 2 10 17 21 24 32 44 52 63 67 74 
0 2 10 17 21 24 32 44 52 63 67 75 
0 2 10 17 21 24 32 44 52 66 80 82 
0 2 10 17 21 24 32 44 52 67 73 80 
0 2 10 17 21 24 32 44 52 67 75 80 
0 2 10 17 21 26 31 44 52 63 66 74 
0 2 10 17 21 26 31 44 52 63 67 74 
0 2 10 17 21 26 31 44 52 63 67 75 
0 2 10 17 21 26 31 44 52 66 80 82 
0 2 10 17 21 26 31 44 52 67 73 80 
0 2 10 17 21 26 31 44 52 67 75 80 
0 2 10 17 21 26 31 45 52 66 74 81 
0 2 10 17 21 26 31 45 52 66 80 82 
0 2 10 17 21 26 31 45 52 66 81 82 
0 2 10 17 21 26 31 45 52 67 73 80 
0 2 10 17 21 26 31 45 52 67 74 81 
0 2 10 17 21 26 31 45 52 67 75 80 
0 2 10 17 24 31 36 44 52 64 73 80 
0 2 10 17 24 31 36 44 52 66 80 82 
0 2 10 17 24 31 36 44 52 67 73 80 
0 2 10 17 24 32 37 44 52 63 66 74 
0 2 10 17 24 32 37 44 52 63 67 74 
0 2 10 17 24 32 37 44 52 63 67 75 
0 2 10 17 24 32 37 44 52 64 73 80 
0 2 10 17 24 32 37 44 52 66 80 82 
0 2 10 17 24 32 37 44 52 67 73 80 
0 2 10 17 24 32 37 44 52 67 75 80 
0 2 10 19 21 24 31 44 52 63 67 74 
0 2 10 19 21 24 31 44 52 63 67 75 
0 2 10 19 21 24 31 44 52 65 73 80 
0 2 10 19 21 24 31 44 52 65 80 82 
0 2 10 19 21 24 31 44 52 67 73 80 
0 2 10 19 21 24 31 44 52 67 75 80 
0 2 10 19 21 26 31 44 52 63 67 74 
0 2 10 19 21 26 31 44 52 63 67 75 
0 2 10 19 21 26 31 44 52 65 73 80 
0 2 10 19 21 26 31 44 52 65 80 82 
0 2 10 19 21 26 31 44 52 67 73 80 
0 2 10 19 21 26 31 44 52 67 75 80 
0 3 8 15 24 31 38 44 52 64 73 80 
0 3 8 15 24 31 38 44 52 65 73 80 
0 3 8 15 24 31 38 44 52 65 80 82 
0 3 8 15 24 31 38 45 52 65 73 80 
0 3 8 15 24 31 38 45 52 65 80 82 
0 3 8 15 24 31 38 45 53 65 80 82 
0 3 8 16 24 31 38 44 52 65 73 80 
0 3 8 16 24 31 38 44 52 65 80 82 
0 3 8 16 24 31 38 44 52 66 80 82 
0 3 8 16 24 31 38 45 52 65 73 80 
0 3 8 16 24 31 38 45 52 65 80 82 
0 3 8 16 24 32 37 44 52 65 73 80 
0 3 8 16 24 32 37 44 52 65 80 82 
0 3 8 16 24 32 37 44 52 66 80 82 
0 3 8 16 24 32 37 45 52 65 73 80 
0 3 8 16 24 32 37 45 52 65 80 82 
0 3 10 15 24 31 38 44 52 64 73 80 
0 3 10 15 24 31 38 44 52 65 73 80 
0 3 10 15 24 31 38 44 52 65 80 82 
0 3 10 15 24 31 38 45 52 65 73 80 
0 3 10 17 24 31 38 44 52 63 66 74 
0 3 10 17 24 31 38 44 52 63 67 74 
0 3 10 17 24 31 38 44 52 63 67 75 
0 3 10 17 24 31 38 44 52 64 73 80 
0 3 10 17 24 31 38 44 52 66 80 82 
0 3 10 17 24 31 38 44 52 67 73 80 
0 3 10 17 24 31 38 44 52 67 75 80 
0 3 10 17 24 31 38 45 52 66 74 81 
0 3 10 17 24 31 38 45 52 66 80 82 
0 3 10 17 24 31 38 45 52 66 81 82 
0 3 10 17 24 31 38 45 52 67 73 80 
0 3 10 17 24 31 38 45 52 67 74 81 
0 3 10 17 24 31 38 45 52 67 75 80 
0 3 10 17 24 31 38 45 53 66 74 81 
0 3 10 17 24 31 38 45 53 66 80 82 
0 3 10 17 24 31 38 45 53 66 81 82 
0 3 10 17 24 31 38 45 53 67 74 81 
0 3 10 17 24 31 38 45 53 67 75 80 
0 3 10 17 24 31 38 46 53 63 66 74 
0 3 10 17 24 31 38 46 53 63 67 74 
0 3 10 17 24 31 38 46 53 63 67 75 
0 3 10 17 24 31 38 46 53 66 74 81 
0 3 10 17 24 31 38 46 53 66 81 82 
0 3 10 17 24 31 38 46 53 67 74 81 
0 3 10 17 24 32 37 44 52 63 66 74 
0 3 10 17 24 32 37 44 52 63 67 74 
0 3 10 17 24 32 37 44 52 63 67 75 
0 3 10 17 24 32 37 44 52 64 73 80 
0 3 10 17 24 32 37 44 52 66 80 82 
0 3 10 17 24 32 37 44 52 67 73 80 
0 3 10 17 24 32 37 44 52 67 75 80 
0 3 10 17 24 32 37 45 52 66 74 81 
0 3 10 17 24 32 37 45 52 66 80 82 
0 3 10 17 24 32 37 45 52 66 81 82 
0 3 10 17 24 32 37 45 52 67 73 80 
0 3 10 17 24 32 37 45 52 67 75 80 
0 3 10 17 24 32 39 44 52 63 66 74 
0 3 10 17 24 32 39 44 52 63 67 74 
0 3 10 17 24 32 39 44 52 63 67 75 
0 3 10 17 24 32 39 44 52 67 73 80 
0 3 10 17 24 32 39 44 52 67 75 80 
0 3 10 17 24 32 39 45 52 66 74 81 
0 3 10 17 24 32 39 45 52 66 81 82 
0 3 10 17 24 32 39 45 52 67 73 80 
0 3 10 17 24 32 39 45 52 67 74 81 
0 3 10 17 24 32 39 45 52 67 75 80 
0 3 10 17 24 32 39 45 53 66 74 81 
0 3 10 17 24 32 39 45 53 66 81 82 
0 3 10 17 24 32 39 45 53 67 74 81 
0 3 10 17 24 32 39 45 53 67 75 80 
0 3 10 17 24 32 39 46 53 63 66 74 
0 3 10 17 24 32 39 46 53 63 67 74 
0 3 10 17 24 32 39 46 53 63 67 75 
0 3 10 17 24 32 39 46 53 67 74 81 
0 3 10 17 24 32 39 47 52 63 67 74 
0 3 10 17 24 32 39 47 52 63 67 75 
0 3 10 17 26 31 38 44 52 63 67 74 
0 3 10 17 26 31 38 44 52 63 67 75 
0 3 10 17 26 31 38 44 52 67 73 80 
0 3 10 17 26 31 38 44 52 67 75 80 
0 3 10 17 26 31 38 45 52 67 73 80 
0 3 10 17 26 31 38 45 52 67 74 81 
0 3 10 17 26 31 38 45 52 67 75 80 
0 3 10 17 26 31 38 45 53 67 74 81 
0 3 10 17 26 31 38 45 53 67 75 80 
0 3 10 17 26 31 38 46 53 63 67 74 
0 3 10 17 26 31 38 46 53 67 74 81 
0 3 10 17 26 33 38 44 52 63 67 74 
0 3 10 17 26 33 38 44 52 63 67 75 
0 3 10 17 26 33 38 44 52 67 73 80 
0 3 10 17 26 33 38 44 52 67 75 80 
0 3 10 17 26 33 38 45 52 67 73 80 
0 3 10 17 26 33 38 45 52 67 74 81 
0 3 10 17 26 33 38 45 52 67 75 80 
0 3 10 17 26 33 38 45 53 67 74 81 
0 3 10 17 26 33 38 45 53 67 75 80 
0 3 10 17 26 33 38 47 52 63 67 74 
0 3 10 17 26 33 38 47 52 63 67 75 
0 3 10 19 24 31 38 44 52 65 73 80 
0 3 10 19 24 31 38 44 52 65 80 82 
0 3 10 19 24 31 38 44 52 67 73 80 
0 3 10 19 24 31 38 44 52 67 75 80 
0 3 10 19 24 31 38 44 52 68 75 80 
0 3 10 19 24 31 38 44 52 68 80 82 
0 3 10 19 24 31 38 45 52 65 73 80 
0 3 10 19 24 31 38 45 52 65 80 82 
0 3 10 19 24 31 38 45 52 65 81 82 
0 3 10 19 24 31 38 45 52 67 73 80 
0 3 10 19 24 31 38 45 52 67 74 81 
0 3 10 19 24 31 38 45 52 67 75 80 
0 3 10 19 24 31 38 45 52 68 75 80 
0 3 10 19 24 31 38 45 52 68 80 82 
0 3 10 19 24 31 38 45 52 68 81 82 
0 3 10 19 24 32 37 44 52 63 67 74 
0 3 10 19 24 32 37 44 52 63 67 75 
0 3 10 19 24 32 37 44 52 65 73 80 
0 3 10 19 24 32 37 44 52 65 80 82 
0 3 10 19 24 32 37 44 52 67 73 80 
0 3 10 19 24 32 37 44 52 67 75 80 
0 3 10 19 24 32 37 44 52 68 75 80 
0 3 10 19 24 32 37 44 52 68 80 82 
0 3 10 19 24 32 37 45 52 65 73 80 
0 3 10 19 24 32 37 45 52 65 80 82 
0 3 10 19 24 32 37 45 52 67 73 80 
0 3 10 19 24 32 39 44 52 63 67 74 
0 3 10 19 24 32 39 44 52 63 67 75 
0 3 10 19 24 32 39 44 52 67 73 80 
0 3 10 19 24 32 39 44 52 67 75 80 
0 3 10 19 24 32 39 44 52 68 75 80 
0 3 10 19 24 32 39 44 52 68 80 82 
0 3 10 19 24 32 39 45 52 67 73 80 
0 3 10 19 24 32 39 45 52 67 74 81 
0 3 10 19 24 32 39 45 52 67 75 80 
0 3 10 19 24 32 39 45 52 68 75 80 
0 3 10 19 24 32 39 45 52 68 80 82 
0 3 10 19 24 32 39 45 52 68 81 82 
0 3 10 19 24 32 39 45 53 67 74 81 
0 3 10 19 24 32 39 45 53 67 75 80 
0 3 10 19 24 32 39 45 53 68 75 80 
0 3 10 19 24 32 39 47 52 63 67 74 
0 3 10 19 26 31 38 44 52 63 67 74 
0 3 10 19 26 31 38 44 52 63 67 75 
0 3 10 19 26 31 38 44 52 63 68 75 
0 3 10 19 26 31 38 44 52 65 73 80 
0 3 10 19 26 31 38 44 52 65 80 82 
0 3 10 19 26 31 38 44 52 67 73 80 
0 3 10 19 26 31 38 44 52 67 75 80 
0 3 10 19 26 31 38 44 52 68 75 80 
0 3 10 19 26 31 38 44 52 68 80 82 
0 3 10 19 26 31 38 45 52 62 67 75 
0 3 10 19 26 31 38 45 52 62 68 75 
0 3 10 19 26 31 38 45 52 65 73 80 
0 3 10 19 26 31 38 45 52 65 80 82 
0 3 10 19 26 31 38 45 52 65 81 82 
0 3 10 19 26 31 38 45 52 67 73 80 
0 3 10 19 26 31 38 45 52 67 74 81 
0 3 10 19 26 31 38 45 52 67 75 80 
0 3 10 19 26 31 38 45 52 68 75 80 
0 3 10 19 26 31 38 45 52 68 80 82 
0 3 10 19 26 31 38 45 52 68 81 82 
0 3 10 19 26 33 38 44 52 63 67 74 
0 3 10 19 26 33 38 44 52 63 67 75 
0 3 10 19 26 33 38 44 52 63 68 75 
0 3 10 19 26 33 38 44 52 65 73 80 
0 3 10 19 26 33 38 44 52 65 80 82 
0 3 10 19 26 33 38 44 52 67 73 80 
0 3 10 19 26 33 38 44 52 67 75 80 
0 3 10 19 26 33 38 44 52 68 75 80 
0 3 10 19 26 33 38 45 52 62 67 75 
0 3 10 19 26 33 38 45 52 65 73 80 
0 3 10 19 26 33 38 45 52 65 80 82 
0 3 10 19 26 33 38 45 52 65 81 82 
0 3 10 19 26 33 38 45 52 67 74 81 
0 3 10 19 26 33 38 45 52 67 75 80 
0 3 11 16 24 31 38 44 52 65 73 80 
0 3 11 16 24 31 38 44 52 65 80 82 
0 3 11 16 24 31 38 44 52 66 80 82 
0 3 11 16 24 31 38 45 52 65 73 80 
0 3 11 16 24 31 38 45 52 65 80 82 
0 3 11 16 24 31 38 45 52 65 81 82 
0 3 11 16 24 31 38 45 52 66 74 81 
0 3 11 16 24 31 38 45 52 66 80 82 
0 3 11 16 24 31 38 45 52 66 81 82 
0 3 11 16 24 32 37 44 52 66 80 82 
0 3 11 16 26 31 38 44 52 65 73 80 
0 3 11 16 26 31 38 44 52 65 80 82 
0 3 11 16 26 31 38 44 52 66 80 82 
0 3 11 16 26 31 38 45 52 65 73 80 
0 3 11 16 26 31 38 45 52 65 80 82 
0 3 11 16 26 31 38 45 52 65 81 82 
0 3 11 16 26 31 38 45 52 66 74 81 
0 3 11 16 26 31 38 45 52 66 80 82 
0 3 11 16 26 31 38 45 52 66 81 82 
0 3 11 19 24 31 38 44 52 65 73 80 
0 3 11 19 24 31 38 44 52 65 80 82 
0 3 11 19 24 31 38 44 52 67 73 80 
0 3 11 19 24 31 38 44 52 67 75 80 
0 3 11 19 24 31 38 44 52 68 75 80 
0 3 11 19 24 31 38 44 52 68 80 82 
0 3 11 19 24 31 38 45 52 65 73 80 
0 3 11 19 24 31 38 45 52 65 80 82 
0 3 11 19 24 31 38 45 52 65 81 82 
0 3 11 19 24 31 38 45 52 67 73 80 
0 3 11 19 24 31 38 45 52 67 74 81 
0 3 11 19 24 31 38 45 52 67 75 80 
0 3 11 19 24 31 38 45 52 68 75 80 
0 3 11 19 24 31 38 45 52 68 76 81 
0 3 11 19 24 31 38 45 52 68 80 82 
0 3 11 19 24 31 38 45 52 68 81 82 
0 3 11 19 24 32 37 44 52 65 73 80 
0 3 11 19 24 32 37 44 52 65 80 82 
0 3 11 19 24 32 37 44 52 67 73 80 
0 3 11 19 24 32 39 44 52 63 67 74 
0 3 11 19 24 32 39 44 52 67 73 80 
0 3 11 19 24 32 39 44 52 67 75 80 
0 3 11 19 24 32 39 44 52 68 75 80 
0 3 11 19 24 32 39 44 52 68 80 82 
0 3 11 19 24 32 39 45 52 67 73 80 
0 3 11 19 24 32 39 45 52 67 74 81 
0 3 11 19 24 32 39 45 52 67 75 80 
0 3 11 19 24 32 39 45 52 68 75 80 
0 3 11 19 26 31 38 44 52 63 67 74 
0 3 11 19 26 31 38 44 52 63 67 75 
0 3 11 19 26 31 38 44 52 63 68 75 
0 3 11 19 26 31 38 44 52 65 73 80 
0 3 11 19 26 31 38 44 52 65 80 82 
0 3 11 19 26 31 38 44 52 67 73 80 
0 3 11 19 26 31 38 44 52 67 75 80 
0 3 11 19 26 31 38 44 52 68 75 80 
0 3 11 19 26 31 38 44 52 68 80 82 
0 3 11 19 26 31 38 45 52 62 67 75 
0 3 11 19 26 31 38 45 52 62 68 75 
0 3 11 19 26 31 38 45 52 62 68 76 
0 3 11 19 26 31 38 45 52 65 73 80 
0 3 11 19 26 31 38 45 52 65 80 82 
0 3 11 19 26 31 38 45 52 65 81 82 
0 3 11 19 26 31 38 45 52 67 73 80 
0 3 11 19 26 31 38 45 52 67 74 81 
0 3 11 19 26 31 38 45 52 67 75 80 
0 3 11 19 26 31 38 45 52 68 75 80 
0 3 11 19 26 31 38 45 52 68 76 81 
0 3 11 19 26 31 38 45 52 68 80 82 
0 3 11 19 26 31 38 45 52 68 81 82 
0 3 11 19 26 33 38 44 52 63 67 74 
0 3 11 19 26 33 38 44 52 63 67 75 
0 3 11 19 26 33 38 44 52 63 68 75 
0 3 11 19 26 33 38 44 52 65 73 80 
0 3 11 19 26 33 38 44 52 65 80 82 
0 3 11 19 26 33 38 44 52 67 73 80 
0 3 11 19 26 33 38 44 52 67 75 80 
0 3 11 19 26 33 38 44 52 68 75 80 
0 3 11 19 26 33 38 44 52 68 80 82 
0 3 11 19 26 33 39 44 52 63 67 74 
0 3 11 19 26 33 39 44 52 63 67 75 
0 3 11 19 26 33 39 44 52 63 68 75 
0 3 11 19 26 33 39 44 52 67 73 80 
0 3 11 19 26 33 39 44 52 67 75 80 
0 3 11 19 26 33 39 44 52 68 75 80 
0 3 11 19 26 33 39 44 52 68 80 82 
0 3 11 24 31 38 40 44 52 66 80 82 
0 3 11 24 31 38 40 44 52 68 75 80 
0 3 11 24 31 38 40 44 52 68 80 82 
0 3 11 24 32 39 40 44 52 63 66 74 
0 3 11 24 32 39 40 44 52 68 75 80 
0 3 11 26 31 38 40 44 52 68 75 80 
0 3 11 26 31 38 40 44 52 68 80 82 
0 4 9 16 21 24 31 44 52 66 80 82 
0 4 9 16 21 24 31 45 52 66 74 81 
0 4 9 16 21 24 31 45 52 66 80 82 
0 4 9 16 21 24 31 45 52 66 81 82 
0 4 9 16 21 24 31 45 53 66 74 81 
0 4 9 16 21 24 31 45 53 66 81 82 
0 4 9 16 24 31 38 44 52 65 80 82 
0 4 9 16 24 31 38 44 52 66 80 82 
0 4 9 16 24 31 38 45 52 65 80 82 
0 4 9 16 24 31 38 45 52 65 81 82 
0 4 9 16 24 31 38 45 52 66 74 81 
0 4 9 16 24 31 38 45 52 66 80 82 
0 4 9 16 24 31 38 45 52 66 81 82 
0 4 9 17 21 24 31 44 52 66 80 82 
0 4 9 17 21 24 31 45 52 66 74 81 
0 4 9 17 21 24 31 45 52 66 81 82 
0 4 9 17 21 24 32 44 52 66 80 82 
0 4 9 17 21 24 32 45 52 66 74 81 
0 4 9 17 21 24 32 45 52 66 80 82 
0 4 9 17 21 24 32 45 52 66 81 82 
0 4 9 17 21 24 32 45 52 67 74 81 
0 4 11 16 21 24 31 44 52 66 80 82 
0 4 11 16 21 24 31 45 52 66 74 81 
0 4 11 16 21 24 31 45 52 66 80 82 
0 4 11 16 21 24 31 45 52 66 81 82 
0 4 11 16 21 24 31 45 53 66 74 81 
0 4 11 16 21 24 31 45 53 66 80 82 
0 4 11 16 21 24 31 45 53 66 81 82 
0 4 11 19 20 26 33 44 52 63 68 75 
0 4 11 19 20 26 33 45 52 62 68 75 
0 4 11 19 20 26 33 45 52 62 68 76 
0 4 11 19 20 26 33 45 52 68 76 81 
0 4 11 19 20 26 33 45 53 62 68 75 
0 4 11 19 20 26 33 45 53 62 68 76 
0 4 11 19 20 26 33 45 53 68 76 81 
0 4 11 19 20 26 33 46 53 63 68 75 
0 4 11 19 20 26 33 46 53 68 76 81 
0 4 11 19 20 26 33 47 52 62 68 75 
0 4 11 19 20 26 33 47 52 62 68 76 
0 4 11 19 20 26 33 47 52 63 68 75 
0 4 11 19 21 24 31 44 52 67 75 80 
0 4 11 19 21 24 31 44 52 68 75 80 
0 4 11 19 21 24 31 45 52 67 74 81 
0 4 11 19 21 24 31 45 52 67 75 80 
0 4 11 19 21 24 31 45 52 68 75 80 
0 4 11 19 21 24 31 45 52 68 80 82 
0 4 11 19 21 24 31 45 52 68 81 82 
0 4 11 19 21 24 31 45 53 67 74 81 
0 4 11 19 21 24 31 45 53 67 75 80 
0 4 11 19 21 24 31 45 53 68 80 82 
0 4 11 19 21 24 31 45 53 68 81 82 
0 4 11 19 21 24 32 44 52 67 75 80 
0 4 11 19 21 24 32 45 52 67 74 81 
0 4 11 19 21 24 32 45 52 67 75 80 
0 4 11 19 21 24 32 45 52 68 80 82 
0 4 11 19 21 24 32 45 52 68 81 82 
0 4 11 19 21 24 32 45 53 68 80 82 
0 4 11 19 21 26 31 44 52 63 68 75 
0 4 11 19 21 26 31 45 52 68 80 82 
0 4 11 19 21 26 31 45 52 68 81 82 
0 4 11 19 24 31 38 44 52 68 75 80 
0 4 11 19 24 31 38 45 52 65 80 82 
0 4 11 19 24 31 38 45 52 67 75 80 
0 4 11 19 24 31 38 45 52 68 75 80 
0 4 11 19 24 31 38 45 52 68 80 82 
0 4 11 19 26 31 38 44 52 68 75 80 
0 4 11 19 26 31 38 45 52 68 75 80 
0 4 11 19 26 31 38 45 52 68 80 82 
0 4 11 19 26 31 38 45 52 68 81 82 
0 4 11 20 26 33 40 45 52 62 68 75 
0 4 11 20 26 33 40 47 52 62 68 75 
0 4 11 20 26 34 40 45 52 62 68 76 
0 4 11 20 26 34 40 45 52 68 76 81 
0 4 11 21 24 32 40 45 52 66 74 81 
0 4 11 21 26 34 40 45 52 68 76 81 
0 4 11 21 26 34 40 47 52 62 68 76 
0 4 12 17 21 26 31 44 52 63 66 74 
0 4 12 17 21 26 31 44 52 63 67 74 
0 4 12 17 21 26 31 44 52 63 67 75 
0 4 12 17 26 31 38 44 52 63 66 74 
0 4 12 17 26 31 38 44 52 63 67 74 
0 5 10 17 21 24 31 44 52 67 75 80 
0 5 10 19 21 24 32 45 52 67 75 80 
0 5 12 26 33 39 40 46 53 63 68 75 
0 7 15 18 26 34 44 52 64 73 80 
