0 2 5 8 12 17 26 32 36 44 60 75 91 95 102 105 107 119 125 139 151 155 160 165 
0 2 5 15 19 22 24 29 34 43 45 57 62 71 84 93 97 101 106 107 115 127 129 143 157 162 
0 2 5 15 19 22 24 29 34 43 45 57 62 71 84 93 97 101 106 115 127 129 143 153 157 162 
0 2 5 15 19 22 24 29 34 43 45 57 62 71 84 93 97 101 107 115 127 129 138 143 157 162 
0 2 5 15 19 22 24 29 34 43 45 57 62 71 84 93 97 101 115 127 129 138 143 153 157 162 
0 2 5 15 19 22 24 29 34 43 45 57 62 71 84 93 97 101 115 127 131 138 143 153 157 162 
0 2 5 15 19 22 24 29 34 43 45 57 62 71 84 97 101 106 107 115 127 129 143 157 162 170 
0 2 5 15 19 22 24 29 34 43 45 57 62 71 84 97 101 106 115 127 129 143 153 157 162 170 
0 2 5 15 19 22 24 29 34 43 45 57 62 71 84 97 101 107 115 127 129 138 143 157 162 170 
0 2 5 15 19 22 24 29 34 43 45 57 62 71 84 97 101 115 127 129 138 143 153 157 162 170 
0 2 5 15 19 22 24 29 34 43 45 57 62 71 84 97 101 115 127 131 138 143 153 157 162 170 
0 2 5 15 19 22 24 29 34 43 45 57 71 84 93 96 97 101 115 127 129 138 143 153 157 162 
0 2 5 15 19 22 24 29 34 43 45 57 71 84 93 96 97 101 115 127 131 138 143 153 157 162 
0 2 5 15 19 22 24 29 34 43 45 57 71 84 96 97 101 115 127 129 138 143 153 157 162 170 
0 2 5 15 19 22 24 29 34 43 45 57 71 84 96 97 101 115 127 131 138 143 153 157 162 170 
0 2 5 15 19 22 24 29 34 43 57 62 71 84 93 97 101 115 122 127 131 138 143 153 157 162 
0 2 5 15 19 22 24 29 34 43 57 62 71 84 97 101 115 122 127 131 138 143 153 157 162 170 
0 2 5 15 19 22 24 29 34 43 57 71 84 93 96 97 101 115 122 127 131 138 143 153 157 162 
0 2 5 15 19 22 24 29 34 43 57 71 84 96 97 101 115 122 127 131 138 143 153 157 162 170 
0 2 5 15 19 22 24 29 34 45 52 57 62 71 84 88 93 97 101 115 127 129 138 143 153 157 
0 2 5 15 19 22 24 29 34 45 52 57 62 71 84 88 93 97 101 115 127 131 138 143 153 157 
0 2 5 15 19 22 24 29 34 45 52 57 62 71 84 88 97 101 115 127 129 138 143 153 157 170 
0 2 5 15 19 22 24 29 34 45 52 57 62 71 84 88 97 101 115 127 131 138 143 153 157 170 
0 2 5 15 19 22 24 29 34 45 52 57 62 71 84 93 97 101 106 115 127 129 143 153 157 162 
0 2 5 15 19 22 24 29 34 45 52 57 62 71 84 93 97 101 115 127 129 138 143 153 157 162 
0 2 5 15 19 22 24 29 34 45 52 57 62 71 84 93 97 101 115 127 131 138 143 153 157 162 
0 2 5 15 19 22 24 29 34 45 52 57 62 71 84 97 101 106 115 127 129 143 153 157 162 170 
0 2 5 15 19 22 24 29 34 45 52 57 71 84 88 93 96 97 101 115 127 129 138 143 153 157 
0 2 5 15 19 22 24 29 34 45 52 57 71 84 88 93 96 97 101 115 127 131 138 143 153 157 
0 2 5 15 19 22 24 29 34 45 52 57 71 84 88 96 97 101 115 127 129 138 143 153 157 170 
0 2 5 15 19 22 24 29 34 45 52 57 71 84 88 96 97 101 115 127 131 138 143 153 157 170 
0 2 5 15 19 22 24 29 34 45 52 57 71 84 93 96 97 101 115 127 129 138 143 153 157 162 
0 2 5 15 19 22 24 29 34 45 52 57 71 84 93 96 97 101 115 127 131 138 143 153 157 162 
0 2 5 15 19 22 24 29 34 45 52 57 71 84 96 97 101 115 127 129 138 143 153 157 162 170 
0 2 5 15 19 22 24 29 34 45 52 57 71 84 96 97 101 115 127 131 138 143 153 157 162 170 
0 2 5 15 19 22 24 29 34 52 57 62 71 84 88 93 97 101 115 122 127 131 138 143 153 157 
0 2 5 15 19 22 24 29 34 52 57 62 71 84 88 97 101 115 122 127 131 138 143 153 157 170 
0 2 5 15 19 22 24 29 34 52 57 71 84 88 93 96 97 101 115 122 127 131 138 143 153 157 
0 2 5 15 19 22 24 29 34 52 57 71 84 88 96 97 101 115 122 127 131 138 143 153 157 170 
0 2 5 15 19 22 24 29 34 52 57 71 84 96 97 101 115 122 127 131 138 143 153 157 162 170 
0 2 5 15 19 22 24 29 44 45 52 57 62 71 84 88 93 97 101 115 127 129 138 143 153 157 
0 2 5 15 19 22 24 29 44 45 52 57 62 71 84 88 93 97 101 115 127 131 138 143 153 157 
0 2 5 15 19 22 24 29 44 45 52 57 62 71 84 88 93 101 115 127 131 138 143 153 157 165 
0 2 5 15 19 22 24 29 44 45 52 57 62 71 84 88 97 101 115 127 129 138 143 153 157 170 
0 2 5 15 19 22 24 29 44 45 52 57 62 71 84 88 97 101 115 127 131 138 143 153 157 170 
0 2 5 15 19 22 24 29 44 45 52 57 62 71 84 88 101 115 127 131 138 143 153 157 165 170 
0 2 5 15 19 22 24 29 44 45 52 57 71 84 88 93 96 97 101 115 127 129 138 143 153 157 
0 2 5 15 19 22 24 29 44 45 52 57 71 84 88 93 96 97 101 115 127 131 138 143 153 157 
0 2 5 15 19 22 24 29 44 45 52 57 71 84 88 93 96 101 115 127 131 138 143 153 157 165 
0 2 5 15 19 22 24 29 44 45 52 57 71 84 88 96 97 101 115 127 129 138 143 153 157 170 
0 2 5 15 19 22 24 29 44 45 52 57 71 84 88 96 97 101 115 127 131 138 143 153 157 170 
0 2 5 15 19 22 24 29 44 45 52 57 71 84 88 96 101 115 127 131 138 143 153 157 165 170 
0 2 5 15 19 22 24 29 44 45 52 57 71 84 93 96 97 101 115 127 129 138 143 153 157 162 
0 2 5 15 19 22 24 29 44 45 52 57 71 84 93 96 101 115 127 131 138 143 153 157 162 165 
0 2 5 15 19 22 24 29 44 45 52 57 71 84 96 97 101 115 127 129 138 143 153 157 162 170 
0 2 5 15 19 22 24 29 44 45 52 57 71 84 96 97 101 115 127 131 138 143 153 157 162 170 
0 2 5 15 19 22 24 29 44 52 57 62 71 84 88 93 97 101 115 122 127 131 138 143 153 157 
0 2 5 15 19 22 24 29 44 52 57 62 71 84 88 93 101 115 122 127 131 138 143 153 157 165 
0 2 5 15 19 22 24 29 44 52 57 62 71 84 88 97 101 115 122 127 131 138 143 153 157 170 
0 2 5 15 19 22 24 29 44 52 57 62 71 84 88 101 115 122 127 131 138 143 153 157 165 170 
0 2 5 15 19 22 24 29 44 52 57 71 84 88 93 96 97 101 115 122 127 131 138 143 153 157 
0 2 5 15 19 22 24 29 44 52 57 71 84 88 93 96 101 115 122 127 131 138 143 153 157 165 
0 2 5 15 19 22 24 29 44 52 57 71 84 88 96 97 101 115 122 127 131 138 143 153 157 170 
0 2 5 15 19 22 24 29 44 52 57 71 84 88 96 101 115 122 127 131 138 143 153 157 165 170 
0 2 5 15 19 22 24 29 44 52 57 71 84 93 96 101 115 122 127 131 138 143 153 157 162 165 
0 2 5 15 19 22 24 29 44 52 57 71 84 96 97 101 115 122 127 131 138 143 153 157 162 170 
0 2 5 15 19 22 29 34 45 52 57 62 71 84 88 93 97 101 115 127 129 138 143 153 157 167 
0 2 5 15 19 22 29 34 45 52 57 62 71 84 88 93 97 101 115 127 131 138 143 153 157 167 
0 2 5 15 19 22 29 34 45 52 57 62 71 84 88 97 101 115 127 129 138 143 153 157 167 170 
0 2 5 15 19 22 29 34 45 52 57 62 71 84 88 97 101 115 127 131 138 143 153 157 167 170 
0 2 5 15 19 22 29 34 45 52 57 71 84 88 93 96 97 101 115 127 129 138 143 153 157 167 
0 2 5 15 19 22 29 34 45 52 57 71 84 88 93 96 97 101 115 127 131 138 143 153 157 167 
0 2 5 15 19 22 29 34 45 52 57 71 84 88 96 97 101 115 127 129 138 143 153 157 167 170 
0 2 5 15 19 22 29 34 45 52 57 71 84 88 96 97 101 115 127 131 138 143 153 157 167 170 
0 2 5 15 19 22 29 44 45 52 57 62 71 84 88 93 97 101 115 127 129 138 143 153 157 167 
0 2 5 15 19 22 29 44 45 52 57 62 71 84 88 93 97 101 115 127 131 138 143 153 157 167 
0 2 5 15 19 22 29 44 45 52 57 62 71 84 88 97 101 115 127 129 138 143 153 157 167 170 
0 2 5 15 19 22 29 44 45 52 57 62 71 84 88 97 101 115 127 131 138 143 153 157 167 170 
0 2 5 15 19 22 29 44 45 52 57 71 84 88 93 96 97 101 115 127 129 138 143 153 157 167 
0 2 5 15 19 22 29 44 45 52 57 71 84 88 96 97 101 115 127 129 138 143 153 157 167 170 
0 2 5 15 19 22 29 44 45 52 57 71 84 88 96 97 101 115 127 131 138 143 153 157 167 170 
0 2 5 15 19 24 29 34 45 52 57 62 71 74 84 88 93 97 101 115 127 131 138 143 153 157 
0 2 5 15 19 24 29 34 45 52 57 62 71 74 84 88 97 101 115 127 131 138 143 153 157 170 
0 2 5 15 19 24 29 34 45 52 57 62 71 74 84 93 97 101 115 127 131 138 143 153 157 162 
0 2 5 15 19 24 29 34 45 52 57 62 71 74 84 97 101 115 127 131 138 143 153 157 162 170 
0 2 5 15 19 24 29 34 45 52 57 71 74 84 88 96 97 101 115 127 131 138 143 153 157 170 
0 2 5 15 19 24 29 34 45 52 57 71 74 84 96 97 101 115 127 131 138 143 153 157 162 170 
0 2 5 15 19 24 29 34 52 57 62 71 74 84 88 93 97 101 115 122 127 131 138 143 153 157 
0 2 5 15 19 24 29 34 52 57 62 71 74 84 88 97 101 115 122 127 131 138 143 153 157 170 
0 2 5 15 19 24 29 34 52 57 62 71 74 84 97 101 115 122 127 131 138 143 153 157 162 170 
0 2 5 15 19 24 29 34 52 57 71 74 84 88 96 97 101 115 122 127 131 138 143 153 157 170 
0 2 5 15 19 24 29 34 52 57 71 74 84 96 97 101 115 122 127 131 138 143 153 157 162 170 
0 2 5 15 19 24 29 44 45 52 57 62 71 74 84 88 93 97 101 115 127 131 138 143 153 157 
0 2 5 15 19 24 29 44 45 52 57 62 71 74 84 88 93 101 115 127 131 138 143 153 157 165 
0 2 5 15 19 24 29 44 45 52 57 62 71 74 84 88 97 101 115 127 131 138 143 153 157 170 
0 2 5 15 19 24 29 44 45 52 57 62 71 74 84 88 101 115 127 131 138 143 153 157 165 170 
0 2 5 15 19 24 29 44 45 52 57 62 71 74 84 93 101 115 127 131 138 143 153 157 162 165 
0 2 5 15 19 24 29 44 45 52 57 62 71 74 84 97 101 115 127 131 138 143 153 157 162 170 
0 2 5 15 19 24 29 44 45 52 57 71 74 84 88 93 96 101 115 127 131 138 143 153 157 165 
0 2 5 15 19 24 29 44 45 52 57 71 74 84 88 96 97 101 115 127 131 138 143 153 157 170 
0 2 5 15 19 24 29 44 45 52 57 71 74 84 88 96 101 115 127 131 138 143 153 157 165 170 
0 2 5 15 19 24 29 44 45 52 57 71 74 84 93 96 101 115 127 131 138 143 153 157 162 165 
0 2 5 15 19 24 29 44 45 52 57 71 74 84 96 97 101 115 127 131 138 143 153 157 162 170 
0 2 5 15 19 24 29 44 52 57 62 71 74 84 88 93 101 115 122 127 131 138 143 153 157 165 
0 2 5 15 19 24 29 44 52 57 62 71 74 84 88 101 115 122 127 131 138 143 153 157 165 170 
0 2 5 15 19 24 29 44 52 57 71 74 84 88 93 96 101 115 122 127 131 138 143 153 157 165 
0 2 5 15 19 24 29 44 52 57 71 74 84 88 96 97 101 115 122 127 131 138 143 153 157 170 
0 2 5 15 19 24 29 44 52 57 71 74 84 88 96 101 115 122 127 131 138 143 153 157 165 170 
0 2 5 15 19 24 29 44 52 57 71 74 84 96 97 101 115 122 127 131 138 143 153 157 162 170 
0 2 5 15 19 29 34 45 52 57 71 74 84 88 93 96 97 101 115 127 131 138 143 153 157 167 
0 2 5 15 19 29 34 45 52 57 71 74 84 93 96 97 101 115 127 131 138 143 153 157 162 167 
0 2 5 15 19 29 44 45 52 57 71 74 84 88 93 96 97 101 115 127 131 138 143 153 157 167 
0 2 5 15 19 29 44 45 52 57 71 74 84 93 96 97 101 115 127 131 138 143 153 157 162 167 
0 2 6 10 12 16 25 39 41 51 58 67 74 81 89 94 101 106 119 124 136 143 152 154 159 
0 2 6 11 17 26 32 44 45 56 60 66 70 74 80 96 104 110 125 135 139 143 152 159 168 173 
0 2 6 11 17 26 32 44 45 56 60 66 70 74 96 104 110 114 125 135 139 143 148 152 168 173 
0 2 6 11 17 26 32 44 45 56 60 66 70 74 96 104 110 114 125 135 139 143 152 159 168 173 
0 2 6 11 17 26 32 44 45 56 60 66 70 74 96 104 110 114 125 135 139 144 148 152 168 173 
0 2 6 11 17 26 32 44 45 56 60 66 70 74 96 104 110 114 125 135 139 144 152 159 168 173 
0 2 6 11 17 27 32 36 44 45 61 66 70 74 80 90 96 104 110 125 139 143 152 159 168 173 
0 2 6 11 17 27 32 36 44 45 61 66 70 74 90 96 104 110 114 125 139 143 148 152 168 173 
0 2 6 11 17 27 32 36 44 45 61 66 70 74 90 96 104 110 114 125 139 143 152 159 168 173 
0 2 6 11 17 27 32 36 44 45 61 66 70 74 90 96 104 110 114 125 139 144 148 152 168 173 
0 2 6 11 17 27 32 36 44 45 61 66 70 74 90 96 104 110 114 125 139 144 152 159 168 173 
0 2 6 11 17 27 32 36 44 45 61 66 70 74 90 96 105 110 114 125 139 143 148 152 168 173 
0 2 6 11 17 27 32 36 44 45 61 66 70 74 90 96 105 110 114 125 139 143 152 159 168 173 
0 2 6 11 17 27 32 36 44 45 61 66 70 74 90 96 105 110 114 125 139 144 148 152 168 173 
0 2 6 11 17 27 32 44 45 56 60 66 70 74 96 104 110 114 125 135 139 143 148 152 168 173 
0 2 6 11 17 27 32 44 45 56 60 66 70 74 96 104 110 114 125 135 139 143 152 159 168 173 
0 2 6 11 17 27 32 44 45 56 60 66 70 74 96 104 110 114 125 135 139 144 148 152 168 173 
0 2 6 11 17 27 32 44 45 56 61 66 70 74 96 104 110 114 125 135 139 143 148 152 168 173 
0 2 6 11 17 27 32 44 45 56 61 66 70 74 96 104 110 114 125 135 139 143 152 159 168 173 
0 2 6 11 17 27 32 44 45 56 61 66 70 74 96 104 110 114 125 135 139 144 152 159 168 173 
0 2 6 11 17 27 32 44 45 56 61 66 70 74 96 105 110 114 125 135 139 143 148 152 168 173 
0 2 6 11 17 27 32 44 45 56 61 66 70 74 96 105 110 114 125 135 139 143 152 159 168 173 
0 2 6 11 17 27 32 44 45 56 61 66 70 74 96 105 110 114 125 135 139 144 148 152 168 173 
0 2 6 11 17 27 32 44 45 56 61 66 70 74 96 105 110 114 125 135 139 144 152 159 168 173 
0 2 6 11 17 27 32 44 45 61 66 70 74 90 96 105 110 114 125 135 139 143 148 152 168 173 
0 2 6 11 17 27 32 44 46 56 61 66 70 74 96 105 110 114 125 135 139 144 148 152 168 173 
0 2 6 11 27 32 36 40 44 45 50 61 66 70 74 90 105 110 114 125 143 148 152 154 168 173 
0 2 6 11 27 32 36 40 44 45 50 61 66 70 74 90 105 110 114 125 144 148 152 154 168 173 
0 2 6 11 27 32 36 40 44 45 50 61 66 71 74 90 105 110 114 125 143 148 152 154 169 173 
0 2 6 11 27 32 36 40 44 46 50 61 66 70 74 90 105 110 114 125 144 148 152 154 168 173 
0 2 6 11 27 32 36 40 44 46 50 61 66 70 74 90 105 110 114 125 144 148 152 154 169 173 
0 2 6 11 27 32 36 40 44 46 50 61 66 71 74 90 105 110 114 125 144 148 152 154 169 173 
0 2 6 11 27 32 36 44 45 50 61 66 71 74 90 105 110 114 125 139 143 148 152 154 169 173 
0 2 6 11 27 32 40 44 46 50 56 61 66 70 74 105 110 114 125 135 144 148 152 154 168 173 
0 2 6 11 27 32 40 44 46 50 61 66 70 74 90 105 110 114 125 135 144 148 152 154 168 173 
0 2 6 11 27 32 40 44 46 50 61 66 70 74 90 105 110 114 125 135 144 148 152 154 169 173 
0 2 6 11 27 32 44 45 50 56 61 66 70 74 96 104 110 114 125 135 139 144 148 152 168 173 
0 2 6 11 27 36 40 41 44 46 50 61 66 70 76 90 105 110 114 125 144 148 152 154 168 173 
0 2 6 11 27 36 40 41 44 46 50 61 66 70 76 90 105 110 114 125 144 148 152 154 169 173 
0 2 6 12 16 26 36 40 41 42 51 55 61 66 71 74 91 105 114 124 129 143 154 159 164 
0 2 6 12 16 26 36 40 41 42 51 55 66 71 74 91 95 105 114 124 129 143 154 159 164 
0 2 6 12 16 26 36 40 41 42 51 55 66 71 74 91 95 105 114 124 143 152 154 159 164 
0 2 6 12 16 36 41 42 51 55 61 66 71 74 91 105 114 124 129 139 143 154 159 164 169 
0 2 6 12 28 31 36 41 42 47 51 55 61 66 71 91 98 105 114 129 139 155 159 164 169 
0 2 6 12 28 31 36 41 44 47 51 61 70 80 84 87 90 98 104 119 129 139 155 159 169 
0 2 6 12 28 31 36 41 44 47 51 61 70 80 84 87 90 98 104 129 139 155 159 164 169 
0 2 6 12 28 31 36 41 44 47 51 61 70 84 87 90 98 104 114 119 129 139 155 159 169 
0 2 6 12 28 31 36 41 44 47 51 61 70 84 87 90 98 104 114 129 139 155 159 164 169 
0 2 6 12 28 31 36 41 47 51 55 61 70 84 87 90 98 104 114 129 139 155 159 164 169 
0 2 6 12 28 31 36 44 47 51 61 70 80 84 87 90 98 104 119 129 139 153 155 159 169 
0 2 6 12 28 31 36 44 47 51 61 70 84 87 90 98 104 114 119 129 139 153 155 159 169 
0 2 6 12 28 31 41 44 47 51 61 70 80 84 87 90 98 104 119 129 135 139 155 159 169 
0 2 6 12 28 31 41 44 47 51 61 70 80 84 87 90 98 104 129 135 139 155 159 164 169 
0 2 6 12 28 31 44 47 51 61 70 80 84 87 90 98 104 119 129 135 139 153 155 159 169 
0 2 6 12 28 31 44 47 51 61 70 84 87 90 98 104 114 119 129 135 139 153 155 159 169 
0 2 6 13 17 31 36 41 42 51 55 62 66 71 91 105 114 121 125 140 144 148 163 164 170 
0 2 6 13 17 31 36 41 42 51 55 62 66 71 91 105 114 121 125 140 148 155 163 164 170 
0 2 6 13 17 31 36 41 42 55 62 66 71 91 105 110 114 121 125 140 148 155 163 164 170 
0 2 6 13 17 36 41 42 47 55 62 66 71 76 91 105 110 114 121 140 144 159 163 164 170 
0 2 6 13 17 36 41 42 51 55 62 66 71 76 91 105 114 121 125 140 144 159 163 164 170 
0 2 10 16 25 39 41 51 53 58 67 74 81 94 101 109 117 124 131 136 143 150 154 159 166 
