0 1 5 19 21 25 27 40 45 59 61 65 
0 1 6 12 19 21 25 27 32 41 59 61 
0 1 6 12 19 21 25 32 37 41 59 61 
0 1 6 12 19 21 25 32 41 49 59 61 
0 1 6 12 19 21 32 37 41 59 61 72 
0 1 6 12 21 25 32 41 49 59 61 70 
0 1 6 19 21 25 27 32 41 45 59 61 
0 1 6 19 21 25 27 40 45 59 61 65 
0 1 6 19 21 25 27 41 45 59 61 65 
0 1 6 19 21 25 32 37 41 45 59 61 
0 1 6 19 21 25 32 41 45 49 59 61 
0 1 6 19 21 25 37 40 45 59 61 65 
0 1 6 19 21 25 37 41 45 59 61 65 
0 1 6 19 21 25 40 45 49 59 61 65 
0 2 6 12 19 21 32 37 41 59 61 72 
0 2 6 15 26 30 41 45 50 61 66 70 
0 2 6 19 21 26 37 41 45 59 61 66 
0 2 6 19 21 32 37 41 45 59 61 72 
