0 1 5 19 21 25 27 40 45 59 60 65 
0 1 5 19 21 25 27 40 45 59 61 65 
0 1 5 19 21 25 27 41 45 59 60 65 
0 1 6 10 19 21 25 40 45 59 61 65 
0 1 6 10 19 21 25 41 45 59 61 65 
0 1 6 10 19 21 25 41 45 61 65 70 
0 1 6 10 19 21 25 41 45 61 66 70 
0 1 6 19 21 25 27 40 45 59 61 65 
0 1 6 19 21 25 27 41 45 59 61 65 
0 1 6 19 21 25 37 40 45 59 61 65 
0 1 6 19 21 25 37 41 45 59 61 65 
0 1 6 19 21 25 37 41 45 61 66 70 
0 1 12 19 21 25 27 40 45 59 61 65 
0 2 6 11 15 21 26 30 41 45 66 70 
0 2 6 11 21 26 30 41 45 61 66 70 
0 2 6 19 21 26 37 41 45 59 61 66 
0 2 6 19 21 32 37 41 45 59 61 72 
