0 1 8 12 19 22 26 31 37 62 66 71 
0 1 8 12 22 26 27 30 35 61 66 71 
0 1 8 12 22 26 30 35 37 61 66 71 
0 1 8 12 22 26 30 35 44 49 66 71 
0 1 8 12 22 26 30 35 44 61 66 71 
0 1 8 12 22 26 31 35 37 49 66 71 
0 1 8 12 22 26 31 35 37 61 66 71 
0 1 8 12 22 26 31 35 37 62 66 71 
0 1 8 12 22 26 31 37 48 62 66 71 
0 1 8 12 22 26 35 37 42 61 66 71 
0 1 8 12 22 26 37 42 48 62 66 71 
0 1 8 13 22 26 31 35 37 49 66 71 
0 1 8 13 22 26 31 35 37 61 66 71 
0 1 8 13 22 26 31 35 37 62 66 71 
0 1 8 13 22 26 31 37 48 62 66 71 
0 1 8 13 22 28 31 35 37 49 66 71 
0 1 8 13 22 28 31 35 37 61 66 71 
0 1 8 13 22 28 31 37 48 62 66 71 
0 1 8 13 22 28 38 43 48 62 66 71 
0 1 8 13 22 29 43 48 58 62 66 71 
0 1 8 13 22 31 37 48 58 62 66 71 
0 1 8 22 26 31 37 40 48 62 66 71 
0 1 10 14 19 32 36 38 62 66 71 75 
0 1 10 14 19 32 38 47 62 66 71 75 
0 1 10 14 19 38 43 47 62 66 71 75 
0 1 10 14 38 43 47 48 62 66 71 75 
0 1 10 19 26 31 40 45 62 66 71 75 
0 1 12 19 21 26 31 37 62 66 71 75 
0 1 12 21 26 30 35 37 61 66 71 75 
0 1 12 21 26 31 35 37 61 66 71 75 
0 1 13 19 22 28 31 37 59 62 66 71 
0 1 13 19 22 28 31 38 59 62 66 71 
0 1 13 19 22 28 32 38 59 62 66 71 
0 1 14 19 21 32 38 47 62 66 71 75 
0 1 14 19 21 38 43 47 62 66 71 75 
0 1 19 21 26 31 37 40 62 66 71 75 
0 1 19 22 26 31 37 40 59 62 66 71 
0 1 19 22 26 31 37 40 62 66 71 75 
0 1 19 22 28 32 38 41 59 62 66 71 
0 1 22 26 31 35 37 40 62 66 71 75 
0 3 7 11 15 17 21 25 29 33 39 64 
0 3 7 11 15 17 21 25 29 33 48 51 
0 3 7 11 15 17 21 25 29 34 60 64 
0 3 7 11 17 21 25 27 29 34 60 64 
0 3 7 11 17 21 25 27 30 34 60 64 
