0 1 4 9 12 22 30 43 56 58 70 75 
0 1 4 9 12 22 30 43 56 62 70 75 
0 1 4 9 14 22 30 35 43 56 58 75 
0 1 4 9 14 22 30 35 43 56 62 75 
0 1 4 9 14 22 30 35 56 58 68 75 
0 1 4 9 14 22 30 35 56 62 68 75 
0 1 4 9 14 22 35 43 53 56 62 75 
0 1 4 9 14 22 35 53 56 62 68 75 
0 1 4 9 14 30 35 45 56 58 68 75 
0 1 4 9 22 30 35 43 56 58 70 75 
0 1 4 9 22 30 35 43 56 62 70 75 
0 1 4 9 22 35 53 56 62 68 70 75 
0 1 4 12 22 30 43 56 62 65 70 75 
0 1 4 14 22 30 35 43 56 58 65 75 
0 1 4 22 30 35 43 56 62 65 70 75 
0 1 9 22 28 30 35 56 62 68 70 75 
0 4 7 12 17 25 37 43 46 51 58 65 
0 4 9 22 30 35 37 43 56 62 70 75 
