0 1 5 9 13 19 21 25 37 44 52 56 
0 1 5 9 13 19 21 37 40 44 52 56 
0 1 5 9 13 19 37 40 44 52 56 59 
0 1 5 9 13 21 25 30 35 38 48 52 
0 1 5 9 13 21 25 30 35 38 52 63 
0 1 5 9 13 21 26 30 35 38 48 52 
0 1 5 9 13 21 26 30 35 38 52 63 
0 1 5 9 13 21 30 35 38 40 48 52 
0 1 5 9 13 21 30 35 38 40 52 63 
0 1 5 9 13 21 35 38 40 45 52 63 
0 1 5 9 13 30 35 38 40 52 59 63 
0 1 5 9 14 21 26 30 35 38 48 52 
0 1 5 9 14 21 26 30 35 38 52 63 
0 1 5 9 14 21 26 31 35 38 52 63 
0 1 5 9 14 21 26 31 35 39 52 63 
0 1 5 9 14 21 26 31 35 43 52 63 
0 1 5 9 14 21 26 35 38 45 52 63 
0 1 5 9 14 22 26 30 35 38 48 52 
0 1 5 9 14 22 26 31 35 38 52 63 
0 1 5 9 14 22 26 31 35 39 52 63 
0 1 5 9 14 22 26 31 35 43 48 52 
0 1 5 9 14 22 26 31 35 43 52 56 
0 1 5 9 14 26 30 35 38 48 52 59 
0 1 5 9 14 26 30 35 38 52 59 63 
0 1 5 9 14 31 35 39 41 52 59 63 
0 1 5 9 14 35 38 41 45 52 59 63 
0 1 5 10 14 22 26 31 35 39 52 63 
0 1 5 10 14 22 26 31 35 43 52 63 
0 1 5 10 14 22 31 35 39 41 52 63 
