0 1 6 13 24 32 38 40 56 65 72 
0 1 6 13 24 32 38 40 56 65 73 
0 1 6 13 24 32 38 40 56 66 73 
0 1 6 13 24 32 38 41 49 65 73 
0 1 6 13 24 32 38 41 49 66 73 
0 1 6 13 24 32 38 41 49 66 74 
0 1 6 13 24 32 38 41 56 65 73 
0 1 6 13 24 32 38 41 56 66 73 
0 1 6 13 24 32 38 42 49 65 67 70 
0 1 6 13 24 32 38 42 49 66 74 
0 1 6 13 24 32 38 43 51 58 65 70 
0 1 6 13 24 32 38 43 51 58 66 71 
0 1 6 13 24 32 38 44 47 51 65 72 
0 1 6 13 24 32 38 44 47 51 66 71 
0 1 6 13 24 32 38 44 49 65 67 70 
0 1 6 13 24 32 38 44 49 65 67 72 
0 1 6 13 24 32 38 44 51 65 67 70 
0 1 6 13 24 32 38 44 51 65 67 72 
0 1 6 13 24 32 40 56 60 65 72 
0 1 6 13 24 32 40 56 60 65 73 
0 1 6 13 24 32 40 56 60 68 72 
0 1 6 13 24 32 40 56 60 68 75 
0 1 6 13 24 32 40 56 60 73 76 
0 1 6 13 24 32 40 56 60 75 76 
0 1 6 13 24 32 40 56 61 66 73 
0 1 6 13 24 32 40 56 61 73 76 
0 1 6 13 24 32 41 49 59 60 76 
0 1 6 13 24 32 41 49 59 61 69 
0 1 6 13 24 32 41 49 59 61 76 
0 1 6 13 24 32 41 49 60 65 73 
0 1 6 13 24 32 41 49 60 68 74 
0 1 6 13 24 32 41 49 60 73 76 
0 1 6 13 24 32 41 49 61 66 73 
0 1 6 13 24 32 41 49 61 66 74 
0 1 6 13 24 32 41 49 61 69 74 
0 1 6 13 24 32 41 49 61 73 76 
0 1 6 13 24 32 41 56 59 60 76 
0 1 6 13 24 32 41 56 59 61 69 
0 1 6 13 24 32 41 56 59 61 76 
0 1 6 13 24 32 41 56 60 65 73 
0 1 6 13 24 32 41 56 60 68 74 
0 1 6 13 24 32 41 56 60 73 76 
0 1 6 13 24 32 41 56 61 66 73 
0 1 6 13 24 32 41 56 61 66 74 
0 1 6 13 24 32 41 56 61 69 74 
0 1 6 13 24 32 41 56 61 73 76 
0 1 6 13 24 32 42 49 60 68 74 
0 1 6 13 24 32 42 49 60 68 75 
0 1 6 13 24 32 42 49 60 75 76 
0 1 6 13 24 32 42 49 61 66 74 
0 1 6 13 24 32 42 49 61 67 69 
0 1 6 13 24 32 42 49 61 69 74 
0 1 6 13 24 32 42 49 61 75 76 
0 1 6 13 24 32 43 51 59 60 76 
0 1 6 13 24 32 43 51 59 61 69 
0 1 6 13 24 32 43 51 59 61 76 
0 1 6 13 24 32 43 51 60 68 75 
0 1 6 13 24 32 43 56 59 60 76 
0 1 6 13 24 32 43 56 59 61 69 
0 1 6 13 24 32 43 56 59 61 76 
0 1 6 13 24 32 43 56 60 68 75 
0 1 6 13 24 32 43 56 60 75 76 
0 1 6 13 24 32 43 56 61 75 76 
0 1 6 13 24 32 44 47 51 60 65 72 
0 1 6 13 24 32 44 47 51 60 68 72 
0 1 6 13 24 32 44 49 59 60 76 
0 1 6 13 24 32 44 49 59 61 69 
0 1 6 13 24 32 44 49 60 65 67 72 
0 1 6 13 24 32 44 49 61 67 69 
0 1 6 13 24 32 44 51 59 60 76 
0 1 6 13 24 32 44 51 59 61 69 
0 1 6 13 24 32 44 51 59 61 76 
0 1 6 13 24 32 44 51 60 65 67 72 
0 1 6 13 24 32 44 51 61 67 69 
0 1 6 13 25 32 38 40 56 65 72 
0 1 6 13 25 32 38 40 56 65 73 
0 1 6 13 25 32 38 40 56 66 73 
0 1 6 13 25 32 38 41 49 65 73 
0 1 6 13 25 32 38 41 49 66 73 
0 1 6 13 25 32 38 41 56 65 73 
0 1 6 13 25 32 38 42 49 65 67 70 
0 1 6 13 25 32 38 42 49 66 74 
0 1 6 13 25 32 38 43 51 58 65 70 
0 1 6 13 25 32 38 43 51 58 66 71 
0 1 6 13 25 32 38 44 47 51 65 72 
0 1 6 13 25 32 38 44 47 51 66 71 
0 1 6 13 25 32 38 44 49 65 67 70 
0 1 6 13 25 32 38 44 49 65 67 72 
0 1 6 13 25 32 38 44 51 65 67 70 
0 1 6 13 25 32 38 44 51 65 67 72 
0 1 6 13 25 32 40 56 60 65 72 
0 1 6 13 25 32 40 56 60 65 73 
0 1 6 13 25 32 40 56 60 68 72 
0 1 6 13 25 32 40 56 60 68 75 
0 1 6 13 25 32 40 56 60 73 76 
0 1 6 13 25 32 40 56 60 75 76 
0 1 6 13 25 32 40 56 61 66 73 
0 1 6 13 25 32 40 56 61 73 76 
0 1 6 13 25 32 40 56 61 75 76 
0 1 6 13 25 32 41 49 59 60 76 
0 1 6 13 25 32 41 49 59 61 69 
0 1 6 13 25 32 41 49 59 61 76 
0 1 6 13 25 32 41 49 60 65 73 
0 1 6 13 25 32 41 49 60 68 74 
0 1 6 13 25 32 41 49 60 73 76 
0 1 6 13 25 32 41 49 61 66 73 
0 1 6 13 25 32 41 49 61 66 74 
0 1 6 13 25 32 41 56 59 61 69 
0 1 6 13 25 32 41 56 59 61 76 
0 1 6 13 25 32 41 56 60 68 74 
0 1 6 13 25 32 41 56 60 73 76 
0 1 6 13 25 32 41 56 61 66 73 
0 1 6 13 25 32 41 56 61 66 74 
0 1 6 13 25 32 41 56 61 73 76 
0 1 6 13 25 32 42 49 60 68 74 
0 1 6 13 25 32 42 49 60 68 75 
0 1 6 13 25 32 42 49 60 75 76 
0 1 6 13 25 32 42 49 61 66 74 
0 1 6 13 25 32 42 49 61 67 69 
0 1 6 13 25 32 42 49 61 69 74 
0 1 6 13 25 32 42 49 61 75 76 
0 1 6 13 25 32 43 51 59 60 76 
0 1 6 13 25 32 43 51 59 61 69 
0 1 6 13 25 32 43 51 59 61 76 
0 1 6 13 25 32 43 51 60 68 75 
0 1 6 13 25 32 43 51 60 75 76 
0 1 6 13 25 32 43 51 61 75 76 
0 1 6 13 25 32 43 56 60 68 75 
0 1 6 13 25 32 43 56 60 75 76 
0 1 6 13 25 32 43 56 61 75 76 
0 1 6 13 25 32 44 49 59 60 76 
0 1 6 13 25 32 44 49 60 65 67 72 
0 1 6 13 25 32 44 49 61 67 69 
0 1 6 13 25 32 44 51 59 60 76 
0 1 6 13 25 32 44 51 59 61 69 
0 1 6 13 25 32 44 51 60 65 67 72 
0 1 6 13 25 33 38 40 56 65 72 
0 1 6 13 25 33 38 40 56 65 73 
0 1 6 13 25 33 38 40 56 66 73 
0 1 6 13 25 33 38 41 49 65 73 
0 1 6 13 25 33 38 42 49 65 67 70 
0 1 6 13 25 33 38 42 49 66 74 
0 1 6 13 25 33 38 43 51 58 65 70 
0 1 6 13 25 33 38 43 51 58 66 71 
0 1 6 13 25 33 38 44 49 65 67 70 
0 1 6 13 25 33 38 44 49 65 67 72 
0 1 6 13 25 33 40 56 60 65 72 
0 1 6 13 25 33 40 56 60 68 72 
0 1 6 13 25 33 40 56 60 68 75 
0 1 6 13 25 33 40 56 60 73 76 
0 1 6 13 25 33 40 56 60 75 76 
0 1 6 13 25 33 40 56 61 66 73 
0 1 6 13 25 33 40 56 61 73 76 
0 1 6 13 25 33 40 56 61 75 76 
0 1 6 13 25 33 41 49 59 60 76 
0 1 6 13 25 33 41 49 59 61 76 
0 1 6 13 25 33 41 49 60 65 73 
0 1 6 13 25 33 41 49 60 68 74 
0 1 6 13 25 33 41 49 60 73 76 
0 1 6 13 25 33 41 49 61 66 73 
0 1 6 13 25 33 41 49 61 66 74 
0 1 6 13 25 33 41 56 59 61 69 
0 1 6 13 25 33 41 56 60 68 74 
0 1 6 13 25 33 41 56 60 73 76 
0 1 6 13 25 33 41 56 61 66 73 
0 1 6 13 25 33 41 56 61 66 74 
0 1 6 13 25 33 42 49 60 68 74 
0 1 6 13 25 33 42 49 60 68 75 
0 1 6 13 25 33 42 49 60 75 76 
0 1 6 13 25 33 42 49 61 66 74 
0 1 6 13 25 33 42 49 61 67 69 
0 1 6 13 25 33 42 49 61 69 74 
0 1 6 13 25 33 42 49 61 75 76 
0 1 6 13 25 33 43 51 59 60 76 
0 1 6 13 25 33 43 51 59 61 76 
0 1 6 13 25 33 43 51 60 68 75 
0 1 6 13 25 33 43 51 60 75 76 
0 1 6 13 25 33 43 51 61 75 76 
0 1 6 13 25 33 43 56 59 60 76 
0 1 6 13 25 33 43 56 59 61 76 
0 1 6 13 25 33 43 56 60 68 75 
0 1 6 13 25 33 43 56 60 75 76 
0 1 6 13 25 33 43 56 61 75 76 
0 1 6 13 25 33 44 49 59 60 76 
0 1 6 14 24 32 39 40 56 66 73 
0 1 6 14 24 32 39 40 56 68 72 
0 1 6 14 24 32 39 40 56 68 75 
0 1 6 14 24 32 39 41 49 66 73 
0 1 6 14 24 32 39 41 49 66 74 
0 1 6 14 24 32 39 41 49 68 74 
0 1 6 14 24 32 39 41 56 66 73 
0 1 6 14 24 32 39 41 56 66 74 
0 1 6 14 24 32 39 41 56 68 74 
0 1 6 14 24 32 39 42 49 66 74 
0 1 6 14 24 32 39 42 49 68 74 
0 1 6 14 24 32 39 42 49 68 75 
0 1 6 14 24 32 39 43 51 58 66 71 
0 1 6 14 24 32 39 43 51 68 75 
0 1 6 14 24 32 39 43 56 68 75 
0 1 6 14 24 32 40 56 61 66 73 
0 1 6 14 24 32 41 49 59 61 69 
0 1 6 14 24 32 41 49 59 61 76 
0 1 6 14 24 32 41 49 59 62 69 
0 1 6 14 24 32 41 49 62 68 74 
0 1 6 14 24 32 41 56 59 61 69 
0 1 6 14 24 32 41 56 59 61 76 
0 1 6 14 24 32 41 56 59 62 69 
0 1 6 14 24 32 41 56 61 66 73 
0 1 6 14 24 32 41 56 61 66 74 
0 1 6 14 24 32 41 56 62 68 74 
0 1 6 14 24 32 42 49 61 69 74 
0 1 6 14 24 32 42 49 61 75 76 
0 1 6 14 24 32 42 49 62 68 74 
0 1 6 14 24 32 42 49 62 68 75 
0 1 6 14 24 32 42 49 62 69 74 
0 1 6 14 24 32 42 49 62 70 75 
0 1 6 14 24 32 43 51 58 62 70 
0 1 6 14 24 32 43 51 59 61 69 
0 1 6 14 24 32 43 51 62 68 75 
0 1 6 14 24 32 43 51 62 70 75 
0 1 6 14 24 32 43 56 61 75 76 
0 1 6 14 24 32 43 56 62 68 75 
0 1 6 14 24 32 43 56 62 70 75 
0 1 6 14 24 32 44 49 62 67 70 
0 1 6 14 25 32 39 40 56 66 73 
0 1 6 14 25 32 39 40 56 68 72 
0 1 6 14 25 32 39 40 56 68 75 
0 1 6 14 25 32 39 41 49 66 73 
0 1 6 14 25 32 39 41 49 66 74 
0 1 6 14 25 32 39 41 49 68 74 
0 1 6 14 25 32 39 41 56 66 73 
0 1 6 14 25 32 39 41 56 66 74 
0 1 6 14 25 32 39 41 56 68 74 
0 1 6 14 25 32 39 42 49 66 74 
0 1 6 14 25 32 39 42 49 68 74 
0 1 6 14 25 32 39 43 51 58 66 71 
0 1 6 14 25 32 39 43 51 68 75 
0 1 6 14 25 32 40 56 61 66 73 
0 1 6 14 25 32 40 56 61 75 76 
0 1 6 14 25 32 40 56 62 68 75 
0 1 6 14 25 32 41 49 59 61 76 
0 1 6 14 25 32 41 49 62 68 74 
0 1 6 14 25 32 41 56 59 61 76 
0 1 6 14 25 32 41 56 61 66 73 
0 1 6 14 25 32 41 56 61 66 74 
0 1 6 14 25 32 41 56 62 68 74 
0 1 6 14 25 32 42 49 61 69 74 
0 1 6 14 25 32 42 49 61 75 76 
0 1 6 14 25 32 42 49 62 68 74 
0 1 6 14 25 32 42 49 62 68 75 
0 1 6 14 25 32 42 49 62 70 75 
0 1 6 14 25 32 43 51 62 68 75 
0 1 6 14 25 32 44 49 62 67 70 
0 1 6 14 25 33 39 40 56 66 73 
0 1 6 14 25 33 39 40 56 68 72 
0 1 6 14 25 33 39 40 56 68 75 
0 1 6 14 25 33 39 41 49 66 73 
0 1 6 14 25 33 39 41 49 66 74 
0 1 6 14 25 33 39 41 49 68 74 
0 1 6 14 25 33 39 41 56 66 73 
0 1 6 14 25 33 39 41 56 66 74 
0 1 6 14 25 33 39 41 56 68 74 
0 1 6 14 25 33 39 42 49 66 74 
0 1 6 14 25 33 39 43 56 68 75 
0 1 6 14 25 33 40 56 61 66 73 
0 1 6 14 25 33 40 56 61 75 76 
0 1 6 14 25 33 40 56 62 68 75 
0 1 6 14 25 33 41 49 62 68 74 
0 1 6 14 25 33 41 56 59 61 76 
0 1 6 14 25 33 41 56 61 66 73 
0 1 6 14 25 33 41 56 61 66 74 
0 1 6 14 25 33 41 56 62 68 74 
0 1 6 14 25 33 42 49 61 75 76 
0 1 6 14 25 33 42 49 62 68 74 
0 1 6 14 25 33 42 49 62 68 75 
0 1 6 14 25 33 42 49 62 70 75 
0 1 6 14 25 33 43 56 59 61 76 
0 1 6 14 25 33 43 56 61 75 76 
0 1 6 14 25 33 43 56 62 68 75 
0 1 6 14 25 33 43 56 62 70 75 
0 1 8 13 25 32 40 56 60 68 72 
0 1 8 13 25 32 40 56 60 68 75 
0 1 8 13 25 32 40 56 60 75 76 
0 1 8 13 25 32 40 56 61 66 73 
0 1 8 13 25 32 40 56 61 75 76 
0 1 8 13 25 32 41 49 60 65 73 
0 1 8 13 25 32 41 49 60 68 74 
0 1 8 13 25 32 41 49 61 69 74 
0 1 8 13 25 32 41 56 60 68 74 
0 1 8 13 25 32 41 56 61 66 73 
0 1 8 13 25 32 41 56 61 66 74 
0 1 8 13 25 32 41 56 61 69 74 
0 1 8 13 25 32 42 49 60 68 74 
0 1 8 13 25 32 42 49 60 68 75 
0 1 8 13 25 32 42 49 60 75 76 
0 1 8 13 25 32 42 49 61 67 69 
0 1 8 13 25 32 42 49 61 69 74 
0 1 8 13 25 32 42 49 61 75 76 
0 1 8 13 25 32 44 49 60 65 67 72 
0 1 8 13 25 33 40 56 60 68 72 
0 1 8 13 25 33 40 56 60 68 75 
0 1 8 13 25 33 40 56 60 75 76 
0 1 8 13 25 33 40 56 61 66 73 
0 1 8 13 25 33 40 56 61 75 76 
0 1 8 13 25 33 41 49 60 65 73 
0 1 8 13 25 33 41 49 60 68 74 
0 1 8 13 25 33 41 56 60 68 74 
0 1 8 13 25 33 41 56 61 66 74 
0 1 8 13 25 33 41 56 61 69 74 
0 1 8 13 25 33 42 49 60 68 74 
0 1 8 13 25 33 42 49 60 68 75 
0 1 8 13 25 33 42 49 60 75 76 
0 1 8 13 25 33 42 49 61 67 69 
0 1 8 13 25 33 42 49 61 69 74 
0 1 8 13 25 33 42 49 61 75 76 
0 1 8 13 25 33 43 56 61 75 76 
0 1 8 15 24 32 41 49 59 62 69 
0 1 8 15 24 32 41 49 59 63 76 
0 1 8 15 24 32 41 49 62 68 74 
0 1 8 15 24 32 41 49 62 69 74 
0 1 8 15 24 32 41 56 62 68 74 
0 1 8 15 24 32 41 56 62 69 74 
0 1 8 15 24 32 42 49 62 67 69 
0 1 8 15 24 32 42 49 62 67 70 
0 1 8 15 24 32 42 49 62 69 74 
0 1 8 15 25 32 40 56 60 68 72 
0 1 8 15 25 32 40 56 60 68 75 
0 1 8 15 25 32 40 56 60 75 76 
0 1 8 15 25 32 40 56 62 68 75 
0 1 8 15 25 32 40 56 63 75 76 
0 1 8 15 25 32 41 49 60 68 74 
0 1 8 15 25 32 42 49 60 68 74 
0 1 8 15 25 32 42 49 60 68 75 
0 1 8 15 25 32 42 49 60 75 76 
0 1 8 15 25 32 42 49 62 68 74 
0 1 8 15 25 32 42 49 62 68 75 
0 1 8 15 25 32 42 49 62 69 74 
0 1 8 15 25 33 40 56 60 68 72 
0 1 8 15 25 33 40 56 60 68 75 
0 1 8 15 25 33 40 56 60 75 76 
0 1 8 15 25 33 40 56 62 68 75 
0 1 8 15 25 33 40 56 63 75 76 
0 1 8 15 25 33 41 56 60 68 74 
0 1 8 15 25 33 43 56 59 62 69 
0 1 8 15 25 33 43 56 59 63 76 
0 1 8 15 25 33 43 56 62 68 75 
0 1 8 15 25 33 43 56 62 70 75 
0 1 8 15 25 33 43 56 63 70 75 
0 1 8 15 25 33 43 56 63 75 76 
0 1 8 24 27 32 40 56 64 72 
0 1 8 25 27 32 40 56 64 72 
0 1 8 25 27 33 40 56 61 75 76 
0 1 8 25 27 33 40 56 63 75 76 
0 1 8 25 27 33 40 56 64 72 
0 1 8 25 27 33 43 56 59 61 69 
0 1 8 25 27 33 43 56 59 61 76 
0 1 8 25 27 33 43 56 59 63 76 
0 1 8 25 27 33 43 56 61 75 76 
0 1 8 25 27 33 43 56 63 70 75 
0 1 8 25 27 33 43 56 63 75 76 
0 1 9 24 27 32 40 56 64 72 
0 1 9 24 32 37 40 56 64 72 
0 2 7 14 22 29 34 39 40 56 68 72 
0 2 7 14 22 29 34 39 40 56 68 75 
0 2 7 14 22 29 34 39 41 49 68 74 
0 2 7 14 22 29 34 39 41 56 68 74 
0 2 7 14 22 29 34 40 56 61 75 76 
0 2 7 14 22 29 34 40 56 62 68 75 
0 2 7 14 22 29 34 41 49 59 61 69 
0 2 7 14 22 29 34 41 49 59 61 76 
0 2 7 14 22 29 34 41 49 59 62 69 
0 2 7 14 22 29 34 41 49 61 69 74 
0 2 7 14 22 29 34 41 49 62 69 74 
0 2 7 14 22 29 34 41 56 59 61 69 
0 2 7 14 22 29 34 41 56 59 61 76 
0 2 7 14 22 29 34 41 56 59 62 69 
0 2 7 14 22 29 34 41 56 61 66 74 
0 2 7 14 22 29 34 41 56 61 69 74 
0 2 7 14 22 29 34 41 56 62 68 74 
0 2 7 14 22 29 34 41 56 62 69 74 
0 2 7 14 22 29 34 42 49 61 69 74 
0 2 7 14 22 29 34 42 49 61 75 76 
0 2 7 14 22 29 34 43 56 59 61 69 
0 2 7 14 22 29 34 43 56 59 61 76 
0 2 7 14 22 29 34 43 56 59 62 69 
0 2 7 14 22 29 34 43 56 61 75 76 
0 2 7 14 22 29 34 43 56 62 68 75 
0 2 7 14 25 33 39 40 56 68 72 
0 2 7 14 25 33 39 40 56 68 75 
0 2 7 14 25 33 39 43 51 68 75 
0 2 7 14 25 33 39 44 47 51 66 71 
0 2 7 14 25 33 40 56 61 75 76 
0 2 7 14 25 33 40 56 62 68 75 
0 2 7 14 25 33 43 51 59 61 69 
0 2 7 14 25 33 43 51 59 62 69 
0 2 7 14 25 33 43 51 62 68 75 
0 2 7 14 25 33 43 56 59 61 69 
0 2 7 14 25 33 43 56 59 61 76 
0 2 7 14 25 33 43 56 61 75 76 
0 2 7 14 25 33 43 56 62 68 75 
0 2 7 14 25 33 44 51 59 62 69 
0 2 7 15 22 29 34 40 56 60 68 75 
0 2 7 15 22 29 34 40 56 60 75 76 
0 2 7 15 22 29 34 40 56 62 68 75 
0 2 7 15 22 29 34 40 56 63 75 76 
0 2 7 15 22 29 34 41 56 59 60 76 
0 2 7 15 22 29 34 41 56 59 62 69 
0 2 7 15 22 29 34 41 56 60 68 74 
0 2 7 15 22 29 34 41 56 62 69 74 
0 2 7 15 25 33 40 56 60 68 75 
0 2 7 15 25 33 43 51 59 62 69 
0 2 7 15 25 33 43 56 62 68 75 
0 2 9 14 19 22 29 40 56 61 75 76 
0 2 9 14 19 22 29 40 56 62 68 75 
0 2 9 14 19 22 29 41 49 59 61 69 
0 2 9 14 19 22 29 41 49 59 61 76 
0 2 9 14 19 22 29 41 49 59 62 69 
0 2 9 14 19 22 29 41 49 61 69 74 
0 2 9 14 19 22 29 41 49 62 68 74 
0 2 9 14 19 22 29 41 49 62 69 74 
0 2 9 14 19 22 29 41 56 59 61 69 
0 2 9 14 19 22 29 41 56 59 61 76 
0 2 9 14 19 22 29 41 56 59 62 69 
0 2 9 14 19 22 29 41 56 61 69 74 
0 2 9 14 19 22 29 41 56 62 68 74 
0 2 9 14 19 22 29 41 56 62 69 74 
0 2 9 14 19 22 29 42 49 61 69 74 
0 2 9 14 19 22 29 42 49 61 75 76 
0 2 9 14 19 22 29 42 49 62 68 74 
0 2 9 14 19 22 29 42 49 62 68 75 
0 2 9 14 19 22 29 42 49 62 69 74 
0 2 9 14 19 22 29 42 49 62 70 75 
0 2 9 14 19 22 29 43 56 59 61 69 
0 2 9 14 19 22 29 43 56 59 61 76 
0 2 9 14 19 22 29 43 56 59 62 69 
0 2 9 14 19 22 29 43 56 61 75 76 
0 2 9 14 19 22 29 43 56 62 68 75 
0 2 9 14 19 22 29 43 56 62 70 75 
0 2 9 14 19 22 29 44 49 59 62 69 
0 2 9 19 22 27 29 40 56 61 75 76 
0 2 9 19 22 27 29 40 56 63 75 76 
0 2 9 19 22 27 29 41 49 59 61 69 
0 2 9 19 22 27 29 41 49 59 61 76 
0 2 9 19 22 27 29 41 49 59 63 76 
0 2 9 19 22 27 29 41 49 59 64 69 
0 2 9 19 22 27 29 41 49 61 69 74 
0 2 9 19 22 27 29 41 56 59 61 69 
0 2 9 19 22 27 29 41 56 59 63 76 
0 2 9 19 22 27 29 41 56 59 64 69 
0 2 9 19 22 27 29 41 56 61 69 74 
0 2 9 19 22 27 29 42 49 61 69 74 
0 2 9 19 22 27 29 42 49 61 75 76 
0 2 9 19 22 27 29 42 49 63 70 75 
0 2 9 19 22 27 29 43 56 59 63 71 
0 2 9 19 22 27 29 43 56 59 63 76 
0 2 9 19 22 27 29 43 56 59 64 69 
0 2 9 19 22 27 29 43 56 59 64 71 
0 2 9 19 22 27 29 43 56 63 70 75 
0 2 9 19 22 27 29 43 56 63 75 76 
0 2 9 19 22 29 37 41 49 59 62 69 
0 2 9 19 22 29 37 41 49 59 64 69 
0 2 9 19 22 29 37 41 56 59 62 69 
0 2 9 19 22 29 37 41 56 59 64 69 
0 2 9 19 22 29 37 41 56 62 69 74 
0 2 9 19 22 29 37 43 56 59 62 69 
0 2 9 19 22 29 37 43 56 59 64 69 
0 2 9 19 22 29 37 43 56 59 64 71 
0 2 9 19 22 29 37 43 56 62 70 75 
0 2 9 19 24 27 29 41 49 59 63 76 
0 2 9 19 24 27 29 41 49 59 64 69 
0 2 9 19 24 27 29 41 56 59 63 76 
0 2 9 19 24 27 29 41 56 59 64 69 
0 2 9 19 24 27 29 42 49 63 67 70 
0 2 9 19 24 27 29 42 49 63 70 75 
0 2 9 19 24 27 29 43 56 59 63 71 
0 2 9 19 24 27 29 43 56 59 63 76 
0 2 9 19 24 27 29 43 56 59 64 69 
0 2 9 19 24 27 29 43 56 59 64 71 
0 2 9 19 24 27 29 43 56 63 70 75 
0 2 9 19 24 27 29 43 56 63 75 76 
0 2 9 19 24 29 37 41 56 59 64 69 
0 2 9 19 24 29 37 41 56 62 69 74 
0 2 9 19 24 29 37 43 56 59 62 69 
0 2 9 19 24 29 37 43 56 62 70 75 
0 2 9 22 27 29 34 40 56 63 75 76 
0 2 9 22 27 29 34 41 56 59 61 69 
0 2 9 22 27 29 34 41 56 59 61 76 
0 2 9 22 27 29 34 41 56 59 63 76 
0 2 9 22 27 29 34 41 56 59 64 69 
0 2 9 22 27 29 34 41 56 61 69 74 
0 2 9 22 27 29 34 43 56 59 61 69 
0 2 9 22 27 29 34 43 56 59 61 76 
0 2 9 22 27 29 34 43 56 59 63 71 
0 2 9 22 27 29 34 43 56 59 63 76 
0 2 9 22 27 29 34 43 56 59 64 69 
0 2 9 22 27 29 34 43 56 59 64 71 
0 2 9 22 27 29 34 43 56 61 75 76 
0 2 9 22 27 29 34 43 56 63 70 75 
0 2 9 22 27 29 34 43 56 63 75 76 
0 2 9 22 29 34 37 41 56 62 69 74 
0 2 9 22 29 34 37 43 56 59 62 69 
0 2 9 22 29 34 37 43 56 59 64 71 
0 2 9 22 29 34 37 43 56 62 70 75 
0 2 10 15 19 22 29 40 56 62 68 75 
0 2 10 15 19 22 29 40 56 63 75 76 
0 2 10 15 19 22 29 41 56 59 62 69 
0 2 10 15 19 22 29 41 56 59 63 76 
0 2 10 15 19 22 29 43 56 59 62 69 
0 2 10 15 19 22 29 43 56 59 63 71 
0 2 10 15 19 22 29 43 56 59 63 76 
0 2 10 15 19 22 29 43 56 63 70 75 
0 2 10 15 19 24 29 41 56 59 62 69 
0 2 10 15 19 24 29 41 56 59 63 76 
0 2 10 15 19 24 29 43 56 59 62 69 
0 2 10 15 19 24 29 43 56 59 63 71 
0 2 10 15 19 24 29 43 56 59 63 76 
0 2 10 15 19 24 29 43 56 62 68 75 
0 2 10 15 19 24 29 43 56 62 70 75 
0 2 10 15 19 24 29 43 56 63 70 75 
0 2 10 15 19 24 29 43 56 63 75 76 
0 2 10 15 22 29 34 40 56 62 68 75 
0 2 10 15 22 29 34 40 56 63 75 76 
0 2 10 15 22 29 34 41 56 59 62 69 
0 2 10 15 22 29 34 41 56 59 63 76 
0 3 8 15 22 29 34 40 56 60 75 76 
0 3 8 15 22 29 34 40 56 63 75 76 
0 3 8 15 22 29 34 41 56 59 62 69 
0 3 8 15 22 29 34 41 56 59 63 76 
0 3 8 15 22 29 34 41 56 62 69 74 
0 3 8 15 22 29 34 43 56 59 62 69 
0 3 8 15 22 29 34 43 56 59 63 76 
0 3 8 15 22 29 34 43 56 62 70 75 
0 3 8 15 22 29 34 43 56 63 70 75 
0 3 8 15 22 29 34 43 56 63 75 76 
0 3 8 22 27 29 34 41 56 59 61 69 
0 3 8 22 27 29 34 41 56 59 61 76 
0 3 8 22 27 29 34 41 56 59 63 76 
0 3 8 22 27 29 34 41 56 61 69 74 
0 3 8 22 27 29 34 43 56 61 75 76 
0 3 8 22 27 29 34 43 56 63 75 76 
0 3 10 15 18 22 29 42 49 63 70 75 
0 3 10 15 18 22 29 43 56 63 70 75 
0 3 10 18 24 29 37 42 49 64 67 69 
0 3 10 22 30 35 37 43 56 59 62 69 
0 3 10 22 30 35 37 43 56 62 70 75 
0 4 9 19 22 27 29 42 49 63 70 75 
0 4 9 22 30 35 37 43 56 62 70 75 
0 4 12 17 22 30 39 41 56 66 74 
0 4 12 17 24 31 39 41 56 66 74 
0 4 12 19 24 29 39 41 56 66 74 
0 5 12 16 24 31 39 41 49 68 74 
0 5 12 16 24 31 39 41 56 68 74 
0 5 12 16 24 31 41 49 60 68 74 
0 5 12 16 24 31 41 56 60 68 74 
0 5 12 16 24 31 42 49 60 68 74 
0 5 12 16 24 32 41 49 60 68 74 
0 5 12 18 22 30 39 41 56 66 74 
0 5 12 18 22 30 39 41 56 68 74 
0 6 13 17 24 31 41 49 60 68 74 
