0 1 6 13 20 36 43 51 
0 1 6 13 20 36 44 51 
0 1 6 13 20 36 44 52 
0 1 6 13 20 37 44 51 
0 1 6 13 20 37 44 52 
0 1 6 13 20 37 45 52 
0 1 6 13 21 36 43 51 
0 1 6 13 21 36 44 51 
0 1 6 13 21 36 44 52 
0 1 6 13 21 37 44 51 
0 1 6 13 21 37 44 52 
0 1 6 14 21 36 43 51 
0 1 6 14 21 36 44 51 
0 1 6 14 21 36 44 52 
0 1 6 14 21 37 44 51 
0 1 8 13 20 34 41 46 54 
0 1 8 13 20 34 42 47 54 
0 1 8 13 20 37 45 52 
0 1 8 13 21 34 42 47 54 
0 1 8 13 21 37 45 52 
0 1 8 15 20 34 41 46 54 
0 1 8 15 20 34 42 47 54 
0 1 8 15 20 37 44 52 
0 1 8 15 20 37 45 52 
0 2 7 14 21 34 41 46 53 
0 2 7 14 21 36 41 48 53 
0 2 7 15 20 36 44 52 
0 2 7 15 20 37 44 52 
0 2 7 15 20 37 45 53 
0 2 7 15 23 36 41 48 53 
0 2 7 15 23 36 44 52 
0 2 7 15 23 37 44 52 
0 2 9 14 21 34 41 48 53 
0 3 8 15 20 37 45 53 
0 3 8 15 23 37 45 53 
0 4 12 20 28 34 41 49 
0 4 12 20 28 34 42 49 
0 6 13 20 28 36 43 50 
