0 1 5 15 20 28 33 47 52 57 62 67 80 84 87 
0 1 5 15 20 28 33 47 52 57 62 67 84 87 92 
0 3 7 11 18 23 30 34 38 56 64 74 76 91 95 
0 3 7 11 18 23 30 34 38 64 68 74 76 91 95 
0 3 7 11 23 30 34 38 64 68 74 76 80 91 95 
0 3 7 11 23 34 38 42 53 64 68 74 76 80 95 
0 3 8 13 18 26 33 43 47 55 65 72 78 85 95 
0 3 8 13 18 26 33 43 47 55 65 72 85 90 95 
0 3 8 13 18 28 33 38 43 47 55 72 85 90 95 
0 3 8 13 18 33 38 43 47 55 65 72 78 85 95 
0 3 8 13 18 33 38 43 47 55 65 72 85 90 95 
0 3 8 13 28 33 38 43 47 55 72 80 85 90 95 
0 3 8 13 33 38 43 47 55 65 72 80 85 90 95 
0 3 8 18 33 38 43 47 50 55 65 72 85 90 95 
0 3 8 28 33 38 43 47 50 55 72 80 85 90 95 
