0 1 6 10 15 30 37 42 51 60 65 79 87 91 
0 1 6 10 15 37 42 46 51 60 65 87 91 96 
0 1 6 10 32 37 42 46 51 60 82 87 91 96 
0 1 6 11 15 25 37 42 51 60 65 87 91 96 
0 1 6 11 15 30 37 42 51 60 65 79 87 91 
0 1 6 11 15 30 37 42 51 60 65 80 87 91 
0 1 6 11 15 30 37 42 51 60 65 87 91 96 
0 1 6 11 15 37 42 46 51 60 65 87 91 96 
0 1 6 11 16 25 37 42 51 60 65 87 91 96 
0 1 6 11 16 30 37 42 51 60 65 80 87 91 
0 1 6 11 25 32 37 42 51 60 82 87 91 96 
0 1 6 11 25 33 37 42 51 60 82 87 91 96 
0 1 6 11 25 37 42 51 60 65 82 87 91 96 
0 1 6 11 32 37 42 46 51 60 82 87 91 96 
0 1 6 13 27 32 37 42 51 62 77 82 87 91 
0 1 6 13 28 32 37 42 51 62 77 82 87 91 
0 1 6 13 28 32 37 42 51 63 77 82 87 91 
0 1 6 13 28 33 37 42 51 63 77 82 87 91 
0 1 6 15 27 37 42 46 51 65 77 87 91 96 
0 1 6 15 37 42 46 51 60 65 77 87 91 96 
0 1 6 25 28 32 37 42 51 77 82 87 91 96 
0 1 6 25 28 33 37 42 51 77 82 87 91 96 
0 1 6 27 32 37 42 46 51 77 82 87 91 96 
0 1 6 32 37 42 46 51 60 77 82 87 91 96 
0 1 8 12 16 23 25 27 37 51 57 61 65 75 76 86 
0 1 8 12 16 23 25 37 43 51 57 61 65 75 86 93 
0 1 8 12 16 23 25 37 43 51 57 61 65 75 87 93 
0 1 8 12 16 23 31 37 43 51 57 61 65 80 86 93 
0 1 8 12 23 25 27 33 37 51 57 61 75 76 82 86 
0 1 8 12 23 25 27 33 37 51 57 61 75 76 82 87 
0 1 8 12 23 25 33 37 43 51 57 61 75 82 87 93 
0 1 8 12 23 27 32 37 57 62 72 76 81 86 
0 1 8 12 23 27 32 37 57 62 72 77 81 86 
0 1 8 12 23 27 32 37 57 62 72 81 86 93 
0 1 8 12 23 27 32 37 58 62 72 77 81 86 
0 1 8 12 23 32 37 43 57 62 72 81 86 93 
0 1 8 12 23 32 37 44 57 62 72 81 86 93 
0 1 8 12 23 32 37 44 58 62 72 81 86 93 
0 1 8 13 23 27 32 37 51 57 62 77 82 86 
0 1 8 13 23 27 32 37 51 57 62 77 82 87 
0 1 8 13 23 27 32 37 51 58 62 77 82 86 
0 1 8 13 23 27 32 37 51 58 62 77 82 87 
0 1 8 13 23 27 32 37 57 62 72 77 81 86 
0 1 8 13 23 27 32 37 57 62 72 77 82 86 
0 1 8 13 23 27 32 37 58 62 72 77 81 86 
0 1 8 13 23 27 32 37 58 62 72 77 82 86 
0 1 8 13 23 28 32 37 51 58 62 77 82 86 
0 1 8 13 23 28 32 37 51 58 62 77 82 87 
0 1 8 13 23 28 32 37 51 58 63 77 82 86 
0 1 8 13 23 28 32 37 51 58 63 77 82 87 
0 1 8 13 23 28 32 37 51 58 77 82 86 96 
0 1 8 13 23 28 32 37 51 58 77 82 87 96 
0 1 8 13 23 28 32 37 58 62 72 77 81 86 
0 1 8 13 23 28 32 37 58 62 72 77 82 86 
0 1 8 13 23 28 32 37 58 63 72 77 82 86 
0 1 8 13 23 28 32 37 58 72 77 82 86 96 
0 1 8 13 23 28 33 37 51 58 63 77 82 86 
0 1 8 13 23 28 33 37 51 58 63 77 82 87 
0 1 8 13 23 32 37 44 51 57 62 82 86 93 
0 1 8 13 23 32 37 44 51 57 62 82 87 93 
0 1 8 13 23 32 37 44 51 58 62 82 86 93 
0 1 8 13 23 32 37 44 51 58 62 82 86 94 
0 1 8 13 23 32 37 44 51 58 62 82 87 94 
0 1 8 13 23 32 37 44 51 58 63 82 86 94 
0 1 8 13 23 32 37 44 51 58 63 82 87 94 
0 1 8 13 23 32 37 44 58 62 72 81 86 94 
0 1 8 13 23 32 37 44 58 62 72 82 86 94 
0 1 8 14 23 27 33 37 45 51 57 63 76 82 86 95 
0 1 8 14 23 27 33 37 45 51 57 63 76 82 87 95 
0 1 8 14 23 29 33 37 43 51 57 63 78 82 86 93 
0 1 8 14 23 29 33 37 43 51 57 63 78 82 87 93 
0 1 8 15 23 29 37 43 57 64 72 79 86 93 
0 1 8 15 23 29 37 44 57 64 72 79 86 93 
0 1 8 15 23 30 37 44 51 58 65 79 86 93 
0 1 8 23 25 29 33 37 43 51 57 75 78 82 87 93 
0 1 8 23 27 32 37 46 51 57 77 82 87 96 
0 1 8 23 27 32 37 46 51 77 82 87 91 96 
0 1 10 14 23 29 33 37 41 51 59 63 78 82 86 91 
0 1 10 14 23 29 33 37 41 51 59 63 78 82 87 91 
0 1 10 23 25 29 33 37 41 51 59 75 78 82 86 91 
0 1 10 23 25 29 33 37 41 51 59 75 78 82 87 91 
0 1 10 23 32 37 41 46 51 60 82 86 91 96 
0 1 10 23 32 37 41 46 51 60 82 87 91 96 
0 1 10 23 32 37 41 46 59 72 81 86 91 95 
0 1 10 23 32 37 41 46 60 72 81 86 91 95 
0 1 10 23 32 37 41 46 60 72 81 86 91 96 
0 1 10 23 32 37 41 46 60 72 82 86 91 96 
0 1 11 23 25 32 37 42 51 60 82 86 91 96 
0 1 11 23 25 32 37 42 51 60 82 87 91 96 
0 1 11 23 25 32 37 42 60 72 82 86 91 96 
0 1 11 23 25 33 37 42 51 60 82 87 91 96 
0 1 11 23 32 37 42 46 51 60 82 87 91 96 
0 1 11 23 32 37 42 46 60 72 81 86 91 96 
0 1 11 25 28 32 37 42 49 51 82 87 92 96 
0 1 12 23 25 27 33 37 41 51 61 75 76 82 86 91 
0 1 23 25 28 32 37 42 51 77 82 86 91 96 
0 1 23 25 28 32 37 42 51 77 82 87 91 96 
0 1 23 25 28 32 37 42 72 77 82 86 91 96 
0 1 23 25 28 33 37 42 51 77 82 86 91 96 
0 1 23 25 28 33 37 42 51 77 82 87 91 96 
0 1 23 27 32 37 41 46 72 77 81 86 91 95 
0 1 23 27 32 37 41 46 72 77 81 86 91 96 
0 1 23 27 32 37 41 46 72 77 82 86 91 96 
0 1 23 27 32 37 42 46 72 77 81 86 91 95 
0 1 23 27 32 37 42 46 72 77 81 86 91 96 
0 1 23 28 32 37 42 46 51 77 82 86 91 96 
0 2 6 10 14 29 33 37 42 51 60 64 79 83 87 91 
0 2 6 10 14 33 37 42 46 51 60 64 83 87 91 95 
0 2 6 10 16 29 37 42 47 51 60 66 75 79 87 91 
0 2 6 10 16 31 37 42 46 51 60 66 81 87 91 95 
0 2 6 10 29 33 37 42 47 51 60 75 79 83 87 91 
0 2 6 12 16 27 31 37 42 51 62 66 77 81 87 91 
0 2 6 12 27 33 37 42 47 51 62 75 77 83 87 91 
0 2 6 14 27 33 37 42 46 51 64 77 83 87 91 95 
0 2 8 12 16 23 25 27 37 51 57 61 66 75 76 87 
0 2 8 12 16 23 25 37 43 51 57 61 66 75 87 93 
0 2 8 12 16 23 27 31 37 51 57 62 66 76 81 87 
0 2 8 12 16 23 31 37 43 51 57 61 66 81 87 93 
0 2 8 12 23 25 27 33 37 51 57 61 75 76 82 87 
0 2 8 14 23 27 33 37 45 51 57 63 76 82 87 95 
0 2 8 14 23 27 33 37 45 51 57 63 76 83 87 95 
0 2 8 14 23 27 33 37 45 51 57 64 76 83 87 95 
0 2 10 14 23 27 33 37 41 46 51 64 83 87 91 95 
0 2 10 14 23 29 33 37 41 51 59 63 78 82 87 91 
0 2 10 14 23 29 33 37 41 51 59 63 78 83 87 91 
0 2 10 14 23 29 33 37 41 51 59 64 78 83 87 91 
0 2 10 14 23 29 33 37 41 51 59 64 79 83 87 91 
0 2 10 14 23 29 33 37 41 51 59 64 83 87 91 95 
0 2 10 14 23 29 33 37 41 51 60 64 79 83 87 91 
0 2 10 14 23 29 33 37 42 51 60 64 79 83 87 91 
0 2 10 23 25 29 33 37 41 51 59 75 78 82 87 91 
0 2 10 23 25 29 33 37 41 51 59 75 78 83 87 91 
0 2 10 23 29 33 37 41 47 51 59 75 78 83 87 91 
0 2 10 23 29 33 37 41 47 51 59 75 79 83 87 91 
0 2 10 23 29 33 37 41 47 51 60 75 79 83 87 91 
0 2 10 23 29 33 37 42 47 51 60 75 79 83 87 91 
0 2 23 25 28 33 37 42 51 77 82 87 91 96 
0 3 8 12 16 23 27 31 35 53 57 61 65 76 80 84 
0 3 8 12 18 23 24 27 31 53 57 61 67 74 76 80 
0 3 8 12 23 24 27 31 35 53 57 61 74 76 80 84 
0 3 8 15 23 25 28 34 53 58 65 77 84 96 
0 3 8 15 23 25 28 35 53 58 65 77 84 96 
0 3 8 15 23 27 34 46 53 57 64 76 84 95 
0 3 8 15 23 27 34 46 53 57 64 77 84 95 
0 3 8 15 23 27 34 46 53 57 64 77 84 96 
0 3 8 15 23 27 34 46 53 58 64 77 84 95 
0 3 8 15 23 27 34 46 53 58 64 77 84 96 
0 3 8 15 23 27 34 46 53 58 65 77 84 96 
0 3 8 15 23 27 34 46 53 64 77 84 91 95 
0 3 8 15 23 27 34 46 53 64 77 84 91 96 
0 3 8 15 23 27 34 46 53 65 77 84 91 96 
0 3 8 15 23 27 35 46 53 58 65 77 84 96 
0 3 8 15 23 28 34 46 53 58 64 77 84 96 
0 3 8 15 23 28 35 46 53 58 65 77 84 96 
0 3 8 18 23 24 27 31 45 53 57 67 74 76 80 95 
0 3 8 23 24 27 31 35 45 53 57 74 76 80 84 95 
0 3 10 15 23 34 42 46 53 60 64 84 91 96 
0 3 10 16 23 25 29 35 41 53 59 65 75 78 84 91 
0 3 23 24 27 31 35 41 45 53 74 76 80 84 91 95 
0 4 8 12 16 23 27 31 35 53 57 61 66 76 80 85 
0 4 8 12 16 23 27 31 35 53 57 61 74 76 80 85 
0 4 8 12 16 23 27 31 35 53 57 62 66 76 81 85 
0 4 8 12 22 23 27 31 35 53 57 62 74 76 81 85 
0 4 8 12 22 23 27 31 35 53 57 74 76 81 85 95 
0 4 8 12 22 27 31 36 49 54 58 62 74 77 81 85 
