0 1 6 17 21 25 27 32 36 52 56 61 76 87 91 
0 1 6 17 21 25 27 32 36 52 56 61 82 86 91 
0 1 6 17 21 25 27 32 36 52 56 61 82 87 91 
0 1 6 17 21 25 27 32 36 52 57 61 76 87 91 
0 1 6 17 21 25 27 32 36 52 57 61 82 86 91 
0 1 6 17 21 25 27 32 36 57 61 76 87 91 96 
0 1 6 17 21 25 27 32 36 57 61 76 87 92 96 
0 1 6 17 23 25 27 32 36 52 56 61 76 87 91 
0 1 6 17 23 25 27 32 36 57 61 76 87 91 96 
0 1 6 17 23 25 27 32 36 57 61 76 87 92 96 
0 1 12 16 21 25 27 31 42 52 56 61 82 86 91 
0 1 12 16 21 25 27 31 42 52 56 61 82 87 91 
0 1 12 16 21 25 27 31 42 52 57 61 82 86 91 
0 1 12 16 21 25 27 31 42 52 57 61 82 87 91 
0 1 12 16 21 25 27 32 36 52 56 61 82 86 91 
0 1 12 16 21 25 27 32 36 52 56 61 82 87 91 
0 1 12 16 21 25 27 32 42 52 56 61 82 86 91 
0 1 12 16 21 25 27 32 42 52 56 61 82 87 91 
0 1 12 16 21 25 27 32 42 52 57 61 82 86 91 
0 1 12 16 21 25 27 32 43 52 56 61 82 86 91 
0 1 12 16 21 25 27 32 43 52 56 61 82 87 91 
0 1 12 16 21 25 28 32 43 52 56 61 82 86 91 
0 1 12 16 21 25 28 32 43 52 56 61 82 87 91 
0 1 12 16 21 25 28 32 43 52 57 61 82 86 91 
0 1 12 16 25 27 31 42 57 61 77 81 92 96 
0 1 12 16 25 27 32 36 57 61 77 81 92 96 
0 1 12 16 25 27 32 42 57 61 77 81 92 96 
0 1 12 16 25 28 32 43 57 61 77 81 92 96 
0 1 12 17 21 25 27 31 42 52 56 61 82 86 91 
0 1 12 17 21 25 27 32 36 52 56 61 82 86 91 
0 1 12 17 21 25 27 32 36 52 56 61 82 87 91 
0 1 12 17 21 25 27 32 42 52 56 61 82 86 91 
0 2 6 17 21 25 27 32 36 52 56 61 76 87 91 
0 2 6 17 21 25 27 32 36 52 56 61 82 86 91 
0 3 7 11 23 27 38 42 52 56 61 76 87 91 
0 3 7 11 23 27 38 42 52 56 67 76 87 91 
0 3 7 11 23 27 38 42 57 61 76 87 92 96 
