0 2 6 14 18 23 25 28 43 52 56 67 77 81 93 97 
0 2 6 14 18 23 25 28 52 56 60 67 76 81 93 97 
0 2 6 14 18 23 28 43 47 52 56 63 67 77 93 97 
0 2 6 14 18 28 39 43 47 49 52 63 67 77 93 97 
0 2 6 14 18 28 39 44 47 49 52 59 63 67 93 97 
0 2 6 14 19 25 28 35 40 55 60 67 76 81 93 97 
0 2 6 14 19 25 28 42 53 57 62 67 93 97 
0 2 6 14 19 25 28 53 58 62 67 73 93 97 
0 2 6 14 19 28 35 39 44 47 49 59 63 67 93 97 
0 2 6 14 19 28 35 40 44 47 55 59 63 67 93 97 
0 2 6 14 19 28 53 58 63 67 73 79 93 97 
0 2 6 14 25 28 37 42 52 57 62 67 93 97 
0 2 6 14 28 37 41 50 52 63 67 79 93 97 
0 2 6 16 20 25 28 32 36 58 62 67 73 93 
0 2 6 16 20 25 28 32 43 54 58 62 67 93 
0 2 6 16 20 25 28 32 43 54 58 63 67 93 
0 2 6 16 20 25 28 32 54 58 62 67 73 93 
0 2 6 16 20 28 32 36 41 50 63 67 79 93 
0 2 6 16 20 28 32 36 58 63 67 73 79 93 
0 2 6 16 20 28 32 37 41 50 63 67 79 93 
0 2 6 16 20 28 32 41 50 54 63 67 79 93 
0 2 6 16 20 28 32 43 54 58 63 67 79 93 
0 2 6 16 20 28 32 54 58 63 67 73 79 93 
0 2 9 13 17 21 25 42 51 55 62 67 75 76 88 93 
0 2 9 13 17 21 25 51 55 60 67 75 76 81 88 93 
0 2 9 13 17 21 44 47 51 55 59 63 67 75 88 93 
0 2 9 13 17 21 47 50 51 55 59 63 67 75 88 93 
0 2 9 13 17 21 50 51 55 59 63 67 75 79 88 93 
0 2 9 13 17 23 25 38 42 51 62 67 75 76 88 93 
0 2 9 13 17 23 25 38 42 51 67 75 76 81 88 93 
0 2 9 13 17 23 25 38 43 51 58 62 67 75 88 93 
0 2 9 13 17 23 25 38 43 51 58 67 75 81 88 93 
0 2 9 13 17 23 25 38 51 60 67 75 76 81 88 93 
0 2 9 13 17 23 25 43 51 56 67 75 77 81 88 93 
0 2 9 13 17 23 43 47 51 56 63 67 75 77 88 93 
0 2 9 13 17 40 44 47 51 55 59 63 67 75 88 93 
0 2 9 13 18 23 25 34 38 42 62 67 75 76 88 93 
0 2 9 13 18 23 25 34 38 42 67 75 76 81 88 93 
0 2 9 13 18 23 25 34 38 43 58 62 67 75 88 93 
0 2 9 13 18 23 25 34 38 43 58 67 75 81 88 93 
0 2 9 13 18 23 25 34 38 43 67 75 77 81 88 93 
0 2 9 13 18 23 34 38 43 47 58 63 67 75 88 93 
0 2 9 13 18 23 34 38 43 58 63 67 75 79 88 93 
0 2 9 13 18 25 34 39 43 49 67 75 77 81 88 93 
0 2 9 13 18 39 43 47 49 52 63 67 75 77 88 93 
0 2 9 14 18 30 34 39 43 47 49 63 67 77 88 93 
0 2 9 14 19 25 42 53 57 62 67 88 93 97 
0 2 9 14 19 25 53 58 62 67 73 88 93 97 
0 2 9 14 19 53 58 63 67 73 79 88 93 97 
0 2 9 14 25 37 42 52 57 62 67 88 93 97 
0 2 9 20 25 32 36 58 62 67 73 75 88 93 
0 2 10 14 19 25 26 35 40 55 60 67 76 81 88 97 
0 2 10 14 19 25 26 42 53 57 62 67 88 97 
0 2 10 14 19 25 26 53 58 62 67 73 88 97 
0 2 10 14 19 25 42 53 57 62 67 88 94 97 
0 2 10 14 19 25 53 58 62 67 73 88 94 97 
0 2 10 14 19 26 53 58 63 67 73 79 88 97 
0 2 10 14 19 53 58 63 67 73 79 88 94 97 
0 2 10 14 25 26 37 42 52 57 62 67 88 97 
0 2 10 14 25 37 42 52 57 62 67 88 94 97 
0 2 10 14 26 37 41 50 52 63 67 79 88 97 
0 2 10 14 37 41 50 52 63 67 79 88 94 97 
0 2 10 15 19 25 26 31 42 53 57 62 67 88 
0 2 10 15 19 25 26 31 53 58 62 67 73 88 
0 2 10 15 19 25 31 42 53 57 62 67 88 94 
0 2 10 15 19 25 31 53 58 62 67 73 88 94 
0 2 10 15 19 25 42 53 57 62 67 74 88 94 
0 2 10 15 19 25 53 58 62 67 73 74 88 94 
0 2 10 15 19 31 53 58 63 67 73 79 88 94 
0 2 10 15 19 53 58 63 67 73 74 79 88 94 
0 2 10 15 20 25 31 36 58 62 67 73 88 94 
0 2 10 15 20 25 36 58 62 67 73 74 88 94 
0 2 10 15 20 25 54 58 62 67 73 74 88 94 
0 2 10 15 20 36 58 63 67 73 74 79 88 94 
0 2 10 15 20 41 50 54 63 67 74 79 88 94 
0 2 10 15 20 43 54 58 63 67 74 79 88 94 
0 2 10 15 20 43 54 58 63 67 74 79 94 98 
0 2 10 15 20 54 58 63 67 73 74 79 88 94 
0 2 10 15 38 43 53 58 63 67 74 79 88 94 
0 2 10 15 38 43 53 58 63 67 74 79 94 98 
0 2 10 15 38 53 58 63 67 73 74 79 88 94 
0 2 12 16 21 28 37 47 50 59 63 72 86 98 
0 2 12 16 28 39 43 47 54 63 72 77 86 98 
0 51 54 57 60 63 66 69 92 95 97 
