0 1 8 17 23 28 32 37 42 51 56 75 76 92 
0 1 8 17 23 28 33 37 42 51 56 75 76 92 
0 1 8 17 23 32 37 41 51 56 65 75 76 81 
0 1 8 17 23 32 37 41 51 56 65 75 76 92 
0 1 8 17 23 32 37 42 51 56 65 75 76 81 
0 2 7 11 16 21 27 32 36 51 67 87 92 96 
0 2 7 11 16 27 32 36 51 67 82 87 91 96 
0 2 7 11 16 27 32 36 51 67 82 87 92 96 
0 2 7 12 16 21 27 32 36 51 67 87 92 96 
0 2 7 12 16 21 27 32 37 51 67 87 92 96 
0 2 7 12 16 21 27 32 47 51 67 87 92 96 
0 2 7 12 16 27 32 47 51 58 67 83 87 92 
0 2 7 12 16 27 32 47 51 67 75 83 87 92 
0 2 7 12 16 27 32 47 51 67 82 87 91 96 
0 2 7 12 16 27 32 47 51 67 82 87 92 96 
0 2 7 12 16 27 32 47 51 67 83 87 92 96 
0 2 7 12 16 27 43 47 51 58 67 83 87 92 
0 2 7 12 27 43 47 51 58 67 78 83 87 92 
0 3 7 12 16 21 27 32 36 51 67 87 92 96 
0 3 7 12 16 21 27 32 47 51 67 87 92 96 
0 3 7 12 16 27 32 47 51 58 67 83 87 92 
0 3 7 12 17 27 32 47 51 58 67 83 87 92 
0 3 7 12 21 27 32 47 51 67 78 87 92 96 
0 3 7 12 21 32 39 47 63 67 78 87 92 96 
