0 1 5 12 16 20 25 26 30 34 38 60 64 68 73 
0 1 5 12 16 20 25 26 30 34 43 56 60 64 68 
0 1 5 12 16 20 25 26 30 34 56 60 64 68 73 
0 1 5 12 16 20 25 26 30 43 52 56 60 64 68 
0 1 5 12 16 20 26 30 34 56 60 64 68 73 78 
0 1 5 12 16 25 26 30 39 43 52 56 60 64 68 
0 1 6 11 14 19 28 36 43 47 52 59 64 76 89 
0 1 6 11 14 19 36 43 47 52 59 64 75 76 89 
0 1 6 13 18 21 30 35 43 59 67 76 84 89 96 
0 1 6 13 18 21 30 43 54 59 67 76 84 89 96 
0 1 6 13 18 30 35 43 51 59 67 76 84 89 96 
0 1 6 13 18 30 43 51 54 59 64 67 76 89 96 
0 1 6 13 20 30 37 44 53 60 67 77 84 89 96 
0 1 6 13 21 30 38 43 54 59 67 76 84 89 96 
0 51 54 57 60 63 66 69 92 95 97 
