0 1 6 11 16 21 28 33 38 54 59 74 76 89 94 
0 1 6 11 16 21 28 33 38 54 67 74 84 89 94 
0 1 6 11 16 21 28 33 38 59 62 74 76 89 94 
0 1 6 11 16 21 28 33 38 59 62 74 84 89 94 
0 1 6 11 16 21 28 33 38 62 67 74 76 89 94 
0 1 6 11 16 28 33 38 55 60 72 78 83 88 
0 1 6 11 16 28 33 46 55 60 72 78 83 88 
0 1 6 11 16 28 38 41 52 62 67 74 79 84 89 
0 1 6 11 28 33 38 49 55 60 72 78 83 88 
0 1 6 11 28 33 38 49 55 60 72 78 83 95 
0 1 6 11 28 38 41 49 55 67 72 78 83 95 
0 1 6 18 28 33 46 49 55 60 72 78 83 88 
0 1 6 18 28 33 46 49 55 60 72 78 83 95 
0 3 7 12 16 27 36 40 55 59 79 83 92 96 
0 3 7 16 20 27 36 40 55 59 79 83 92 96 
0 3 7 16 20 27 36 40 59 63 72 79 83 96 
