0 1 5 16 21 30 35 39 52 68 82 86 91 97 
0 1 5 16 21 35 39 50 52 57 68 82 86 91 
0 1 5 16 21 35 39 50 52 57 68 82 87 91 
0 3 6 9 12 26 29 69 86 89 92 95 
0 3 9 14 28 32 44 47 61 66 79 84 91 96 
0 4 8 13 20 27 38 43 50 51 56 60 90 95 
0 4 8 13 20 27 38 43 50 56 60 79 90 95 
0 4 8 13 20 27 38 43 51 56 60 67 73 90 
0 4 8 13 20 27 38 43 51 56 60 73 90 95 
0 4 8 13 20 27 38 43 56 60 73 79 90 95 
0 4 9 13 20 27 38 43 56 60 67 73 79 90 
0 4 9 13 20 27 38 43 56 60 73 79 90 95 
0 4 9 13 25 27 43 56 60 65 73 79 90 95 
0 4 9 13 27 43 47 56 60 65 73 79 90 95 
