0 1 5 8 17 28 35 44 56 61 72 79 83 90 95 
0 1 5 10 17 21 28 39 44 56 60 65 74 83 94 
0 1 5 10 17 21 28 39 44 56 61 65 74 76 83 
0 1 5 10 17 21 28 39 44 56 61 65 74 83 94 
0 1 5 10 17 21 28 39 44 56 61 65 74 83 95 
0 1 5 10 17 23 28 39 44 56 61 65 74 76 83 
0 1 5 10 17 23 28 39 44 56 61 65 74 83 94 
0 1 5 10 17 23 28 39 44 61 65 74 76 83 88 
0 1 5 10 17 23 28 39 44 61 65 74 83 88 94 
0 1 5 10 17 23 28 39 44 61 65 74 83 88 95 
0 1 5 10 17 28 39 44 56 61 65 74 76 83 90 
0 1 5 12 17 23 28 39 56 61 65 74 78 83 94 
0 1 5 12 17 28 34 39 56 61 67 78 83 90 94 
0 1 5 17 25 34 39 44 51 56 61 78 90 94 97 
0 2 6 10 16 27 31 35 39 44 74 83 87 91 95 
0 2 6 10 16 27 31 39 44 66 74 83 87 91 95 
0 2 6 10 16 31 35 39 44 58 74 83 87 91 95 
0 2 6 10 16 31 39 44 58 66 74 83 87 91 95 
0 2 6 10 27 31 35 39 44 47 74 83 87 91 95 
0 2 6 10 27 35 39 44 47 62 74 83 87 91 95 
0 2 6 10 27 39 44 47 62 66 74 83 87 91 95 
0 2 6 10 31 35 39 44 47 58 74 83 87 91 95 
0 2 6 10 31 39 44 47 58 66 74 83 87 91 95 
0 2 6 10 35 39 44 47 58 62 74 83 87 91 95 
0 2 6 10 39 44 47 58 62 66 74 83 87 91 95 
0 2 6 15 35 40 44 47 58 62 72 79 87 91 95 
0 2 6 15 36 40 44 47 58 62 72 79 87 91 95 
0 2 6 15 36 40 44 47 58 62 72 79 87 91 96 
0 2 6 16 27 31 35 39 43 74 78 82 87 91 95 
0 2 6 16 27 31 35 39 43 74 78 83 87 91 95 
0 2 6 16 27 31 35 39 44 74 78 83 87 91 95 
0 2 6 16 27 31 35 39 44 74 79 83 87 91 95 
0 2 6 16 27 31 35 40 44 74 79 83 87 91 95 
0 2 6 16 31 35 40 44 58 68 79 83 87 91 95 
0 2 6 27 31 35 39 43 47 74 78 83 87 91 95 
0 2 6 27 31 35 39 44 47 74 78 83 87 91 95 
0 2 6 27 31 35 39 44 47 74 79 83 87 91 95 
0 2 6 31 35 39 44 47 58 74 78 83 87 91 95 
0 2 6 31 35 39 44 47 58 74 79 83 87 91 95 
0 2 6 31 35 40 44 47 58 72 79 83 87 91 95 
0 2 6 31 35 40 44 47 58 74 79 83 87 91 95 
0 2 6 31 36 40 44 47 58 72 79 83 87 91 95 
0 2 27 31 35 39 43 47 73 74 78 83 87 91 95 
0 2 27 31 35 39 44 47 73 74 78 83 87 91 95 
0 2 27 31 35 39 44 47 73 74 79 83 87 91 95 
