0 2 6 10 16 20 27 33 46 53 58 62 74 79 89 
0 2 6 10 16 20 27 33 46 53 62 74 79 89 93 
0 2 6 10 16 20 27 33 46 58 62 68 74 79 89 
0 2 6 10 16 20 27 33 46 62 68 74 79 89 93 
0 2 6 10 16 27 33 46 53 58 62 74 79 85 89 
0 2 6 10 16 27 33 46 62 68 74 79 85 89 93 
0 2 6 12 16 29 33 42 50 58 68 74 85 89 95 
0 2 7 12 15 20 31 44 50 54 59 67 83 96 
0 2 7 12 15 20 31 44 54 59 67 83 91 96 
0 2 7 12 20 24 28 31 50 54 59 67 83 96 
0 2 7 12 20 24 31 44 50 54 59 67 83 96 
0 2 7 15 20 26 31 44 54 67 74 78 91 96 
0 2 7 15 20 26 31 44 54 67 78 83 91 96 
0 2 7 15 20 31 44 54 59 67 78 83 91 96 
0 6 12 19 24 29 36 42 50 52 58 65 82 89 95 
