0 1 5 10 19 26 33 37 46 53 61 64 69 73 80 91 97 101 106 117 
0 1 7 15 21 35 41 48 55 58 62 68 75 82 97 103 110 117 
0 1 7 15 21 35 41 48 55 58 62 68 75 82 97 104 110 117 
0 1 7 15 21 35 41 48 55 59 62 68 75 82 97 103 110 117 
0 1 7 15 21 35 41 48 55 59 62 68 75 82 97 104 110 117 
0 1 7 15 21 35 41 48 55 59 62 68 76 82 97 103 110 117 
0 1 7 15 21 35 41 48 55 59 62 68 76 82 97 104 110 117 
0 1 7 15 21 35 41 48 55 59 62 69 75 82 97 103 110 117 
0 1 7 15 21 35 41 48 55 59 62 69 75 82 97 104 110 117 
0 1 7 15 21 35 41 48 55 59 62 69 76 82 97 103 110 117 
0 1 7 15 21 35 42 48 55 59 62 68 75 82 97 103 110 117 
0 1 7 15 21 35 42 48 55 59 62 69 75 82 97 103 110 117 
0 1 7 15 22 35 42 48 55 59 62 69 75 82 97 104 110 117 
0 1 7 15 22 35 42 48 55 59 62 69 76 82 97 104 110 117 
0 1 7 21 27 34 41 48 55 58 62 68 75 82 96 103 110 117 
0 1 7 21 27 34 41 48 55 58 68 75 82 89 96 103 110 116 
0 1 7 21 27 34 41 48 55 58 68 75 82 89 96 103 110 117 
0 1 7 21 27 34 41 48 55 59 62 68 75 82 96 103 110 117 
0 1 7 21 27 34 41 48 55 59 62 68 75 82 97 103 110 117 
0 1 7 21 27 34 41 48 55 59 62 68 75 82 97 104 110 117 
0 1 7 21 27 35 41 48 55 59 62 69 75 82 96 103 110 117 
0 1 7 21 27 35 42 48 55 59 62 68 75 82 97 104 110 117 
0 1 9 12 15 21 26 33 45 57 64 69 75 78 81 101 113 
0 2 6 10 18 22 26 27 29 32 47 65 69 73 77 81 89 115 119 
0 2 6 10 18 22 26 27 29 32 61 65 69 73 77 81 85 89 96 
0 2 6 10 18 22 26 27 29 32 61 65 69 73 77 81 85 96 100 
0 2 6 10 18 22 26 27 29 32 61 65 69 73 77 81 85 100 119 
0 2 9 22 27 30 33 45 58 64 69 77 81 96 101 114 
