0 1 5 8 18 25 27 33 57 65 72 76 82 85 98 105 109 116 
0 1 5 9 18 23 27 33 37 57 65 76 85 105 109 114 118 
0 1 5 9 18 27 33 37 57 65 76 85 100 105 109 113 118 
0 1 5 9 18 27 33 37 57 65 76 85 100 105 109 114 118 
0 1 5 9 18 27 33 37 57 76 80 85 100 105 109 113 118 
0 1 5 9 19 23 27 33 37 57 65 76 85 105 109 114 118 
0 1 5 9 19 27 33 37 57 65 76 85 100 105 109 114 118 
0 1 5 9 23 27 33 37 57 65 76 85 96 105 109 114 118 
0 1 5 9 23 27 33 37 57 76 80 85 96 105 109 114 118 
0 1 5 9 23 27 37 48 57 76 80 85 96 105 109 114 118 
0 1 5 9 27 33 37 57 65 76 85 96 100 105 109 114 118 
0 1 5 9 27 33 37 57 76 80 85 96 100 105 109 114 118 
0 1 5 10 19 23 27 33 37 42 65 76 85 105 109 114 118 
0 1 5 10 19 23 27 33 37 57 65 76 85 105 109 114 118 
0 1 5 10 23 27 33 37 42 65 76 85 96 105 109 114 118 
0 1 5 10 23 27 33 38 42 70 76 81 96 105 109 114 118 
0 1 5 10 23 27 33 38 57 70 76 81 96 105 109 114 118 
0 1 5 10 23 27 37 42 48 76 80 85 96 105 109 114 118 
0 1 5 10 23 27 37 48 57 76 80 85 96 105 109 114 118 
0 1 5 25 27 33 39 52 57 67 71 76 80 96 100 105 109 
0 1 5 25 27 39 48 52 57 67 71 76 80 96 100 105 109 
0 1 7 18 25 27 33 37 40 50 57 65 76 98 105 109 115 118 
0 1 7 18 25 27 33 39 50 57 65 71 76 82 98 105 109 115 
0 1 7 18 25 27 33 39 50 57 65 71 76 82 98 105 109 116 
0 1 7 18 25 27 33 39 50 57 65 71 76 83 98 105 109 116 
0 1 7 18 25 27 33 39 50 57 65 72 76 82 98 105 109 116 
0 1 7 18 25 27 33 39 50 57 65 72 76 83 98 105 109 116 
0 1 7 18 25 27 33 39 51 57 65 71 76 83 98 105 109 116 
0 1 7 18 25 27 33 39 51 57 65 72 76 83 98 105 109 116 
0 1 7 18 25 27 33 40 50 57 65 72 76 83 98 105 109 116 
0 1 7 19 25 27 33 39 51 57 65 71 76 83 98 105 109 116 
0 1 10 19 23 27 33 38 51 57 65 70 76 105 109 114 118 
0 2 5 9 27 35 42 46 53 58 67 78 85 91 100 109 112 118 
0 2 5 9 27 35 46 53 57 58 67 78 85 91 100 109 112 118 
0 2 5 9 27 35 46 53 57 67 71 78 85 91 100 104 109 112 
0 2 5 9 27 35 46 53 57 67 78 85 91 100 104 109 112 118 
0 2 5 10 27 35 42 46 53 58 67 78 85 91 100 109 112 118 
0 2 5 25 27 35 39 46 53 57 67 71 78 91 100 104 109 112 
0 2 5 25 27 35 39 46 53 57 67 71 78 91 100 105 109 112 
0 2 6 14 20 24 34 38 45 56 66 71 77 91 93 104 110 115 
0 2 6 14 20 24 34 38 45 56 66 71 77 91 93 104 111 115 
0 2 6 14 20 24 34 38 45 56 66 71 78 91 93 104 111 115 
0 2 6 14 20 24 34 38 45 56 71 77 82 91 93 104 111 115 
0 2 6 14 20 24 34 38 45 56 71 78 82 91 93 104 111 115 
0 2 6 14 20 24 34 38 46 56 66 71 78 91 93 104 111 115 
0 2 6 14 20 24 34 38 46 56 71 78 82 91 93 104 111 115 
0 2 6 14 20 24 34 39 45 56 71 77 82 91 93 104 111 115 
0 2 6 14 20 24 34 39 45 56 71 78 82 91 93 104 111 115 
0 2 6 14 20 24 34 39 45 57 71 77 82 91 93 104 111 115 
0 2 6 14 20 24 34 39 45 57 71 78 82 91 93 104 111 115 
0 2 6 14 20 24 34 39 46 56 71 78 82 91 93 104 111 115 
0 2 6 14 20 24 34 39 46 57 71 78 82 91 93 104 111 115 
0 2 6 14 24 32 38 45 50 56 64 71 82 91 93 97 104 115 
0 2 6 14 24 32 39 45 50 56 64 71 82 91 93 97 104 115 
0 2 6 14 24 34 38 45 56 66 71 77 91 93 97 104 110 115 
0 2 6 14 24 34 38 45 56 71 77 81 91 93 97 104 110 115 
0 2 6 14 24 34 38 45 56 71 77 82 91 93 97 104 111 115 
0 2 6 14 24 34 38 45 56 71 78 82 91 93 97 104 111 115 
0 2 6 14 24 34 38 46 56 71 78 82 91 93 97 104 111 115 
0 2 6 14 24 34 39 45 56 64 71 77 82 91 93 97 104 115 
0 2 6 14 24 34 39 45 56 71 77 82 91 93 97 104 111 115 
0 2 6 14 24 34 39 45 56 71 78 82 91 93 97 104 111 115 
0 2 6 14 24 34 39 46 56 71 78 82 91 93 97 104 111 115 
0 2 7 14 20 24 39 45 50 57 71 78 82 91 93 104 111 115 
0 2 7 14 20 25 39 45 50 57 71 78 82 91 93 104 111 115 
