0 1 5 9 12 16 20 34 39 43 62 66 81 85 92 101 105 110 
0 1 5 9 12 20 34 39 43 59 62 66 81 85 92 101 105 110 
0 1 5 9 16 20 24 32 39 43 47 62 66 70 85 101 105 109 
0 1 5 9 16 20 24 39 43 47 62 66 70 81 85 101 105 109 
0 1 5 9 16 20 24 39 43 47 62 66 81 85 92 101 105 109 
0 1 5 9 16 24 32 39 43 47 62 66 70 85 94 101 105 109 
0 1 5 9 16 24 32 39 43 47 62 66 70 85 94 101 109 117 
0 1 5 9 16 24 39 43 47 62 66 70 81 85 94 101 105 109 
0 1 5 9 19 24 33 43 47 51 59 62 66 85 92 101 109 117 
0 1 5 9 19 24 33 43 47 51 59 62 66 85 92 109 113 117 
0 1 5 9 20 24 32 43 47 51 59 62 66 70 85 101 105 109 
0 1 5 9 20 24 32 43 47 51 59 62 66 70 85 105 109 113 
0 1 5 9 20 24 39 43 47 59 62 66 70 81 85 101 105 109 
0 1 5 9 24 32 39 43 47 59 62 66 70 85 94 101 105 109 
0 1 5 9 24 32 39 47 55 59 62 66 70 85 94 101 109 117 
0 4 7 24 27 30 38 43 48 60 62 67 72 82 96 106 114 
0 4 9 19 24 27 28 33 38 43 60 62 67 84 109 114 119 
0 4 9 19 24 27 28 33 38 43 60 66 84 89 108 113 118 
0 4 9 19 24 27 28 33 38 43 62 67 84 104 109 114 119 
0 4 9 19 24 27 28 33 38 43 62 79 84 104 109 114 119 
0 4 9 19 24 27 33 38 43 48 62 67 72 96 104 114 119 
0 4 9 19 24 27 33 38 43 48 62 72 79 96 104 114 119 
0 4 9 19 24 27 33 38 43 48 62 72 79 104 109 114 119 
0 4 9 19 24 27 33 38 48 55 62 72 79 96 104 114 119 
0 4 9 19 24 27 33 38 48 55 62 72 79 104 109 114 119 
0 4 9 19 24 27 33 38 48 55 71 79 89 96 103 113 118 
