0 1 5 9 14 17 21 55 59 62 66 70 74 78 82 117 
0 1 5 9 14 17 24 51 59 62 66 70 74 78 85 113 
0 1 5 9 14 18 22 46 50 56 59 62 66 70 83 104 108 118 
0 1 5 9 14 19 46 52 56 59 62 66 70 74 80 108 114 118 
0 1 5 9 14 19 46 52 56 59 62 66 70 80 104 108 114 118 
0 1 5 9 14 20 24 47 59 62 66 70 74 81 85 109 
0 1 5 9 14 22 46 50 56 59 62 66 70 74 83 108 112 118 
0 1 5 9 14 22 46 50 56 59 62 66 70 83 104 108 112 118 
0 1 5 9 14 24 47 51 59 62 66 70 74 85 109 113 
0 1 5 9 15 19 24 42 52 56 59 62 66 70 76 104 110 114 
0 1 5 9 15 19 24 42 52 56 59 62 66 76 100 104 110 114 
0 1 5 9 15 19 42 52 56 59 62 66 70 76 80 104 114 118 
0 1 5 9 15 19 42 52 56 59 62 66 70 76 104 110 114 118 
0 1 5 9 15 19 42 52 56 59 62 66 76 80 100 104 114 118 
0 1 5 9 15 19 42 52 56 59 62 66 76 100 104 110 114 118 
0 1 5 9 15 19 43 52 56 59 62 66 70 76 80 105 114 118 
0 1 5 9 15 21 42 48 55 59 62 66 70 76 82 104 110 117 
0 1 5 9 15 21 42 48 55 59 62 66 76 82 100 104 110 117 
0 1 5 9 15 21 42 49 55 59 62 66 70 76 82 104 111 117 
0 1 5 9 15 21 42 49 55 59 62 66 76 82 100 104 111 117 
0 1 5 9 15 21 43 49 55 59 62 66 70 76 82 105 111 117 
0 1 5 9 15 22 42 49 55 59 62 66 70 76 83 104 111 117 
0 1 5 9 15 22 42 49 55 59 62 66 76 83 100 104 111 117 
0 1 5 9 15 22 42 49 56 59 62 66 70 76 83 104 111 118 
0 1 5 9 15 22 42 49 56 59 62 66 76 83 100 104 111 118 
0 1 5 9 15 22 43 49 55 59 62 66 70 76 83 105 111 117 
0 1 5 9 15 22 43 49 56 59 62 66 70 76 83 105 111 118 
0 1 5 9 15 24 42 48 52 56 59 62 66 70 76 104 110 114 
0 1 5 9 15 24 42 48 52 56 59 62 66 76 100 104 110 114 
0 1 5 9 15 24 42 48 52 59 62 66 70 76 85 104 110 114 
0 1 5 9 15 24 42 48 52 59 62 66 76 85 100 104 110 114 
0 1 5 9 15 42 48 52 56 59 62 66 70 76 104 110 114 118 
0 1 5 9 15 42 48 52 56 59 62 66 76 80 100 104 114 118 
0 1 5 9 15 42 48 52 56 59 62 66 76 100 104 110 114 118 
0 1 5 9 15 42 48 52 59 62 66 76 80 85 100 104 114 118 
0 1 5 9 15 42 48 52 59 62 66 76 85 100 104 110 114 118 
0 1 5 9 16 22 43 49 55 59 62 66 70 77 83 105 111 117 
0 1 5 9 18 22 27 42 46 55 59 62 66 79 83 100 104 117 
0 1 5 9 18 22 27 42 46 56 59 62 66 79 83 100 104 118 
0 1 5 9 18 22 42 46 50 56 59 62 66 70 83 104 108 118 
0 1 5 9 18 22 42 46 50 56 59 62 66 83 100 104 108 118 
0 1 5 9 18 22 42 46 55 59 62 66 70 79 83 104 108 117 
0 1 5 9 18 22 42 46 55 59 62 66 79 83 100 104 108 117 
0 1 5 9 18 22 42 46 56 59 62 66 70 79 83 104 108 118 
0 1 5 9 18 22 42 46 56 59 62 66 79 83 100 104 108 118 
0 1 5 9 18 24 27 42 46 52 56 59 62 66 79 100 104 114 
0 1 5 9 18 24 27 42 46 52 59 62 66 79 85 100 104 114 
0 1 5 9 18 24 42 46 52 56 59 62 66 70 79 104 108 114 
0 1 5 9 18 24 42 46 52 56 59 62 66 79 100 104 108 114 
0 1 5 9 18 24 42 46 52 59 62 66 70 79 85 104 108 114 
0 1 5 9 18 24 42 46 52 59 62 66 79 85 100 104 108 114 
0 1 5 9 18 27 42 46 51 55 59 62 66 79 83 100 104 117 
0 1 5 9 18 27 42 46 52 56 59 62 66 79 100 104 114 118 
0 1 5 9 18 27 42 46 52 59 62 66 79 85 100 104 114 118 
0 1 5 9 18 42 46 52 56 59 62 66 70 79 104 108 114 118 
0 1 5 9 18 42 46 52 56 59 62 66 79 100 104 108 114 118 
0 1 5 9 18 42 46 52 59 62 66 79 85 100 104 108 114 118 
0 1 5 9 19 42 46 52 56 59 62 66 70 80 104 108 114 118 
0 1 5 9 19 42 46 52 56 59 62 66 80 100 104 108 114 118 
0 1 5 9 20 24 43 47 59 62 66 70 81 85 105 109 
0 1 5 9 22 42 46 50 56 59 62 66 70 83 104 108 112 118 
0 1 5 9 22 42 46 50 56 59 62 66 83 100 104 108 112 118 
0 1 5 9 22 42 46 56 59 62 66 79 83 100 104 108 112 118 
0 1 5 10 18 22 27 38 42 55 59 62 75 79 83 96 100 117 
0 1 5 10 18 22 27 38 42 55 59 62 75 79 96 100 113 117 
0 1 5 10 18 24 27 38 42 51 59 62 75 79 85 96 100 113 
0 1 5 10 18 27 38 42 51 55 59 62 75 79 83 96 100 117 
0 1 5 10 18 27 38 42 51 55 59 62 75 79 96 100 113 117 
0 1 5 10 21 27 38 42 48 55 59 62 75 82 96 100 110 117 
0 1 5 10 24 27 38 42 47 51 59 62 75 79 85 96 100 113 
0 1 5 10 24 27 38 42 48 52 59 62 75 85 96 100 110 114 
0 1 5 11 15 19 39 43 52 56 59 62 66 76 80 101 114 118 
0 1 5 11 15 19 39 52 56 59 62 66 72 76 80 101 114 118 
0 1 5 11 15 19 39 52 56 59 62 66 72 76 101 110 114 118 
0 1 5 11 15 21 38 48 55 59 62 66 72 76 82 100 110 117 
0 1 5 11 15 21 38 48 55 59 62 66 72 82 100 106 110 117 
0 1 5 11 15 21 38 48 55 59 62 72 76 82 96 100 110 117 
0 1 5 11 15 21 38 48 55 59 62 72 82 96 100 106 110 117 
0 1 5 11 15 21 38 49 55 59 62 66 72 76 82 100 111 117 
0 1 5 11 15 21 38 49 55 59 62 72 76 82 96 100 111 117 
0 1 5 11 15 21 39 43 49 55 59 62 66 76 82 101 111 117 
0 1 5 11 15 21 39 48 55 59 62 66 72 76 82 101 110 117 
0 1 5 11 15 21 39 49 55 59 62 66 72 76 82 101 111 117 
0 1 5 11 15 22 38 49 55 59 62 66 72 76 83 100 111 117 
0 1 5 11 15 22 38 49 55 59 62 72 76 83 96 100 111 117 
0 1 5 11 15 24 38 48 52 56 59 62 66 72 76 100 110 114 
0 1 5 11 15 24 38 48 52 56 59 62 66 72 100 106 110 114 
0 1 5 11 15 24 38 48 52 56 59 62 72 76 96 100 110 114 
0 1 5 11 15 24 38 48 52 56 59 62 72 96 100 106 110 114 
0 1 5 11 15 24 38 48 52 59 62 66 72 76 85 100 110 114 
0 1 5 11 15 24 38 48 52 59 62 66 72 85 100 106 110 114 
0 1 5 11 15 24 38 48 52 59 62 72 76 85 96 100 110 114 
0 1 5 11 15 24 39 48 52 59 62 66 72 76 85 101 110 114 
0 1 5 11 15 38 48 52 56 59 62 66 72 76 100 110 114 118 
0 1 5 11 15 38 48 52 56 59 62 66 72 100 106 110 114 118 
0 1 5 11 15 38 48 52 56 59 62 72 76 96 100 110 114 118 
0 1 5 11 15 38 48 52 56 59 62 72 96 100 106 110 114 118 
0 1 5 11 15 38 48 52 59 62 66 72 85 100 106 110 114 118 
0 1 5 11 15 38 48 52 59 62 72 76 85 96 100 110 114 118 
0 1 5 11 15 38 48 52 59 62 72 85 96 100 106 110 114 118 
0 1 5 11 17 21 38 44 55 59 62 66 72 78 82 100 106 117 
0 1 5 11 17 21 38 44 55 59 62 72 78 82 96 100 106 117 
0 1 5 11 17 21 38 45 49 55 59 62 66 72 82 100 107 117 
0 1 5 11 17 21 38 45 49 55 59 62 72 82 96 100 107 117 
0 1 5 11 17 21 38 45 55 59 62 66 72 78 82 100 107 117 
0 1 5 11 17 24 38 44 51 59 62 66 72 78 85 100 106 113 
0 1 5 11 17 24 38 45 51 59 62 66 72 78 85 100 107 113 
0 1 5 11 17 24 39 45 51 59 62 66 72 78 85 101 107 113 
0 1 5 11 17 38 44 51 55 59 62 66 72 78 100 106 113 117 
0 1 5 11 17 38 44 51 55 59 62 72 78 96 100 106 113 117 
0 1 5 11 17 38 45 51 55 59 62 66 72 78 100 107 113 117 
0 1 5 11 17 38 45 51 55 59 62 72 78 96 100 107 113 117 
0 1 5 11 17 39 45 51 55 59 62 66 72 78 101 107 113 117 
0 1 5 11 18 22 38 45 55 59 62 66 72 79 83 100 107 117 
0 1 5 11 18 22 38 45 55 59 62 66 72 79 100 107 113 117 
0 1 5 11 18 22 38 45 56 59 62 66 72 79 83 100 107 118 
0 1 5 11 18 22 39 45 55 59 62 66 72 79 83 101 107 117 
0 1 5 11 18 22 39 45 56 59 62 66 72 79 83 101 107 118 
0 1 5 11 18 24 38 45 51 59 62 66 72 79 85 100 107 113 
0 1 5 11 18 24 38 45 52 59 62 66 72 79 85 100 107 114 
0 1 5 11 18 24 39 45 51 59 62 66 72 79 85 101 107 113 
0 1 5 11 18 38 45 51 55 59 62 66 72 79 100 107 113 117 
0 1 5 11 18 38 45 51 55 59 62 72 79 83 96 100 107 117 
0 1 5 11 18 38 45 52 59 62 72 79 85 96 100 107 114 118 
0 1 5 11 21 38 44 48 55 59 62 66 72 82 100 106 110 117 
0 1 5 11 22 38 45 49 56 59 62 66 72 83 100 107 111 118 
0 1 5 11 24 38 44 48 52 56 59 62 66 72 100 106 110 114 
0 1 5 11 24 38 44 48 52 59 62 66 72 85 100 106 110 114 
0 1 5 11 38 44 48 52 56 59 62 66 72 100 106 110 114 118 
0 1 5 11 38 44 48 52 56 59 62 72 76 96 100 110 114 118 
0 1 5 11 38 44 48 52 56 59 62 72 96 100 106 110 114 118 
0 1 5 11 38 44 48 52 59 62 72 76 85 96 100 110 114 118 
0 1 5 12 18 22 39 46 55 59 62 66 73 79 83 101 108 117 
0 1 5 15 19 38 42 52 56 59 62 66 76 80 100 104 114 118 
0 1 5 15 19 38 42 52 56 59 62 66 76 100 104 110 114 118 
0 1 5 15 21 38 42 48 55 59 62 66 76 82 100 104 110 117 
0 1 5 15 21 38 42 49 55 59 62 66 76 82 100 104 111 117 
0 1 5 15 38 42 48 52 56 59 62 66 76 100 104 110 114 118 
0 1 5 18 22 27 38 42 46 55 59 62 66 79 83 100 104 117 
0 1 5 18 22 27 38 42 46 55 59 62 79 83 96 100 104 117 
0 1 5 18 22 27 38 42 55 59 62 66 75 79 83 100 104 117 
0 1 5 18 22 27 38 42 55 59 62 66 75 79 100 104 113 117 
0 1 5 18 22 27 38 42 55 59 62 75 79 83 96 100 104 117 
0 1 5 18 22 27 38 42 55 59 62 75 79 96 100 104 113 117 
0 1 5 18 22 38 42 46 50 56 59 62 66 83 100 104 108 118 
0 1 5 18 22 38 42 46 50 56 59 62 83 96 100 104 108 118 
0 1 5 18 22 38 42 46 55 59 62 66 79 83 100 104 108 117 
0 1 5 18 22 38 42 46 55 59 62 79 83 96 100 104 108 117 
0 1 5 18 22 38 42 46 56 59 62 66 79 83 100 104 108 118 
0 1 5 18 22 38 42 55 59 62 75 79 83 96 100 104 108 117 
0 1 5 18 27 38 42 51 55 59 62 66 75 79 100 104 113 117 
0 1 5 18 27 38 42 51 55 59 62 75 79 83 96 100 104 117 
0 1 5 21 27 38 42 48 55 59 62 66 75 82 100 104 110 117 
0 1 5 21 27 38 42 48 55 59 62 75 82 96 100 104 110 117 
0 1 5 22 38 42 46 50 56 59 62 66 83 100 104 108 112 118 
0 1 5 22 38 42 46 50 56 59 62 83 96 100 104 108 112 118 
0 1 5 22 38 42 46 56 59 62 79 83 96 100 104 108 112 118 
0 1 7 11 15 19 35 52 56 59 62 68 72 76 80 97 114 118 
0 1 7 11 15 19 35 52 56 59 62 68 72 76 97 110 114 118 
0 1 7 11 15 21 35 48 55 59 62 68 72 76 82 97 110 117 
0 1 7 11 15 35 48 52 56 59 62 68 72 76 97 110 114 118 
0 1 7 14 19 34 40 46 52 56 59 62 68 74 80 96 102 108 114 118 
0 1 7 21 27 34 41 48 55 59 62 68 75 82 96 103 110 117 
0 1 7 34 40 44 48 52 56 59 62 68 96 102 106 110 114 118 
0 4 8 12 13 16 20 24 32 59 65 69 73 77 81 85 
0 4 8 12 13 16 20 24 59 65 69 73 77 81 85 89 
