0 1 5 10 15 19 23 30 33 59 62 66 71 76 80 84 92 95 
0 1 5 10 15 19 23 30 53 59 62 66 71 76 80 84 92 115 
0 1 5 10 15 19 23 33 37 59 62 66 71 76 80 84 95 99 
0 1 5 10 15 19 23 37 53 59 62 66 71 75 80 84 99 115 
0 1 5 10 15 19 23 37 53 59 62 66 71 76 80 84 99 115 
0 1 5 10 15 19 30 33 44 59 62 66 71 76 80 92 95 106 
0 1 5 10 15 19 30 33 44 59 62 67 71 76 80 92 95 106 
0 1 5 10 15 19 33 37 44 59 62 66 71 76 80 95 99 106 
0 1 5 10 15 19 33 37 44 59 62 67 71 76 80 95 99 106 
0 1 5 10 15 19 37 44 53 59 62 66 71 75 80 99 106 115 
0 1 5 10 15 19 37 44 53 59 62 66 71 76 80 99 106 115 
0 1 5 10 15 19 37 44 53 59 62 67 71 75 80 99 106 115 
0 1 5 10 15 30 33 40 44 59 62 66 71 76 92 95 102 106 
0 1 5 10 15 30 33 40 44 59 62 67 71 76 92 95 102 106 
0 1 5 10 15 30 40 44 53 59 62 66 71 76 92 102 106 115 
0 1 5 10 15 30 40 44 53 59 62 67 71 76 92 102 106 115 
0 1 5 10 16 23 32 39 55 59 62 66 71 77 84 94 101 117 
0 1 5 10 16 23 32 39 55 59 62 66 71 78 84 94 101 117 
0 1 5 10 16 23 32 39 55 59 62 66 71 78 84 95 101 117 
0 1 5 10 16 23 32 39 55 59 66 71 77 84 89 94 101 117 
0 1 5 10 16 23 32 39 55 59 66 71 78 84 89 95 101 117 
0 1 5 10 16 32 39 44 55 59 62 66 71 77 94 101 106 117 
0 1 5 10 16 32 39 44 55 59 62 66 71 78 94 101 106 117 
0 1 5 10 16 32 39 44 55 59 62 66 71 78 95 101 106 117 
0 1 5 10 16 32 39 44 55 59 62 67 71 77 94 101 106 117 
0 1 5 10 16 32 39 44 55 59 62 67 71 78 94 101 106 117 
0 1 5 10 16 32 39 44 55 59 62 67 71 78 95 101 106 117 
0 1 5 10 17 23 33 39 55 59 62 66 71 78 84 95 101 117 
0 1 5 10 17 23 35 39 53 59 62 66 71 78 84 97 101 115 
0 1 5 10 17 32 39 44 55 59 62 66 71 78 94 101 106 117 
0 1 5 10 17 32 39 44 55 59 62 66 71 78 94 102 106 117 
0 1 5 10 17 32 39 44 55 59 62 66 71 78 95 101 106 117 
0 1 5 10 17 32 39 44 55 59 62 66 71 78 95 102 106 117 
0 1 5 10 17 32 39 44 55 59 62 67 71 77 94 101 106 117 
0 1 5 10 17 32 39 44 55 59 62 67 71 78 94 101 106 117 
0 1 5 10 17 32 39 44 55 59 62 67 71 78 94 102 106 117 
0 1 5 10 17 32 39 44 55 59 62 67 71 78 95 101 106 117 
0 1 5 10 17 32 39 44 55 59 62 67 71 78 95 102 106 117 
0 1 5 10 17 32 40 44 55 59 62 66 71 78 94 102 106 117 
0 1 5 10 17 32 40 44 55 59 62 66 71 78 95 101 106 117 
0 1 5 10 17 32 40 44 55 59 62 66 71 78 95 102 106 117 
0 1 5 10 17 32 40 44 55 59 62 67 71 78 94 101 106 117 
0 1 5 10 17 32 40 44 55 59 62 67 71 78 94 102 106 117 
0 1 5 10 17 32 40 44 55 59 62 67 71 78 95 101 106 117 
0 1 5 10 17 33 39 44 55 59 62 66 71 78 95 101 106 117 
0 1 5 10 17 33 39 44 55 59 62 66 71 78 95 102 106 117 
0 1 5 10 17 33 39 44 55 59 62 67 71 77 94 101 106 117 
0 1 5 10 17 33 39 44 55 59 62 67 71 78 94 101 106 117 
0 1 5 10 17 33 39 44 55 59 62 67 71 78 94 102 106 117 
0 1 5 10 17 33 39 44 55 59 62 67 71 78 95 101 106 117 
0 1 5 10 17 33 39 44 56 59 62 66 71 78 95 102 106 117 
0 1 5 10 17 33 40 44 55 59 62 66 71 78 95 102 106 117 
0 1 5 10 17 33 40 44 55 59 62 66 71 78 95 102 106 118 
0 1 5 10 17 33 40 44 56 59 62 66 71 78 95 102 106 118 
0 1 5 10 17 35 39 44 53 59 62 66 71 78 97 101 106 115 
0 1 5 10 17 35 39 44 53 59 62 66 71 78 97 102 106 115 
0 1 5 10 17 35 39 44 53 59 62 67 71 78 97 101 106 115 
0 1 5 10 17 35 39 44 53 59 62 67 71 78 97 102 106 115 
0 1 5 10 17 35 40 44 53 59 62 66 71 78 97 102 106 115 
0 1 5 10 17 35 40 44 53 59 62 67 71 78 97 101 106 115 
0 1 5 10 19 23 27 32 37 59 62 66 71 75 80 84 94 99 
0 1 5 10 19 23 27 37 53 59 62 66 71 75 80 84 99 115 
0 1 5 10 19 23 30 35 53 59 62 66 71 80 84 92 97 115 
0 1 5 10 19 23 30 35 53 59 62 66 71 80 84 97 115 119 
0 1 5 10 19 23 32 37 55 59 62 66 71 80 84 94 99 117 
0 1 5 10 19 23 35 53 57 59 62 66 71 80 84 97 115 119 
0 1 5 10 19 27 32 44 57 59 62 66 71 75 80 94 106 119 
0 1 5 10 19 27 37 44 53 59 62 66 71 75 80 99 106 115 
0 1 5 10 19 27 37 44 53 59 62 67 71 75 80 99 106 115 
0 1 5 10 19 27 37 44 53 59 62 67 71 76 80 99 106 115 
0 1 5 10 19 30 35 44 53 59 62 66 71 80 92 97 106 115 
0 1 5 10 19 33 37 44 55 59 62 66 71 80 95 99 106 117 
0 1 5 10 23 27 39 53 57 59 62 66 71 75 84 101 115 119 
0 1 5 10 23 35 39 53 57 59 62 66 71 84 97 101 115 119 
0 1 5 12 16 23 34 39 50 58 62 66 72 77 84 96 101 112 
0 1 5 12 16 23 34 39 50 58 62 66 73 77 84 96 101 112 
0 1 5 12 16 23 34 39 50 58 66 72 77 84 89 96 101 112 
0 1 5 12 16 23 34 39 50 58 66 73 77 84 89 96 101 112 
0 1 5 12 16 23 34 39 50 59 62 66 73 77 84 96 101 112 
0 1 5 12 16 23 34 39 50 59 66 73 77 84 89 96 101 112 
0 1 5 12 16 23 39 50 55 58 62 66 73 77 84 101 112 117 
0 1 5 12 16 23 39 50 55 58 62 66 73 78 84 101 112 117 
0 1 5 12 16 23 39 50 55 59 62 66 73 77 84 101 112 117 
0 1 5 12 16 23 39 50 55 59 62 66 73 78 84 101 112 117 
0 1 5 12 16 23 39 50 55 59 62 66 73 78 84 101 113 117 
0 1 5 12 16 23 39 50 55 59 66 73 77 84 89 101 113 117 
0 1 5 12 16 23 39 50 55 59 66 73 78 84 89 101 112 117 
0 1 5 12 16 23 39 50 55 59 66 73 78 84 89 101 113 117 
0 1 5 12 16 23 39 51 55 59 62 66 73 77 84 101 113 117 
0 1 5 12 16 23 39 51 55 59 66 73 77 84 89 101 113 117 
0 1 5 12 16 34 39 44 50 59 62 66 73 77 96 101 106 112 
0 1 5 12 17 23 35 39 50 58 62 66 73 78 84 97 101 112 
0 1 5 12 17 23 35 39 50 59 62 66 73 78 84 97 101 112 
0 1 5 12 17 23 35 39 50 59 62 66 73 78 84 97 101 113 
0 1 5 12 17 23 39 50 55 58 62 66 73 78 84 101 112 117 
0 1 5 12 17 23 39 50 55 59 62 66 73 78 84 101 112 117 
0 1 5 12 17 40 44 50 55 59 62 66 73 78 102 106 112 117 
0 1 5 12 19 23 30 35 50 58 62 66 73 80 84 92 97 112 
0 1 5 12 19 23 30 35 50 58 62 66 73 80 84 97 112 119 
0 1 5 12 19 23 30 35 50 59 62 66 73 80 84 92 97 112 
0 1 5 12 19 23 30 35 50 59 62 66 73 80 84 92 97 113 
0 1 5 12 19 23 30 35 50 59 62 66 73 80 84 97 112 119 
0 1 5 12 19 23 30 35 50 59 62 66 73 80 84 97 113 119 
0 1 5 12 19 23 30 35 51 59 62 66 73 80 84 92 97 113 
0 1 5 12 19 23 30 35 51 59 62 66 73 80 84 97 112 119 
0 1 5 12 19 23 30 35 51 59 62 66 73 80 84 97 113 119 
0 1 5 12 19 23 30 35 51 59 62 66 74 80 84 92 97 113 
0 1 5 12 19 23 30 35 51 59 62 66 74 80 84 97 113 119 
0 1 5 12 19 23 34 50 57 59 62 66 73 80 84 96 112 119 
0 1 5 12 19 23 34 50 57 59 62 66 73 80 84 97 112 119 
0 1 5 12 19 23 34 51 57 59 62 66 73 80 84 97 112 119 
0 1 5 12 19 23 35 50 57 58 62 66 73 80 84 92 97 112 
0 1 5 12 19 23 35 50 57 59 62 66 73 80 84 97 112 119 
0 1 5 12 19 23 37 50 55 58 62 66 73 80 84 99 112 117 
0 1 5 12 19 23 37 50 55 59 62 66 73 80 84 99 112 117 
0 1 5 12 19 23 37 50 55 59 62 66 73 80 84 99 113 117 
0 1 5 12 19 23 37 51 55 59 62 66 73 80 84 99 113 117 
0 1 5 12 19 30 35 44 50 59 62 66 73 80 92 97 106 112 
0 1 5 12 19 30 35 44 50 59 62 66 73 80 92 97 106 113 
0 1 5 12 19 30 35 44 50 59 62 66 73 80 97 106 112 119 
0 1 5 12 19 30 35 44 50 59 62 66 73 80 97 106 113 119 
0 1 5 12 19 30 35 44 51 59 62 66 73 80 92 97 106 113 
0 1 5 12 19 30 35 44 51 59 62 66 73 80 97 106 112 119 
0 1 5 12 19 30 35 44 51 59 62 66 73 80 97 106 113 119 
0 1 5 12 19 30 35 44 51 59 62 66 74 80 97 106 113 119 
0 1 5 12 19 30 35 44 51 59 62 67 73 80 97 106 112 119 
0 1 5 12 19 30 35 44 51 59 62 67 73 80 97 106 113 119 
0 1 5 12 19 34 44 50 57 59 62 66 73 80 96 106 112 119 
0 1 5 12 19 34 44 50 57 59 62 66 73 80 97 106 112 119 
0 1 5 12 19 34 44 51 57 59 62 66 73 80 97 106 112 119 
0 1 5 12 19 34 44 51 57 59 62 67 73 80 97 106 112 119 
0 1 5 12 19 35 44 50 57 59 62 66 73 80 97 106 112 119 
0 1 5 12 19 35 44 50 57 59 62 66 73 80 97 106 113 119 
0 1 5 12 19 35 44 51 57 59 62 66 73 80 97 106 113 119 
0 1 5 12 19 35 44 51 57 59 62 67 73 80 92 97 106 112 
0 1 5 12 19 35 44 51 57 59 62 67 73 80 92 97 106 113 
0 1 5 12 19 35 44 51 57 59 62 67 73 80 97 106 112 119 
0 1 5 12 19 35 44 51 57 59 62 67 73 80 97 106 113 119 
0 1 5 12 19 37 44 50 55 59 62 66 73 80 99 106 112 117 
0 1 5 12 19 37 44 50 55 59 62 66 73 80 99 106 113 117 
0 1 5 12 19 37 44 51 55 59 62 66 73 80 99 106 113 117 
0 1 5 12 19 37 44 51 55 59 62 67 73 80 99 106 112 117 
0 1 5 12 30 35 40 44 50 59 62 66 73 92 97 102 106 112 
0 1 5 14 17 23 35 39 51 59 62 66 74 78 84 97 101 113 
0 1 5 14 30 36 40 44 51 59 62 66 74 92 98 102 106 113 
0 1 5 15 19 23 30 33 51 59 62 66 76 80 84 92 95 113 
0 1 5 15 19 23 33 37 51 59 62 66 76 80 84 95 99 113 
0 1 5 15 19 30 33 44 51 59 62 66 76 80 92 95 106 113 
0 1 5 15 19 30 33 44 51 59 62 67 76 80 92 95 106 113 
0 1 5 15 19 33 37 44 51 59 62 66 76 80 95 99 106 113 
0 1 5 15 19 33 37 44 51 59 62 67 76 80 95 99 106 113 
0 1 5 15 30 33 40 44 51 59 62 66 76 92 95 102 106 113 
0 1 5 19 23 33 37 51 55 59 62 66 80 84 95 99 113 117 
0 1 5 19 27 32 37 44 50 59 62 66 75 80 94 99 106 112 
0 1 5 30 32 36 40 44 50 54 59 62 66 92 94 98 102 106 112 116 
0 1 6 12 19 35 44 51 57 59 62 67 73 80 97 106 113 119 
0 1 6 15 19 30 33 44 51 59 62 67 76 80 92 95 106 113 
0 2 6 10 15 20 24 38 53 59 63 67 71 76 81 85 100 115 
0 3 10 17 21 28 35 46 53 59 64 71 78 82 91 97 108 115 
0 3 10 18 33 41 46 56 59 64 71 79 95 103 108 118 
0 3 14 18 36 41 46 51 59 64 74 79 98 103 108 113 
0 3 14 29 36 41 46 51 59 64 74 98 103 108 113 120 
0 5 10 13 15 23 33 38 59 66 71 76 84 89 95 100 
0 5 10 13 15 33 38 43 59 66 71 76 89 95 100 105 
0 5 12 20 30 35 43 50 58 66 73 81 92 97 105 112 
0 5 12 20 30 35 43 50 59 66 73 81 92 97 105 112 
