0 1 4 17 20 25 33 41 49 57 65 70 73 86 95 103 111 119 
0 1 4 19 22 31 36 44 49 57 58 66 71 74 92 97 102 115 
0 1 6 19 22 27 31 36 44 49 58 66 71 74 92 97 102 115 
0 1 6 19 22 27 31 36 44 49 58 66 71 74 92 102 107 115 
0 1 6 19 22 27 31 36 44 49 58 66 71 84 92 97 102 115 
0 1 6 19 22 27 31 36 44 49 58 66 71 84 92 102 107 115 
0 1 6 19 22 27 31 36 49 54 58 66 71 84 92 102 107 115 
0 1 6 19 22 27 31 36 49 54 58 71 76 84 92 102 107 115 
0 1 6 19 22 27 31 36 49 54 66 71 84 92 99 102 107 115 
0 1 6 19 24 29 33 36 41 54 58 63 71 76 92 94 107 112 
0 1 6 19 24 29 33 36 41 54 63 71 76 92 94 99 107 112 
0 1 6 19 24 29 33 41 46 54 63 71 76 92 94 99 107 112 
0 1 6 19 24 29 33 41 46 54 63 71 76 92 94 99 112 117 
0 1 6 19 24 29 36 41 54 63 71 76 84 92 94 99 107 112 
0 1 6 19 24 29 41 46 54 63 71 76 84 92 94 99 107 112 
0 1 6 19 24 33 41 46 49 54 63 71 76 92 94 99 107 112 
0 1 6 19 24 36 41 49 54 63 71 76 84 92 94 99 107 112 
0 1 6 19 25 33 41 46 49 54 64 70 76 89 93 96 100 119 
0 2 6 10 15 29 32 36 40 44 60 65 70 74 89 96 100 104 119 
0 2 6 10 15 29 32 36 40 44 60 66 70 74 89 96 100 104 119 
0 2 6 10 25 29 32 36 40 44 60 65 70 74 89 95 100 104 119 
0 2 6 10 25 29 32 36 40 44 60 65 70 74 89 96 100 104 119 
0 2 6 10 25 29 32 36 40 44 60 66 70 74 89 95 100 104 119 
0 2 6 10 25 29 32 36 40 44 60 66 70 74 89 96 100 104 119 
0 2 6 11 15 19 29 32 36 40 44 65 70 74 89 96 100 104 119 
0 2 6 11 15 19 29 32 36 40 44 65 70 74 96 100 104 113 119 
0 2 6 11 15 19 29 32 36 40 44 66 70 74 89 96 100 104 109 
0 2 6 11 15 19 29 32 36 40 44 66 70 74 89 96 100 104 119 
0 2 6 11 15 19 29 32 36 40 44 66 70 74 96 100 104 109 113 
0 2 6 11 15 19 29 32 36 40 44 66 70 74 96 100 104 113 119 
0 2 6 11 15 19 29 32 36 40 44 66 70 74 96 100 105 109 113 
0 2 6 11 15 19 29 32 36 40 44 66 70 74 96 100 105 113 119 
0 2 6 11 15 19 29 36 40 44 65 70 74 82 96 100 104 113 119 
0 2 6 11 15 19 29 36 40 44 66 70 74 82 96 100 104 109 113 
0 2 6 11 15 19 29 36 40 44 66 70 74 82 96 100 104 113 119 
0 2 6 11 15 19 29 36 40 44 66 70 74 82 96 100 105 109 113 
0 2 6 11 15 19 29 36 40 44 66 70 74 82 96 100 105 113 119 
0 2 6 11 15 29 32 36 40 44 60 65 70 74 89 96 100 104 119 
0 2 6 11 15 29 32 36 40 44 60 66 70 74 89 96 100 104 119 
0 2 6 11 15 29 32 36 40 44 61 65 70 74 89 96 100 104 119 
0 2 6 11 15 29 32 36 40 44 61 66 70 74 89 96 100 104 109 
0 2 6 11 15 29 32 36 40 44 61 66 70 74 89 96 100 104 119 
0 2 6 11 15 29 32 36 40 44 61 66 70 74 89 96 100 105 109 
0 2 6 11 15 29 32 36 40 44 61 66 70 74 89 96 100 109 115 
0 2 6 11 15 29 32 36 40 44 61 66 70 74 96 100 105 109 113 
0 2 6 11 15 29 32 36 40 44 61 66 70 74 96 100 105 113 119 
0 2 6 11 15 29 36 40 44 61 66 70 74 82 96 100 105 113 119 
0 2 6 11 19 25 29 32 36 40 44 65 70 74 89 96 100 104 119 
0 2 6 11 19 25 29 32 36 40 44 65 70 74 96 100 104 113 119 
0 2 6 11 19 25 29 32 36 40 44 66 70 74 96 100 104 113 119 
0 2 6 11 19 25 29 32 36 40 55 65 70 74 89 96 100 104 119 
0 2 6 11 19 25 29 32 36 40 55 65 70 74 96 100 104 113 119 
0 2 6 11 19 25 29 32 36 40 55 65 70 84 89 96 100 104 119 
0 2 6 11 19 25 29 32 36 40 55 65 70 84 96 100 104 113 119 
0 2 6 11 19 25 29 32 36 40 55 66 70 74 89 96 100 104 119 
0 2 6 11 19 25 29 32 36 40 55 66 70 74 96 100 104 113 119 
0 2 6 11 19 25 29 36 40 44 65 70 74 82 96 100 104 113 119 
0 2 6 11 19 25 29 36 40 44 66 70 74 82 96 100 104 113 119 
0 2 6 11 25 29 32 36 40 44 60 65 70 74 89 96 100 104 119 
0 2 6 11 25 29 32 36 40 44 61 65 70 74 89 96 100 104 119 
0 2 6 11 25 29 32 36 40 55 60 65 70 74 89 96 100 104 119 
0 2 6 11 25 29 32 36 40 55 60 65 70 84 89 96 100 104 119 
0 2 6 11 25 29 32 36 40 55 60 66 70 74 89 96 100 104 119 
0 2 6 11 25 29 32 36 40 55 61 65 70 74 89 96 100 104 119 
0 2 6 11 25 29 32 36 40 55 61 65 70 84 89 96 100 104 119 
0 2 6 11 25 29 32 36 40 55 61 66 70 74 89 96 100 104 119 
0 2 6 11 25 29 32 36 40 55 61 66 70 74 89 96 100 115 119 
0 2 6 15 21 29 32 36 40 44 60 65 70 74 89 96 100 104 119 
0 2 6 15 21 29 32 36 44 51 60 65 70 74 89 96 100 104 119 
0 2 6 15 21 29 32 36 44 51 60 65 74 80 89 96 100 104 119 
0 2 6 15 21 29 32 36 44 51 60 65 74 80 89 96 104 110 119 
0 2 6 15 21 29 32 36 44 51 60 66 74 80 89 96 100 104 119 
0 2 6 21 25 29 32 36 40 44 60 65 70 74 89 96 100 104 119 
0 2 6 21 25 29 32 36 40 55 60 65 70 74 89 96 100 104 119 
0 2 6 21 25 29 32 36 40 55 60 66 70 74 89 96 100 104 119 
0 2 7 11 15 29 32 36 40 44 61 65 70 74 89 96 100 104 119 
0 2 7 11 15 29 32 36 40 45 61 65 70 74 89 96 100 104 119 
0 2 7 11 15 29 32 36 40 45 61 66 70 74 89 96 100 104 109 
0 2 7 11 15 29 32 36 40 45 61 66 70 74 89 96 100 104 119 
0 2 7 11 15 29 32 36 40 45 61 66 70 74 89 96 100 105 109 
0 2 7 11 15 29 32 36 40 45 61 66 70 74 89 96 100 105 119 
0 2 7 11 15 29 32 36 40 45 61 66 70 74 89 96 100 109 115 
0 2 7 11 15 29 32 36 40 45 61 66 70 74 89 96 100 115 119 
0 2 7 11 15 29 32 36 40 45 61 66 70 74 96 100 105 109 113 
0 2 7 11 15 29 32 36 40 45 61 66 70 74 96 100 105 113 119 
0 2 7 11 15 29 32 36 40 55 61 65 70 74 89 96 100 104 119 
0 2 7 11 15 29 32 36 40 55 61 65 70 84 89 96 100 104 119 
0 2 7 11 15 29 32 36 40 55 61 65 70 84 89 96 100 115 119 
0 2 7 11 15 29 32 36 40 55 61 66 70 74 89 96 100 105 109 
0 2 7 11 15 29 32 36 40 55 61 66 70 74 89 96 100 105 119 
0 2 7 11 15 29 32 36 40 55 61 66 70 74 89 96 100 109 115 
0 2 7 11 15 29 32 36 40 55 61 66 70 74 89 96 100 115 119 
0 2 7 11 15 29 32 36 40 55 61 66 70 74 96 100 105 109 113 
0 2 7 11 15 29 32 36 40 55 61 66 70 74 96 100 105 113 119 
0 2 7 11 15 29 32 36 40 55 61 66 70 84 89 96 100 109 115 
0 2 7 11 15 29 32 36 40 55 61 70 76 84 89 96 100 115 119 
0 2 7 11 25 29 32 36 40 55 61 65 70 84 89 96 100 115 119 
0 2 7 11 25 29 32 36 40 55 61 70 76 84 89 96 100 115 119 
0 2 7 11 25 29 32 36 40 55 61 70 76 84 89 100 106 115 119 
0 2 7 11 26 29 32 36 40 55 61 66 70 74 96 100 105 113 119 
0 2 7 11 26 29 32 36 40 55 61 70 76 84 89 96 100 115 119 
0 2 7 15 21 29 32 36 40 45 61 66 70 74 89 96 100 109 115 
0 2 7 15 21 29 32 36 40 55 61 65 70 84 89 96 100 115 119 
0 2 7 15 21 29 32 36 40 55 61 66 70 74 89 96 100 109 115 
0 2 7 15 21 29 32 36 40 55 61 70 76 84 89 96 100 115 119 
0 2 7 15 21 29 32 36 44 51 61 66 74 80 89 96 100 109 115 
0 2 7 15 21 29 32 36 44 51 61 66 74 80 89 96 100 115 119 
0 2 7 15 21 29 32 36 45 51 61 66 70 74 89 96 100 109 115 
0 2 7 15 21 29 32 36 45 51 61 66 70 74 89 96 100 115 119 
0 2 7 15 21 29 32 36 45 51 61 66 74 80 89 96 100 109 115 
0 2 7 15 21 29 32 36 45 51 61 66 74 80 89 96 100 115 119 
0 2 7 15 21 29 32 36 51 55 61 65 70 84 89 96 100 115 119 
0 2 7 15 21 29 32 36 51 55 61 66 70 74 89 96 100 109 115 
0 2 7 15 21 29 32 36 51 55 61 66 70 74 89 96 100 115 119 
0 2 7 15 21 29 32 36 51 55 61 66 70 84 89 96 100 109 115 
0 2 7 15 21 29 32 36 51 55 61 66 70 84 89 96 100 115 119 
0 2 7 15 21 29 32 36 51 55 61 66 74 80 89 96 100 109 115 
0 2 7 15 21 29 32 36 51 55 61 66 74 80 89 96 100 115 119 
0 4 7 12 20 28 36 44 52 59 65 68 73 81 91 98 106 114 
0 4 7 12 20 28 36 44 52 59 65 73 81 91 98 106 114 119 
0 4 7 12 20 28 36 44 52 59 73 76 81 91 98 106 114 119 
