0 1 6 11 16 21 40 45 50 62 67 79 84 96 101 106 119 
0 1 6 11 16 21 40 45 50 66 79 84 89 95 100 105 118 
0 1 6 11 16 21 40 45 50 66 79 84 89 96 101 106 118 
0 1 6 11 16 40 45 50 59 66 79 84 89 95 100 105 118 
0 1 6 11 16 40 45 50 59 66 79 84 89 95 100 113 118 
0 1 6 11 16 40 45 50 59 74 79 84 89 95 100 113 118 
0 1 6 11 16 40 45 50 60 62 67 79 84 96 101 106 119 
0 1 6 11 16 40 45 50 60 62 67 79 84 96 101 114 119 
0 1 6 11 16 40 45 50 60 66 79 84 89 96 101 106 118 
0 1 6 11 16 40 45 50 60 66 79 84 89 96 101 113 118 
0 1 6 11 16 40 45 50 60 74 79 84 89 96 101 113 118 
0 1 6 11 21 24 40 45 50 62 67 79 84 96 101 106 119 
0 1 6 11 21 24 40 45 50 66 79 84 89 96 101 106 118 
0 1 6 11 23 40 45 50 59 66 79 84 89 95 108 113 118 
0 1 6 11 24 40 45 50 60 66 79 84 89 96 101 106 118 
0 1 6 11 24 40 45 50 60 66 79 84 89 96 101 113 118 
0 2 5 15 20 25 38 43 48 53 61 66 71 76 86 105 110 115 
0 2 5 15 20 25 38 43 48 53 66 71 76 86 100 105 110 115 
0 2 7 12 17 22 41 46 51 62 67 79 84 96 101 106 119 
0 2 7 12 17 40 45 50 60 62 74 79 84 96 101 114 119 
0 2 7 12 17 40 45 50 60 66 79 84 89 96 101 106 118 
0 2 7 12 17 41 46 51 60 66 79 84 89 96 101 106 118 
0 3 8 14 18 23 31 41 46 51 59 64 69 74 79 103 108 113 
0 3 8 14 18 23 31 41 46 51 59 69 74 79 103 108 113 118 
0 3 8 14 18 23 31 41 46 51 64 69 74 79 98 103 108 113 
0 3 8 14 18 23 31 41 46 51 69 74 79 98 103 108 113 118 
0 3 8 14 18 23 41 46 51 59 64 69 74 79 84 103 108 113 
0 3 8 14 18 23 41 46 51 59 66 69 79 84 103 108 113 118 
0 3 8 14 18 23 41 46 51 59 66 79 84 89 103 108 113 118 
0 3 8 14 18 23 41 46 51 59 69 74 79 84 103 108 113 118 
0 3 8 14 18 23 41 46 51 59 74 79 84 89 103 108 113 118 
0 3 8 14 18 23 41 46 51 64 74 79 84 89 98 103 108 113 
0 3 8 14 18 23 41 46 51 69 74 79 84 98 103 108 113 118 
0 3 8 14 18 23 41 46 51 74 79 84 89 98 103 108 113 118 
0 3 8 14 18 31 41 46 51 59 64 69 74 79 93 103 108 113 
0 3 8 14 18 31 41 46 51 59 69 74 79 93 103 108 113 118 
0 3 8 14 18 31 41 46 51 64 69 74 79 93 98 103 108 113 
0 3 8 14 23 26 31 41 46 51 64 69 74 79 98 103 108 113 
0 5 8 18 23 41 46 51 56 59 74 79 84 89 95 108 113 118 
0 5 10 13 15 20 33 38 43 48 66 71 76 89 95 100 105 110 
0 5 10 13 15 20 33 38 43 56 66 71 76 89 95 100 105 110 
0 5 10 13 15 33 38 43 48 59 66 71 76 89 95 100 105 110 
