0 1 5 8 12 20 35 42 54 65 70 77 84 92 94 101 108 113 
0 1 5 8 14 20 35 42 54 65 70 77 84 92 94 101 108 113 
0 1 5 8 14 20 35 42 55 65 70 77 84 92 94 101 108 113 
0 1 5 8 14 20 36 42 55 65 70 77 84 92 94 101 108 113 
0 1 5 8 14 20 36 42 55 65 70 78 84 92 94 101 108 113 
0 1 5 12 17 20 25 35 47 54 63 70 77 82 92 93 106 112 
0 1 5 12 17 20 25 35 47 54 63 70 77 82 92 93 106 113 
0 1 5 12 17 20 25 35 47 54 63 70 77 82 92 94 106 113 
0 1 5 12 17 25 29 35 47 54 63 70 77 82 92 93 106 112 
0 1 5 12 17 25 29 35 47 54 63 70 77 82 92 93 106 113 
0 1 5 12 17 25 29 35 47 54 63 70 77 82 92 94 106 113 
0 1 5 12 17 25 29 47 54 63 70 74 77 82 92 93 106 112 
0 1 5 12 20 25 35 47 54 63 70 77 82 92 93 101 106 112 
0 1 5 12 20 25 35 47 54 63 70 77 82 92 93 101 106 113 
0 1 5 12 20 25 35 47 54 63 70 77 82 92 94 101 106 113 
0 1 5 12 20 35 42 47 54 65 70 77 84 92 93 101 108 112 
0 1 5 12 20 35 42 47 54 65 70 77 84 92 93 101 108 113 
0 1 5 12 20 35 42 47 54 65 70 77 84 92 94 101 108 113 
0 1 5 14 17 20 25 35 47 54 63 70 77 82 92 94 106 113 
0 1 5 14 20 25 35 47 54 63 70 77 82 92 94 101 106 113 
0 1 6 12 17 20 25 35 47 54 63 70 77 82 92 93 106 113 
0 1 6 12 17 20 25 35 47 54 63 70 77 82 92 94 106 113 
0 1 6 12 17 20 25 35 48 54 63 70 77 82 92 94 106 113 
0 1 6 12 20 25 35 43 48 54 63 70 77 92 94 101 106 113 
0 1 6 12 20 25 35 47 54 63 70 77 82 92 94 101 106 113 
0 1 6 12 20 25 35 48 54 63 70 77 82 92 94 101 106 113 
0 1 6 12 25 29 35 47 54 63 70 77 82 92 93 101 106 113 
0 1 6 12 25 29 35 47 54 63 70 77 82 92 94 101 106 113 
0 1 6 12 25 29 35 48 54 63 70 77 82 92 94 101 106 113 
0 1 6 14 20 25 35 43 48 55 63 70 77 92 94 101 106 113 
0 1 6 14 20 25 35 47 55 63 70 77 82 92 94 101 106 113 
0 1 6 14 20 25 35 48 54 63 70 77 82 92 94 101 106 113 
0 1 6 14 20 25 35 48 55 63 70 77 82 92 94 101 106 113 
0 1 6 14 20 25 36 43 48 55 63 70 78 92 94 101 106 113 
0 1 6 14 25 29 35 47 54 63 70 77 82 92 94 101 106 113 
0 1 7 10 14 18 25 38 45 55 65 70 73 76 82 92 103 
0 1 8 14 20 31 36 42 45 55 58 65 78 94 99 102 108 113 
0 3 6 12 17 29 35 40 47 54 63 69 72 77 82 92 93 106 
0 3 28 32 36 40 44 48 52 56 59 64 91 94 98 102 106 110 114 118 
0 5 10 17 24 29 33 40 47 52 60 62 70 75 82 99 105 118 
