0 1 4 8 12 16 26 32 36 40 61 67 71 75 84 91 96 100 105 
0 1 4 8 12 26 30 32 36 40 61 67 71 75 84 91 96 100 105 
0 1 4 8 12 26 30 32 36 40 61 67 71 84 91 96 100 105 118 
0 1 4 8 14 18 26 33 40 57 61 67 72 77 84 91 97 105 
0 1 4 8 14 18 26 33 40 57 61 67 72 77 84 91 105 117 
0 1 4 8 14 18 26 40 52 57 61 67 72 77 84 91 105 117 
0 1 4 8 14 18 26 40 52 57 67 72 77 84 91 105 112 117 
0 1 4 8 14 26 33 40 57 61 67 72 77 84 91 97 100 105 
0 1 4 8 14 26 33 40 57 61 67 72 77 84 91 100 105 117 
0 1 4 8 14 26 35 40 52 57 61 67 72 84 91 100 105 117 
0 1 4 8 14 26 35 40 52 57 67 72 84 91 100 105 112 117 
0 1 4 8 14 26 40 52 57 61 67 72 77 84 91 100 105 117 
0 1 4 8 14 26 40 52 57 67 72 77 84 91 100 105 112 117 
0 1 4 8 26 35 40 52 57 61 67 72 84 91 95 100 105 117 
0 1 4 8 26 35 40 52 57 67 72 84 91 95 100 105 112 117 
0 1 4 9 14 18 26 33 40 57 61 67 72 77 84 91 97 105 
0 1 4 9 14 18 26 33 40 57 61 67 72 77 84 91 105 117 
0 1 4 9 14 18 26 33 40 57 67 72 77 84 91 93 97 105 
0 1 4 9 14 18 26 33 40 57 67 72 77 84 91 93 105 117 
0 1 4 9 14 18 26 33 40 57 67 72 77 84 91 97 105 112 
0 1 4 9 14 18 26 33 40 57 67 72 77 84 91 105 112 117 
0 1 4 9 14 18 26 40 52 57 67 72 77 84 91 105 112 117 
0 1 4 9 14 18 26 40 53 57 67 72 77 84 91 105 112 117 
0 1 4 9 14 26 33 40 57 61 67 72 77 84 91 97 100 105 
0 1 4 9 14 26 33 40 57 61 67 72 77 84 91 100 105 117 
0 1 4 9 14 26 33 40 57 67 72 77 84 91 93 100 105 117 
0 1 4 9 14 26 33 40 57 67 72 77 84 91 97 100 105 112 
0 1 4 9 14 26 33 40 57 67 72 77 84 91 100 105 112 117 
0 1 4 9 14 26 35 40 52 57 67 72 84 91 100 105 112 117 
0 1 4 9 14 26 40 52 57 67 72 77 84 91 100 105 112 117 
0 1 4 9 14 26 40 53 57 67 72 77 84 91 100 105 112 117 
0 1 4 9 16 26 31 36 40 53 67 75 84 91 95 100 105 112 
0 1 4 9 16 26 36 40 53 67 72 75 84 91 95 100 105 112 
0 1 4 9 16 26 36 40 53 67 72 84 91 95 100 105 112 117 
0 1 4 9 18 26 27 33 40 57 67 72 77 84 91 93 105 117 
0 1 4 9 18 26 27 40 53 57 67 72 77 84 91 93 105 117 
0 1 4 9 18 26 27 40 53 57 67 72 77 84 91 105 112 117 
0 1 4 9 18 26 40 53 57 67 72 77 84 91 95 105 112 117 
0 1 4 9 26 27 33 40 57 67 72 77 84 91 93 100 105 117 
0 1 4 14 18 26 33 40 50 57 61 67 72 77 84 91 97 105 
0 1 4 14 18 26 33 40 50 57 61 67 72 77 84 91 105 117 
0 1 4 14 18 26 33 40 50 57 61 67 77 84 91 97 105 114 
0 1 6 9 18 23 27 30 45 53 65 72 77 82 91 93 110 117 
0 1 6 9 18 23 27 38 45 53 65 72 77 82 91 93 110 117 
0 1 6 9 18 23 27 38 45 53 65 72 77 82 93 102 110 117 
0 1 6 9 18 23 27 45 53 57 65 72 77 82 91 93 110 117 
0 1 6 11 15 19 23 30 45 50 54 65 74 78 82 91 110 114 118 
0 1 6 11 15 19 30 45 50 54 65 74 78 82 91 105 110 114 118 
0 1 6 11 18 23 33 38 45 50 55 65 77 82 91 97 110 114 
0 1 6 11 18 23 33 38 45 50 55 65 82 97 102 110 114 119 
0 1 6 11 18 23 38 45 50 55 65 74 82 97 102 110 114 119 
0 1 6 14 18 23 32 37 45 50 61 64 76 81 97 102 109 114 
0 1 6 14 18 23 32 37 45 50 61 64 76 81 97 109 114 120 
0 1 6 14 18 23 32 45 50 57 61 64 76 81 97 109 114 120 
0 1 6 14 18 23 33 37 45 50 61 64 72 76 81 97 102 109 
0 1 6 14 18 23 33 37 45 50 61 64 72 76 81 97 109 120 
0 1 6 14 18 23 33 37 45 50 61 64 72 77 81 97 102 109 
0 1 6 14 18 23 33 37 45 50 61 64 76 81 97 102 109 114 
0 1 6 14 18 23 33 37 45 50 61 64 76 81 97 109 114 120 
0 1 6 14 18 23 33 37 45 50 61 64 77 81 97 102 109 114 
0 1 6 14 18 23 33 38 45 50 61 64 72 77 81 97 102 109 
0 1 6 14 18 23 33 38 45 50 61 64 72 77 82 91 97 109 
0 1 6 14 18 23 33 38 45 50 61 64 72 77 82 97 102 109 
0 1 6 14 18 23 33 38 45 50 61 64 77 81 97 102 109 114 
0 1 6 14 18 23 33 38 45 50 61 64 77 82 91 97 109 114 
0 1 6 14 18 23 33 38 45 50 61 64 77 82 97 102 109 114 
0 1 6 14 18 23 33 38 45 50 61 65 72 77 82 91 97 109 
0 1 6 14 18 23 33 38 45 50 61 65 72 77 82 97 102 109 
0 1 6 14 18 23 33 38 45 50 61 65 77 82 91 97 109 114 
0 1 6 14 18 23 33 45 50 57 61 64 76 81 97 109 114 120 
0 1 6 14 18 23 33 45 50 57 61 64 77 81 91 97 109 114 
0 1 6 14 18 23 33 45 50 57 61 64 77 81 97 109 114 120 
0 1 6 14 18 33 37 45 50 61 64 72 76 81 97 104 109 120 
0 1 6 15 19 23 30 32 45 50 54 61 64 78 82 91 109 114 118 
0 1 6 15 19 23 30 32 45 50 54 61 65 78 82 91 109 114 118 
0 1 6 15 19 23 30 32 45 50 54 61 65 78 82 91 110 114 118 
0 1 6 15 19 23 30 45 50 54 61 64 74 78 82 91 109 114 118 
0 1 6 15 19 23 30 45 50 54 61 65 74 78 82 91 109 114 118 
0 1 6 15 19 23 30 45 50 54 61 65 74 78 82 91 110 114 118 
0 1 6 15 19 30 32 45 50 54 61 65 78 82 91 105 109 114 118 
0 1 6 15 19 30 32 45 50 54 61 65 78 82 91 105 110 114 118 
0 1 6 15 19 30 45 50 54 61 65 74 78 82 91 105 109 114 118 
0 1 6 15 19 30 45 50 54 61 65 74 78 82 91 105 110 114 118 
0 1 6 19 23 30 32 45 50 54 61 64 78 82 91 96 109 114 118 
0 1 6 19 23 30 32 45 50 54 61 65 78 82 91 96 109 114 118 
0 1 6 19 30 32 36 45 50 54 61 65 82 91 96 105 109 114 118 
0 1 6 19 30 32 45 50 54 61 65 78 82 91 96 105 109 114 118 
0 1 6 30 32 36 40 45 50 54 61 64 91 96 100 104 109 114 118 
0 1 6 30 32 36 40 45 50 54 61 64 91 96 100 105 109 114 118 
0 1 6 30 32 36 40 45 50 54 61 65 91 96 100 105 109 114 118 
0 1 6 30 32 36 40 45 50 54 61 65 91 96 100 105 110 114 118 
0 1 6 30 32 36 40 45 50 54 61 84 91 96 100 105 109 114 118 
0 1 6 30 32 36 41 45 50 54 61 65 91 96 100 105 109 114 118 
0 1 6 30 32 36 41 45 50 54 61 65 91 96 100 105 110 114 118 
0 1 6 30 32 36 45 50 54 61 65 82 91 96 100 105 109 114 118 
0 2 6 11 15 19 30 41 45 50 54 65 74 78 89 105 110 114 118 
0 2 6 11 15 19 30 41 45 50 54 65 74 78 91 105 110 114 118 
0 2 6 11 15 29 37 41 45 50 54 65 74 89 101 105 110 114 118 
0 2 6 11 15 29 37 41 45 50 54 65 74 89 101 105 110 114 119 
0 2 6 11 15 29 41 45 50 54 65 74 78 89 101 105 110 114 118 
0 2 6 11 15 30 41 45 50 54 65 74 78 89 101 105 110 114 118 
0 2 6 11 29 37 41 45 50 54 65 74 89 97 101 105 110 114 119 
0 2 6 11 29 37 41 45 50 55 65 74 89 97 101 105 110 114 119 
0 2 6 14 17 32 37 41 45 50 61 65 76 80 97 101 105 110 114 
0 2 6 14 29 32 37 41 45 50 61 65 76 89 97 101 105 110 114 
0 2 6 15 19 30 32 41 45 50 54 61 65 78 89 105 109 114 118 
0 2 6 15 19 30 32 41 45 50 54 61 65 78 89 105 110 114 118 
0 2 6 15 19 30 32 41 45 50 54 61 65 78 91 105 110 114 118 
0 2 6 15 19 30 41 45 50 54 61 65 74 78 89 105 109 114 118 
0 2 6 15 19 30 41 45 50 54 61 65 74 78 89 105 110 114 118 
0 2 6 15 19 30 41 45 50 54 61 65 74 78 91 105 109 114 118 
0 2 6 15 19 30 41 45 50 54 61 65 74 78 91 105 110 114 118 
0 2 6 15 29 32 41 45 50 54 61 65 78 89 101 105 109 114 118 
0 2 6 15 29 32 41 45 50 54 61 65 78 89 101 105 110 114 118 
0 2 6 15 29 37 41 45 50 54 61 65 74 89 101 105 109 114 118 
0 2 6 15 29 37 41 45 50 54 61 65 74 89 101 105 109 114 119 
0 2 6 15 29 37 41 45 50 54 61 65 74 89 101 105 110 114 118 
0 2 6 15 29 41 45 50 54 61 65 74 78 89 101 105 110 114 118 
0 2 6 15 30 32 41 45 50 54 61 65 78 89 101 105 110 114 118 
0 2 6 29 32 37 41 45 50 54 61 65 89 96 101 105 109 114 118 
0 2 6 29 32 37 41 45 50 54 61 65 89 96 101 105 110 114 118 
0 2 6 29 32 37 41 45 50 54 61 65 89 97 101 105 109 114 118 
0 2 6 29 32 37 41 45 50 54 61 65 89 97 101 105 109 114 119 
0 2 6 29 32 37 41 45 50 54 61 65 89 97 101 105 110 114 118 
0 2 6 29 32 37 41 45 50 54 61 65 89 97 101 105 110 114 119 
0 2 6 30 32 37 41 45 50 54 61 65 89 96 101 105 109 114 118 
0 4 8 15 19 26 32 39 43 54 61 63 67 78 103 114 118 
