0 1 4 11 16 23 33 43 50 55 67 72 77 82 91 95 100 107 112 117 
0 1 6 11 16 23 33 40 45 50 55 59 62 67 72 79 84 95 107 112 
0 1 6 11 16 23 33 40 45 50 55 59 62 67 72 79 84 107 112 119 
0 1 6 11 16 23 33 40 45 50 55 59 62 67 72 84 95 107 112 117 
0 1 6 11 16 23 33 40 45 50 55 59 67 72 79 84 100 107 112 119 
0 1 6 11 16 23 33 45 50 55 59 62 67 72 77 84 95 107 112 117 
0 2 5 10 14 18 21 33 36 44 67 78 86 94 102 110 113 120 
0 2 5 10 14 18 21 33 36 44 67 78 86 102 110 113 118 120 
0 2 5 10 14 18 21 33 36 67 78 81 86 94 102 110 113 120 
0 2 5 10 14 21 24 36 44 55 67 70 78 86 94 102 113 120 
0 2 5 10 14 21 24 36 44 55 67 70 78 86 102 113 118 120 
0 2 5 10 14 21 24 36 44 55 70 78 86 94 102 105 113 120 
0 2 5 10 14 21 24 36 44 55 70 78 86 102 105 113 118 120 
0 2 5 10 14 21 24 36 55 67 70 78 81 86 94 102 113 120 
0 2 5 10 14 21 24 36 55 70 78 81 86 94 102 105 113 120 
0 2 5 10 14 21 33 36 44 55 67 78 86 94 102 110 113 120 
0 2 5 10 14 21 33 36 44 55 67 78 86 102 110 113 118 120 
0 2 5 10 14 21 36 44 55 67 70 78 86 94 102 110 113 120 
0 2 5 10 14 24 30 36 44 55 70 78 86 94 102 105 113 120 
0 2 5 10 14 24 30 36 44 55 70 78 86 102 105 113 118 120 
0 2 5 10 14 24 30 44 55 70 73 78 86 102 105 113 118 120 
0 2 5 14 16 21 24 31 36 47 62 70 78 81 94 97 105 113 
0 2 5 14 16 21 24 36 47 55 62 70 78 81 94 97 105 113 
0 2 5 14 16 21 31 36 44 47 62 70 78 94 105 110 113 120 
0 2 5 14 16 21 31 36 47 62 70 78 81 94 97 105 110 113 
0 2 5 14 16 21 31 36 47 62 70 78 81 94 105 110 113 120 
0 2 5 14 16 21 33 36 47 55 62 67 78 81 94 97 110 113 
0 2 5 14 16 21 33 36 47 55 62 78 81 94 97 105 110 113 
0 2 5 14 16 21 36 44 47 55 62 70 78 94 105 110 113 120 
0 2 5 14 16 21 36 47 55 62 67 70 78 81 94 97 110 113 
0 2 5 14 16 21 36 47 55 62 70 78 81 94 97 105 110 113 
0 2 5 14 18 21 33 36 47 62 67 78 81 94 97 102 110 113 
0 2 5 14 21 24 36 44 47 55 62 70 78 94 102 105 113 120 
0 2 5 14 21 33 36 47 55 62 67 78 81 94 97 102 110 113 
0 2 5 16 21 33 36 47 50 55 62 67 78 81 94 97 110 113 
0 2 5 18 21 33 36 47 50 62 67 78 81 94 97 102 110 113 
