0 1 4 11 21 33 38 45 55 59 72 77 82 95 100 107 112 117 
0 1 5 8 14 18 35 40 45 57 62 79 84 102 107 112 115 119 
0 1 5 8 18 35 40 45 57 59 62 79 84 102 107 112 115 119 
0 1 6 10 14 18 23 40 45 50 62 67 79 84 92 97 107 117 
0 1 6 10 14 18 23 40 45 50 62 67 79 84 92 107 112 117 
0 1 6 11 18 23 33 38 45 50 55 59 62 67 72 107 112 117 
0 1 6 11 18 23 33 40 45 50 59 62 67 72 84 102 107 112 
0 1 6 11 18 23 33 40 45 50 59 62 67 72 84 107 112 117 
0 1 6 11 18 23 33 45 50 55 59 62 67 72 84 102 107 112 
0 1 6 11 18 23 33 45 50 55 59 62 67 72 84 107 112 117 
0 1 6 11 18 23 35 40 45 59 62 67 72 79 84 97 102 107 
0 1 6 11 18 23 35 40 45 59 62 67 72 79 84 97 107 117 
0 1 6 11 18 23 35 45 55 59 62 67 72 79 84 97 107 117 
0 1 6 11 18 23 35 45 55 59 62 67 72 79 84 102 107 112 
0 1 6 11 18 23 40 45 50 59 62 67 72 79 84 102 107 112 
0 2 5 10 22 29 40 47 60 65 77 82 85 92 96 103 108 115 
0 2 6 10 15 19 23 29 32 36 40 58 62 66 70 92 108 112 116 
0 2 6 10 15 19 23 29 32 36 40 58 62 66 85 92 108 112 116 
0 2 6 10 15 19 23 29 32 36 40 58 62 70 81 92 108 112 116 
0 2 6 10 15 19 23 29 32 36 40 58 66 70 77 92 108 112 116 
0 2 6 10 15 19 23 29 32 36 40 62 66 85 92 103 108 112 116 
0 2 6 10 15 19 23 29 32 36 40 62 66 85 92 104 108 112 116 
0 2 6 10 15 19 23 29 32 36 40 62 81 85 92 103 108 112 116 
0 2 6 10 15 19 23 29 32 36 40 62 81 85 92 104 108 112 116 
0 2 6 10 15 19 23 29 32 36 40 66 77 85 92 103 108 112 116 
0 2 6 10 15 19 23 29 32 36 40 66 77 85 92 104 108 112 116 
0 2 6 10 15 19 23 29 32 36 40 77 81 85 92 103 108 112 116 
0 2 6 10 15 19 23 29 32 36 40 77 81 85 92 104 108 112 116 
0 2 6 10 15 19 29 32 36 40 58 62 70 81 92 99 108 112 116 
0 2 6 10 15 19 29 32 36 40 58 62 81 85 92 99 108 112 116 
0 2 6 10 15 19 29 32 36 40 58 70 77 81 92 99 108 112 116 
0 2 6 10 15 19 29 32 36 40 58 77 81 85 92 99 108 112 116 
0 2 6 10 15 19 29 32 36 40 62 81 85 92 99 103 108 112 116 
0 2 6 10 15 19 29 32 36 40 62 81 85 92 99 104 108 112 116 
0 2 6 10 15 19 29 32 36 40 77 81 85 92 99 103 108 112 116 
0 2 6 10 15 19 29 32 36 40 77 81 85 92 99 104 108 112 116 
0 2 6 10 15 19 29 32 36 55 58 62 81 85 92 99 108 112 116 
0 2 6 10 15 19 29 32 36 55 58 77 81 85 92 99 108 112 116 
0 2 6 10 15 19 29 32 36 55 62 73 81 85 99 104 108 112 116 
0 2 6 10 15 19 29 32 36 55 62 81 85 92 99 103 108 112 116 
0 2 6 10 15 19 29 32 36 55 62 81 85 92 99 104 108 112 116 
0 2 6 10 15 19 29 32 36 55 73 77 81 85 99 104 108 112 116 
0 2 6 10 15 19 29 32 36 55 77 81 85 92 99 104 108 112 116 
0 2 6 10 15 19 32 36 40 44 58 62 70 81 92 99 108 112 116 
0 2 6 10 15 19 32 36 40 44 58 62 81 85 92 99 108 112 116 
0 2 6 10 15 19 32 36 40 45 58 62 70 81 92 99 108 112 116 
0 2 6 10 15 19 32 36 40 45 58 62 81 85 92 99 108 112 116 
0 2 6 10 15 19 32 36 44 55 58 62 81 85 92 99 108 112 116 
0 2 6 10 15 19 32 36 45 55 58 62 81 85 92 99 108 112 116 
0 2 6 10 15 23 29 32 36 40 58 66 70 77 92 95 108 112 116 
0 2 6 10 15 23 29 32 36 40 58 66 77 85 92 95 108 112 116 
0 2 6 10 15 23 29 32 36 40 58 70 77 81 92 95 108 112 116 
0 2 6 10 15 23 29 32 36 40 58 77 81 85 92 95 108 112 116 
0 2 6 10 15 23 29 32 36 40 66 77 85 92 95 103 108 112 116 
0 2 6 10 15 23 29 32 36 40 66 77 85 92 95 104 108 112 116 
0 2 6 10 15 23 29 32 36 40 77 81 85 92 95 103 108 112 116 
0 2 6 10 15 23 29 32 36 40 77 81 85 92 95 104 108 112 116 
0 2 6 10 15 23 29 32 40 51 58 70 77 81 92 95 108 112 116 
0 2 6 10 15 23 29 32 40 51 58 77 81 85 92 95 108 112 116 
0 2 6 10 15 23 29 32 40 51 68 77 81 85 92 95 103 108 112 
0 2 6 10 15 23 29 32 40 51 77 81 85 92 95 104 108 112 116 
0 2 6 10 15 29 32 36 40 58 70 77 81 92 95 99 108 112 116 
0 2 6 10 15 29 32 36 40 58 77 81 85 92 95 99 108 112 116 
0 2 6 10 15 29 32 36 55 58 77 81 85 92 95 99 108 112 116 
0 2 6 10 15 29 32 40 51 58 70 77 81 92 95 99 108 112 116 
0 2 6 10 15 29 32 40 51 58 77 81 85 92 95 99 108 112 116 
0 2 6 10 15 29 32 51 55 58 77 81 85 92 95 99 108 112 116 
0 2 6 10 18 22 29 36 40 46 60 62 72 80 84 103 107 111 115 
0 2 6 10 18 27 32 36 44 55 58 62 66 72 85 99 107 111 116 
0 2 6 10 18 27 32 36 44 55 58 62 72 81 85 99 107 111 116 
0 3 8 15 20 33 40 45 52 57 58 63 70 82 92 101 108 113 
0 3 8 15 33 40 45 52 57 58 63 70 82 92 96 101 108 113 
