0 1 5 8 12 19 26 36 48 54 64 71 78 83 100 107 114 119 
0 1 5 12 19 26 36 47 54 63 71 78 82 93 99 107 114 119 
0 1 5 12 19 26 36 47 54 63 71 78 82 93 100 107 114 119 
0 1 5 12 19 26 36 47 54 63 71 78 83 93 100 107 114 119 
0 1 5 12 19 26 36 47 54 64 71 78 82 93 100 107 114 119 
0 1 5 12 19 26 36 47 54 64 71 78 83 93 100 107 114 119 
0 1 5 12 19 26 36 48 54 64 71 78 83 93 100 107 114 119 
0 1 5 12 19 29 41 47 54 63 71 76 82 93 99 107 112 119 
0 1 5 12 19 29 41 47 54 63 71 76 82 93 100 107 112 119 
0 1 5 12 19 29 41 47 54 63 71 76 83 93 100 107 112 119 
0 1 5 12 19 29 41 47 54 64 71 76 82 93 100 107 112 119 
0 1 5 12 19 29 41 47 54 64 71 76 83 93 100 107 112 119 
0 1 5 12 19 29 41 48 54 64 71 76 83 93 100 107 112 119 
0 1 5 12 19 36 41 47 54 63 71 76 82 93 99 107 112 119 
0 1 5 12 19 36 41 47 54 63 71 76 82 93 100 107 112 119 
0 1 5 12 19 36 41 47 54 63 71 76 83 93 100 107 112 119 
0 1 5 12 19 36 41 47 54 64 71 76 82 93 100 107 112 119 
0 1 5 12 19 36 41 47 54 64 71 76 83 93 100 107 112 119 
0 1 5 12 19 36 41 48 54 64 71 76 83 93 100 107 112 119 
0 1 6 9 19 27 31 36 49 58 71 79 84 92 102 107 115 
0 1 6 9 19 27 36 49 54 58 63 71 79 84 92 107 115 
0 1 6 9 19 27 36 49 54 58 71 79 84 92 102 107 115 
0 1 6 11 19 27 29 41 54 63 71 76 84 92 94 107 112 
0 1 6 11 19 27 36 41 54 58 63 71 76 84 92 94 107 
0 1 6 11 19 27 36 41 54 63 71 76 84 92 94 107 112 
0 1 6 11 19 27 36 54 58 63 71 76 79 84 92 94 107 
0 1 6 11 19 36 41 46 54 58 63 71 76 81 94 99 107 
0 1 6 11 19 36 41 46 54 58 63 71 76 92 94 99 107 
0 1 6 11 19 36 41 46 54 63 71 76 92 94 99 107 112 
0 1 6 11 19 36 41 54 63 71 76 84 92 94 99 107 112 
0 1 6 12 19 29 41 47 54 63 71 76 83 93 100 107 112 119 
0 1 6 12 19 29 41 47 54 64 71 76 83 93 100 107 112 119 
0 1 6 12 19 29 41 48 54 64 71 76 83 93 100 107 112 119 
0 1 6 12 19 29 41 48 54 64 71 76 83 94 100 107 112 119 
0 1 6 12 19 36 41 47 54 63 71 76 83 93 100 107 112 119 
0 1 6 12 19 36 41 47 54 64 71 76 83 93 100 107 112 119 
0 1 6 12 19 36 41 48 54 64 71 76 83 93 100 107 112 119 
0 1 6 12 19 36 41 48 54 64 71 76 83 94 100 107 112 119 
0 1 6 19 27 36 41 49 54 58 63 71 76 84 92 94 107 
0 1 7 12 19 26 36 42 47 54 63 71 78 82 95 100 107 114 
0 1 7 12 19 26 36 42 47 54 64 71 78 82 95 100 107 114 
0 1 7 12 19 26 36 42 47 54 64 71 78 95 100 107 114 120 
0 1 7 12 19 26 36 43 47 54 64 71 78 95 100 107 114 120 
0 2 6 11 16 23 30 32 37 58 63 68 72 79 84 92 94 99 104 115 
0 2 7 11 16 23 30 32 37 42 59 63 68 72 77 84 92 94 99 104 
0 4 7 11 13 18 25 35 47 53 63 70 77 82 99 106 113 118 
0 4 7 11 13 18 25 35 47 54 63 70 77 82 99 106 113 118 
0 4 7 11 18 25 28 35 47 53 63 70 77 82 99 106 113 118 
0 4 7 11 18 25 28 35 47 54 63 70 77 82 99 106 113 118 
0 4 7 11 19 25 28 35 47 54 63 70 77 82 99 106 113 118 
0 4 7 12 13 19 25 35 47 54 63 70 77 82 99 107 113 118 
0 4 7 12 18 25 28 35 47 53 63 70 77 82 99 106 113 118 
0 4 7 12 18 25 28 35 47 54 63 70 77 82 99 106 113 118 
0 4 11 13 18 25 35 46 53 61 63 70 77 81 99 106 113 118 
0 4 11 13 18 25 35 46 53 61 63 70 77 82 99 106 113 118 
0 4 11 13 18 25 35 46 54 61 63 70 77 82 99 106 113 118 
0 4 11 13 18 25 35 47 53 61 63 70 77 82 99 106 113 118 
0 4 11 13 18 25 35 47 54 61 63 70 77 82 99 106 113 118 
0 4 11 13 18 35 40 46 53 61 63 70 75 81 99 106 111 118 
0 4 11 13 18 35 40 46 53 61 63 70 75 82 99 106 111 118 
0 4 11 13 18 35 40 46 54 61 63 70 75 82 99 106 111 118 
0 4 11 13 18 35 40 47 53 61 63 70 75 82 99 106 111 118 
0 4 11 16 23 29 33 39 46 61 63 68 75 81 99 104 111 118 
0 4 11 16 23 29 33 39 46 61 63 68 75 82 99 104 111 118 
0 4 11 16 23 29 33 39 47 61 63 68 75 82 99 104 111 118 
0 4 11 16 23 29 33 40 46 61 63 68 75 81 99 104 111 118 
0 4 11 16 23 29 33 40 46 61 63 68 75 82 99 104 111 118 
0 4 11 16 23 29 33 40 47 61 63 68 75 82 99 104 111 118 
0 4 11 16 23 30 32 40 46 61 63 68 75 81 99 104 111 118 
0 4 11 16 23 30 33 39 46 61 63 68 74 81 99 104 111 118 
0 4 11 16 23 30 33 39 46 61 63 68 74 82 99 104 111 118 
0 4 11 16 23 30 33 39 46 61 63 68 75 81 99 104 111 118 
0 4 11 16 23 30 33 39 46 61 63 68 75 82 99 104 111 118 
0 4 11 16 23 30 33 39 47 61 63 68 75 82 99 104 111 118 
0 4 11 16 23 30 33 40 46 61 63 68 75 81 99 104 111 118 
0 4 11 16 23 30 33 40 47 61 63 68 75 82 99 104 111 118 
0 4 11 16 24 29 33 40 46 61 63 68 75 81 99 104 111 118 
0 5 11 18 24 28 34 40 47 53 63 69 76 82 93 99 106 112 118 
