0 1 5 9 14 17 21 26 53 61 64 68 72 76 80 117 
0 1 5 9 14 17 21 26 53 64 68 72 76 80 91 117 
0 1 5 9 14 17 21 26 55 61 64 68 72 76 80 115 
0 1 5 9 14 17 21 26 55 64 68 72 76 80 91 115 
0 1 5 9 14 17 21 55 61 64 68 72 76 80 115 119 
0 1 5 9 14 17 22 26 49 61 64 68 72 76 85 113 
0 1 5 9 14 17 22 26 49 64 68 72 76 85 91 113 
0 1 5 9 14 17 22 26 51 61 64 68 72 76 85 111 
0 1 5 9 14 17 22 26 51 64 68 72 76 85 91 111 
0 1 5 9 14 17 26 49 53 61 64 68 72 76 85 113 
0 1 5 9 14 17 26 49 53 64 68 72 76 85 91 113 
0 1 5 9 14 17 26 51 55 61 64 68 72 76 80 115 
0 1 5 9 14 17 26 51 55 61 64 68 72 76 111 115 
0 1 5 9 14 17 26 51 55 64 68 72 76 91 111 115 
0 1 5 9 14 17 26 51 61 64 68 72 76 85 111 115 
0 1 5 9 14 17 51 55 61 64 68 72 76 111 115 119 
0 1 5 9 14 18 22 26 45 61 64 68 72 81 85 109 
0 1 5 9 14 18 22 26 45 64 68 72 81 85 91 109 
0 1 5 9 14 18 22 26 47 61 64 68 72 81 85 107 
0 1 5 9 14 18 22 26 47 64 68 72 81 85 91 107 
0 1 5 9 14 22 26 45 49 61 64 68 72 81 85 109 
0 1 5 9 14 22 26 45 49 61 64 68 72 85 109 113 
0 1 5 9 14 22 26 45 49 64 68 72 81 85 91 109 
0 1 5 9 14 22 26 45 49 64 68 72 85 91 109 113 
0 1 5 9 14 22 26 47 51 61 64 68 72 76 85 111 
0 1 5 9 14 22 26 47 51 61 64 68 72 85 107 111 
0 1 5 9 14 22 26 47 51 64 68 72 85 91 107 111 
0 1 5 9 14 22 26 47 61 64 68 72 81 85 107 111 
0 1 5 9 14 26 47 51 55 61 64 68 72 76 111 115 
0 1 5 9 14 26 47 51 55 61 64 68 72 107 111 115 
0 1 5 9 14 26 47 51 55 64 68 72 91 107 111 115 
0 1 5 9 14 26 47 51 61 64 68 72 85 107 111 115 
0 1 5 9 14 47 51 55 61 64 68 72 107 111 115 119 
0 1 5 9 16 21 41 48 55 61 64 68 75 84 105 112 119 
0 1 5 9 16 21 41 48 57 61 64 68 75 84 105 112 117 
0 1 5 9 16 21 41 50 55 61 64 68 75 84 105 110 119 
0 1 5 9 16 21 41 50 57 61 64 68 75 84 105 110 117 
0 1 5 9 16 21 43 48 55 61 64 68 75 84 103 112 119 
0 1 5 9 16 21 43 48 57 61 64 68 75 84 103 112 117 
0 1 5 9 16 21 43 50 55 61 64 68 75 84 103 110 119 
0 1 5 9 16 21 43 50 57 61 64 68 75 84 103 110 117 
0 1 5 9 16 23 41 48 55 61 64 68 75 82 105 112 119 
0 1 5 9 16 23 41 48 57 61 64 68 75 82 105 112 117 
0 1 5 9 16 23 41 50 57 61 64 68 75 82 105 110 117 
0 1 5 9 16 23 43 48 55 61 64 68 75 82 103 112 119 
0 1 5 9 16 23 43 48 57 61 64 68 75 82 103 112 117 
0 1 5 9 16 23 43 50 55 61 64 68 75 82 103 110 119 
0 1 5 9 16 23 43 50 57 61 64 68 75 82 103 110 117 
0 1 5 9 18 22 26 41 45 64 68 81 85 91 105 109 
0 1 5 9 18 22 26 43 47 64 68 81 85 91 103 107 
0 1 5 9 21 27 41 48 57 61 64 68 77 84 105 112 117 
0 1 5 9 21 27 41 50 57 61 64 68 77 84 105 110 117 
0 1 5 9 21 27 43 48 55 61 64 68 77 84 103 112 119 
0 1 5 9 21 27 43 48 57 61 64 68 77 84 103 112 117 
0 1 5 9 21 27 43 50 55 61 64 68 77 84 103 110 119 
0 1 5 9 21 27 43 50 57 61 64 68 77 84 103 110 117 
0 1 5 9 22 26 41 45 49 61 64 68 81 85 105 109 
0 1 5 9 22 26 43 47 51 61 64 68 72 85 107 111 
0 1 5 9 22 26 43 47 51 61 64 68 85 103 107 111 
0 1 5 9 22 26 43 47 51 64 68 85 91 103 107 111 
0 1 5 9 23 27 41 48 57 61 64 68 77 82 105 112 117 
0 1 5 9 23 27 43 48 55 61 64 68 77 82 103 112 119 
0 1 5 9 23 27 43 48 57 61 64 68 77 82 103 112 117 
0 1 5 9 23 27 43 50 55 61 64 68 77 82 103 110 119 
0 1 5 9 23 27 43 50 57 61 64 68 77 82 103 110 117 
0 1 5 9 26 43 47 51 55 61 64 68 72 107 111 115 
0 1 5 9 26 43 47 51 55 61 64 68 103 107 111 115 
0 1 5 9 26 43 47 51 55 64 68 91 103 107 111 115 
0 1 5 9 26 43 47 51 61 64 68 85 103 107 111 115 
0 1 5 9 43 47 51 55 61 64 68 103 107 111 115 119 
0 1 5 10 17 21 26 37 44 53 61 64 73 80 101 108 117 
0 1 5 10 17 21 26 37 44 53 64 73 80 91 101 108 117 
0 1 5 10 17 21 26 37 44 55 61 64 73 80 101 108 115 
0 1 5 10 17 21 26 37 44 55 64 73 80 91 101 108 115 
0 1 5 10 17 21 26 37 46 53 61 64 73 80 101 106 117 
0 1 5 10 17 21 26 37 46 53 64 73 80 91 101 106 117 
0 1 5 10 17 21 26 37 46 55 61 64 73 80 101 106 115 
0 1 5 10 17 21 26 37 46 55 64 73 80 91 101 106 115 
0 1 5 10 17 21 26 39 44 53 61 64 73 80 99 108 117 
0 1 5 10 17 21 26 39 44 53 64 73 80 91 99 108 117 
0 1 5 10 17 21 26 39 44 55 61 64 73 80 99 108 115 
0 1 5 10 17 21 26 39 44 55 64 73 80 91 99 108 115 
0 1 5 10 17 21 26 39 46 53 61 64 73 80 99 106 117 
0 1 5 10 17 21 26 39 46 53 64 73 80 91 99 106 117 
0 1 5 10 17 21 26 39 46 55 61 64 73 80 99 106 115 
0 1 5 10 17 21 26 39 46 55 64 73 80 91 99 106 115 
0 1 5 10 17 21 37 44 53 57 61 64 73 80 101 108 117 
0 1 5 10 17 21 37 44 55 61 64 73 80 84 101 108 119 
0 1 5 10 17 21 37 44 55 61 64 73 80 101 108 115 119 
0 1 5 10 17 21 37 44 57 61 64 73 80 84 101 108 117 
0 1 5 10 17 21 37 46 53 57 61 64 73 80 101 106 117 
0 1 5 10 17 21 37 46 55 61 64 73 80 84 101 106 119 
0 1 5 10 17 21 37 46 55 61 64 73 80 101 106 115 119 
0 1 5 10 17 21 37 46 57 61 64 73 80 84 101 106 117 
0 1 5 10 17 21 39 44 53 57 61 64 73 80 99 108 117 
0 1 5 10 17 21 39 44 55 61 64 73 80 84 99 108 119 
0 1 5 10 17 21 39 44 55 61 64 73 80 99 108 115 119 
0 1 5 10 17 21 39 44 57 61 64 73 80 84 99 108 117 
0 1 5 10 17 21 39 46 53 57 61 64 73 80 99 106 117 
0 1 5 10 17 21 39 46 55 61 64 73 80 84 99 106 119 
0 1 5 10 17 21 39 46 55 61 64 73 80 99 106 115 119 
0 1 5 10 17 21 39 46 57 61 64 73 80 84 99 106 117 
0 1 5 10 17 26 37 44 51 55 61 64 73 80 101 108 115 
0 1 5 10 17 26 37 44 51 55 64 73 80 91 101 108 115 
0 1 5 10 17 26 37 44 51 61 64 73 80 85 101 108 115 
0 1 5 10 17 26 37 44 51 64 73 80 85 91 101 108 115 
0 1 5 10 17 26 37 44 53 61 64 73 80 85 101 108 113 
0 1 5 10 17 26 37 44 53 61 64 73 80 101 108 113 117 
0 1 5 10 17 26 37 44 53 64 73 80 85 91 101 108 113 
0 1 5 10 17 26 37 44 53 64 73 80 91 101 108 113 117 
0 1 5 10 17 26 37 46 51 55 61 64 73 80 101 106 115 
0 1 5 10 17 26 37 46 51 55 64 73 80 91 101 106 115 
0 1 5 10 17 26 37 46 51 61 64 73 80 85 101 106 115 
0 1 5 10 17 26 37 46 51 64 73 80 85 91 101 106 115 
0 1 5 10 17 26 37 46 53 61 64 73 80 101 106 113 117 
0 1 5 10 17 26 37 46 53 64 73 80 91 101 106 113 117 
0 1 5 10 17 26 39 44 51 55 61 64 73 80 99 108 115 
0 1 5 10 17 26 39 44 51 55 64 73 80 91 99 108 115 
0 1 5 10 17 26 39 44 51 61 64 73 80 85 99 108 115 
0 1 5 10 17 26 39 44 51 64 73 80 85 91 99 108 115 
0 1 5 10 17 26 39 44 53 61 64 73 80 99 108 113 117 
0 1 5 10 17 26 39 44 53 64 73 80 91 99 108 113 117 
0 1 5 10 17 26 39 46 51 55 61 64 73 80 99 106 115 
0 1 5 10 17 26 39 46 51 55 64 73 80 91 99 106 115 
0 1 5 10 17 26 39 46 53 61 64 73 80 99 106 113 117 
0 1 5 10 17 26 39 46 53 64 73 80 91 99 106 113 117 
0 1 5 10 17 37 44 51 55 61 64 73 80 101 108 115 119 
0 1 5 10 17 37 46 51 55 61 64 73 80 101 106 115 119 
0 1 5 10 17 37 46 53 57 61 64 73 80 101 106 113 117 
0 1 5 10 17 39 44 51 55 61 64 73 80 99 108 115 119 
0 1 5 10 17 39 44 53 57 61 64 73 80 99 108 113 117 
0 1 5 10 17 39 46 51 55 61 64 73 80 99 106 115 119 
0 1 5 10 17 39 46 53 57 61 64 73 80 99 106 113 117 
0 1 5 10 19 23 27 37 46 55 61 64 73 82 101 110 119 
0 1 5 10 19 23 27 37 46 57 61 64 73 82 101 110 117 
0 1 5 10 19 23 27 37 48 55 61 64 73 82 101 108 119 
0 1 5 10 19 23 27 37 48 57 61 64 73 82 101 108 117 
0 1 5 10 19 23 27 39 46 57 61 64 73 82 99 110 117 
0 1 5 10 19 23 27 39 48 55 61 64 73 82 99 108 119 
0 1 5 10 19 23 27 39 48 57 61 64 73 82 99 108 117 
0 1 5 10 19 23 37 44 48 55 61 64 73 82 101 108 119 
0 1 5 10 19 23 37 44 48 57 61 64 73 82 101 108 117 
0 1 5 10 19 23 37 44 55 61 64 73 78 82 101 108 119 
0 1 5 10 19 23 37 44 57 61 64 73 78 82 101 108 117 
0 1 5 10 19 23 37 46 55 61 64 73 78 82 101 106 119 
0 1 5 10 19 23 37 46 55 61 64 73 82 101 106 110 119 
0 1 5 10 19 23 37 46 57 61 64 73 78 82 101 106 117 
0 1 5 10 19 23 37 46 57 61 64 73 82 101 106 110 117 
0 1 5 10 19 23 39 44 48 55 61 64 73 82 99 108 119 
0 1 5 10 19 23 39 44 48 57 61 64 73 82 99 108 117 
0 1 5 10 19 23 39 44 55 61 64 73 78 82 99 108 119 
0 1 5 10 19 23 39 44 57 61 64 73 78 82 99 108 117 
0 1 5 10 19 23 39 46 55 61 64 73 78 82 99 106 119 
0 1 5 10 19 23 39 46 55 61 64 73 82 99 106 110 119 
0 1 5 10 19 23 39 46 57 61 64 73 78 82 99 106 117 
0 1 5 10 19 23 39 46 57 61 64 73 82 99 106 110 117 
0 1 5 10 19 26 27 39 46 53 61 64 73 82 99 110 117 
0 1 5 10 19 26 27 39 46 53 64 73 82 91 99 110 117 
0 1 5 10 19 26 27 39 46 55 61 64 73 82 99 110 115 
0 1 5 10 19 26 27 39 46 55 64 73 82 91 99 110 115 
0 1 5 10 19 26 27 39 48 53 61 64 73 82 99 108 117 
0 1 5 10 19 26 27 39 48 53 64 73 82 91 99 108 117 
0 1 5 10 19 26 27 39 48 55 61 64 73 82 99 108 115 
0 1 5 10 19 26 27 39 48 55 64 73 82 91 99 108 115 
0 1 5 10 19 26 37 44 48 53 61 64 73 82 101 108 117 
0 1 5 10 19 26 37 44 48 53 64 73 82 91 101 108 117 
0 1 5 10 19 26 37 44 48 55 61 64 73 82 101 108 115 
0 1 5 10 19 26 37 44 48 55 64 73 82 91 101 108 115 
0 1 5 10 19 26 37 44 51 55 61 64 73 78 101 108 115 
0 1 5 10 19 26 37 44 51 55 64 73 78 91 101 108 115 
0 1 5 10 19 26 37 44 51 61 64 73 78 85 101 108 115 
0 1 5 10 19 26 37 44 51 64 73 78 85 91 101 108 115 
0 1 5 10 19 26 37 44 53 61 64 73 78 82 101 108 117 
0 1 5 10 19 26 37 44 53 61 64 73 78 85 101 108 113 
0 1 5 10 19 26 37 44 53 64 73 78 85 91 101 108 113 
0 1 5 10 19 26 37 44 55 61 64 73 78 82 101 108 115 
0 1 5 10 19 26 37 46 51 55 61 64 73 78 101 106 115 
0 1 5 10 19 26 37 46 51 55 64 73 78 91 101 106 115 
0 1 5 10 19 26 37 46 51 61 64 73 78 85 101 106 115 
0 1 5 10 19 26 37 46 51 64 73 78 85 91 101 106 115 
0 1 5 10 19 26 37 46 53 61 64 73 78 82 101 106 117 
0 1 5 10 19 26 37 46 53 61 64 73 78 85 101 106 113 
0 1 5 10 19 26 37 46 53 61 64 73 78 101 106 113 117 
0 1 5 10 19 26 37 46 53 64 73 78 82 91 101 106 117 
0 1 5 10 19 26 37 46 53 64 73 78 85 91 101 106 113 
0 1 5 10 19 26 37 46 53 64 73 78 91 101 106 113 117 
0 1 5 10 19 26 37 46 55 61 64 73 78 82 101 106 115 
0 1 5 10 19 26 39 44 48 53 61 64 73 82 99 108 117 
0 1 5 10 19 26 39 44 48 53 64 73 82 91 99 108 117 
0 1 5 10 19 26 39 44 48 55 61 64 73 82 99 108 115 
0 1 5 10 19 26 39 44 48 55 64 73 82 91 99 108 115 
0 1 5 10 19 26 39 44 51 55 61 64 73 78 99 108 115 
0 1 5 10 19 26 39 44 51 55 64 73 78 91 99 108 115 
0 1 5 10 19 26 39 44 51 61 64 73 78 85 99 108 115 
0 1 5 10 19 26 39 44 51 64 73 78 85 91 99 108 115 
0 1 5 10 19 26 39 44 53 61 64 73 78 82 99 108 117 
0 1 5 10 19 26 39 44 53 61 64 73 78 85 99 108 113 
0 1 5 10 19 26 39 44 53 61 64 73 78 99 108 113 117 
0 1 5 10 19 26 39 44 53 64 73 78 82 91 99 108 117 
0 1 5 10 19 26 39 44 53 64 73 78 85 91 99 108 113 
0 1 5 10 19 26 39 44 53 64 73 78 91 99 108 113 117 
0 1 5 10 19 26 39 44 55 61 64 73 78 82 99 108 115 
0 1 5 10 19 26 39 46 51 55 61 64 73 78 99 106 115 
0 1 5 10 19 26 39 46 51 55 64 73 78 91 99 106 115 
0 1 5 10 19 26 39 46 51 61 64 73 78 85 99 106 115 
0 1 5 10 19 26 39 46 51 64 73 78 85 91 99 106 115 
0 1 5 10 19 26 39 46 53 61 64 73 78 82 99 106 117 
0 1 5 10 19 26 39 46 53 61 64 73 78 85 99 106 113 
0 1 5 10 19 26 39 46 53 61 64 73 78 99 106 113 117 
0 1 5 10 19 26 39 46 53 61 64 73 82 99 106 110 117 
0 1 5 10 19 26 39 46 53 64 73 78 82 91 99 106 117 
0 1 5 10 19 26 39 46 53 64 73 78 85 91 99 106 113 
0 1 5 10 19 26 39 46 53 64 73 78 91 99 106 113 117 
0 1 5 10 19 26 39 46 53 64 73 82 91 99 106 110 117 
0 1 5 10 19 26 39 46 55 61 64 73 78 82 99 106 115 
0 1 5 10 19 26 39 46 55 61 64 73 82 99 106 110 115 
0 1 5 10 19 27 37 46 55 61 64 73 82 101 110 115 119 
0 1 5 10 19 27 37 48 53 57 61 64 73 82 101 108 117 
0 1 5 10 19 27 37 48 55 61 64 73 82 101 108 115 119 
0 1 5 10 19 27 39 46 55 61 64 73 82 99 110 115 119 
0 1 5 10 19 27 39 48 53 57 61 64 73 82 99 108 117 
0 1 5 10 19 27 39 48 55 61 64 73 82 99 108 115 119 
0 1 5 10 19 37 44 48 55 61 64 73 82 101 108 115 119 
0 1 5 10 19 37 44 51 55 61 64 73 78 101 108 115 119 
0 1 5 10 19 37 44 53 57 61 64 73 78 82 101 108 117 
0 1 5 10 19 37 46 51 55 61 64 73 78 101 106 115 119 
0 1 5 10 19 37 46 53 57 61 64 73 78 82 101 106 117 
0 1 5 10 19 37 46 53 57 61 64 73 78 101 106 113 117 
0 1 5 10 19 37 46 53 57 61 64 73 82 101 106 110 117 
0 1 5 10 19 39 44 48 55 61 64 73 82 99 108 115 119 
0 1 5 10 19 39 44 51 55 61 64 73 78 99 108 115 119 
0 1 5 10 19 39 44 53 57 61 64 73 78 82 99 108 117 
0 1 5 10 19 39 46 51 55 61 64 73 78 99 106 115 119 
0 1 5 10 19 39 46 53 57 61 64 73 78 82 99 106 117 
0 1 5 10 19 39 46 53 57 61 64 73 78 99 106 113 117 
0 1 5 10 19 39 46 53 57 61 64 73 82 99 106 110 117 
0 1 5 10 19 39 46 55 61 64 73 82 99 106 110 115 119 
0 1 5 10 21 26 27 37 46 55 64 73 80 91 101 110 115 
0 1 5 10 21 26 27 37 48 55 64 73 80 91 101 108 115 
0 1 5 10 21 26 27 39 46 53 64 73 80 91 99 110 117 
0 1 5 10 21 26 27 39 46 55 64 73 80 91 99 110 115 
0 1 5 10 21 26 27 39 48 53 64 73 80 91 99 108 117 
0 1 5 10 21 26 27 39 48 55 64 73 80 91 99 108 115 
0 1 5 10 21 26 37 44 48 53 61 64 73 80 101 108 117 
0 1 5 10 21 26 37 44 48 55 61 64 73 80 101 108 115 
0 1 5 10 21 26 37 44 48 55 64 73 80 91 101 108 115 
0 1 5 10 21 26 37 46 55 61 64 73 80 101 106 110 115 
0 1 5 10 21 26 39 44 48 53 64 73 80 91 99 108 117 
0 1 5 10 21 26 39 44 48 55 61 64 73 80 99 108 115 
0 1 5 10 21 26 39 44 48 55 64 73 80 91 99 108 115 
0 1 5 10 21 26 39 46 53 64 73 80 91 99 106 110 117 
0 1 5 10 21 27 37 46 55 61 64 73 80 84 101 110 119 
0 1 5 10 21 27 37 48 55 61 64 73 77 84 101 112 119 
0 1 5 10 21 27 37 48 55 61 64 73 80 101 108 115 119 
0 1 5 10 21 27 37 48 55 61 64 73 84 101 108 112 119 
0 1 5 10 21 27 39 46 55 61 64 73 80 84 99 110 119 
0 1 5 10 21 27 39 48 55 61 64 73 77 84 99 112 119 
0 1 5 10 21 27 39 48 55 61 64 73 80 84 99 108 119 
0 1 5 10 21 27 39 48 55 61 64 73 80 99 108 115 119 
0 1 5 10 21 27 39 48 55 61 64 73 84 99 108 112 119 
0 1 5 10 21 27 39 48 57 61 64 73 77 84 99 112 117 
0 1 5 10 21 27 39 48 57 61 64 73 80 84 99 108 117 
0 1 5 10 21 27 39 48 57 61 64 73 84 99 108 112 117 
0 1 5 10 21 37 44 48 55 61 64 73 80 101 108 115 119 
0 1 5 10 21 37 44 48 55 61 64 73 84 101 108 112 119 
0 1 5 10 21 37 46 55 61 64 73 80 84 101 106 110 119 
0 1 5 10 21 37 46 57 61 64 73 80 84 101 106 110 117 
0 1 5 10 21 39 44 48 55 61 64 73 80 99 108 115 119 
0 1 5 10 21 39 46 50 57 61 64 73 84 99 106 110 117 
0 1 5 10 21 39 46 55 61 64 73 80 84 99 106 110 119 
0 1 5 10 21 39 46 57 61 64 73 80 84 99 106 110 117 
0 1 5 10 23 27 37 48 55 61 64 73 82 101 108 112 119 
0 1 5 10 23 27 39 48 55 61 64 73 77 82 99 112 119 
0 1 5 10 23 27 39 48 55 61 64 73 82 99 108 112 119 
0 1 5 10 23 27 39 48 57 61 64 73 77 82 99 112 117 
0 1 5 10 23 27 39 48 57 61 64 73 82 99 108 112 117 
0 1 5 10 23 37 44 48 55 61 64 73 82 101 108 112 119 
0 1 5 10 23 39 44 48 55 61 64 73 82 99 108 112 119 
0 1 5 10 23 39 44 48 57 61 64 73 82 99 108 112 117 
0 1 5 10 23 39 46 50 57 61 64 73 82 99 106 110 117 
0 1 5 12 16 21 37 41 48 55 61 64 75 84 101 112 119 
0 1 5 12 16 21 37 41 50 55 61 64 75 84 101 110 119 
0 1 5 12 16 21 37 48 55 61 64 71 75 84 101 112 119 
0 1 5 12 16 21 37 50 55 61 64 71 75 84 101 110 119 
0 1 5 12 16 21 41 48 55 61 64 68 75 84 101 112 119 
0 1 5 12 16 21 41 50 55 61 64 68 75 84 101 110 119 
0 1 5 12 16 23 37 41 48 55 61 64 75 82 101 112 119 
0 1 5 12 16 23 37 41 50 55 61 64 75 82 101 110 119 
0 1 5 12 16 23 37 48 55 61 64 71 75 82 101 112 119 
0 1 5 12 16 23 37 50 55 61 64 71 75 82 101 110 119 
0 1 5 12 16 23 39 48 55 61 64 71 75 82 99 112 119 
0 1 5 12 16 23 39 50 55 61 64 68 75 82 103 110 119 
0 1 5 12 16 23 39 50 55 61 64 71 75 82 99 110 119 
0 1 5 12 16 23 39 50 55 61 64 75 82 99 103 110 119 
0 1 5 12 16 23 39 50 57 61 64 68 75 82 103 110 117 
0 1 5 12 16 23 39 50 57 61 64 71 75 82 99 110 117 
0 1 5 12 16 23 39 50 57 61 64 75 82 99 103 110 117 
0 1 5 12 16 23 41 50 55 61 64 68 75 82 101 110 119 
0 1 5 12 17 21 26 37 46 55 64 71 80 91 101 106 115 
0 1 5 12 17 21 26 39 46 55 64 71 80 91 99 106 115 
0 1 5 12 17 21 37 44 55 61 64 71 80 101 108 115 119 
0 1 5 12 17 21 37 46 55 61 64 71 80 84 101 106 119 
0 1 5 12 17 21 37 46 55 61 64 71 80 101 106 115 119 
0 1 5 12 17 21 39 44 55 61 64 71 80 99 108 115 119 
0 1 5 12 17 21 39 46 55 61 64 71 80 84 99 106 119 
0 1 5 12 17 21 39 46 55 61 64 71 80 99 106 115 119 
0 1 5 12 17 26 37 46 53 61 64 71 80 101 106 113 117 
0 1 5 12 17 26 39 44 51 55 61 64 71 80 99 108 115 
0 1 5 12 17 26 39 44 51 55 64 71 80 91 99 108 115 
0 1 5 12 17 26 39 46 51 55 61 64 71 80 99 106 115 
0 1 5 12 17 26 39 46 51 55 64 71 80 91 99 106 115 
0 1 5 12 17 26 39 46 53 61 64 71 80 99 106 113 117 
0 1 5 12 17 39 44 51 55 61 64 71 80 99 108 115 119 
0 1 5 12 17 39 46 51 55 61 64 71 80 99 106 115 119 
0 1 5 12 19 23 37 41 48 55 61 64 75 82 101 108 119 
0 1 5 12 19 23 37 44 48 55 61 64 71 82 101 108 119 
0 1 5 12 19 23 37 44 55 61 64 71 78 82 101 108 119 
0 1 5 12 19 23 37 46 55 61 64 71 75 82 101 110 119 
0 1 5 12 19 23 37 46 55 61 64 71 78 82 101 106 119 
0 1 5 12 19 23 37 48 55 61 64 71 75 82 101 108 119 
0 1 5 12 19 23 39 44 48 55 61 64 71 82 99 108 119 
0 1 5 12 19 23 39 44 48 57 61 64 71 82 99 108 117 
0 1 5 12 19 23 39 44 55 61 64 71 78 82 99 108 119 
0 1 5 12 19 23 39 44 57 61 64 71 78 82 99 108 117 
0 1 5 12 19 23 39 46 55 61 64 71 78 82 99 106 119 
0 1 5 12 19 23 39 46 57 61 64 68 75 82 103 110 117 
0 1 5 12 19 23 39 46 57 61 64 71 75 82 99 110 117 
0 1 5 12 19 23 39 46 57 61 64 71 78 82 99 106 117 
0 1 5 12 19 23 39 46 57 61 64 71 82 99 106 110 117 
0 1 5 12 19 23 39 48 55 61 64 71 75 82 99 108 119 
0 1 5 12 19 23 39 48 57 61 64 68 75 82 103 108 117 
0 1 5 12 19 23 39 48 57 61 64 71 75 82 99 108 117 
0 1 5 12 19 23 39 48 57 61 64 75 82 99 103 108 117 
0 1 5 12 19 26 37 41 48 55 61 64 75 82 101 108 115 
0 1 5 12 19 26 37 41 48 55 64 75 82 91 101 108 115 
0 1 5 12 19 26 37 44 51 61 64 71 78 85 101 108 115 
0 1 5 12 19 26 37 44 53 61 64 71 78 82 101 108 117 
0 1 5 12 19 26 37 44 53 61 64 71 78 85 101 108 113 
0 1 5 12 19 26 37 44 53 64 71 78 85 91 101 108 113 
0 1 5 12 19 26 37 44 55 61 64 71 78 82 101 108 115 
0 1 5 12 19 26 37 46 51 61 64 71 78 85 101 106 115 
0 1 5 12 19 26 37 46 51 64 71 78 85 91 101 106 115 
0 1 5 12 19 26 37 46 53 61 64 71 78 82 101 106 117 
0 1 5 12 19 26 37 46 55 61 64 71 75 82 101 110 115 
0 1 5 12 19 26 37 46 55 61 64 71 78 82 101 106 115 
0 1 5 12 19 26 37 48 55 61 64 71 75 82 101 108 115 
0 1 5 12 19 26 39 44 51 61 64 71 78 85 99 108 115 
0 1 5 12 19 26 39 44 51 64 71 78 85 91 99 108 115 
0 1 5 12 19 26 39 44 55 61 64 71 78 82 99 108 115 
0 1 5 12 19 26 39 46 53 64 71 78 91 99 106 113 117 
0 1 5 12 19 26 39 46 53 64 71 82 91 99 106 110 117 
0 1 5 12 19 26 39 46 53 64 75 82 91 99 103 110 117 
0 1 5 12 19 26 39 46 55 61 64 71 78 82 99 106 115 
0 1 5 12 19 26 39 46 55 64 71 82 91 99 106 110 115 
0 1 5 12 19 26 39 46 55 64 75 82 91 99 103 110 115 
0 1 5 12 19 26 39 48 53 64 75 82 91 99 103 108 117 
0 1 5 12 19 26 39 48 55 64 75 82 91 99 103 108 115 
0 1 5 12 19 39 44 53 57 61 64 71 78 82 99 108 117 
0 1 5 12 19 39 46 53 57 61 64 71 75 82 99 110 117 
0 1 5 12 19 39 46 53 57 61 64 71 78 82 99 106 117 
0 1 5 12 19 39 46 55 61 64 75 82 99 103 110 115 119 
0 1 5 12 19 39 48 55 61 64 75 82 99 103 108 115 119 
0 1 5 12 21 26 39 46 53 64 71 80 91 99 106 110 117 
0 1 5 12 21 26 39 46 53 64 75 80 91 99 103 110 117 
0 1 5 12 21 26 39 46 55 64 71 80 91 99 106 110 115 
0 1 5 12 21 26 39 46 55 64 75 80 91 99 103 110 115 
0 1 5 12 21 26 39 48 53 64 75 80 91 99 103 108 117 
0 1 5 12 21 26 39 48 55 64 75 80 91 99 103 108 115 
0 1 5 12 21 37 46 55 61 64 71 75 80 84 101 110 119 
0 1 5 12 21 37 46 55 61 64 71 75 80 101 110 115 119 
0 1 5 12 21 37 46 55 61 64 71 80 84 101 106 110 119 
0 1 5 12 21 39 46 50 55 61 64 71 75 84 99 110 119 
0 1 5 12 21 39 46 50 55 61 64 71 84 99 106 110 119 
0 1 5 12 21 39 46 50 55 61 64 75 84 99 103 110 119 
0 1 5 12 21 39 46 50 57 61 64 71 75 84 99 110 117 
0 1 5 12 21 39 46 50 57 61 64 71 84 99 106 110 117 
0 1 5 12 21 39 46 50 57 61 64 75 84 99 103 110 117 
0 1 5 12 21 39 46 55 61 64 71 80 84 99 106 110 119 
0 1 5 12 21 39 46 55 61 64 71 80 99 106 110 115 119 
0 1 5 12 21 39 46 55 61 64 75 80 84 99 103 110 119 
0 1 5 12 21 39 46 57 61 64 71 80 84 99 106 110 117 
0 1 5 19 23 27 39 48 57 61 64 73 82 99 103 108 117 
0 1 5 19 26 27 39 46 53 64 73 82 91 99 103 110 117 
0 1 5 19 26 27 39 46 55 64 73 82 91 99 103 110 115 
0 1 5 19 26 27 39 48 53 64 73 82 91 99 103 108 117 
0 1 5 19 26 27 39 48 55 64 73 82 91 99 103 108 115 
0 1 5 21 26 27 39 46 53 64 73 80 91 99 103 110 117 
0 1 5 21 26 27 39 46 55 64 73 80 91 99 103 110 115 
0 1 5 21 26 27 39 48 53 64 73 80 91 99 103 108 117 
0 1 5 21 26 27 39 48 55 64 73 80 91 99 103 108 115 
0 1 5 21 27 39 43 48 55 61 64 77 84 99 103 112 119 
0 1 5 21 27 39 43 48 57 61 64 77 84 99 103 112 117 
0 1 5 21 27 39 43 50 55 61 64 77 84 99 103 110 119 
0 1 5 21 27 39 43 50 57 61 64 77 84 99 103 110 117 
0 1 5 21 27 39 46 55 61 64 73 80 84 99 103 110 119 
0 1 5 21 27 39 46 55 61 64 73 80 99 103 110 115 119 
0 1 5 21 27 39 48 55 61 64 73 77 84 99 103 112 119 
0 1 5 21 27 39 48 55 61 64 73 80 99 103 108 115 119 
0 1 5 21 27 39 48 57 61 64 73 77 84 99 103 112 117 
0 1 5 21 27 39 50 55 61 64 73 77 84 99 103 110 119 
0 1 5 21 27 39 50 57 61 64 73 77 84 99 103 110 117 
0 1 5 22 26 39 43 47 51 64 85 91 99 103 107 111 
0 1 5 23 27 39 43 48 55 61 64 77 82 99 103 112 119 
0 1 5 23 27 39 43 48 57 61 64 77 82 99 103 112 117 
0 1 5 23 27 39 43 50 55 61 64 77 82 99 103 110 119 
0 1 5 23 27 39 43 50 57 61 64 77 82 99 103 110 117 
0 1 5 23 27 39 48 55 61 64 73 77 82 99 103 112 119 
0 1 5 23 27 39 48 55 61 64 73 82 99 103 108 112 119 
0 1 5 23 27 39 48 57 61 64 73 77 82 99 103 112 117 
0 1 5 23 27 39 48 57 61 64 73 82 99 103 108 112 117 
0 1 5 23 27 39 50 57 61 64 73 77 82 99 103 110 117 
0 1 5 26 39 43 47 51 55 61 64 68 103 107 111 115 
0 1 5 26 39 43 47 51 55 61 64 99 103 107 111 115 
0 1 5 26 39 43 47 51 55 64 91 99 103 107 111 115 
0 1 5 39 43 47 51 55 61 64 99 103 107 111 115 119 
0 1 6 10 15 19 26 35 44 53 69 78 82 91 95 104 117 
0 1 6 10 17 26 35 44 51 55 69 73 80 91 95 108 115 
0 1 6 10 17 26 35 44 51 55 69 76 91 95 104 111 115 
0 1 6 10 19 26 27 35 48 53 69 73 82 91 95 108 117 
0 1 6 10 19 26 27 35 48 55 69 73 82 91 95 108 115 
0 1 6 10 19 26 35 44 48 53 69 73 82 91 95 108 117 
0 1 6 10 19 26 35 44 48 55 69 73 82 91 95 108 115 
0 1 6 10 19 26 35 44 48 55 69 82 91 95 104 108 115 
0 1 6 10 19 26 35 44 53 69 73 78 82 91 95 108 117 
0 1 6 10 19 26 35 44 53 69 78 82 91 95 104 108 117 
0 1 6 10 21 26 27 35 48 53 69 73 80 91 95 108 117 
0 1 6 10 21 26 27 35 48 55 69 73 80 91 95 108 115 
0 1 6 14 17 26 33 42 51 55 69 76 80 91 97 102 115 
0 1 6 14 17 26 35 42 51 55 69 76 80 91 95 102 115 
0 1 6 14 26 33 40 47 51 55 69 76 91 97 104 111 115 
0 1 6 14 26 35 40 47 51 55 69 76 91 95 104 111 115 
0 1 6 15 19 26 35 40 44 53 69 78 82 91 95 104 117 
0 1 6 15 19 26 35 40 53 69 74 78 82 91 95 104 117 
0 1 6 19 26 35 40 44 48 55 69 82 91 95 104 108 115 
0 1 6 19 26 35 40 44 53 69 78 82 91 95 104 108 117 
0 1 8 12 16 23 37 50 55 61 64 71 75 82 97 110 119 
0 1 8 12 17 21 37 46 55 61 64 71 80 97 106 115 119 
0 1 8 12 17 26 33 46 51 55 67 71 80 91 97 106 115 
0 1 8 17 21 35 42 46 55 61 64 71 80 99 106 115 119 
0 1 8 17 26 35 42 46 51 55 67 80 91 95 102 106 115 
0 1 10 17 21 35 39 46 55 61 64 73 80 99 106 115 119 
0 1 26 35 39 43 47 51 55 91 95 99 103 107 111 115 
0 3 7 12 16 21 32 41 50 55 61 66 75 84 101 110 119 
0 3 7 12 16 21 41 50 55 61 62 66 75 84 101 110 119 
0 3 7 12 21 26 28 41 46 55 62 66 75 80 101 110 115 
0 3 7 12 21 26 32 41 46 55 61 66 75 80 101 110 115 
0 3 7 12 21 32 41 46 50 55 61 66 75 84 101 110 119 
0 3 7 12 21 32 41 46 55 61 66 75 80 101 110 115 119 
0 3 7 12 21 41 46 50 55 61 62 66 75 84 101 110 119 
0 3 8 12 17 21 26 28 37 46 55 62 71 80 97 106 115 
