0 1 5 9 20 24 32 36 47 51 59 63 74 78 92 101 105 116 
0 1 5 9 20 24 32 36 47 51 59 63 74 78 101 105 110 120 
0 1 5 9 20 24 32 36 47 51 59 63 74 78 101 105 116 120 
0 1 5 9 20 24 32 36 47 51 59 63 74 78 101 106 110 120 
0 1 5 9 20 24 32 36 47 51 59 69 73 78 92 101 105 116 
0 1 5 9 20 24 32 36 47 51 59 69 74 78 92 101 105 116 
0 1 5 9 20 24 32 36 47 51 60 63 74 78 95 106 110 120 
0 1 5 9 20 24 32 36 47 51 60 63 74 78 101 106 110 120 
0 1 5 9 20 24 32 36 47 51 60 63 74 78 102 106 110 120 
0 1 5 9 20 24 32 36 47 51 60 63 74 78 102 106 117 120 
0 1 5 9 20 24 32 36 47 51 63 74 78 97 101 105 116 120 
0 1 5 9 20 24 32 36 47 51 63 74 78 97 101 106 110 120 
0 1 5 9 20 24 32 36 47 51 63 74 78 97 101 106 116 120 
0 1 5 9 20 24 32 36 47 51 69 73 78 92 97 101 112 116 
0 1 5 9 20 24 32 43 47 51 59 63 74 78 92 101 105 116 
0 1 5 9 20 24 32 43 47 51 59 63 74 78 101 105 110 120 
0 1 5 9 20 24 32 43 47 51 59 63 74 78 101 105 116 120 
0 1 5 9 20 24 32 43 47 51 59 63 74 78 101 106 110 120 
0 1 5 9 20 24 32 43 47 51 60 63 74 78 95 106 110 120 
0 1 5 9 20 24 32 43 47 51 60 63 74 78 101 106 110 120 
0 1 5 9 20 24 32 43 47 51 60 63 74 78 102 106 110 120 
0 1 5 9 20 24 32 43 47 51 60 63 74 78 102 106 117 120 
0 1 5 9 20 24 32 43 47 51 60 64 68 73 84 95 106 110 115 
0 1 5 9 20 24 32 43 47 51 60 64 68 73 84 95 106 111 115 
0 1 5 9 20 24 32 43 47 51 60 64 68 73 84 102 106 111 115 
0 1 5 9 20 24 32 43 47 51 60 64 69 73 84 91 102 106 111 
0 1 5 9 20 24 32 43 47 51 60 64 69 73 84 95 106 110 115 
0 1 5 9 20 24 32 43 47 51 60 64 69 73 84 95 106 111 115 
0 1 5 9 20 24 32 43 47 51 63 74 78 97 101 106 110 120 
0 1 5 9 20 24 32 43 47 51 63 74 78 97 101 106 116 120 
0 1 5 9 20 24 32 43 47 51 63 74 78 97 101 106 117 120 
0 1 5 9 20 24 32 43 47 51 63 74 78 97 101 112 116 120 
0 1 5 9 20 24 32 43 47 51 63 74 78 97 102 106 117 120 
0 1 5 9 20 25 32 43 47 51 60 63 74 78 102 106 110 120 
0 1 5 9 20 25 32 43 47 51 60 63 74 78 102 106 117 120 
0 1 5 9 20 25 32 43 47 51 60 64 68 73 84 102 106 111 115 
0 1 5 9 20 25 32 43 47 51 60 64 69 73 84 91 102 106 111 
0 1 5 9 20 25 32 43 47 51 60 64 69 73 84 91 102 107 111 
0 1 5 9 20 25 32 43 47 51 60 64 69 73 84 102 106 111 115 
0 1 5 9 20 25 32 43 47 51 60 64 69 80 84 91 102 106 111 
0 1 5 9 20 25 32 43 47 51 60 64 69 80 84 91 102 107 111 
0 1 5 9 20 25 32 43 47 51 60 65 69 80 84 91 102 106 111 
0 1 5 9 20 25 32 43 47 51 60 65 69 80 84 91 102 107 111 
0 1 5 10 20 25 32 36 47 51 60 63 74 78 102 106 110 120 
0 1 5 10 20 25 32 43 47 51 60 63 74 78 102 106 110 120 
0 1 5 10 20 25 32 43 47 51 60 64 68 73 84 102 106 111 115 
0 1 5 10 20 25 32 43 47 51 60 64 69 73 84 91 102 106 111 
0 1 5 10 20 25 32 43 47 51 60 64 69 73 84 91 102 107 111 
0 1 5 10 20 25 32 43 47 51 60 64 69 73 84 102 106 111 115 
0 1 5 10 20 25 32 43 47 51 60 64 69 80 84 91 102 106 111 
0 1 5 10 20 25 32 43 47 51 60 64 69 80 84 91 102 107 111 
0 1 5 10 20 25 32 43 47 51 60 65 69 80 84 91 102 106 111 
0 1 5 10 20 25 32 43 47 51 60 65 69 80 84 91 102 107 111 
0 1 5 10 20 32 36 47 51 59 69 73 78 92 93 101 111 116 
0 1 5 10 20 32 36 47 51 59 69 74 78 92 93 101 111 116 
0 1 5 10 20 32 43 47 51 59 69 73 78 92 93 101 111 116 
0 1 5 10 20 32 43 47 51 59 69 73 84 92 93 101 111 116 
0 1 5 10 20 32 43 47 51 59 69 74 78 92 93 101 111 116 
0 1 5 10 21 25 32 36 47 51 61 65 69 74 78 96 107 111 116 
0 1 5 10 21 25 32 36 47 51 61 65 69 74 78 96 107 112 116 
0 1 5 10 21 25 32 36 47 51 61 65 69 74 78 103 107 112 116 
0 1 5 10 21 25 32 36 47 51 61 69 73 78 92 96 107 111 116 
0 1 5 10 21 25 32 36 47 51 61 69 74 78 92 96 107 111 116 
0 1 5 10 21 25 32 43 47 51 60 64 68 73 84 102 106 111 115 
0 1 5 10 21 25 32 43 47 51 60 64 69 73 84 91 102 106 111 
0 1 5 10 21 25 32 43 47 51 60 64 69 73 84 91 102 107 111 
0 1 5 10 21 25 32 43 47 51 60 64 69 73 84 102 106 111 115 
0 1 5 10 21 25 32 43 47 51 60 64 69 80 84 91 102 106 111 
0 1 5 10 21 25 32 43 47 51 60 64 69 80 84 91 102 107 111 
0 1 5 10 21 25 32 43 47 51 60 65 69 80 84 91 102 106 111 
0 1 5 10 21 25 32 43 47 51 60 65 69 80 84 91 102 107 111 
0 1 5 10 21 25 32 43 47 51 61 64 68 73 84 96 107 111 115 
0 1 5 10 21 25 32 43 47 51 61 64 69 73 84 91 96 107 111 
0 1 5 10 21 25 32 43 47 51 61 64 69 73 84 91 102 107 111 
0 1 5 10 21 25 32 43 47 51 61 64 69 73 84 91 103 107 111 
0 1 5 10 21 25 32 43 47 51 61 64 69 80 84 91 96 107 111 
0 1 5 10 21 25 32 43 47 51 61 64 69 80 84 91 102 107 111 
0 1 5 10 21 25 32 43 47 51 61 64 69 80 84 91 103 107 111 
0 1 5 10 21 25 32 43 47 51 61 65 69 74 78 96 107 111 116 
0 1 5 10 21 25 32 43 47 51 61 65 69 74 78 96 107 112 116 
0 1 5 10 21 25 32 43 47 51 61 65 69 74 78 103 107 112 116 
0 1 5 10 21 25 32 43 47 51 61 65 69 80 84 89 103 107 112 
0 1 5 10 21 25 32 43 47 51 61 65 69 80 84 89 103 108 112 
0 1 5 10 21 25 32 43 47 51 61 65 69 80 84 91 96 107 111 
0 1 5 10 21 25 32 43 47 51 61 65 69 80 84 91 102 107 111 
0 1 5 10 21 25 32 43 47 51 61 65 69 80 84 91 103 107 111 
0 1 5 10 21 25 32 43 47 51 61 65 69 80 84 91 103 107 112 
0 1 5 10 21 25 32 43 47 51 61 65 69 80 84 91 103 107 118 
0 1 5 10 21 25 32 43 47 51 61 65 69 80 84 96 107 111 116 
0 1 5 10 21 25 32 43 47 51 61 65 69 80 84 96 107 112 116 
0 1 5 10 21 25 32 43 47 51 61 65 69 80 84 103 107 112 116 
0 1 5 10 21 25 32 43 47 51 61 69 73 78 92 96 107 111 116 
0 1 5 10 21 25 32 43 47 51 61 69 73 84 92 96 107 111 116 
0 1 5 10 21 25 32 43 47 51 64 69 80 84 91 98 102 107 111 
0 1 5 10 21 25 32 43 47 51 65 69 80 84 91 98 102 107 111 
0 1 5 10 21 25 32 43 47 51 65 69 80 84 91 98 102 107 118 
0 1 5 10 21 25 32 43 47 51 65 69 80 84 91 98 103 107 118 
0 1 5 10 21 26 32 36 47 51 61 65 69 74 78 103 107 112 116 
0 1 5 10 21 26 32 43 47 51 61 65 69 74 78 103 107 112 116 
0 1 5 10 21 26 32 43 47 51 61 65 69 80 84 89 103 107 112 
0 1 5 10 21 26 32 43 47 51 61 65 69 80 84 91 103 107 111 
0 1 5 10 21 26 32 43 47 51 61 65 69 80 84 91 103 107 112 
0 1 5 10 21 26 32 43 47 51 61 65 69 80 84 91 103 107 118 
0 1 5 10 21 26 32 43 47 51 61 65 69 80 84 103 107 112 116 
0 1 5 10 25 27 32 36 47 51 60 63 74 78 95 106 110 120 
0 1 5 10 25 27 32 36 47 51 60 63 74 78 102 106 110 120 
0 1 5 10 25 27 32 36 47 51 60 65 69 74 78 96 107 111 116 
0 1 5 10 25 27 32 36 47 51 60 65 69 74 78 96 107 112 116 
0 1 5 10 25 27 32 36 47 51 60 69 73 78 92 96 100 111 115 
0 1 5 10 25 27 32 36 47 51 60 69 73 78 92 96 100 111 116 
0 1 5 10 25 27 32 36 47 51 60 69 73 78 92 96 107 111 116 
0 1 5 10 25 27 32 36 47 51 61 65 69 74 78 96 107 111 116 
0 1 5 10 25 27 32 36 47 51 61 65 69 74 78 96 107 112 116 
0 1 5 10 25 27 32 36 47 51 61 69 73 78 92 96 107 111 116 
0 1 5 10 25 27 32 43 47 51 60 63 74 78 95 106 110 120 
0 1 5 10 25 27 32 43 47 51 60 63 74 78 102 106 117 120 
0 1 5 10 25 27 32 43 47 51 60 64 69 80 84 91 96 107 111 
0 1 5 10 25 27 32 43 47 51 60 64 69 80 84 91 102 106 111 
0 1 5 10 25 27 32 43 47 51 60 64 69 80 84 91 102 107 111 
0 1 5 10 25 27 32 43 47 51 60 65 69 80 84 91 96 107 111 
0 1 5 10 25 27 32 43 47 51 60 65 69 80 84 91 102 106 111 
0 1 5 10 25 27 32 43 47 51 60 65 69 80 84 91 102 107 111 
0 1 5 10 25 27 32 43 47 51 60 69 73 78 92 96 100 111 115 
0 1 5 10 25 27 32 43 47 51 60 69 73 78 92 96 100 111 116 
0 1 5 10 25 27 32 43 47 51 60 69 73 78 92 96 107 111 116 
0 1 5 10 25 27 32 43 47 51 61 64 69 80 84 91 96 107 111 
0 1 5 10 25 27 32 43 47 51 61 69 73 78 92 96 107 111 116 
0 1 5 16 20 24 36 39 47 57 70 74 79 97 102 106 117 120 
0 1 5 16 20 25 36 39 47 57 60 70 74 79 102 106 117 120 
0 1 5 16 20 25 36 39 47 57 70 74 79 97 102 106 117 120 
0 1 5 16 20 36 39 47 57 70 74 79 93 97 102 106 117 120 
0 1 5 16 21 25 30 38 43 47 64 69 80 84 91 98 102 107 111 
0 1 5 16 21 25 30 38 43 47 65 69 80 84 91 98 102 107 111 
0 1 5 16 21 25 30 38 43 47 65 69 80 84 91 98 102 107 118 
0 1 5 16 21 25 30 38 43 47 65 69 80 84 91 98 103 107 118 
0 1 5 16 21 25 30 39 43 47 64 69 80 84 91 98 102 107 111 
0 1 5 16 21 25 30 39 43 47 65 69 80 84 91 98 102 107 111 
0 1 6 10 21 25 30 32 43 47 60 64 69 73 84 91 102 107 111 
0 1 6 10 21 25 30 32 43 47 60 64 69 80 84 91 102 107 111 
0 1 6 10 21 25 30 32 43 47 60 65 69 80 84 91 102 107 111 
0 1 6 10 21 25 30 32 43 47 61 64 69 73 84 91 96 107 111 
0 1 6 10 21 25 30 32 43 47 61 64 69 73 84 91 102 107 111 
0 1 6 10 21 25 30 32 43 47 61 64 69 73 84 91 103 107 111 
0 1 6 10 21 25 30 32 43 47 61 64 69 73 84 96 107 111 115 
0 1 6 10 21 25 30 32 43 47 61 64 69 73 84 96 107 111 116 
0 1 6 10 21 25 30 32 43 47 61 64 69 80 84 91 102 107 111 
0 1 6 10 21 25 30 32 43 47 61 64 69 80 84 91 103 107 111 
0 1 6 10 21 25 30 32 43 47 61 65 69 73 84 96 107 111 116 
0 1 6 10 21 25 30 32 43 47 61 65 69 73 84 96 107 112 116 
0 1 6 10 21 25 30 32 43 47 61 65 69 73 84 103 107 112 116 
0 1 6 10 21 25 30 32 43 47 61 65 69 74 78 96 107 111 116 
0 1 6 10 21 25 30 32 43 47 61 65 69 74 78 96 107 112 116 
0 1 6 10 21 25 30 32 43 47 61 65 69 74 84 96 107 111 116 
0 1 6 10 21 25 30 32 43 47 61 65 69 74 84 96 107 112 116 
0 1 6 10 21 25 30 32 43 47 61 65 69 74 84 103 107 112 116 
0 1 6 10 21 25 30 32 43 47 61 65 69 80 84 91 96 107 111 
0 1 6 10 21 25 30 32 43 47 61 65 69 80 84 91 102 107 111 
0 1 6 10 21 25 30 32 43 47 61 65 69 80 84 91 103 107 111 
0 1 6 10 21 25 30 32 43 47 61 65 69 80 84 96 107 111 116 
0 1 6 10 21 25 30 32 43 47 61 65 69 80 84 96 107 112 116 
0 1 6 10 21 25 30 32 43 47 61 65 69 80 84 103 107 112 116 
0 1 6 10 21 25 30 32 43 47 61 69 73 78 92 96 107 111 116 
0 1 6 10 21 25 30 32 43 47 61 69 73 84 92 96 107 111 116 
0 1 6 10 21 25 30 32 43 47 61 69 74 78 92 96 107 111 116 
0 1 6 10 21 25 30 38 43 47 60 64 69 80 84 91 102 107 111 
0 1 6 10 21 25 30 38 43 47 60 65 69 80 84 91 102 107 111 
0 1 6 10 21 25 30 38 43 47 61 64 69 80 84 91 102 107 111 
0 1 6 10 21 25 30 38 43 47 61 64 69 80 84 91 103 107 111 
0 1 6 10 21 25 30 38 43 47 61 65 69 80 84 91 96 107 111 
0 1 6 10 21 25 30 38 43 47 61 65 69 80 84 91 103 107 111 
0 1 6 10 21 25 30 38 43 47 61 65 69 80 84 91 103 107 112 
0 1 6 10 21 25 30 38 43 47 61 65 69 80 84 91 103 107 118 
0 1 6 10 21 25 30 38 43 47 61 65 69 80 84 96 107 111 116 
0 1 6 10 21 25 30 38 43 47 61 65 69 80 84 96 107 112 116 
0 1 6 10 21 25 30 38 43 47 61 65 69 80 84 103 107 112 116 
0 1 6 10 21 25 30 39 43 47 60 64 69 80 84 91 102 107 111 
0 1 6 10 21 25 30 39 43 47 61 64 69 80 84 91 103 107 111 
0 1 6 10 21 25 30 39 43 47 61 65 69 80 84 89 103 107 112 
0 1 6 10 21 25 30 39 43 47 61 65 69 80 84 91 96 107 111 
0 1 6 10 21 25 30 39 43 47 61 65 69 80 84 91 103 107 111 
0 1 6 10 21 25 30 39 43 47 61 65 69 80 84 91 103 107 112 
0 1 6 10 21 25 30 39 43 47 61 65 69 80 84 91 103 107 118 
0 1 6 10 21 25 30 39 43 47 61 65 69 80 84 96 107 111 116 
0 1 6 10 21 25 30 39 43 47 61 65 69 80 84 96 107 112 116 
0 1 6 10 21 25 30 39 43 47 61 65 69 80 84 103 107 112 116 
0 1 6 10 21 25 30 39 43 47 65 69 80 84 91 98 103 107 118 
0 1 6 10 21 25 32 36 47 51 61 69 73 78 92 96 107 111 116 
0 1 6 10 21 25 32 43 47 51 60 64 69 73 84 91 102 107 111 
0 1 6 10 21 25 32 43 47 51 60 64 69 80 84 91 102 107 111 
0 1 6 10 21 25 32 43 47 51 61 64 69 73 84 91 102 107 111 
0 1 6 10 21 25 32 43 47 51 61 64 69 73 84 91 103 107 111 
0 1 6 10 21 25 32 43 47 51 61 64 69 80 84 91 102 107 111 
0 1 6 10 21 25 32 43 47 51 61 65 69 73 84 96 107 111 116 
0 1 6 10 21 25 32 43 47 51 61 69 73 84 92 96 107 111 116 
0 1 6 10 21 25 32 43 47 52 61 64 69 73 84 91 102 107 111 
