0 1 7 20 27 34 41 48 55 58 62 68 75 82 96 103 110 117 
0 1 7 20 27 34 41 48 55 58 62 69 75 82 96 103 110 117 
0 1 7 20 27 34 41 48 55 58 62 69 76 82 96 103 110 117 
0 1 7 20 27 34 41 48 55 58 68 75 82 89 95 102 109 116 
0 1 7 20 27 34 41 48 55 58 68 75 82 89 96 102 109 116 
0 1 7 20 27 34 41 48 55 58 68 75 82 89 96 103 109 116 
0 1 7 20 27 34 41 48 55 58 68 75 82 89 96 103 110 116 
0 1 7 20 27 34 41 48 55 58 68 75 82 89 96 103 110 117 
0 1 7 20 27 35 41 48 55 58 62 68 75 82 96 103 110 117 
0 1 7 20 27 35 41 48 55 58 62 69 75 82 96 103 110 117 
0 1 7 20 27 35 41 48 55 58 62 69 76 82 96 103 110 117 
0 1 7 20 27 35 41 48 55 58 62 69 76 83 96 103 110 117 
0 1 7 20 27 35 41 48 55 58 68 75 82 89 95 102 109 116 
0 1 7 20 27 35 41 48 55 58 68 75 82 89 96 102 109 116 
0 1 7 20 27 35 41 48 55 58 68 75 82 89 96 103 109 116 
0 1 7 20 27 35 41 48 55 58 68 75 82 89 96 103 110 117 
0 1 7 20 27 35 42 48 55 58 62 68 75 82 96 103 110 117 
0 1 7 20 27 35 42 48 55 58 62 69 75 82 96 103 110 117 
0 1 7 20 27 35 42 48 55 58 62 69 76 82 96 103 110 117 
0 1 7 20 27 35 42 48 55 58 62 69 76 83 96 103 110 117 
0 1 7 20 27 35 42 48 55 58 68 75 82 89 95 102 109 116 
0 1 7 20 27 35 42 48 55 58 68 75 82 89 96 102 109 116 
0 1 7 20 27 35 42 48 55 58 68 75 82 89 96 103 110 117 
0 1 7 20 27 35 42 49 55 58 62 68 75 82 96 103 110 117 
0 1 7 20 27 35 42 49 55 58 62 69 75 82 96 103 110 117 
0 1 7 20 27 35 42 49 55 58 68 75 82 89 95 102 109 116 
0 1 7 21 27 34 41 48 55 58 62 68 75 82 96 103 110 117 
0 1 7 21 27 34 41 48 55 58 62 69 75 82 96 103 110 117 
0 1 7 21 27 34 41 48 55 58 68 75 82 89 96 103 109 116 
0 1 7 21 27 34 41 48 55 58 68 75 82 89 96 103 110 116 
0 1 7 21 27 34 41 48 55 58 68 75 82 89 96 103 110 117 
0 1 7 21 27 34 41 48 55 59 62 68 75 82 96 103 110 117 
0 1 7 21 27 34 41 48 55 59 62 68 75 82 97 103 110 117 
0 1 7 21 27 34 41 48 55 59 62 68 75 82 97 104 110 117 
0 1 7 21 27 35 41 48 55 58 62 69 75 82 96 103 110 117 
0 1 7 21 27 35 41 48 55 58 62 69 76 82 96 103 110 117 
0 1 7 21 27 35 41 48 55 58 68 75 82 89 96 103 109 116 
0 1 7 21 27 35 41 48 55 58 68 75 82 89 96 103 110 116 
0 1 7 21 27 35 41 48 55 59 62 69 75 82 96 103 110 117 
0 1 7 21 27 35 41 48 55 59 68 75 82 89 97 104 110 117 
0 1 7 21 27 35 42 48 55 58 62 68 75 82 96 103 110 117 
0 1 7 21 27 35 42 48 55 58 62 69 76 83 96 103 110 117 
0 1 7 21 27 35 42 48 55 59 62 68 75 82 97 104 110 117 
0 1 7 21 27 35 42 48 55 59 62 68 75 82 97 104 111 117 
0 1 7 21 27 35 42 49 55 58 68 75 82 89 96 102 109 116 
0 1 7 21 27 35 42 49 55 59 62 68 75 82 97 104 111 117 
0 1 7 21 27 35 42 49 55 59 62 69 75 82 97 104 111 118 
