0 1 4 8 12 23 33 44 53 59 62 65 69 73 84 95 106 115 
0 1 4 8 12 23 33 44 53 59 64 69 73 84 95 106 110 115 
0 1 4 8 12 24 33 44 53 59 64 69 73 84 95 106 110 115 
0 1 4 8 12 24 33 44 53 59 64 69 73 84 95 106 111 115 
0 1 4 8 12 24 33 44 53 59 65 69 73 84 95 106 111 115 
0 1 4 8 12 24 33 44 53 59 69 73 78 84 95 106 111 115 
0 1 4 8 12 30 33 53 59 62 69 73 78 84 95 99 106 115 
0 1 4 8 12 30 33 53 59 69 73 78 84 95 99 106 110 115 
0 1 4 8 12 30 33 53 59 69 73 78 84 95 99 106 111 115 
0 1 4 8 12 33 44 53 59 62 69 73 78 84 95 99 106 115 
0 1 4 8 12 33 44 53 59 64 69 73 84 95 99 106 110 115 
0 1 4 8 12 33 44 53 59 69 73 78 84 95 99 106 110 115 
0 1 4 8 12 33 44 53 59 69 73 78 84 95 99 106 111 115 
0 1 4 8 12 33 53 57 59 62 69 73 78 84 95 99 106 115 
0 1 4 8 12 33 53 57 59 69 73 78 84 95 99 106 110 115 
0 1 4 8 12 33 53 57 59 69 73 78 84 95 99 106 111 115 
0 1 4 12 21 33 53 57 59 62 69 73 78 84 95 99 106 115 
0 1 6 9 17 26 30 38 47 67 74 78 83 92 95 100 104 111 
0 1 7 12 16 23 32 37 43 52 64 73 82 94 103 110 114 119 
0 1 7 12 16 23 32 37 43 52 64 73 82 94 103 110 115 119 
0 1 7 12 16 23 32 37 44 52 64 73 82 94 103 110 114 119 
0 1 7 12 16 23 32 37 44 52 64 73 82 94 103 110 115 119 
0 1 7 12 16 23 32 37 44 53 64 73 82 94 103 110 114 119 
0 1 7 12 16 23 32 37 44 53 64 73 82 94 103 110 115 119 
0 1 7 12 16 23 32 37 52 57 64 73 82 94 103 110 114 119 
0 1 7 12 16 23 32 37 52 57 64 73 82 94 103 110 115 119 
0 1 7 12 16 23 32 37 52 57 73 77 82 94 103 110 114 119 
0 1 7 12 16 23 32 37 53 57 64 73 82 94 103 110 114 119 
0 1 7 12 16 23 32 37 53 57 64 73 82 94 103 110 115 119 
0 1 7 12 16 23 32 37 53 57 73 77 82 94 103 110 114 119 
0 1 7 12 16 23 33 37 44 52 64 73 82 94 103 110 114 119 
0 1 7 12 16 23 33 37 44 52 64 73 82 94 103 110 115 119 
0 1 7 12 16 23 33 37 44 53 64 73 82 94 103 110 114 119 
0 1 7 12 16 23 33 37 44 53 64 73 82 94 103 110 115 119 
0 1 7 12 16 32 37 52 57 64 73 82 94 99 103 110 115 119 
0 1 7 12 16 32 37 52 57 66 73 77 82 94 99 103 110 119 
0 1 7 12 16 32 37 52 57 73 77 82 94 98 103 110 114 119 
0 1 7 12 16 32 37 52 57 73 77 82 94 99 103 110 114 119 
0 1 7 12 16 32 37 52 57 73 77 82 94 99 103 110 115 119 
0 1 7 12 16 32 37 52 57 73 78 82 94 99 103 110 115 119 
0 1 7 12 16 32 37 53 57 64 73 82 94 99 103 110 115 119 
0 1 7 12 16 32 37 53 57 73 77 82 94 98 103 110 114 119 
0 1 7 12 16 32 37 53 57 73 77 82 94 99 103 110 114 119 
0 1 7 12 16 32 37 53 57 73 77 82 94 99 103 110 115 119 
0 1 7 12 16 33 37 52 57 73 78 82 94 99 103 110 115 119 
0 1 7 12 16 37 46 52 57 66 73 77 82 94 99 103 110 119 
0 1 7 12 16 37 46 52 57 66 73 78 82 94 99 103 110 119 
0 1 7 12 16 37 46 52 57 73 78 82 94 99 103 110 115 119 
0 1 7 12 17 23 32 37 43 53 59 64 73 82 94 110 115 119 
0 1 7 12 17 23 32 37 43 53 64 73 82 94 103 110 114 119 
0 1 7 12 17 23 32 37 43 53 64 73 82 94 103 110 115 119 
0 1 7 12 17 23 32 37 43 53 64 73 82 94 104 110 115 119 
0 1 7 12 17 23 32 37 44 53 64 73 82 94 103 110 114 119 
0 1 7 12 17 23 32 37 44 53 64 73 82 94 103 110 115 119 
0 1 7 12 17 23 32 37 53 57 59 64 73 82 94 110 115 119 
0 1 7 12 17 23 33 37 44 53 64 73 82 94 103 110 114 119 
0 1 7 12 17 32 37 53 57 59 64 73 82 94 99 110 115 119 
0 1 7 12 17 32 37 53 57 59 73 77 82 94 99 110 115 119 
0 1 7 12 17 32 37 53 57 59 73 78 82 94 99 110 115 119 
0 1 7 12 17 32 37 53 57 64 73 82 94 99 104 110 115 119 
0 1 7 12 17 32 37 53 57 73 77 82 94 99 104 110 115 119 
0 1 7 12 17 32 37 53 57 73 78 82 94 99 104 110 115 119 
0 1 7 12 17 33 37 53 57 59 69 73 78 94 99 110 115 119 
0 1 7 12 17 33 37 53 57 59 73 78 82 94 99 110 115 119 
0 1 7 12 17 37 46 53 57 59 73 78 82 94 99 110 115 119 
0 1 7 12 18 23 32 39 43 50 61 64 70 81 103 110 114 120 
0 1 7 12 18 23 32 39 43 50 61 64 70 82 103 110 114 120 
0 1 7 12 18 23 32 39 43 50 61 64 70 82 103 110 115 120 
0 1 7 12 18 23 32 39 43 50 61 64 71 82 91 103 110 114 
0 1 7 12 18 23 32 39 43 50 61 64 71 82 91 103 110 115 
0 1 7 12 18 23 32 39 43 50 61 64 71 82 103 110 114 120 
0 1 7 12 18 23 32 39 43 50 61 64 71 82 103 110 115 120 
0 1 7 12 18 23 32 39 44 50 61 64 70 82 103 110 114 120 
0 1 7 12 18 23 32 39 44 50 61 64 70 82 103 110 115 120 
0 1 7 12 18 23 32 39 44 50 61 64 71 82 91 103 110 114 
0 1 7 12 18 23 32 39 44 50 61 64 71 82 91 103 110 115 
0 1 7 12 18 23 32 39 44 50 61 64 71 82 103 110 114 120 
0 1 7 12 18 23 32 39 44 50 61 64 71 82 103 110 115 120 
0 1 7 12 18 23 32 39 50 57 61 64 70 81 103 110 114 120 
0 1 7 12 18 23 32 39 50 57 61 64 70 82 103 110 114 120 
0 1 7 12 18 23 32 39 50 57 61 64 70 82 103 110 115 120 
0 1 7 12 18 23 32 39 50 57 61 64 71 82 91 103 110 114 
0 1 7 12 18 23 32 39 50 57 61 64 71 82 91 103 110 115 
0 1 7 12 18 23 32 39 50 57 61 64 71 82 103 110 114 120 
0 1 7 12 18 23 32 39 50 57 61 64 71 82 103 110 115 120 
0 1 7 12 18 23 33 39 44 50 61 64 71 82 91 103 110 114 
0 1 7 12 18 23 33 39 44 50 61 64 71 82 91 103 110 115 
0 1 7 12 18 23 33 39 44 50 61 64 71 82 103 110 115 120 
0 1 7 12 18 32 39 50 57 61 64 70 82 99 103 110 115 120 
0 1 7 12 18 32 39 50 57 61 64 71 82 91 99 103 110 115 
0 1 7 12 18 32 39 50 57 61 64 71 82 99 103 110 115 120 
0 1 7 12 18 32 39 50 57 61 66 70 77 82 99 103 110 120 
0 1 7 12 18 32 39 50 57 61 66 71 77 82 91 99 103 110 
0 1 7 12 18 32 39 50 57 61 66 71 77 82 99 103 110 120 
0 1 7 12 18 32 39 50 57 61 70 77 82 99 103 110 115 120 
0 1 7 12 18 32 39 50 57 61 70 78 82 99 103 110 115 120 
0 1 7 12 18 32 39 50 57 61 71 77 82 91 99 103 110 115 
0 1 7 12 18 32 39 50 57 61 71 77 82 99 103 110 115 120 
0 1 7 12 18 32 39 50 57 61 71 78 82 91 99 103 110 115 
0 1 7 12 18 32 39 50 57 61 71 78 82 99 103 110 115 120 
0 1 7 12 18 33 39 50 57 61 71 78 82 91 99 103 110 115 
0 1 7 12 18 33 39 50 57 61 71 78 82 99 103 110 115 120 
0 1 7 12 18 39 46 50 57 61 66 70 77 82 99 103 110 120 
0 1 7 12 18 39 46 50 57 61 66 70 78 82 99 103 110 120 
0 1 7 12 18 39 46 50 57 61 66 71 77 82 99 103 110 120 
0 1 7 12 18 39 46 50 57 61 66 71 78 82 91 99 103 110 
0 1 7 12 18 39 46 50 57 61 66 71 78 82 99 103 110 120 
0 1 7 12 18 39 46 50 57 61 70 78 82 99 103 110 115 120 
0 1 7 12 18 39 46 50 57 61 71 78 82 91 99 103 110 115 
0 1 7 12 18 39 46 50 57 61 71 78 82 99 103 110 115 120 
0 1 7 12 19 23 32 39 43 50 61 64 70 81 103 110 114 120 
0 1 7 12 19 23 32 39 43 50 61 64 70 82 103 110 114 120 
0 1 7 12 19 23 32 39 43 50 61 64 71 82 91 103 110 114 
0 1 7 12 19 23 32 39 43 50 61 64 71 82 91 103 110 115 
0 1 7 12 19 23 32 39 43 50 61 64 71 82 91 104 110 115 
0 1 7 12 19 23 32 39 43 50 61 64 71 82 103 110 114 120 
0 1 7 12 19 23 32 39 43 50 61 64 71 82 103 110 115 120 
0 1 7 12 19 23 32 39 43 51 61 64 71 82 91 103 110 114 
0 1 7 12 19 23 32 39 43 51 61 64 71 82 91 103 110 115 
0 1 7 12 19 23 32 39 43 51 61 64 71 82 91 104 110 115 
0 1 7 12 19 23 32 39 43 51 61 64 71 82 103 110 114 120 
0 1 7 12 19 23 32 39 43 51 61 64 71 82 103 110 115 120 
0 1 7 12 19 23 32 39 44 50 61 64 70 82 103 110 114 120 
0 1 7 12 19 23 32 39 44 50 61 64 71 82 91 103 110 114 
0 1 7 12 19 23 32 39 44 50 61 64 71 82 91 103 110 115 
0 1 7 12 19 23 32 39 44 50 61 64 71 82 103 110 115 120 
0 1 7 12 19 23 32 39 44 51 61 64 70 82 103 110 114 120 
0 1 7 12 19 23 32 39 44 51 61 64 71 82 91 103 110 114 
0 1 7 12 19 23 32 39 44 51 61 64 71 82 91 103 110 115 
0 1 7 12 19 23 32 39 44 51 61 64 71 82 91 104 110 115 
0 1 7 12 19 23 32 39 44 51 61 64 71 82 103 110 114 120 
0 1 7 12 19 23 32 39 44 51 61 64 71 82 103 110 115 120 
0 1 7 12 19 23 32 39 50 57 61 64 70 81 103 110 114 120 
0 1 7 12 19 23 32 39 50 57 61 64 70 82 103 110 114 120 
0 1 7 12 19 23 32 39 50 57 61 64 71 82 91 103 110 114 
0 1 7 12 19 23 32 39 50 57 61 64 71 82 91 103 110 115 
0 1 7 12 19 23 32 39 50 57 61 64 71 82 91 104 110 115 
0 1 7 12 19 23 32 39 50 57 61 64 71 82 103 110 114 120 
0 1 7 12 19 23 32 39 50 57 61 64 71 82 103 110 115 120 
0 1 7 12 19 23 32 39 50 57 61 70 77 81 103 110 114 120 
0 1 7 12 19 23 32 39 50 57 61 70 77 82 103 110 114 120 
0 1 7 12 19 23 32 39 50 57 61 71 77 82 91 103 110 114 
0 1 7 12 19 23 32 39 50 57 61 71 77 82 103 110 114 120 
0 1 7 12 19 23 32 39 51 57 61 64 71 82 91 104 110 115 
0 1 7 12 19 23 33 39 44 51 61 64 71 82 91 103 110 114 
0 1 7 12 19 23 33 39 44 51 61 64 71 82 91 103 110 115 
0 1 7 12 19 23 33 39 44 51 61 64 71 82 91 104 110 115 
0 1 7 12 19 23 33 39 44 51 61 64 71 82 103 110 114 120 
0 1 7 12 19 23 33 39 44 51 61 64 71 82 103 110 115 120 
0 1 7 12 19 23 33 39 44 51 61 64 71 82 104 110 115 120 
0 1 7 12 19 32 39 50 57 61 64 71 82 91 99 103 110 115 
0 1 7 12 19 32 39 50 57 61 64 71 82 91 99 104 110 115 
0 1 7 12 19 32 39 50 57 61 70 77 81 99 103 110 114 120 
0 1 7 12 19 32 39 50 57 61 70 77 82 99 103 110 114 120 
0 1 7 12 19 32 39 50 57 61 71 78 82 91 99 104 110 115 
0 1 7 12 19 32 39 50 57 61 71 78 82 91 99 104 111 115 
0 1 7 12 19 32 39 51 57 61 64 71 82 91 99 104 110 115 
0 1 7 12 19 39 46 50 57 61 71 78 82 91 99 104 111 115 
0 1 7 17 25 37 46 53 57 59 67 73 78 82 94 99 110 119 
0 1 7 17 26 37 46 53 57 66 73 78 82 99 104 108 111 119 
0 1 7 17 26 37 46 53 57 73 78 82 99 104 108 111 115 119 
0 1 7 18 26 39 46 50 57 61 66 71 78 82 99 110 117 120 
0 1 7 19 26 39 46 50 57 61 66 71 78 82 99 110 117 120 
0 1 7 19 26 39 46 50 57 61 67 71 78 82 91 99 104 111 
0 1 7 19 26 39 46 50 57 61 71 78 82 91 99 104 111 115 
0 1 8 12 16 23 32 37 44 53 64 73 82 94 103 110 114 119 
0 1 8 12 16 23 32 37 44 53 64 73 82 94 103 110 115 119 
0 1 8 12 16 23 33 37 44 53 64 73 82 94 103 110 114 119 
0 1 8 12 16 24 32 37 44 53 64 73 82 94 103 110 115 119 
0 1 8 12 16 24 33 37 44 53 64 73 82 94 103 110 115 119 
0 1 8 12 16 30 33 37 53 73 78 82 94 99 103 110 115 119 
0 1 8 12 16 32 37 44 53 64 73 82 94 99 103 110 115 119 
0 1 8 12 16 32 37 53 57 64 73 82 94 99 103 110 115 119 
0 1 8 12 16 32 37 53 57 66 73 77 82 94 99 103 110 119 
0 1 8 12 16 32 37 53 57 73 77 82 94 99 103 110 114 119 
0 1 8 12 16 32 37 53 57 73 77 82 94 99 103 110 115 119 
0 1 8 12 16 32 37 53 57 73 78 82 94 99 103 110 115 119 
0 1 8 12 16 33 37 44 53 64 73 82 94 99 103 110 115 119 
0 1 8 12 16 33 37 44 53 73 78 82 94 99 103 110 115 119 
0 1 8 12 16 33 37 53 57 73 78 82 94 99 103 110 115 119 
0 1 8 12 16 37 46 53 57 66 73 77 82 94 99 103 110 119 
0 1 8 12 16 37 46 53 57 66 73 78 82 94 99 103 110 119 
0 1 8 12 16 37 46 53 57 73 78 82 94 99 103 110 115 119 
0 1 8 12 17 24 32 37 44 53 59 64 73 82 95 110 115 119 
0 1 8 12 17 24 32 37 44 53 64 71 74 82 94 97 104 115 
0 1 8 12 17 24 32 37 44 53 64 73 82 94 103 110 115 119 
0 1 8 12 17 24 32 37 44 53 64 73 82 95 103 110 115 119 
0 1 8 12 17 24 33 37 44 53 59 64 69 73 95 106 110 115 
0 1 8 12 17 24 33 37 44 53 59 64 69 73 95 106 111 115 
0 1 8 12 17 24 33 37 44 53 59 64 69 73 95 110 115 119 
0 1 8 12 17 24 33 37 44 53 59 64 73 82 95 110 115 119 
0 1 8 12 17 24 33 37 44 53 59 65 69 73 95 106 111 115 
0 1 8 12 17 24 33 37 44 53 59 65 69 73 95 111 115 119 
0 1 8 12 17 24 33 37 44 53 59 65 69 74 92 95 111 115 
0 1 8 12 17 24 33 37 44 53 59 65 73 82 95 111 115 119 
0 1 8 12 17 24 33 37 44 53 59 69 73 78 92 95 111 115 
0 1 8 12 17 24 33 37 44 53 59 69 73 78 95 106 111 115 
0 1 8 12 17 24 33 37 44 53 59 69 73 78 95 111 115 119 
0 1 8 12 17 24 33 37 44 53 59 69 74 78 92 95 111 115 
0 1 8 12 17 24 33 37 44 53 59 73 78 82 95 111 115 119 
0 1 8 12 17 24 33 37 44 53 64 71 74 82 94 97 104 115 
0 1 8 12 17 24 33 37 44 53 69 73 78 92 95 104 111 115 
0 1 8 12 17 24 33 37 44 53 69 74 78 92 95 104 111 115 
0 1 8 12 17 30 33 37 53 59 62 69 73 78 92 95 99 115 
0 1 8 12 17 30 33 37 53 59 62 69 73 78 95 99 106 115 
0 1 8 12 17 30 33 37 53 59 62 69 73 78 95 99 115 119 
0 1 8 12 17 30 33 37 53 59 62 73 78 82 95 99 115 119 
0 1 8 12 17 30 33 37 53 59 69 73 78 92 95 99 110 115 
0 1 8 12 17 30 33 37 53 59 69 73 78 92 95 99 111 115 
0 1 8 12 17 30 33 37 53 59 69 73 78 94 99 110 115 119 
0 1 8 12 17 30 33 37 53 59 69 73 78 95 99 106 110 115 
0 1 8 12 17 30 33 37 53 59 69 73 78 95 99 106 111 115 
0 1 8 12 17 30 33 37 53 59 69 73 78 95 99 110 115 119 
0 1 8 12 17 30 33 37 53 59 69 73 78 95 99 111 115 119 
0 1 8 12 17 30 33 37 53 59 69 74 78 92 95 99 111 115 
0 1 8 12 17 30 33 37 53 59 73 78 82 94 99 110 115 119 
0 1 8 12 17 30 33 37 53 59 73 78 82 95 99 110 115 119 
0 1 8 12 17 30 33 37 53 59 73 78 82 95 99 111 115 119 
0 1 8 12 17 30 33 37 53 62 69 73 78 92 95 99 104 115 
0 1 8 12 17 30 33 37 53 62 73 78 82 92 95 99 104 115 
0 1 8 12 17 30 33 37 53 62 73 78 82 95 99 103 115 119 
0 1 8 12 17 30 33 37 53 62 73 78 82 95 99 104 115 119 
0 1 8 12 17 30 33 37 53 73 78 82 92 95 99 104 111 115 
0 1 8 12 17 30 33 37 53 73 78 82 94 99 103 110 115 119 
0 1 8 12 17 30 33 37 53 73 78 82 95 99 103 111 115 119 
0 1 8 12 17 32 37 53 57 59 64 73 82 94 99 110 115 119 
0 1 8 12 17 32 37 53 57 59 64 73 82 95 99 110 115 119 
0 1 8 12 17 32 37 53 57 59 73 77 82 94 99 110 115 119 
0 1 8 12 17 32 37 53 57 59 73 77 82 95 99 110 115 119 
0 1 8 12 17 32 37 53 57 73 77 82 94 99 103 110 115 119 
0 1 8 12 17 33 37 44 53 59 62 69 73 78 95 99 106 115 
0 1 8 12 17 33 37 44 53 59 62 69 73 78 95 99 115 119 
0 1 8 12 17 33 37 44 53 59 64 69 73 95 99 106 110 115 
0 1 8 12 17 33 37 44 53 59 69 73 78 92 95 99 110 115 
0 1 8 12 17 33 37 44 53 59 69 73 78 92 95 99 111 115 
0 1 8 12 17 33 37 44 53 59 69 73 78 94 99 110 115 119 
0 1 8 12 17 33 37 44 53 59 69 73 78 95 99 111 115 119 
0 1 8 12 17 33 37 53 57 59 62 69 73 78 95 99 115 119 
0 1 8 12 17 33 37 53 57 59 62 73 78 82 95 99 115 119 
0 1 8 12 17 33 37 53 57 59 69 73 78 92 95 99 110 115 
0 1 8 12 17 33 37 53 57 59 69 73 78 92 95 99 111 115 
0 1 8 12 17 33 37 53 57 59 69 73 78 94 99 110 115 119 
0 1 8 12 17 33 37 53 57 59 69 73 78 95 99 106 111 115 
0 1 8 12 17 33 37 53 57 59 69 73 78 95 99 110 115 119 
0 1 8 12 17 33 37 53 57 59 69 73 78 95 99 111 115 119 
0 1 8 12 17 33 37 53 57 59 69 74 78 92 95 99 111 115 
0 1 8 12 17 33 37 53 57 59 73 78 82 94 99 110 115 119 
0 1 8 12 17 33 37 53 57 59 73 78 82 95 99 110 115 119 
0 1 8 12 17 33 37 53 57 59 73 78 82 95 99 111 115 119 
0 1 8 12 17 33 37 53 57 62 69 73 78 92 95 99 104 115 
0 1 8 12 17 33 37 53 57 73 78 82 95 99 103 111 115 119 
0 1 8 12 19 23 32 39 44 51 61 64 71 82 91 103 110 114 
0 1 8 12 19 23 32 39 44 51 61 64 71 82 91 103 110 115 
0 1 8 12 19 23 32 39 44 51 61 64 71 82 103 110 114 120 
0 1 8 12 19 23 32 40 44 51 61 64 71 82 91 103 110 114 
0 1 8 12 19 23 32 40 44 51 61 64 71 82 103 110 114 120 
0 1 8 12 19 23 33 40 44 51 61 64 71 82 103 110 114 120 
0 1 8 12 19 24 32 39 44 51 64 71 82 91 93 97 104 115 
0 1 8 12 19 24 32 40 44 51 64 71 82 91 93 97 104 115 
0 1 8 12 19 24 33 40 44 51 64 71 82 91 93 97 104 115 
0 1 8 14 17 24 32 37 44 53 64 71 74 82 94 97 104 115 
0 1 12 17 21 33 37 53 57 59 69 73 78 94 99 110 115 119 
0 2 7 11 23 32 43 47 52 58 64 68 73 84 94 105 110 114 
0 2 7 11 23 32 43 48 52 58 64 68 73 84 94 105 110 114 
0 2 7 12 23 32 43 48 52 58 64 68 73 84 94 105 110 114 
0 2 7 12 23 32 44 48 52 58 64 68 73 84 94 105 110 114 
0 3 7 11 23 32 39 43 48 58 64 68 73 84 94 105 110 114 
0 3 7 11 23 32 43 48 52 58 64 68 73 84 94 105 110 114 
0 3 7 12 23 32 43 48 52 58 64 68 73 84 94 105 110 114 
0 3 7 12 23 32 43 48 52 59 64 68 73 84 94 105 110 114 
0 3 7 12 23 32 43 48 52 59 64 68 73 84 94 105 110 115 
0 3 7 12 23 32 43 48 52 59 64 68 73 84 94 106 110 114 
0 3 7 12 23 32 43 48 52 59 64 68 73 84 94 106 110 115 
0 3 7 12 23 32 43 48 53 59 64 68 73 84 94 105 110 115 
0 3 7 12 23 32 43 48 53 59 64 68 73 84 94 106 110 114 
0 3 7 12 23 32 44 48 52 59 64 68 73 84 94 106 110 114 
