0 1 4 17 27 38 48 53 58 61 64 69 74 79 84 101 106 116 
0 1 4 17 38 43 48 53 58 61 64 69 74 79 84 101 106 116 
0 1 4 38 43 48 53 58 61 64 69 74 79 84 101 106 111 116 
0 1 5 9 14 22 26 32 45 49 53 61 64 68 72 85 105 109 113 
0 1 5 11 15 26 38 42 48 52 61 64 74 78 85 91 98 102 112 116 
0 2 6 10 18 22 26 27 29 65 69 73 77 81 85 89 
0 2 7 12 17 22 30 33 38 43 48 53 58 64 69 74 79 84 
0 2 7 12 17 22 30 33 38 43 48 53 58 64 69 74 79 114 
0 2 7 12 17 22 30 33 38 43 48 53 58 64 69 74 84 109 
0 2 7 12 17 22 30 33 38 43 48 53 58 64 69 74 109 114 
0 2 7 12 17 22 30 33 38 43 48 53 58 64 69 79 84 104 
0 2 7 12 17 22 30 33 38 43 48 53 58 64 69 79 104 114 
0 2 7 12 17 22 30 33 38 43 48 53 58 64 69 84 104 109 
0 2 7 12 17 22 30 33 38 43 48 53 58 64 74 79 84 99 
0 2 7 12 17 22 30 33 38 43 48 53 58 64 74 79 99 114 
0 2 7 12 17 22 30 33 38 43 48 53 58 64 74 84 99 109 
0 2 7 12 17 22 30 33 38 43 53 58 64 74 77 99 109 114 
0 2 7 12 17 22 30 33 38 43 53 58 64 77 99 104 109 114 
0 2 7 12 17 22 30 33 38 43 53 58 74 77 94 99 109 114 
0 2 7 12 17 22 30 33 38 48 53 58 69 72 94 104 109 114 
0 2 7 12 17 22 30 33 43 48 53 58 64 67 79 99 104 114 
0 3 9 15 21 30 34 40 46 52 59 64 70 76 82 92 96 102 108 114 
