0 2 5 12 16 26 33 38 42 52 66 75 80 85 93 97 102 107 116 
0 2 6 11 16 20 25 30 32 37 61 65 70 74 79 84 91 101 113 
0 2 6 11 16 20 25 30 32 37 61 65 70 74 79 84 101 106 113 
0 2 6 11 16 20 25 30 32 37 61 65 70 75 79 84 101 106 113 
0 2 6 11 16 20 25 30 32 37 61 65 70 79 84 92 101 106 113 
0 2 6 11 16 20 25 30 32 37 65 70 74 79 84 91 101 108 113 
0 2 6 11 16 20 25 30 32 39 53 61 65 70 74 79 91 101 113 
0 2 6 11 16 20 25 30 32 39 53 65 70 74 79 91 101 108 113 
0 2 6 11 16 20 25 30 32 53 61 65 70 74 79 84 91 101 113 
0 2 6 11 16 20 25 30 32 53 61 65 70 74 79 84 101 106 113 
0 2 6 11 16 20 25 30 32 53 61 65 70 75 79 84 101 106 113 
0 2 6 11 16 20 25 30 32 53 61 65 70 75 79 84 106 113 118 
0 2 6 11 16 20 25 30 32 53 65 70 74 79 84 91 101 108 113 
0 2 6 11 16 20 25 32 37 42 61 65 70 74 79 84 91 101 113 
0 2 6 11 16 20 25 32 37 42 61 65 70 74 79 84 101 106 113 
0 2 6 11 16 20 25 32 37 42 61 65 70 79 84 92 101 106 113 
0 2 6 11 16 20 25 32 42 53 61 65 70 74 79 84 91 101 113 
0 2 6 11 16 20 25 32 42 53 61 65 70 74 79 84 101 106 113 
0 2 6 11 16 20 25 32 42 53 61 65 70 75 79 84 101 106 113 
0 2 6 11 16 25 30 37 49 61 65 70 75 79 84 89 99 113 118 
0 2 6 11 16 25 30 37 49 61 65 70 75 79 84 91 99 113 118 
0 2 6 11 16 25 30 37 49 61 65 70 75 79 84 99 106 113 118 
0 2 6 11 16 25 30 37 49 65 70 75 79 84 91 99 108 113 118 
0 2 6 16 20 25 29 32 36 40 55 60 66 70 74 78 101 105 109 113 
0 2 7 11 16 21 25 30 32 37 61 65 70 75 79 84 97 106 118 
0 2 7 11 16 21 25 30 32 37 61 65 70 75 79 84 106 113 118 
0 2 7 11 16 21 25 30 32 37 61 70 75 79 84 97 106 111 118 
0 2 7 11 16 21 25 30 37 49 61 65 70 75 79 84 97 106 118 
0 2 7 11 16 21 25 30 37 49 61 65 70 75 79 84 106 113 118 
0 2 7 11 16 21 25 30 37 49 61 70 75 79 84 89 97 111 118 
0 2 7 11 16 21 25 30 37 49 61 70 75 79 84 97 106 111 118 
0 2 7 11 16 21 25 37 42 49 61 65 70 75 79 84 106 113 118 
0 2 7 11 16 21 25 37 42 49 61 70 75 79 84 89 97 111 118 
0 2 7 11 16 21 25 37 42 49 61 70 75 79 84 97 106 111 118 
0 2 7 11 16 21 25 37 42 49 61 70 75 80 84 89 97 111 118 
0 2 7 11 16 21 26 30 37 49 61 70 75 79 84 89 97 111 118 
0 2 7 11 16 21 26 37 42 49 61 70 75 79 84 89 97 111 118 
0 2 7 11 16 21 30 37 49 61 70 75 79 84 89 97 104 111 118 
0 2 7 11 16 21 35 42 49 54 61 65 70 75 84 89 97 104 118 
0 2 7 11 16 21 37 42 49 61 70 75 80 84 89 97 104 111 118 
0 2 9 17 24 34 42 49 56 67 74 81 91 93 100 107 115 
0 2 9 17 24 35 42 49 56 67 74 81 91 93 100 107 115 
0 2 10 17 24 35 42 49 56 67 74 81 91 93 100 107 115 
