0 1 4 8 20 25 32 35 40 57 65 72 77 89 94 99 106 111 
0 1 4 8 20 25 32 35 40 57 65 72 77 91 94 99 106 110 
0 1 4 8 20 25 32 35 40 57 65 72 77 91 94 99 106 111 
0 1 5 9 14 26 32 45 49 61 64 68 72 85 96 109 113 
0 1 5 9 14 26 32 45 49 61 64 68 72 85 105 109 113 
0 1 5 9 14 26 32 45 49 61 64 68 81 85 105 109 113 
0 1 5 9 14 26 32 45 49 61 68 72 85 96 109 113 117 
0 1 5 9 14 26 41 45 49 61 64 68 72 85 96 109 113 
0 1 5 9 22 26 32 45 49 61 64 68 72 85 105 109 113 
0 1 5 9 22 26 32 45 49 61 68 72 85 91 105 109 117 
0 1 8 12 24 33 40 45 57 60 65 70 77 82 92 98 103 115 
0 1 8 12 24 33 40 45 57 60 65 70 77 82 98 103 110 115 
0 1 8 12 24 33 40 45 57 60 65 72 77 91 98 103 110 115 
0 1 8 12 24 33 40 45 57 60 65 77 82 91 98 103 110 115 
0 1 8 12 24 33 45 50 57 60 65 70 77 82 92 98 103 115 
0 1 8 12 24 33 45 50 57 60 65 70 77 82 98 103 110 115 
0 1 8 12 24 33 45 50 57 60 65 77 82 91 98 103 110 115 
0 1 8 14 20 24 33 45 50 57 65 70 77 82 98 103 110 115 
0 1 8 14 20 24 33 45 50 57 65 77 82 91 98 103 110 115 
0 1 8 14 20 25 33 40 45 57 65 70 77 82 92 99 103 115 
0 1 8 14 20 25 33 40 45 57 65 70 77 82 94 99 111 115 
0 1 8 14 20 25 33 40 45 57 65 70 77 82 98 103 110 115 
0 1 8 14 20 25 33 40 45 57 65 70 77 82 99 103 111 115 
0 1 8 14 20 25 33 40 45 57 65 70 77 82 99 104 111 116 
0 1 8 14 20 25 33 40 45 57 65 72 77 91 94 99 106 110 
0 1 8 14 20 25 33 40 45 57 65 72 77 91 94 99 106 111 
0 1 8 14 20 25 33 40 45 57 65 72 77 91 94 99 110 115 
0 1 8 14 20 25 33 40 45 57 65 72 77 91 99 103 106 110 
0 1 8 14 20 25 33 40 45 57 65 73 77 89 94 99 106 111 
0 1 8 14 20 25 33 40 45 57 65 77 82 91 98 103 110 115 
0 1 8 14 20 25 33 40 45 57 66 70 73 77 99 104 111 116 
0 1 8 14 20 25 33 40 45 57 66 73 78 89 94 99 106 111 
0 1 8 14 20 25 33 40 45 57 73 77 89 94 99 106 111 118 
0 2 9 16 23 35 42 49 56 61 67 74 81 91 100 107 114 
0 2 9 16 23 35 42 49 56 61 67 74 81 99 107 114 120 
0 2 9 16 23 35 42 49 56 67 74 81 91 93 100 107 114 
0 2 9 16 23 35 42 49 56 67 74 81 91 93 100 107 115 
0 2 9 16 24 35 42 49 56 67 74 81 91 93 100 107 114 
0 2 9 16 24 35 42 49 56 67 74 81 91 93 100 108 115 
0 2 9 17 24 35 42 49 56 67 74 81 91 93 100 107 114 
0 2 9 17 24 35 42 49 56 67 74 81 91 93 100 107 115 
0 2 9 17 24 35 42 49 56 67 74 81 91 93 101 108 115 
0 2 10 17 24 35 42 49 56 67 74 81 91 93 100 107 115 
