0 2 11 20 24 32 36 40 48 52 69 77 80 91 95 102 110 118 
0 2 11 20 24 32 36 40 48 52 77 80 91 95 102 106 110 118 
0 2 11 23 27 35 39 43 51 55 67 80 92 93 97 105 109 113 
0 2 11 24 32 36 40 48 52 56 77 80 91 95 102 106 110 118 
0 3 7 11 20 24 32 36 40 44 48 52 69 91 102 110 114 118 
0 3 7 11 20 24 32 36 40 44 48 52 91 102 106 110 114 118 
0 3 7 11 20 24 32 36 40 48 52 69 80 91 102 110 114 118 
0 3 7 11 20 24 32 36 40 48 52 80 91 102 106 110 114 118 
0 3 7 11 20 28 32 36 40 44 48 52 91 102 106 110 114 118 
0 3 7 11 20 28 32 36 40 48 52 80 91 102 106 110 114 118 
0 3 7 11 20 28 32 36 44 48 52 76 91 102 106 110 114 118 
0 3 7 11 23 28 40 44 48 52 56 68 72 91 102 106 114 118 
0 3 7 11 23 28 40 48 52 56 68 72 80 91 102 106 114 118 
0 3 7 11 23 28 44 48 52 56 58 68 72 76 91 102 106 118 
0 3 7 11 23 28 44 48 52 56 68 72 76 91 102 106 114 118 
0 3 7 11 23 28 48 52 56 58 68 72 76 80 91 102 106 118 
0 3 7 11 23 28 48 52 56 68 72 76 80 91 93 102 106 114 
0 3 7 11 23 28 48 52 56 68 72 76 80 91 102 106 114 118 
0 3 7 11 24 32 36 40 44 48 52 56 91 102 106 110 114 118 
0 3 7 11 24 32 41 48 52 56 58 71 80 91 102 106 110 118 
0 3 7 11 24 36 40 44 48 52 56 68 91 102 106 110 114 118 
0 3 7 11 24 36 40 48 52 56 68 80 91 102 106 110 114 118 
0 3 7 11 28 32 36 40 44 48 52 56 91 102 106 110 114 118 
0 3 7 11 28 32 40 44 48 52 56 72 91 102 106 110 114 118 
0 3 7 11 28 32 40 48 52 56 72 80 91 102 106 110 114 118 
0 3 7 11 28 32 44 48 52 56 72 76 91 102 106 110 114 118 
0 3 7 11 28 32 48 52 56 58 72 76 80 91 93 102 106 110 
0 3 7 11 28 32 48 52 56 58 72 76 80 91 102 106 110 118 
0 3 7 11 28 32 48 52 56 72 76 80 91 93 102 106 110 114 
0 3 7 11 28 32 48 52 56 72 76 80 91 102 106 110 114 118 
0 3 7 11 28 36 40 44 48 52 56 68 91 102 106 110 114 118 
0 3 7 11 28 36 40 48 52 56 68 80 91 102 106 110 114 118 
0 3 7 11 28 36 44 48 52 56 68 76 91 102 106 110 114 118 
0 3 7 11 28 36 48 52 56 68 76 80 91 102 106 110 114 118 
0 3 7 11 28 40 44 48 52 56 68 72 91 102 106 110 114 118 
0 3 7 11 28 40 48 52 56 68 72 80 91 102 106 110 114 118 
0 3 7 11 28 44 48 52 56 58 68 72 76 91 102 106 110 118 
0 3 7 11 28 44 48 52 56 68 72 76 91 102 106 110 114 118 
0 3 7 11 28 48 52 56 58 68 72 76 80 91 102 106 110 118 
0 3 7 11 28 48 52 56 68 72 76 80 91 93 102 106 110 114 
0 3 7 11 28 48 52 56 68 72 76 80 91 102 106 110 114 118 
0 3 7 16 28 32 44 48 56 58 72 76 91 98 102 106 110 118 
0 3 7 20 23 28 37 44 48 52 67 76 91 98 102 106 114 118 
0 3 7 20 24 32 36 40 44 48 52 91 98 102 106 110 114 118 
0 3 7 20 28 32 36 40 44 48 52 91 98 102 106 110 114 118 
0 3 7 20 28 32 36 44 48 52 76 91 98 102 106 110 114 118 
0 3 7 24 32 36 40 44 48 52 56 91 98 102 106 110 114 118 
0 3 7 24 36 40 44 48 52 56 68 85 98 102 106 110 114 118 
0 3 7 24 36 40 44 48 52 56 68 91 98 102 106 110 114 118 
0 3 7 28 32 36 40 44 48 52 56 91 98 102 106 110 114 118 
0 3 7 28 36 40 44 48 52 56 68 91 98 102 106 110 114 118 
0 3 7 28 36 44 48 52 56 68 76 91 98 102 106 110 114 118 
0 3 7 28 40 44 48 52 56 68 72 91 98 102 106 110 114 118 
0 3 11 24 36 40 44 48 52 56 68 91 94 102 106 110 114 118 
0 3 11 28 32 40 44 48 52 56 72 91 94 102 106 110 114 118 
0 3 11 28 32 44 48 52 56 72 76 91 94 102 106 110 114 118 
0 3 11 28 36 40 44 48 52 56 68 91 94 102 106 110 114 118 
0 3 24 32 36 40 44 48 52 56 91 94 98 102 106 110 114 118 
0 3 28 32 36 40 44 48 52 56 91 94 98 102 106 110 114 118 
0 4 8 12 13 16 20 24 32 59 65 69 73 77 81 85 89 94 
0 4 8 12 13 16 20 32 49 59 65 69 73 77 81 89 94 111 
0 4 8 12 13 16 20 49 57 59 65 69 73 77 81 89 111 119 
