0 1 4 8 23 30 32 38 43 59 63 68 74 78 96 100 111 115 
0 1 4 8 23 30 32 38 43 59 63 74 78 96 100 111 115 120 
0 1 7 11 22 26 30 32 43 47 63 67 74 78 95 99 110 114 
0 1 7 11 22 26 30 32 43 47 63 67 74 78 99 103 110 114 
0 1 7 11 22 26 30 32 43 47 63 67 78 82 95 99 110 114 
0 1 7 11 22 26 30 32 43 47 63 67 78 82 99 103 110 114 
0 1 7 11 22 26 30 32 43 47 63 74 78 95 99 110 114 120 
0 1 7 11 22 26 32 38 43 57 63 67 74 78 95 99 110 114 
0 1 7 11 22 26 32 38 43 57 63 67 74 78 99 103 110 114 
0 1 7 11 22 26 32 43 47 57 63 67 74 78 95 99 110 114 
0 1 7 11 22 26 32 43 47 57 63 67 74 78 99 103 110 114 
0 1 7 11 22 26 32 43 47 57 63 67 78 82 95 99 110 114 
0 1 7 11 22 26 32 43 47 57 63 67 78 82 99 103 110 114 
0 1 7 11 22 26 32 43 47 57 63 67 78 82 99 103 114 118 
0 1 7 11 22 26 32 43 47 57 63 74 78 95 99 110 114 120 
0 1 7 12 18 22 30 32 43 47 63 67 74 78 95 99 110 114 
0 1 7 12 18 22 30 32 43 47 63 67 78 82 95 99 110 114 
0 1 7 12 18 22 30 32 43 47 63 74 78 95 99 106 110 120 
0 1 7 12 22 26 30 32 43 47 63 67 74 78 95 99 110 114 
0 1 7 12 22 26 30 32 43 47 63 67 78 82 95 99 110 114 
0 1 7 12 22 26 30 32 43 47 63 74 78 95 99 110 114 120 
0 1 7 12 22 30 32 43 47 58 63 67 74 78 95 99 110 114 
0 1 7 12 22 30 32 43 47 58 63 74 78 95 99 110 114 120 
0 1 8 12 22 30 32 43 47 58 63 74 78 95 99 110 114 120 
0 1 8 12 23 30 32 43 47 58 63 74 78 95 99 110 114 120 
0 2 6 17 21 32 38 42 53 57 58 63 68 74 78 94 100 104 115 119 
0 2 7 14 17 32 38 42 53 57 59 63 68 74 78 94 100 104 115 119 
0 5 11 17 24 29 34 40 47 53 61 63 69 76 82 99 105 112 118 
0 5 11 18 24 28 34 40 47 53 61 63 69 76 82 99 105 112 118 
0 5 11 18 24 28 34 40 47 53 63 69 76 82 93 99 105 112 118 
0 5 11 18 24 28 34 40 47 53 63 69 76 82 93 99 106 112 118 
0 5 11 18 24 28 34 41 47 53 63 69 76 82 93 99 106 112 118 
