0 1 5 12 16 25 30 34 42 53 67 72 
0 1 5 12 16 25 30 42 53 59 67 72 
0 1 5 12 16 25 30 42 53 59 68 72 
0 1 5 12 16 25 30 42 53 60 67 72 
0 1 5 12 16 25 34 37 42 53 67 72 
0 1 5 12 16 25 37 42 53 60 67 72 
0 1 5 16 28 34 37 40 46 52 67 71 
0 4 8 11 15 22 33 37 40 41 52 71 
0 4 8 11 15 24 33 37 41 52 66 71 
0 4 8 11 15 24 37 41 52 66 71 77 
0 4 11 18 20 24 31 43 50 60 64 71 
0 4 11 18 20 24 31 43 50 64 70 77 
0 4 11 18 20 24 31 43 50 64 71 77 
0 4 11 20 24 31 38 43 50 64 71 77 
0 4 11 24 28 31 38 43 50 60 64 71 
