0 1 6 13 25 33 38 41 57 65 70 77 
0 1 6 13 25 33 38 41 57 66 74 
0 1 6 13 25 33 38 42 50 60 65 70 
0 1 6 13 25 33 38 42 50 60 66 71 
0 1 6 13 25 33 38 42 57 60 65 70 
0 1 6 13 25 33 38 42 57 60 66 71 
0 1 6 13 25 33 38 43 50 59 65 72 
0 1 6 13 25 33 38 43 50 59 66 71 
0 1 6 13 25 33 38 43 50 65 70 77 
0 1 6 13 25 33 38 43 50 65 72 77 
0 1 6 13 25 33 38 44 52 58 65 72 
0 1 6 13 25 33 38 44 52 58 65 73 
0 1 6 13 25 33 38 44 52 58 66 73 
0 1 6 13 25 33 38 44 52 60 65 70 
0 1 6 13 25 33 38 44 52 60 65 73 
0 1 6 13 25 33 38 44 52 60 66 71 
0 1 6 13 25 33 38 44 52 60 66 73 
0 1 6 13 25 33 38 44 52 65 70 77 
0 1 6 13 25 33 38 44 52 65 72 77 
0 1 6 13 25 33 38 44 57 60 65 70 
0 1 6 13 25 33 38 44 57 60 65 73 
0 1 6 13 25 33 38 44 57 60 66 71 
0 1 6 13 25 33 38 44 57 60 66 73 
0 1 6 13 25 33 38 44 57 65 70 77 
0 1 6 13 25 33 38 44 57 65 72 77 
0 1 6 13 25 33 38 45 48 52 65 73 
0 1 6 13 25 33 38 45 48 52 66 73 
0 1 6 13 25 33 38 45 48 52 66 74 
0 1 6 13 25 33 38 45 50 59 65 72 
0 1 6 13 25 33 38 45 50 59 66 71 
0 1 6 13 25 33 38 45 50 59 66 74 
0 1 6 13 25 33 38 45 50 60 65 70 
0 1 6 13 25 33 38 45 50 60 65 73 
0 1 6 13 25 33 38 45 50 60 66 71 
0 1 6 13 25 33 38 45 50 60 66 73 
0 1 6 13 25 33 38 45 52 59 65 72 
0 1 6 13 25 33 38 45 52 59 66 71 
0 1 6 13 25 33 38 45 52 59 66 74 
0 1 6 13 25 33 38 45 52 60 65 70 
0 1 6 13 25 33 38 45 52 60 65 73 
0 1 6 13 25 33 38 45 52 60 66 71 
0 1 6 13 25 33 38 45 52 60 66 73 
0 1 6 13 25 33 40 41 57 67 74 
0 1 6 13 25 33 40 41 57 67 75 
0 1 6 13 25 33 40 41 57 68 75 
0 1 6 13 25 33 40 42 50 67 75 
0 1 6 13 25 33 40 42 50 68 75 
0 1 6 13 25 33 40 42 50 68 76 
0 1 6 13 25 33 40 42 57 67 75 
0 1 6 13 25 33 40 42 57 68 75 
0 1 6 13 25 33 40 42 57 68 76 
0 1 6 13 25 33 40 43 50 59 65 72 
0 1 6 13 25 33 40 43 50 59 67 72 
0 1 6 13 25 33 40 43 50 65 72 77 
0 1 6 13 25 33 40 43 50 68 76 
0 1 6 13 25 33 40 44 52 58 65 72 
0 1 6 13 25 33 40 44 52 58 65 73 
0 1 6 13 25 33 40 44 52 58 67 72 
0 1 6 13 25 33 40 44 52 58 68 73 
0 1 6 13 25 33 40 44 52 60 65 73 
0 1 6 13 25 33 40 44 52 65 72 77 
0 1 6 13 25 33 40 44 57 60 65 73 
0 1 6 13 25 33 40 44 57 65 72 77 
0 1 6 13 25 33 40 45 48 52 65 73 
0 1 6 13 25 33 40 45 48 52 67 74 
0 1 6 13 25 33 40 45 48 52 68 73 
0 1 6 13 25 33 40 45 50 59 65 72 
0 1 6 13 25 33 40 45 50 59 67 72 
0 1 6 13 25 33 40 45 50 59 67 74 
0 1 6 13 25 33 40 45 50 60 65 73 
0 1 6 13 25 33 40 45 52 59 65 72 
0 1 6 13 25 33 40 45 52 59 67 72 
0 1 6 13 25 33 40 45 52 59 67 74 
0 1 6 13 25 33 40 45 52 60 65 73 
0 1 6 13 25 33 41 57 61 66 74 
0 1 6 13 25 33 41 57 61 68 75 
0 1 6 13 25 33 41 57 61 69 74 
0 1 6 13 25 33 41 57 61 69 77 
0 1 6 13 25 33 42 50 61 68 75 
0 1 6 13 25 33 42 50 61 68 76 
0 1 6 13 25 33 42 50 61 69 76 
0 1 6 13 25 33 42 57 61 68 75 
0 1 6 13 25 33 42 57 61 68 76 
0 1 6 13 25 33 42 57 61 69 76 
0 1 6 13 25 33 43 50 61 68 76 
0 1 6 13 25 33 43 50 61 69 76 
0 1 6 13 25 33 43 50 61 69 77 
0 1 6 13 25 33 44 52 58 61 66 73 
0 1 6 13 25 33 44 52 58 61 68 73 
0 1 6 13 25 33 44 52 60 61 66 73 
0 1 6 13 25 33 44 52 61 69 77 
0 1 6 13 25 33 44 57 60 61 66 73 
0 1 6 13 25 33 44 57 61 69 77 
0 1 6 13 25 33 45 48 52 61 66 73 
0 1 6 13 25 33 45 48 52 61 66 74 
0 1 6 13 25 33 45 48 52 61 68 73 
0 1 6 13 25 33 45 50 59 61 66 74 
0 1 6 13 25 33 45 50 60 61 66 73 
0 1 6 13 25 33 45 52 59 61 66 74 
0 1 6 13 25 33 45 52 60 61 66 73 
0 1 6 13 26 33 38 41 57 65 70 77 
0 1 6 13 26 33 38 41 57 66 74 
0 1 6 13 26 33 38 42 50 60 65 70 
0 1 6 13 26 33 38 42 50 60 66 71 
0 1 6 13 26 33 38 42 57 60 65 70 
0 1 6 13 26 33 38 42 57 60 66 71 
0 1 6 13 26 33 38 43 50 59 65 72 
0 1 6 13 26 33 38 43 50 59 66 71 
0 1 6 13 26 33 38 43 50 65 70 77 
0 1 6 13 26 33 38 43 50 65 72 77 
0 1 6 13 26 33 38 44 52 58 65 72 
0 1 6 13 26 33 38 44 52 58 65 73 
0 1 6 13 26 33 38 44 52 58 66 73 
0 1 6 13 26 33 38 44 52 60 65 70 
0 1 6 13 26 33 38 44 52 60 65 73 
0 1 6 13 26 33 38 44 52 60 66 71 
0 1 6 13 26 33 38 44 52 60 66 73 
0 1 6 13 26 33 38 44 52 65 70 77 
0 1 6 13 26 33 38 44 52 65 72 77 
0 1 6 13 26 33 38 44 57 65 70 77 
0 1 6 13 26 33 38 44 57 65 72 77 
0 1 6 13 26 33 38 45 48 52 66 73 
0 1 6 13 26 33 38 45 50 59 65 72 
0 1 6 13 26 33 38 45 50 59 66 71 
0 1 6 13 26 33 38 45 50 59 66 74 
0 1 6 13 26 33 38 45 50 60 65 70 
0 1 6 13 26 33 38 45 50 60 65 73 
0 1 6 13 26 33 38 45 50 60 66 71 
0 1 6 13 26 33 38 45 50 60 66 73 
0 1 6 13 26 33 38 45 52 59 65 72 
0 1 6 13 26 33 38 45 52 59 66 71 
0 1 6 13 26 33 38 45 52 59 66 74 
0 1 6 13 26 33 38 45 52 60 65 73 
0 1 6 13 26 33 38 45 52 60 66 71 
0 1 6 13 26 33 38 45 52 60 66 73 
0 1 6 13 26 33 40 41 57 67 74 
0 1 6 13 26 33 40 41 57 67 75 
0 1 6 13 26 33 40 41 57 68 75 
0 1 6 13 26 33 40 42 50 67 75 
0 1 6 13 26 33 40 42 50 68 75 
0 1 6 13 26 33 40 42 50 68 76 
0 1 6 13 26 33 40 42 57 67 75 
0 1 6 13 26 33 40 42 57 68 75 
0 1 6 13 26 33 40 42 57 68 76 
0 1 6 13 26 33 40 43 50 59 65 72 
0 1 6 13 26 33 40 43 50 59 67 72 
0 1 6 13 26 33 40 43 50 65 72 77 
0 1 6 13 26 33 40 43 50 68 76 
0 1 6 13 26 33 40 44 52 58 65 72 
0 1 6 13 26 33 40 44 52 58 65 73 
0 1 6 13 26 33 40 44 52 58 67 72 
0 1 6 13 26 33 40 44 52 58 68 73 
0 1 6 13 26 33 40 44 52 60 65 73 
0 1 6 13 26 33 40 44 52 65 72 77 
0 1 6 13 26 33 40 44 57 65 72 77 
0 1 6 13 26 33 40 45 50 59 65 72 
0 1 6 13 26 33 40 45 50 59 67 72 
0 1 6 13 26 33 40 45 50 59 67 74 
0 1 6 13 26 33 40 45 50 60 65 73 
0 1 6 13 26 33 40 45 52 59 65 72 
0 1 6 13 26 33 40 45 52 59 67 72 
0 1 6 13 26 33 40 45 52 60 65 73 
0 1 6 13 26 33 41 57 61 66 74 
0 1 6 13 26 33 41 57 61 68 75 
0 1 6 13 26 33 41 57 61 69 74 
0 1 6 13 26 33 41 57 61 69 77 
0 1 6 13 26 33 42 50 61 68 75 
0 1 6 13 26 33 42 50 61 68 76 
0 1 6 13 26 33 42 50 61 69 76 
0 1 6 13 26 33 42 57 61 68 75 
0 1 6 13 26 33 42 57 61 68 76 
0 1 6 13 26 33 42 57 61 69 76 
0 1 6 13 26 33 43 50 61 68 76 
0 1 6 13 26 33 43 50 61 69 76 
0 1 6 13 26 33 43 50 61 69 77 
0 1 6 13 26 33 44 52 58 61 66 73 
0 1 6 13 26 33 44 52 58 61 68 73 
0 1 6 13 26 33 44 52 60 61 66 73 
0 1 6 13 26 33 44 52 61 69 77 
0 1 6 13 26 33 44 57 61 69 77 
0 1 6 13 26 33 45 50 59 61 66 74 
0 1 6 13 26 33 45 50 60 61 66 73 
0 1 6 13 26 33 45 52 60 61 66 73 
0 1 6 13 26 34 38 41 57 65 70 77 
0 1 6 13 26 34 38 41 57 66 74 
0 1 6 13 26 34 38 42 50 60 65 70 
0 1 6 13 26 34 38 42 57 60 65 70 
0 1 6 13 26 34 38 42 57 60 66 71 
0 1 6 13 26 34 38 43 50 59 65 72 
0 1 6 13 26 34 38 43 50 59 66 71 
0 1 6 13 26 34 38 43 50 65 70 77 
0 1 6 13 26 34 38 43 50 65 72 77 
0 1 6 13 26 34 38 44 52 58 65 72 
0 1 6 13 26 34 38 44 52 58 65 73 
0 1 6 13 26 34 38 44 52 58 66 73 
0 1 6 13 26 34 38 44 52 60 65 73 
0 1 6 13 26 34 38 44 52 60 66 71 
0 1 6 13 26 34 38 44 52 60 66 73 
0 1 6 13 26 34 38 44 52 65 70 77 
0 1 6 13 26 34 38 44 52 65 72 77 
0 1 6 13 26 34 38 44 57 60 65 70 
0 1 6 13 26 34 38 44 57 60 65 73 
0 1 6 13 26 34 38 44 57 60 66 71 
0 1 6 13 26 34 38 44 57 60 66 73 
0 1 6 13 26 34 38 44 57 65 70 77 
0 1 6 13 26 34 38 44 57 65 72 77 
0 1 6 13 26 34 38 45 50 59 65 72 
0 1 6 13 26 34 38 45 50 59 66 71 
0 1 6 13 26 34 38 45 50 59 66 74 
0 1 6 13 26 34 38 45 50 60 65 70 
0 1 6 13 26 34 38 45 50 60 65 73 
0 1 6 13 26 34 38 45 50 60 66 71 
0 1 6 13 26 34 38 45 50 60 66 73 
0 1 6 13 26 34 40 41 57 67 74 
0 1 6 13 26 34 40 41 57 67 75 
0 1 6 13 26 34 40 41 57 68 75 
0 1 6 13 26 34 40 42 50 67 75 
0 1 6 13 26 34 40 42 50 68 75 
0 1 6 13 26 34 40 42 50 68 76 
0 1 6 13 26 34 40 42 57 67 75 
0 1 6 13 26 34 40 42 57 68 75 
0 1 6 13 26 34 40 42 57 68 76 
0 1 6 13 26 34 40 43 50 59 65 72 
0 1 6 13 26 34 40 43 50 59 67 72 
0 1 6 13 26 34 40 43 50 65 72 77 
0 1 6 13 26 34 40 43 50 68 76 
0 1 6 13 26 34 40 44 52 58 65 72 
0 1 6 13 26 34 40 44 52 58 65 73 
0 1 6 13 26 34 40 44 52 58 67 72 
0 1 6 13 26 34 40 44 52 58 68 73 
0 1 6 13 26 34 40 44 52 60 65 73 
0 1 6 13 26 34 40 44 52 65 72 77 
0 1 6 13 26 34 40 44 57 60 65 73 
0 1 6 13 26 34 40 44 57 65 72 77 
0 1 6 13 26 34 40 45 50 59 65 72 
0 1 6 13 26 34 40 45 50 60 65 73 
0 1 6 13 26 34 41 57 61 66 74 
0 1 6 13 26 34 41 57 61 68 75 
0 1 6 13 26 34 41 57 61 69 74 
0 1 6 13 26 34 41 57 61 69 77 
0 1 6 13 26 34 42 50 61 68 75 
0 1 6 13 26 34 42 50 61 68 76 
0 1 6 13 26 34 42 50 61 69 76 
0 1 6 13 26 34 42 57 61 68 75 
0 1 6 13 26 34 42 57 61 68 76 
0 1 6 13 26 34 42 57 61 69 76 
0 1 6 13 26 34 43 50 61 68 76 
0 1 6 13 26 34 44 52 58 61 66 73 
0 1 6 13 26 34 44 52 58 61 68 73 
0 1 6 13 26 34 44 52 60 61 66 73 
0 1 6 13 26 34 44 57 60 61 66 73 
0 1 6 13 26 34 45 50 60 61 66 73 
0 1 6 14 25 33 39 41 57 66 74 
0 1 6 14 25 33 39 41 57 67 74 
0 1 6 14 25 33 39 41 57 67 75 
0 1 6 14 25 33 39 42 50 60 66 71 
0 1 6 14 25 33 39 42 50 67 75 
0 1 6 14 25 33 39 42 57 60 66 71 
0 1 6 14 25 33 39 42 57 67 75 
0 1 6 14 25 33 39 43 50 59 66 71 
0 1 6 14 25 33 39 43 50 59 67 72 
0 1 6 14 25 33 39 44 52 58 66 73 
0 1 6 14 25 33 39 44 52 58 67 72 
0 1 6 14 25 33 39 44 52 60 66 71 
0 1 6 14 25 33 39 44 52 60 66 73 
0 1 6 14 25 33 39 45 50 59 66 71 
0 1 6 14 25 33 39 45 50 59 66 74 
0 1 6 14 25 33 39 45 50 59 67 72 
0 1 6 14 25 33 39 45 50 59 67 74 
0 1 6 14 25 33 39 45 50 60 66 71 
0 1 6 14 25 33 39 45 50 60 66 73 
0 1 6 14 25 33 41 57 61 66 74 
0 1 6 14 25 33 41 57 61 68 75 
0 1 6 14 25 33 41 57 61 69 74 
0 1 6 14 25 33 41 57 61 69 77 
0 1 6 14 25 33 41 57 62 67 74 
0 1 6 14 25 33 41 57 62 67 75 
0 1 6 14 25 33 41 57 62 69 74 
0 1 6 14 25 33 41 57 62 70 75 
0 1 6 14 25 33 42 50 60 62 70 
0 1 6 14 25 33 42 50 61 68 75 
0 1 6 14 25 33 42 50 61 68 76 
0 1 6 14 25 33 42 50 61 69 76 
0 1 6 14 25 33 42 50 62 67 75 
0 1 6 14 25 33 42 50 62 69 76 
0 1 6 14 25 33 42 50 62 70 75 
0 1 6 14 25 33 42 57 60 62 70 
0 1 6 14 25 33 42 57 61 68 75 
0 1 6 14 25 33 42 57 61 68 76 
0 1 6 14 25 33 42 57 61 69 76 
0 1 6 14 25 33 42 57 62 67 75 
0 1 6 14 25 33 42 57 62 69 76 
0 1 6 14 25 33 42 57 62 70 75 
0 1 6 14 25 33 43 50 61 68 76 
0 1 6 14 25 33 43 50 61 69 76 
0 1 6 14 25 33 43 50 61 69 77 
0 1 6 14 25 33 43 50 62 70 77 
0 1 6 14 25 33 44 52 58 61 66 73 
0 1 6 14 25 33 44 52 58 61 68 73 
0 1 6 14 25 33 44 52 60 61 66 73 
0 1 6 14 25 33 44 52 61 69 77 
0 1 6 14 25 33 44 57 61 69 77 
0 1 6 14 25 33 44 57 62 70 77 
0 1 6 14 25 33 45 50 59 61 66 74 
0 1 6 14 25 33 45 50 59 62 67 74 
0 1 6 14 25 33 45 50 60 61 66 73 
0 1 6 14 25 33 45 50 60 62 70 
0 1 6 14 26 33 39 41 57 66 74 
0 1 6 14 26 33 39 41 57 67 74 
0 1 6 14 26 33 39 42 50 67 75 
0 1 6 14 26 33 39 42 57 67 75 
0 1 6 14 26 33 39 43 50 59 66 71 
0 1 6 14 26 33 39 43 50 59 67 72 
0 1 6 14 26 33 39 44 52 58 66 73 
0 1 6 14 26 33 39 44 52 58 67 72 
0 1 6 14 26 33 39 44 52 60 66 71 
0 1 6 14 26 33 39 44 52 60 66 73 
0 1 6 14 26 33 39 45 50 59 66 71 
0 1 6 14 26 33 39 45 50 59 66 74 
0 1 6 14 26 33 39 45 50 59 67 72 
0 1 6 14 26 33 39 45 50 59 67 74 
0 1 6 14 26 33 39 45 50 60 66 71 
0 1 6 14 26 33 39 45 50 60 66 73 
0 1 6 14 26 33 41 57 61 66 74 
0 1 6 14 26 33 41 57 61 68 75 
0 1 6 14 26 33 41 57 61 69 74 
0 1 6 14 26 33 41 57 62 67 74 
0 1 6 14 26 33 41 57 62 67 75 
0 1 6 14 26 33 41 57 62 70 75 
0 1 6 14 26 33 41 57 62 70 77 
0 1 6 14 26 33 42 50 60 62 70 
0 1 6 14 26 33 42 50 61 68 75 
0 1 6 14 26 33 42 50 61 68 76 
0 1 6 14 26 33 42 50 61 69 76 
0 1 6 14 26 33 42 50 62 67 75 
0 1 6 14 26 33 42 57 60 62 70 
0 1 6 14 26 33 42 57 61 68 75 
0 1 6 14 26 33 42 57 61 68 76 
0 1 6 14 26 33 42 57 61 69 76 
0 1 6 14 26 33 42 57 62 70 75 
0 1 6 14 26 33 43 50 61 68 76 
0 1 6 14 26 33 43 50 62 70 77 
0 1 6 14 26 33 44 52 60 61 66 73 
0 1 6 14 26 33 45 50 59 61 66 74 
0 1 6 14 26 33 45 50 59 62 67 74 
0 1 6 14 26 33 45 50 60 61 66 73 
0 1 6 14 26 33 45 50 60 62 70 
0 1 6 14 26 34 39 41 57 66 74 
0 1 6 14 26 34 39 42 50 67 75 
0 1 6 14 26 34 39 42 57 67 75 
0 1 6 14 26 34 39 43 50 59 66 71 
0 1 6 14 26 34 39 43 50 59 67 72 
0 1 6 14 26 34 39 44 57 60 66 71 
0 1 6 14 26 34 39 44 57 60 66 73 
0 1 6 14 26 34 39 45 50 60 66 71 
0 1 6 14 26 34 39 45 50 60 66 73 
0 1 6 14 26 34 41 57 61 66 74 
0 1 6 14 26 34 41 57 61 68 75 
0 1 6 14 26 34 41 57 62 67 74 
0 1 6 14 26 34 41 57 62 70 75 
0 1 6 14 26 34 41 57 62 70 77 
0 1 6 14 26 34 42 50 61 68 75 
0 1 6 14 26 34 42 50 61 68 76 
0 1 6 14 26 34 42 50 62 67 75 
0 1 6 14 26 34 42 57 60 62 70 
0 1 6 14 26 34 42 57 61 68 75 
0 1 6 14 26 34 42 57 61 68 76 
0 1 6 14 26 34 43 50 61 68 76 
0 1 6 14 26 34 43 50 62 70 77 
0 1 6 14 26 34 44 57 60 61 66 73 
0 1 6 14 26 34 45 50 60 62 70 
0 1 9 13 26 33 40 41 57 67 74 
0 1 9 13 26 33 40 41 57 67 75 
0 1 9 13 26 33 40 41 57 68 75 
0 1 9 13 26 33 40 42 50 67 75 
0 1 9 13 26 33 40 42 50 68 75 
0 1 9 13 26 33 40 42 57 67 75 
0 1 9 13 26 33 40 43 50 59 65 72 
0 1 9 13 26 33 40 43 50 59 67 72 
0 1 9 13 26 33 40 43 50 65 72 77 
0 1 9 13 26 33 40 45 50 59 65 72 
0 1 9 13 26 33 40 45 50 59 67 72 
0 1 9 13 26 33 40 45 50 60 65 73 
0 1 9 13 26 33 41 57 61 66 74 
0 1 9 13 26 33 41 57 61 68 75 
0 1 9 13 26 33 41 57 61 69 74 
0 1 9 13 26 33 41 57 61 69 77 
0 1 9 13 26 33 42 50 61 68 75 
0 1 9 13 26 33 42 57 61 68 75 
0 1 9 13 26 33 43 50 61 69 77 
0 1 9 13 26 33 45 50 60 61 66 73 
0 1 9 13 26 34 40 41 57 67 74 
0 1 9 13 26 34 40 41 57 67 75 
0 1 9 13 26 34 40 41 57 68 75 
0 1 9 13 26 34 40 42 50 67 75 
0 1 9 13 26 34 40 43 50 59 65 72 
0 1 9 13 26 34 40 43 50 65 72 77 
0 1 9 13 26 34 40 44 57 60 65 73 
0 1 9 13 26 34 40 44 57 65 72 77 
0 1 9 13 26 34 41 57 61 66 74 
0 1 9 13 26 34 41 57 61 68 75 
0 1 9 13 26 34 41 57 61 69 74 
0 1 9 13 26 34 41 57 61 69 77 
0 1 9 13 26 34 42 50 61 68 75 
0 1 9 13 26 34 42 57 61 68 75 
0 1 9 13 26 34 43 50 61 69 77 
0 1 9 13 26 34 44 57 60 61 66 73 
0 1 9 13 26 34 44 57 61 69 77 
0 1 9 15 25 33 41 57 62 69 74 
0 1 9 15 25 33 42 50 62 67 75 
0 1 9 15 25 33 42 50 62 69 76 
0 1 9 15 25 33 42 57 62 69 76 
0 1 9 15 25 33 42 57 63 68 76 
0 1 9 15 25 33 43 50 62 69 76 
0 1 9 15 25 33 43 50 62 69 77 
0 1 9 15 26 33 40 41 57 68 75 
0 1 9 15 26 33 40 43 50 59 67 72 
0 1 9 15 26 33 40 43 50 68 76 
0 1 9 15 26 33 41 57 62 69 74 
0 1 9 15 26 33 41 57 62 69 77 
0 1 9 15 26 33 41 57 62 70 77 
0 1 9 15 26 33 41 57 63 70 77 
0 1 9 15 26 33 42 50 62 67 75 
0 1 9 15 26 33 42 50 62 69 76 
0 1 9 15 26 33 43 50 62 69 76 
0 1 9 15 26 33 43 50 62 69 77 
0 1 9 15 26 34 40 41 57 68 75 
0 1 9 15 26 34 41 57 62 69 74 
0 1 9 15 26 34 41 57 62 69 77 
0 1 9 15 26 34 41 57 62 70 77 
0 1 9 15 26 34 41 57 63 70 77 
0 1 9 15 26 34 42 57 62 69 76 
0 1 9 15 26 34 42 57 63 68 76 
0 1 9 15 26 34 44 57 63 70 77 
0 1 9 16 26 34 41 57 61 69 74 
0 1 9 16 26 34 41 57 61 69 77 
0 1 9 16 26 34 41 57 63 70 77 
0 1 9 16 26 34 42 57 61 68 76 
0 1 9 16 26 34 44 57 60 63 70 
0 1 9 16 26 34 44 57 61 69 77 
0 1 9 16 26 34 44 57 63 70 77 
0 1 9 16 26 34 44 57 64 72 77 
0 1 14 17 25 33 41 57 61 66 74 
0 1 14 17 25 33 41 57 61 69 74 
0 2 7 14 23 30 35 39 42 50 60 66 71 
0 2 7 14 23 30 35 39 43 50 59 66 71 
0 2 7 14 23 30 35 39 43 50 59 67 72 
0 2 7 14 23 30 35 41 57 61 66 74 
0 2 7 14 23 30 35 41 57 61 69 74 
0 2 7 14 23 30 35 41 57 62 69 74 
0 2 7 14 23 30 35 42 50 61 69 76 
0 2 7 14 23 30 35 42 50 62 69 76 
0 2 7 14 23 30 35 42 57 61 68 76 
0 2 7 14 23 30 35 42 57 61 69 76 
0 2 7 14 23 30 35 42 57 62 69 76 
0 2 7 14 23 30 35 44 57 60 61 66 73 
0 2 7 14 26 34 39 44 52 58 66 73 
0 2 7 14 26 34 39 44 52 58 67 72 
0 2 7 14 26 34 39 44 52 60 66 73 
0 2 7 14 26 34 39 44 57 60 66 73 
0 2 7 14 26 34 39 45 48 52 66 73 
0 2 7 14 26 34 39 45 48 52 66 74 
0 2 7 14 26 34 39 45 52 59 66 71 
0 2 7 14 26 34 39 45 52 59 66 74 
0 2 7 14 26 34 39 45 52 59 67 72 
0 2 7 14 26 34 39 45 52 59 67 74 
0 2 7 14 26 34 39 45 52 60 66 73 
0 2 7 14 26 34 41 57 61 66 74 
0 2 7 14 26 34 41 57 61 69 74 
0 2 7 14 26 34 41 57 62 69 74 
0 2 7 14 26 34 44 52 58 61 66 73 
0 2 7 14 26 34 44 52 58 61 68 73 
0 2 7 14 26 34 44 52 60 61 66 73 
0 2 7 14 26 34 45 52 59 61 66 74 
0 2 7 14 26 34 45 52 59 62 67 74 
0 2 7 15 23 30 35 41 57 62 69 77 
0 2 7 15 23 30 35 42 57 62 69 76 
0 2 7 15 26 34 40 44 52 58 67 72 
0 2 7 15 26 34 41 57 62 69 77 
0 2 10 15 20 23 30 41 57 62 69 77 
0 2 10 15 20 23 30 41 57 62 70 77 
0 2 10 15 20 23 30 41 57 63 70 77 
0 2 10 15 20 23 30 42 50 62 69 76 
0 2 10 15 20 23 30 42 50 63 71 76 
0 2 10 15 20 23 30 42 57 62 69 76 
0 2 10 15 20 23 30 42 57 63 68 76 
0 2 10 15 20 23 30 42 57 63 71 76 
0 2 10 15 20 23 30 43 50 62 69 76 
0 2 10 15 20 23 30 43 50 62 69 77 
0 2 10 15 20 23 30 43 50 62 70 77 
0 2 10 15 20 23 30 43 50 63 70 77 
0 2 10 15 20 23 30 43 50 63 71 76 
0 2 10 15 20 23 30 44 57 63 70 77 
0 2 10 15 20 25 30 42 50 62 69 76 
0 2 10 15 20 25 30 42 50 63 71 76 
0 2 10 15 20 25 30 42 57 62 69 76 
0 2 10 15 20 25 30 42 57 63 68 76 
0 2 10 15 20 25 30 42 57 63 71 76 
0 2 10 15 20 25 30 43 50 62 69 76 
0 2 10 15 20 25 30 43 50 62 69 77 
0 2 10 15 20 25 30 43 50 62 70 77 
0 2 10 15 20 25 30 43 50 63 70 77 
0 2 10 15 20 25 30 43 50 63 71 76 
0 2 10 15 20 25 30 44 57 63 70 77 
0 2 10 15 23 30 35 41 57 62 69 77 
0 2 10 15 23 30 35 41 57 62 70 77 
0 2 10 15 23 30 35 41 57 63 70 77 
0 2 10 15 23 30 35 42 50 62 69 76 
0 2 10 15 23 30 35 42 50 63 71 76 
0 2 10 15 23 30 35 42 57 62 69 76 
0 2 10 15 23 30 35 42 57 63 68 76 
0 2 10 15 23 30 35 42 57 63 71 76 
0 2 10 15 23 30 35 43 50 62 69 76 
0 2 10 15 23 30 35 43 50 62 69 77 
0 2 10 15 23 30 35 43 50 62 70 77 
0 2 10 15 23 30 35 43 50 63 70 77 
0 2 10 15 23 30 35 43 50 63 71 76 
0 2 10 18 20 23 30 41 57 62 69 77 
0 2 10 18 20 23 30 41 57 62 70 77 
0 2 10 18 20 23 30 41 57 64 69 77 
0 2 10 18 20 23 30 42 50 60 62 70 
0 2 10 18 20 23 30 42 50 60 64 71 
0 2 10 18 20 23 30 42 50 62 69 76 
0 2 10 18 20 23 30 42 50 64 69 76 
0 2 10 18 20 23 30 42 50 64 71 76 
0 2 10 18 20 23 30 42 57 60 62 70 
0 2 10 18 20 23 30 42 57 60 64 71 
0 2 10 18 20 23 30 42 57 64 69 76 
0 2 10 18 20 23 30 43 50 59 64 71 
0 2 10 18 20 23 30 43 50 59 64 72 
0 2 10 18 20 23 30 43 50 62 69 76 
0 2 10 18 20 23 30 43 50 62 69 77 
0 2 10 18 20 23 30 43 50 62 70 77 
0 2 10 18 20 23 30 43 50 64 69 76 
0 2 10 18 20 23 30 43 50 64 69 77 
0 2 10 18 20 23 30 43 50 64 71 76 
0 2 10 18 20 23 30 43 50 64 72 77 
0 2 10 18 20 23 30 45 50 59 64 71 
0 2 10 18 20 23 30 45 50 59 64 72 
0 2 10 18 20 23 30 45 50 60 64 71 
0 2 10 18 20 25 30 42 50 60 62 70 
0 2 10 18 20 25 30 42 50 60 64 71 
0 2 10 18 20 25 30 42 50 62 69 76 
0 2 10 18 20 25 30 42 50 64 69 76 
0 2 10 18 20 25 30 42 50 64 71 76 
0 2 10 18 20 25 30 42 57 60 62 70 
0 2 10 18 20 25 30 42 57 60 64 71 
0 2 10 18 20 25 30 42 57 62 69 76 
0 2 10 18 20 25 30 42 57 64 69 76 
0 2 10 18 20 25 30 42 57 64 71 76 
0 2 10 18 20 25 30 43 50 59 64 71 
0 2 10 18 20 25 30 43 50 59 64 72 
0 2 10 18 20 25 30 43 50 62 69 76 
0 2 10 18 20 25 30 43 50 62 69 77 
0 2 10 18 20 25 30 43 50 62 70 77 
0 2 10 18 20 25 30 43 50 64 69 76 
0 2 10 18 20 25 30 43 50 64 69 77 
0 2 10 18 20 25 30 43 50 64 71 76 
0 2 10 18 20 25 30 43 50 64 72 77 
0 2 10 18 20 25 30 45 50 59 64 71 
0 2 10 18 20 25 30 45 50 59 64 72 
0 2 10 18 23 30 35 41 57 62 69 77 
0 2 10 18 23 30 35 41 57 62 70 77 
0 2 10 18 23 30 35 41 57 64 69 77 
0 2 10 18 23 30 35 42 50 62 69 76 
0 2 10 18 23 30 35 42 50 64 69 76 
0 2 10 18 23 30 35 43 50 59 64 72 
0 2 10 18 23 30 35 43 50 62 69 76 
0 2 10 18 23 30 35 43 50 62 69 77 
0 2 10 18 23 30 35 43 50 62 70 77 
0 2 10 18 23 30 35 43 50 64 69 76 
0 2 10 18 23 30 35 43 50 64 69 77 
0 2 10 18 23 30 35 43 50 64 71 76 
0 2 10 18 23 30 35 43 50 64 72 77 
0 2 10 20 23 30 38 41 57 63 70 77 
0 2 10 20 23 30 38 42 50 60 63 70 
0 2 10 20 23 30 38 42 50 60 63 71 
0 2 10 20 23 30 38 42 50 63 71 76 
0 2 10 20 23 30 38 43 50 59 63 71 
0 2 10 20 23 30 38 43 50 63 70 77 
0 2 10 20 23 30 38 43 50 63 71 76 
0 2 10 20 25 30 38 42 50 60 63 70 
0 2 10 20 25 30 38 42 50 60 63 71 
0 2 10 20 25 30 38 42 50 63 71 76 
0 2 10 20 25 30 38 43 50 59 63 71 
0 2 10 20 25 30 38 43 50 63 70 77 
0 2 10 20 25 30 38 43 50 63 71 76 
0 2 10 26 34 38 41 57 66 74 
0 2 16 17 20 23 30 42 50 60 63 70 
0 2 16 17 20 23 30 42 50 60 63 71 
0 2 16 17 20 23 30 42 50 60 64 71 
0 2 16 17 20 23 30 42 50 63 71 76 
0 2 16 17 20 23 30 42 50 64 69 76 
0 2 16 17 20 23 30 42 50 64 71 76 
0 2 16 17 20 23 30 43 50 63 70 77 
0 2 16 17 20 23 30 43 50 63 71 76 
0 2 16 17 20 23 30 43 50 64 69 76 
0 2 16 17 20 25 30 42 50 60 63 70 
0 2 16 17 20 25 30 42 50 60 63 71 
0 2 16 17 20 25 30 42 50 60 64 71 
0 2 16 17 20 25 30 42 50 63 71 76 
0 2 16 17 20 25 30 42 50 64 71 76 
0 2 16 17 20 25 30 43 50 63 70 77 
0 2 16 17 20 25 30 43 50 63 71 76 
0 2 17 18 20 23 30 42 50 60 62 70 
0 2 17 18 20 23 30 42 50 60 64 71 
0 2 17 18 20 23 30 42 50 64 69 76 
0 3 9 15 23 30 35 41 57 62 69 77 
0 3 9 15 23 30 35 41 57 62 70 77 
0 3 9 15 23 30 35 41 57 63 70 77 
0 3 9 15 23 30 35 42 57 62 69 76 
0 3 9 15 23 30 35 42 57 63 68 76 
0 3 9 15 23 30 35 44 57 63 70 77 
0 3 9 16 23 30 35 41 57 61 69 77 
0 3 9 16 23 30 35 41 57 63 70 77 
0 3 9 16 23 30 35 41 57 64 69 77 
0 3 9 16 23 30 35 42 57 60 63 70 
0 3 9 16 23 30 35 42 57 61 68 76 
0 3 9 16 23 30 35 42 57 61 69 76 
0 3 9 16 23 30 35 42 57 63 68 76 
0 3 9 16 23 30 35 42 57 64 69 76 
0 3 9 16 23 30 35 44 57 63 70 77 
0 3 9 16 23 30 35 44 57 64 69 77 
0 3 10 15 23 28 30 41 57 63 70 77 
0 3 10 15 23 28 30 42 50 63 71 76 
0 3 10 15 23 28 30 42 57 63 71 76 
0 3 10 15 23 28 30 43 50 63 70 77 
0 3 10 15 23 28 30 43 50 63 71 76 
0 3 10 15 23 28 30 44 57 63 70 77 
0 3 10 18 23 28 30 41 57 64 69 77 
0 3 10 18 23 28 30 41 57 65 70 77 
0 3 10 18 23 28 30 42 50 60 64 71 
0 3 10 18 23 28 30 42 50 60 65 70 
0 3 10 18 23 28 30 42 50 64 69 76 
0 3 10 18 23 28 30 42 50 64 71 76 
0 3 10 18 23 28 30 42 57 60 64 71 
0 3 10 18 23 28 30 42 57 60 65 70 
0 3 10 18 23 28 30 42 57 64 69 76 
0 3 10 18 23 28 30 42 57 64 71 76 
0 3 10 18 23 28 30 43 50 64 69 76 
0 3 10 18 23 28 30 43 50 64 69 77 
0 3 10 18 23 28 30 43 50 64 71 76 
0 3 10 18 23 28 30 43 50 64 72 77 
0 3 10 18 23 28 30 43 50 65 70 77 
0 3 10 18 23 28 30 43 50 65 72 77 
0 3 10 18 23 28 30 44 57 60 64 71 
0 3 10 18 23 28 30 44 57 60 65 70 
0 3 10 18 23 28 30 44 57 64 69 77 
0 3 10 18 23 28 30 44 57 64 72 77 
0 3 10 18 23 28 30 44 57 65 70 77 
0 3 10 18 23 28 30 44 57 65 72 77 
0 3 10 18 23 28 31 41 57 64 69 77 
0 3 10 18 23 28 31 41 57 65 70 77 
0 3 10 18 23 28 31 42 50 60 65 70 
0 3 10 18 23 28 31 42 50 64 69 76 
0 3 10 18 23 28 31 42 50 64 71 76 
0 3 10 18 23 28 31 42 57 60 64 71 
0 3 10 18 23 28 31 42 57 60 65 70 
0 3 10 18 23 28 31 42 57 64 69 76 
0 3 10 18 23 28 31 42 57 64 71 76 
0 3 10 18 23 28 31 44 57 60 64 71 
0 3 10 18 23 28 31 44 57 60 65 70 
0 3 10 18 23 28 31 44 57 64 69 77 
0 3 10 18 23 28 31 44 57 64 72 77 
0 3 10 18 23 28 31 44 57 65 70 77 
0 3 10 18 23 28 31 44 57 65 72 77 
0 3 10 18 23 30 35 41 57 64 69 77 
0 3 10 18 23 30 35 41 57 65 70 77 
0 3 10 18 23 30 35 42 57 62 69 76 
0 3 10 18 23 30 35 42 57 64 69 76 
0 3 10 18 23 31 36 41 57 64 69 77 
0 3 10 18 23 31 36 42 50 60 62 70 
0 3 10 18 23 31 36 42 50 60 65 70 
0 3 10 18 23 31 36 42 50 62 69 76 
0 3 10 18 23 31 36 42 50 64 69 76 
0 3 10 18 23 31 36 42 50 64 71 76 
0 3 10 18 23 31 36 42 57 60 62 70 
0 3 10 18 23 31 36 42 57 60 65 70 
0 3 10 18 23 31 36 42 57 62 69 76 
0 3 10 18 23 31 36 42 57 64 69 76 
0 3 10 18 23 31 36 42 57 64 71 76 
0 3 10 18 23 31 36 43 50 62 69 76 
0 3 10 18 23 31 36 43 50 62 69 77 
0 3 10 18 23 31 36 43 50 62 70 77 
0 3 10 18 23 31 36 43 50 64 69 76 
0 3 10 18 23 31 36 43 50 64 69 77 
0 3 10 18 23 31 36 43 50 64 71 76 
0 3 10 18 23 31 36 44 57 60 64 71 
0 3 10 18 23 31 36 44 57 60 65 70 
0 3 10 18 23 31 36 44 57 64 69 77 
0 3 10 18 23 31 36 44 57 64 72 77 
0 3 10 18 23 31 36 44 57 65 70 77 
0 3 10 18 23 31 36 44 57 65 72 77 
0 3 10 18 25 28 30 42 50 60 65 70 
0 3 10 18 25 28 30 42 57 60 65 70 
0 3 10 18 25 28 30 44 57 60 65 70 
0 3 10 18 25 28 30 44 57 65 70 77 
0 3 10 18 25 28 30 44 57 65 72 77 
0 3 10 23 28 30 38 42 50 60 63 70 
0 3 10 23 28 30 38 42 50 60 63 71 
0 3 10 23 28 30 38 42 50 60 65 70 
0 3 10 23 28 30 38 42 50 63 71 76 
0 3 10 23 28 30 38 42 57 60 63 70 
0 3 10 23 28 30 38 42 57 60 65 70 
0 3 10 23 28 30 38 42 57 63 71 76 
0 3 10 23 28 30 38 44 57 60 65 70 
0 3 10 23 28 30 38 44 57 65 70 77 
0 3 10 23 28 30 38 44 57 65 72 77 
0 3 10 23 28 31 38 42 57 60 63 71 
0 3 10 23 28 31 38 42 57 60 65 70 
0 3 10 23 28 31 38 42 57 63 71 76 
0 3 10 23 28 31 38 44 57 65 70 77 
0 3 10 23 28 31 38 44 57 65 72 77 
0 3 10 23 31 36 38 42 57 60 65 70 
0 3 10 23 31 36 38 42 57 63 71 76 
0 3 10 23 31 36 38 44 57 60 63 70 
0 3 10 23 31 36 38 44 57 60 63 71 
0 3 10 23 31 36 38 44 57 63 70 77 
0 3 10 23 31 36 38 44 57 65 72 77 
0 3 10 25 28 30 38 42 57 60 65 70 
0 3 11 16 23 28 30 41 57 64 69 77 
0 3 11 16 23 28 30 44 57 64 69 77 
0 3 11 16 23 28 30 44 57 64 72 77 
0 3 11 16 23 28 31 41 57 64 69 77 
0 3 11 16 23 30 35 41 57 63 70 77 
0 3 11 16 23 30 35 41 57 64 69 77 
0 3 11 16 25 28 30 42 57 60 63 71 
0 3 11 16 25 28 30 42 57 60 64 71 
0 4 11 16 20 23 30 41 57 63 70 77 
0 4 11 16 20 23 30 43 50 63 70 77 
0 4 11 16 20 25 30 42 50 60 63 70 
0 4 11 16 20 25 30 42 50 60 63 71 
0 4 11 16 20 25 30 42 50 60 64 71 
0 4 11 16 20 25 30 42 57 60 63 71 
0 4 11 16 20 25 30 42 57 60 64 71 
0 4 11 16 20 25 30 43 50 63 70 77 
0 4 11 19 25 32 38 43 50 59 65 72 
0 4 11 20 25 32 39 44 57 60 64 71 
0 4 11 20 25 32 39 44 57 64 72 77 
0 6 14 19 25 32 42 57 61 68 76 
0 7 8 14 25 32 42 50 61 69 76 
