0 2 7 12 25 30 35 39 47 48 52 64 76 
0 2 7 14 25 32 39 48 50 64 69 76 
0 2 7 14 25 32 39 48 57 64 68 76 
0 2 7 14 25 32 39 48 57 64 69 76 
0 2 7 14 32 39 45 48 50 64 69 76 
0 2 7 14 32 39 45 48 57 64 69 76 
0 2 7 14 33 39 45 48 50 64 69 76 
0 2 7 15 33 39 45 48 50 64 69 76 
0 2 9 14 27 33 39 44 48 50 64 70 76 
0 2 9 15 27 33 39 44 48 50 64 70 76 
0 2 9 15 27 33 39 44 48 51 64 70 76 
0 2 10 14 29 33 39 45 48 50 64 76 
0 2 10 15 29 33 39 45 48 50 64 76 
0 2 10 15 29 33 39 45 48 64 72 76 
0 2 14 17 27 32 39 44 48 64 71 76 
0 2 14 17 27 32 39 45 48 64 71 76 
0 2 14 17 29 32 39 45 48 64 71 76 
0 4 8 10 15 23 33 37 46 48 66 72 76 
0 4 8 10 15 23 37 46 48 53 66 72 77 
0 4 8 10 15 33 37 42 46 61 66 72 76 
0 4 8 10 15 33 37 42 46 61 66 72 77 
0 4 8 10 18 35 37 42 46 53 61 66 72 
0 4 8 10 23 35 37 46 48 52 66 72 76 
0 4 8 12 18 30 35 42 47 52 61 66 
0 4 8 14 17 23 27 48 52 66 71 76 
0 4 8 14 17 23 47 48 52 66 71 76 
0 4 8 14 17 42 47 52 61 66 71 76 
0 4 8 17 23 35 47 48 52 66 71 76 
0 4 14 17 19 42 47 52 61 66 71 76 
0 6 8 14 24 32 42 57 61 68 76 
0 6 8 14 25 32 42 57 61 68 76 
0 6 14 19 25 32 42 57 61 68 76 
0 7 8 14 25 32 42 50 61 69 76 
