0 1 6 13 25 28 33 38 45 52 65 73 
0 1 6 13 25 33 38 45 48 52 65 73 
0 1 6 13 26 28 33 38 45 52 66 73 
0 1 6 13 26 28 33 45 52 61 66 73 
0 1 6 13 26 33 38 45 48 52 66 73 
0 2 5 10 20 23 30 38 57 63 70 77 
0 2 5 10 20 23 30 54 57 63 70 77 
0 2 10 20 23 30 38 41 57 63 70 77 
0 2 10 26 34 38 41 57 66 74 
0 3 6 11 23 26 28 31 38 50 60 71 
0 3 10 23 28 30 38 42 57 60 63 70 
0 3 10 23 28 31 38 42 57 60 63 71 
0 3 10 23 31 36 38 42 57 63 71 76 
0 3 10 25 28 30 38 42 57 60 65 70 
0 4 11 19 25 32 38 43 50 59 65 72 
