0 1 5 10 14 22 27 31 36 39 43 52 68 
0 1 5 10 14 22 27 36 39 43 50 68 73 
0 1 5 10 14 27 31 36 39 41 52 64 68 
0 1 5 10 14 27 36 39 41 50 64 68 73 
0 1 5 10 15 22 27 36 39 43 50 68 73 
0 1 5 10 15 27 36 39 41 50 64 68 73 
0 1 5 10 22 27 31 36 39 43 52 68 75 
0 1 6 14 23 29 36 39 44 57 72 
0 1 6 14 23 29 36 39 57 64 72 
0 1 6 14 23 29 36 40 57 64 72 
0 1 7 14 22 29 36 39 43 57 65 72 
0 1 7 14 22 36 37 39 43 50 65 72 
0 1 7 14 22 36 37 39 43 50 65 73 
0 1 7 14 22 36 37 39 43 50 66 72 
0 1 7 14 22 36 37 39 43 50 66 73 
0 1 7 14 22 36 37 39 43 57 66 72 
0 1 9 14 22 36 37 39 43 50 66 72 
0 1 9 14 23 36 37 39 43 50 66 73 
0 1 14 17 23 31 36 40 44 67 72 
