0 1 6 11 15 25 32 43 47 52 59 67 78 
0 1 6 11 15 34 47 52 59 62 67 74 78 
0 1 6 11 18 22 30 34 45 63 69 74 
0 1 6 11 18 22 34 44 59 62 69 74 
0 1 6 11 18 22 34 45 59 62 69 74 
0 1 6 11 18 22 34 45 59 63 69 74 
0 1 6 11 18 25 30 34 45 52 63 69 
0 1 6 11 18 25 34 44 52 59 62 69 
0 1 6 11 18 25 34 45 52 59 63 69 
0 1 6 11 18 34 45 52 59 62 69 74 
0 1 6 11 18 34 45 52 59 63 69 74 
0 1 6 11 20 25 32 38 43 52 59 65 70 
0 1 6 11 22 30 34 38 45 63 69 74 
0 1 6 11 22 34 38 45 59 62 69 74 
0 1 6 11 25 30 35 38 45 52 63 70 
0 1 6 11 25 35 38 45 52 59 63 69 
0 1 6 12 18 25 37 44 48 52 64 69 
0 1 6 13 18 22 30 34 45 48 69 74 
0 1 6 13 18 22 34 37 45 48 69 74 
0 1 6 13 18 25 34 37 45 48 52 69 
0 1 6 13 18 30 34 45 48 52 69 74 
0 1 6 13 18 34 37 45 48 52 69 74 
0 1 6 13 22 30 38 41 45 65 69 74 
0 1 6 13 25 30 38 45 48 52 65 70 
0 1 6 13 25 37 38 45 48 52 65 69 
0 6 14 22 28 30 41 57 66 74 
