0 1 6 18 20 22 26 41 46 60 61 66 
0 1 6 18 20 22 26 41 46 60 62 66 
0 1 6 18 20 22 26 42 46 60 61 66 
0 1 12 16 20 22 26 42 46 67 71 
0 2 6 11 22 27 31 41 46 60 62 66 
0 2 6 11 22 27 31 42 46 60 62 66 
0 2 6 11 22 27 31 42 46 62 66 71 
0 2 6 11 22 27 31 42 46 62 67 71 
0 2 6 18 20 22 26 41 46 60 61 66 
0 2 6 18 20 22 27 41 46 60 61 66 
0 2 6 18 20 22 27 41 46 60 62 66 
0 2 6 18 20 22 27 42 46 60 61 66 
0 2 6 18 20 22 33 41 46 60 62 66 
0 2 6 18 20 22 33 42 46 60 62 66 
0 2 7 11 22 27 28 42 46 62 67 71 
