0 1 6 13 25 33 39 41 57 65 73 
0 1 6 13 25 33 39 41 57 66 73 
0 1 6 13 25 33 39 41 57 66 74 
0 1 6 13 25 33 39 42 50 60 65 70 
0 1 6 13 25 33 39 42 50 66 74 
0 1 6 13 25 33 39 42 57 60 65 70 
0 1 6 13 25 33 39 42 57 66 74 
0 1 6 13 25 33 39 43 50 65 68 70 
0 1 6 13 25 33 39 43 50 66 68 71 
0 1 6 13 25 33 39 44 52 59 65 72 
0 1 6 13 25 33 39 44 52 59 66 71 
0 1 6 13 25 33 39 44 52 60 65 70 
0 1 6 13 25 33 39 44 52 60 65 72 
0 1 6 13 25 33 39 44 57 60 65 70 
0 1 6 13 25 33 39 44 57 60 65 72 
0 1 6 13 25 33 39 45 48 52 65 72 
0 1 6 13 25 33 39 45 48 52 65 73 
0 1 6 13 25 33 39 45 48 52 66 73 
0 1 6 13 25 33 39 45 50 60 65 70 
0 1 6 13 25 33 39 45 50 60 65 72 
0 1 6 13 25 33 39 45 50 65 68 70 
0 1 6 13 25 33 39 45 50 65 68 73 
0 1 6 13 25 33 39 45 50 66 68 71 
0 1 6 13 25 33 39 45 50 66 68 73 
0 1 6 13 25 33 39 45 52 60 65 70 
0 1 6 13 25 33 39 45 52 60 65 72 
0 1 6 13 25 33 39 45 52 65 68 70 
0 1 6 13 25 33 39 45 52 65 68 73 
0 1 6 13 25 33 39 45 52 66 68 71 
0 1 6 13 25 33 39 45 52 66 68 73 
0 1 6 13 25 33 40 41 57 65 73 
0 1 6 13 25 33 40 41 57 67 74 
0 1 6 13 25 33 40 41 57 69 73 
0 1 6 13 25 33 40 41 57 69 76 
0 1 6 13 25 33 40 42 50 67 74 
0 1 6 13 25 33 40 42 50 67 75 
0 1 6 13 25 33 40 42 50 69 75 
0 1 6 13 25 33 40 42 57 67 74 
0 1 6 13 25 33 40 42 57 67 75 
0 1 6 13 25 33 40 42 57 69 75 
0 1 6 13 25 33 40 43 50 67 75 
0 1 6 13 25 33 40 43 50 69 75 
0 1 6 13 25 33 40 43 50 69 76 
0 1 6 13 25 33 40 44 52 59 65 72 
0 1 6 13 25 33 40 44 52 59 67 72 
0 1 6 13 25 33 40 44 52 60 65 72 
0 1 6 13 25 33 40 44 52 69 76 
0 1 6 13 25 33 40 44 57 60 65 72 
0 1 6 13 25 33 40 44 57 69 76 
0 1 6 13 25 33 40 45 48 52 65 72 
0 1 6 13 25 33 40 45 48 52 65 73 
0 1 6 13 25 33 40 45 48 52 67 72 
0 1 6 13 25 33 40 45 48 52 69 73 
0 1 6 13 25 33 40 45 50 60 65 72 
0 1 6 13 25 33 40 45 50 65 68 73 
0 1 6 13 25 33 40 45 52 60 65 72 
0 1 6 13 25 33 40 45 52 65 68 73 
0 1 6 13 25 33 41 57 61 66 73 
0 1 6 13 25 33 41 57 61 66 74 
0 1 6 13 25 33 41 57 61 69 73 
0 1 6 13 25 33 41 57 61 69 76 
0 1 6 13 25 33 41 57 61 74 77 
0 1 6 13 25 33 41 57 61 76 77 
0 1 6 13 25 33 42 50 60 61 77 
0 1 6 13 25 33 42 50 61 66 74 
0 1 6 13 25 33 42 50 61 69 75 
0 1 6 13 25 33 42 50 61 74 77 
0 1 6 13 25 33 42 57 60 61 77 
0 1 6 13 25 33 42 57 61 66 74 
0 1 6 13 25 33 42 57 61 69 75 
0 1 6 13 25 33 42 57 61 74 77 
0 1 6 13 25 33 43 50 61 69 75 
0 1 6 13 25 33 43 50 61 69 76 
0 1 6 13 25 33 43 50 61 76 77 
0 1 6 13 25 33 44 52 60 61 77 
0 1 6 13 25 33 44 52 61 69 76 
0 1 6 13 25 33 44 57 60 61 77 
0 1 6 13 25 33 44 57 61 69 76 
0 1 6 13 25 33 44 57 61 76 77 
0 1 6 13 25 33 45 48 52 61 66 73 
0 1 6 13 25 33 45 48 52 61 69 73 
0 1 6 13 25 33 45 50 60 61 77 
0 1 6 13 25 33 45 50 61 66 68 73 
0 1 6 13 25 33 45 52 60 61 77 
0 1 6 13 25 33 45 52 61 66 68 73 
0 1 6 13 26 33 39 41 57 65 73 
0 1 6 13 26 33 39 41 57 66 73 
0 1 6 13 26 33 39 42 50 60 65 70 
0 1 6 13 26 33 39 42 50 66 74 
0 1 6 13 26 33 39 42 57 60 65 70 
0 1 6 13 26 33 39 42 57 66 74 
0 1 6 13 26 33 39 43 50 65 68 70 
0 1 6 13 26 33 39 43 50 66 68 71 
0 1 6 13 26 33 39 44 52 59 65 72 
0 1 6 13 26 33 39 44 52 59 66 71 
0 1 6 13 26 33 39 44 52 60 65 70 
0 1 6 13 26 33 39 44 52 60 65 72 
0 1 6 13 26 33 39 45 48 52 65 72 
0 1 6 13 26 33 39 45 48 52 65 73 
0 1 6 13 26 33 39 45 50 60 65 70 
0 1 6 13 26 33 39 45 50 60 65 72 
0 1 6 13 26 33 39 45 50 65 68 70 
0 1 6 13 26 33 39 45 50 65 68 73 
0 1 6 13 26 33 39 45 50 66 68 71 
0 1 6 13 26 33 39 45 50 66 68 73 
0 1 6 13 26 33 39 45 52 60 65 70 
0 1 6 13 26 33 39 45 52 60 65 72 
0 1 6 13 26 33 39 45 52 65 68 70 
0 1 6 13 26 33 39 45 52 65 68 73 
0 1 6 13 26 33 39 45 52 66 68 71 
0 1 6 13 26 33 39 45 52 66 68 73 
0 1 6 13 26 33 40 41 57 65 73 
0 1 6 13 26 33 40 41 57 67 74 
0 1 6 13 26 33 40 41 57 69 73 
0 1 6 13 26 33 40 41 57 69 76 
0 1 6 13 26 33 40 42 50 67 74 
0 1 6 13 26 33 40 42 50 67 75 
0 1 6 13 26 33 40 42 50 69 75 
0 1 6 13 26 33 40 42 57 67 74 
0 1 6 13 26 33 40 42 57 67 75 
0 1 6 13 26 33 40 42 57 69 75 
0 1 6 13 26 33 40 43 50 67 75 
0 1 6 13 26 33 40 43 50 69 75 
0 1 6 13 26 33 40 43 50 69 76 
0 1 6 13 26 33 40 44 52 59 65 72 
0 1 6 13 26 33 40 44 52 59 67 72 
0 1 6 13 26 33 40 44 52 60 65 72 
0 1 6 13 26 33 40 44 52 69 76 
0 1 6 13 26 33 40 44 57 69 76 
0 1 6 13 26 33 40 45 50 60 65 72 
0 1 6 13 26 33 40 45 50 65 68 73 
0 1 6 13 26 33 40 45 52 60 65 72 
0 1 6 13 26 33 40 45 52 65 68 73 
0 1 6 13 26 33 41 57 61 66 73 
0 1 6 13 26 33 41 57 61 66 74 
0 1 6 13 26 33 41 57 61 69 73 
0 1 6 13 26 33 41 57 61 69 76 
0 1 6 13 26 33 41 57 61 76 77 
0 1 6 13 26 33 42 50 60 61 77 
0 1 6 13 26 33 42 50 61 66 74 
0 1 6 13 26 33 42 50 61 69 75 
0 1 6 13 26 33 42 50 61 74 77 
0 1 6 13 26 33 42 57 60 61 77 
0 1 6 13 26 33 42 57 61 66 74 
0 1 6 13 26 33 42 57 61 69 75 
0 1 6 13 26 33 42 57 61 74 77 
0 1 6 13 26 33 43 50 61 69 75 
0 1 6 13 26 33 43 50 61 69 76 
0 1 6 13 26 33 43 50 61 76 77 
0 1 6 13 26 33 44 52 60 61 77 
0 1 6 13 26 33 44 52 61 69 76 
0 1 6 13 26 33 44 52 61 76 77 
0 1 6 13 26 33 44 57 61 69 76 
0 1 6 13 26 33 44 57 61 76 77 
0 1 6 13 26 33 45 50 60 61 77 
0 1 6 13 26 33 45 50 61 66 68 73 
0 1 6 13 26 33 45 52 60 61 77 
0 1 6 13 26 34 39 41 57 65 73 
0 1 6 13 26 34 39 42 50 66 74 
0 1 6 13 26 34 39 42 57 60 65 70 
0 1 6 13 26 34 39 42 57 66 74 
0 1 6 13 26 34 39 43 50 65 68 70 
0 1 6 13 26 34 39 43 50 66 68 71 
0 1 6 13 26 34 39 44 52 59 65 72 
0 1 6 13 26 34 39 44 52 59 66 71 
0 1 6 13 26 34 39 44 52 60 65 70 
0 1 6 13 26 34 39 44 52 60 65 72 
0 1 6 13 26 34 39 44 57 60 65 70 
0 1 6 13 26 34 39 44 57 60 65 72 
0 1 6 13 26 34 39 45 50 60 65 70 
0 1 6 13 26 34 39 45 50 60 65 72 
0 1 6 13 26 34 39 45 50 65 68 70 
0 1 6 13 26 34 39 45 50 65 68 73 
0 1 6 13 26 34 39 45 50 66 68 71 
0 1 6 13 26 34 40 41 57 65 73 
0 1 6 13 26 34 40 41 57 67 74 
0 1 6 13 26 34 40 41 57 69 73 
0 1 6 13 26 34 40 41 57 69 76 
0 1 6 13 26 34 40 42 50 67 74 
0 1 6 13 26 34 40 42 50 67 75 
0 1 6 13 26 34 40 42 50 69 75 
0 1 6 13 26 34 40 42 57 67 74 
0 1 6 13 26 34 40 42 57 67 75 
0 1 6 13 26 34 40 42 57 69 75 
0 1 6 13 26 34 40 43 50 67 75 
0 1 6 13 26 34 40 43 50 69 75 
0 1 6 13 26 34 40 43 50 69 76 
0 1 6 13 26 34 40 44 52 59 65 72 
0 1 6 13 26 34 40 44 52 59 67 72 
0 1 6 13 26 34 40 44 52 60 65 72 
0 1 6 13 26 34 40 44 52 69 76 
0 1 6 13 26 34 40 44 57 60 65 72 
0 1 6 13 26 34 40 44 57 69 76 
0 1 6 13 26 34 40 45 50 60 65 72 
0 1 6 13 26 34 41 57 61 66 73 
0 1 6 13 26 34 41 57 61 66 74 
0 1 6 13 26 34 41 57 61 69 73 
0 1 6 13 26 34 41 57 61 69 76 
0 1 6 13 26 34 41 57 61 76 77 
0 1 6 13 26 34 42 50 60 61 77 
0 1 6 13 26 34 42 50 61 66 74 
0 1 6 13 26 34 42 50 61 69 75 
0 1 6 13 26 34 42 50 61 74 77 
0 1 6 13 26 34 42 57 60 61 77 
0 1 6 13 26 34 42 57 61 66 74 
0 1 6 13 26 34 42 57 61 69 75 
0 1 6 13 26 34 42 57 61 74 77 
0 1 6 13 26 34 43 50 61 69 75 
0 1 6 13 26 34 43 50 61 69 76 
0 1 6 13 26 34 43 50 61 76 77 
0 1 6 13 26 34 44 52 61 69 76 
0 1 6 13 26 34 44 57 61 69 76 
0 1 6 14 25 33 41 57 58 66 73 
0 1 6 14 25 33 41 57 58 66 74 
0 1 6 14 25 33 41 57 58 67 74 
0 1 6 14 25 33 41 57 61 69 73 
0 1 6 14 25 33 41 57 61 69 76 
0 1 6 14 25 33 41 57 62 67 74 
0 1 6 14 25 33 42 50 58 66 74 
0 1 6 14 25 33 42 50 58 67 74 
0 1 6 14 25 33 42 50 58 67 75 
0 1 6 14 25 33 42 50 60 61 77 
0 1 6 14 25 33 42 50 60 62 70 
0 1 6 14 25 33 42 50 60 62 77 
0 1 6 14 25 33 42 50 61 66 74 
0 1 6 14 25 33 42 50 61 69 75 
0 1 6 14 25 33 42 50 61 74 77 
0 1 6 14 25 33 42 50 62 67 74 
0 1 6 14 25 33 42 50 62 67 75 
0 1 6 14 25 33 42 50 62 70 75 
0 1 6 14 25 33 42 57 58 66 74 
0 1 6 14 25 33 42 57 58 67 74 
0 1 6 14 25 33 42 57 61 69 75 
0 1 6 14 25 33 42 57 61 74 77 
0 1 6 14 25 33 42 57 62 67 74 
0 1 6 14 25 33 42 57 62 67 75 
0 1 6 14 25 33 42 57 62 70 75 
0 1 6 14 25 33 43 50 58 66 68 71 
0 1 6 14 25 33 43 50 58 67 75 
0 1 6 14 25 33 43 50 61 69 75 
0 1 6 14 25 33 43 50 61 69 76 
0 1 6 14 25 33 43 50 61 76 77 
0 1 6 14 25 33 43 50 62 67 75 
0 1 6 14 25 33 43 50 62 68 70 
0 1 6 14 25 33 43 50 62 70 75 
0 1 6 14 25 33 43 50 62 76 77 
0 1 6 14 25 33 44 52 58 59 66 71 
0 1 6 14 25 33 44 52 58 59 67 72 
0 1 6 14 25 33 44 52 60 62 70 
0 1 6 14 25 33 44 52 61 69 76 
0 1 6 14 25 33 44 57 61 76 77 
0 1 6 14 25 33 45 50 58 66 68 71 
0 1 6 14 25 33 45 50 58 66 68 73 
0 1 6 14 25 33 45 50 60 61 77 
0 1 6 14 25 33 45 50 61 66 68 73 
0 1 6 14 26 33 41 57 58 66 73 
0 1 6 14 26 33 41 57 58 66 74 
0 1 6 14 26 33 41 57 58 67 74 
0 1 6 14 26 33 41 57 61 69 73 
0 1 6 14 26 33 41 57 61 69 76 
0 1 6 14 26 33 41 57 61 76 77 
0 1 6 14 26 33 41 57 62 67 74 
0 1 6 14 26 33 42 50 58 66 74 
0 1 6 14 26 33 42 50 58 67 74 
0 1 6 14 26 33 42 50 61 66 74 
0 1 6 14 26 33 42 50 61 69 75 
0 1 6 14 26 33 42 50 62 67 74 
0 1 6 14 26 33 42 50 62 67 75 
0 1 6 14 26 33 42 50 62 70 75 
0 1 6 14 26 33 42 57 58 66 74 
0 1 6 14 26 33 42 57 61 69 75 
0 1 6 14 26 33 42 57 61 74 77 
0 1 6 14 26 33 42 57 62 67 74 
0 1 6 14 26 33 42 57 62 67 75 
0 1 6 14 26 33 42 57 62 70 75 
0 1 6 14 26 33 43 50 58 66 68 71 
0 1 6 14 26 33 43 50 58 67 75 
0 1 6 14 26 33 43 50 61 69 75 
0 1 6 14 26 33 43 50 61 69 76 
0 1 6 14 26 33 43 50 61 76 77 
0 1 6 14 26 33 43 50 62 68 70 
0 1 6 14 26 33 43 50 62 70 75 
0 1 6 14 26 33 44 52 58 59 66 71 
0 1 6 14 26 33 44 52 60 62 70 
0 1 6 14 26 33 45 50 58 66 68 71 
0 1 6 14 26 33 45 50 58 66 68 73 
0 1 6 14 26 33 45 50 61 66 68 73 
0 1 6 14 26 34 41 57 58 66 73 
0 1 6 14 26 34 41 57 58 66 74 
0 1 6 14 26 34 41 57 58 67 74 
0 1 6 14 26 34 41 57 61 69 73 
0 1 6 14 26 34 41 57 61 69 76 
0 1 6 14 26 34 41 57 62 67 74 
0 1 6 14 26 34 42 50 58 66 74 
0 1 6 14 26 34 42 50 61 66 74 
0 1 6 14 26 34 42 50 61 69 75 
0 1 6 14 26 34 42 50 62 67 74 
0 1 6 14 26 34 42 50 62 70 75 
0 1 6 14 26 34 42 57 61 69 75 
0 1 6 14 26 34 42 57 62 67 74 
0 1 6 14 26 34 42 57 62 67 75 
0 1 6 14 26 34 42 57 62 70 75 
0 1 6 14 26 34 43 50 58 66 68 71 
0 1 6 14 26 34 43 50 58 67 75 
0 1 6 14 26 34 43 50 61 69 75 
0 1 6 14 26 34 43 50 61 69 76 
0 1 6 14 26 34 43 50 62 68 70 
0 1 6 14 26 34 43 50 62 70 75 
0 1 6 14 26 34 44 57 60 62 70 
0 1 9 13 26 33 40 41 57 65 73 
0 1 9 13 26 33 40 41 57 67 74 
0 1 9 13 26 33 40 41 57 69 73 
0 1 9 13 26 33 40 42 50 67 74 
0 1 9 13 26 33 40 42 50 67 75 
0 1 9 13 26 33 40 42 50 69 75 
0 1 9 13 26 33 40 42 57 67 74 
0 1 9 13 26 33 40 42 57 67 75 
0 1 9 13 26 33 40 42 57 69 75 
0 1 9 13 26 33 40 43 50 67 75 
0 1 9 13 26 33 40 43 50 69 75 
0 1 9 13 26 33 40 45 50 60 65 72 
0 1 9 13 26 33 40 45 50 65 68 73 
0 1 9 13 26 33 41 57 61 69 73 
0 1 9 13 26 33 42 50 61 66 74 
0 1 9 13 26 33 42 50 61 69 75 
0 1 9 13 26 33 42 57 61 69 75 
0 1 9 13 26 33 43 50 61 69 75 
0 1 9 13 26 33 45 50 60 61 77 
0 1 9 13 26 34 40 41 57 65 73 
0 1 9 13 26 34 40 41 57 67 74 
0 1 9 13 26 34 40 41 57 69 73 
0 1 9 13 26 34 40 42 50 67 74 
0 1 9 13 26 34 40 42 50 67 75 
0 1 9 13 26 34 40 42 50 69 75 
0 1 9 13 26 34 40 42 57 67 74 
0 1 9 13 26 34 40 42 57 67 75 
0 1 9 13 26 34 40 42 57 69 75 
0 1 9 13 26 34 40 43 50 67 75 
0 1 9 13 26 34 40 44 57 60 65 72 
0 1 9 13 26 34 41 57 61 69 73 
0 1 9 13 26 34 42 50 61 66 74 
0 1 9 13 26 34 42 50 61 69 75 
0 1 9 13 26 34 42 57 61 69 75 
0 1 9 13 26 34 43 50 61 69 75 
0 1 9 15 25 33 42 50 60 62 70 
0 1 9 15 25 33 42 50 60 62 77 
0 1 9 15 25 33 42 50 60 63 70 
0 1 9 15 25 33 42 50 62 70 75 
0 1 9 15 25 33 42 50 63 70 75 
0 1 9 15 25 33 42 57 62 67 75 
0 1 9 15 25 33 42 57 62 70 75 
0 1 9 15 25 33 42 57 63 69 75 
0 1 9 15 25 33 42 57 63 70 75 
0 1 9 15 25 33 43 50 62 70 75 
0 1 9 15 25 33 43 50 62 76 77 
0 1 9 15 26 33 40 41 57 67 74 
0 1 9 15 26 33 40 41 57 69 73 
0 1 9 15 26 33 40 41 57 69 76 
0 1 9 15 26 33 40 42 50 69 75 
0 1 9 15 26 33 40 42 57 67 74 
0 1 9 15 26 33 41 57 62 76 77 
0 1 9 15 26 33 41 57 63 69 76 
0 1 9 15 26 33 43 50 62 70 75 
0 1 9 15 26 33 43 50 62 76 77 
0 1 9 15 26 33 43 50 63 69 75 
0 1 9 15 26 34 40 41 57 67 74 
0 1 9 15 26 34 40 41 57 69 73 
0 1 9 15 26 34 40 41 57 69 76 
0 1 9 15 26 34 40 42 57 67 75 
0 1 9 15 26 34 40 42 57 69 75 
0 1 9 15 26 34 40 44 57 69 76 
0 1 9 15 26 34 41 57 62 76 77 
0 1 9 15 26 34 41 57 63 69 76 
0 1 9 15 26 34 42 57 62 67 75 
0 1 9 15 26 34 44 57 60 62 70 
0 1 9 15 26 34 44 57 60 62 77 
0 1 9 15 26 34 44 57 60 63 70 
0 1 9 15 26 34 44 57 62 76 77 
0 1 9 15 26 34 44 57 63 69 76 
0 1 9 16 26 34 41 57 61 69 73 
0 1 9 16 26 34 41 57 61 69 76 
0 1 9 16 26 34 41 57 61 76 77 
0 1 9 16 26 34 41 57 63 69 76 
0 1 9 16 26 34 44 57 60 63 70 
0 1 9 16 26 34 44 57 60 64 72 
0 1 9 16 26 34 44 57 63 69 76 
0 1 14 17 25 33 41 57 61 69 73 
0 1 17 18 25 33 41 57 65 73 
0 2 7 14 23 30 35 41 57 61 69 73 
0 2 7 14 23 30 35 41 57 61 69 76 
0 2 7 14 23 30 35 41 57 61 76 77 
0 2 7 14 23 30 35 41 57 62 76 77 
0 2 7 14 23 30 35 42 50 61 69 75 
0 2 7 14 23 30 35 42 57 61 69 75 
0 2 7 14 23 30 35 42 57 62 67 75 
0 2 7 14 23 30 35 43 50 58 66 68 71 
0 2 7 14 23 30 35 43 50 61 69 75 
0 2 7 14 23 30 35 43 50 61 69 76 
0 2 7 14 23 30 35 44 57 62 76 77 
0 2 7 14 26 34 41 57 61 69 73 
0 2 7 14 26 34 41 57 61 69 76 
0 2 7 14 26 34 41 57 61 76 77 
0 2 7 14 26 34 44 52 58 59 66 71 
0 2 7 14 26 34 44 52 58 59 67 72 
0 2 7 14 26 34 44 57 62 76 77 
0 2 7 14 26 34 45 48 52 58 66 73 
0 2 7 14 26 34 45 48 52 58 67 72 
0 2 7 14 26 34 45 48 52 61 66 73 
0 2 7 14 26 34 45 52 61 66 68 73 
0 2 7 15 23 30 35 40 41 57 69 76 
0 2 7 15 23 30 35 40 42 57 67 75 
0 2 7 15 23 30 35 40 42 57 69 75 
0 2 7 15 23 30 35 40 44 57 69 76 
0 2 7 15 23 30 35 41 57 62 76 77 
0 2 7 15 23 30 35 41 57 63 69 76 
0 2 7 15 23 30 35 42 57 60 62 77 
0 2 7 15 26 34 40 41 57 69 73 
0 2 7 15 26 34 40 41 57 69 76 
0 2 7 15 26 34 40 44 52 69 76 
0 2 7 15 26 34 44 52 63 69 76 
0 2 7 15 26 34 44 57 62 76 77 
0 2 7 15 26 34 44 57 63 69 76 
0 2 10 15 20 23 30 41 57 62 76 77 
0 2 10 15 20 23 30 41 57 63 69 76 
0 2 10 15 20 23 30 42 50 60 62 70 
0 2 10 15 20 23 30 42 50 60 62 77 
0 2 10 15 20 23 30 42 50 60 63 70 
0 2 10 15 20 23 30 42 50 62 70 75 
0 2 10 15 20 23 30 42 50 63 69 75 
0 2 10 15 20 23 30 42 50 63 70 75 
0 2 10 15 20 23 30 42 57 60 62 70 
0 2 10 15 20 23 30 42 57 60 62 77 
0 2 10 15 20 23 30 42 57 60 63 70 
0 2 10 15 20 23 30 42 57 62 67 75 
0 2 10 15 20 23 30 42 57 62 70 75 
0 2 10 15 20 23 30 42 57 63 69 75 
0 2 10 15 20 23 30 42 57 63 70 75 
0 2 10 15 20 23 30 43 50 62 70 75 
0 2 10 15 20 23 30 43 50 62 76 77 
0 2 10 15 20 23 30 43 50 63 69 75 
0 2 10 15 20 23 30 43 50 63 69 76 
0 2 10 15 20 23 30 43 50 63 70 75 
0 2 10 15 20 23 30 43 50 63 71 76 
0 2 10 15 20 23 30 44 57 60 62 70 
0 2 10 15 20 23 30 44 57 60 63 70 
0 2 10 15 20 23 30 44 57 63 69 76 
0 2 10 15 20 23 30 45 50 60 63 70 
0 2 10 15 20 25 30 42 50 60 62 70 
0 2 10 15 20 25 30 42 50 60 62 77 
0 2 10 15 20 25 30 42 50 60 63 70 
0 2 10 15 20 25 30 42 50 62 70 75 
0 2 10 15 20 25 30 42 50 63 69 75 
0 2 10 15 20 25 30 42 50 63 70 75 
0 2 10 15 20 25 30 42 57 60 62 70 
0 2 10 15 20 25 30 42 57 60 62 77 
0 2 10 15 20 25 30 42 57 60 63 70 
0 2 10 15 20 25 30 42 57 62 67 75 
0 2 10 15 20 25 30 42 57 62 70 75 
0 2 10 15 20 25 30 42 57 63 69 75 
0 2 10 15 20 25 30 42 57 63 70 75 
0 2 10 15 20 25 30 43 50 62 70 75 
0 2 10 15 20 25 30 43 50 62 76 77 
0 2 10 15 20 25 30 43 50 63 69 75 
0 2 10 15 20 25 30 43 50 63 69 76 
0 2 10 15 20 25 30 43 50 63 70 75 
0 2 10 15 20 25 30 43 50 63 71 76 
0 2 10 15 20 25 30 44 57 60 62 70 
0 2 10 15 20 25 30 44 57 60 62 77 
0 2 10 15 20 25 30 44 57 60 63 70 
0 2 10 15 20 25 30 44 57 62 76 77 
0 2 10 15 20 25 30 44 57 63 69 76 
0 2 10 15 20 25 30 44 57 63 71 76 
0 2 10 15 20 25 30 45 50 60 63 70 
0 2 10 15 23 30 35 41 57 62 76 77 
0 2 10 15 23 30 35 41 57 63 69 76 
0 2 10 15 23 30 35 42 50 60 62 70 
0 2 10 15 23 30 35 42 50 60 62 77 
0 2 10 15 23 30 35 42 50 62 70 75 
0 2 10 15 23 30 35 42 50 63 69 75 
0 2 10 15 23 30 35 42 50 63 70 75 
0 2 10 15 23 30 35 42 57 60 62 70 
0 2 10 15 23 30 35 42 57 60 62 77 
0 2 10 15 23 30 35 42 57 60 63 70 
0 2 10 15 23 30 35 42 57 62 67 75 
0 2 10 15 23 30 35 42 57 62 70 75 
0 2 10 15 23 30 35 42 57 63 69 75 
0 2 10 15 23 30 35 42 57 63 70 75 
0 2 10 15 23 30 35 43 50 62 70 75 
0 2 10 15 23 30 35 43 50 62 76 77 
0 2 10 15 23 30 35 43 50 63 69 75 
0 2 10 15 23 30 35 43 50 63 69 76 
0 2 10 15 23 30 35 43 50 63 70 75 
0 2 10 15 23 30 35 43 50 63 71 76 
0 2 10 18 20 23 30 41 57 62 76 77 
0 2 10 18 20 23 30 41 57 64 76 77 
0 2 10 18 20 23 30 42 50 60 62 70 
0 2 10 18 20 23 30 42 50 60 62 77 
0 2 10 18 20 23 30 42 50 60 64 77 
0 2 10 18 20 23 30 42 50 62 70 75 
0 2 10 18 20 23 30 42 57 60 62 70 
0 2 10 18 20 23 30 42 57 60 64 77 
0 2 10 18 20 23 30 43 50 62 68 70 
0 2 10 18 20 23 30 43 50 62 70 75 
0 2 10 18 20 23 30 43 50 62 76 77 
0 2 10 18 20 23 30 43 50 64 68 71 
0 2 10 18 20 23 30 43 50 64 71 76 
0 2 10 18 20 23 30 43 50 64 76 77 
0 2 10 18 20 23 30 45 50 60 64 77 
0 2 10 18 20 23 30 45 50 64 68 71 
0 2 10 18 20 25 30 42 50 60 62 70 
0 2 10 18 20 25 30 42 50 60 62 77 
0 2 10 18 20 25 30 42 50 60 64 77 
0 2 10 18 20 25 30 42 50 62 70 75 
0 2 10 18 20 25 30 42 57 60 62 70 
0 2 10 18 20 25 30 42 57 60 62 77 
0 2 10 18 20 25 30 42 57 60 64 77 
0 2 10 18 20 25 30 42 57 62 70 75 
0 2 10 18 20 25 30 43 50 62 68 70 
0 2 10 18 20 25 30 43 50 62 70 75 
0 2 10 18 20 25 30 43 50 62 76 77 
0 2 10 18 20 25 30 43 50 64 68 71 
0 2 10 18 20 25 30 43 50 64 71 76 
0 2 10 18 20 25 30 43 50 64 76 77 
0 2 10 18 20 25 30 45 50 60 64 77 
0 2 10 18 20 25 30 45 50 64 68 71 
0 2 10 18 23 30 35 41 57 62 76 77 
0 2 10 18 23 30 35 41 57 64 76 77 
0 2 10 18 23 30 35 42 50 62 70 75 
0 2 10 18 23 30 35 43 50 62 68 70 
0 2 10 18 23 30 35 43 50 62 70 75 
0 2 10 18 23 30 35 43 50 62 76 77 
0 2 10 18 23 30 35 43 50 64 68 71 
0 2 10 18 23 30 35 43 50 64 71 76 
0 2 10 18 23 30 35 43 50 64 76 77 
0 2 10 20 23 30 39 43 50 63 68 71 
0 2 10 20 23 30 39 43 50 63 70 75 
0 2 10 20 23 30 39 43 50 63 71 76 
0 2 10 20 23 30 39 45 50 63 68 71 
0 2 10 20 25 30 39 43 50 63 68 70 
0 2 10 20 25 30 39 43 50 63 68 71 
0 2 10 20 25 30 39 43 50 63 70 75 
0 2 10 20 25 30 39 43 50 63 71 76 
0 2 10 20 25 30 39 45 50 63 68 70 
0 2 10 20 25 30 39 45 50 63 68 71 
0 2 14 17 20 23 30 42 50 61 69 75 
0 2 14 17 20 23 30 43 50 61 69 75 
0 2 14 17 20 23 30 43 50 61 69 76 
0 2 16 17 20 23 30 42 50 60 63 70 
0 2 16 17 20 23 30 42 50 60 64 77 
0 2 16 17 20 23 30 42 50 61 69 75 
0 2 16 17 20 23 30 42 50 63 69 75 
0 2 16 17 20 23 30 42 50 63 70 75 
0 2 16 17 20 23 30 43 50 61 69 75 
0 2 16 17 20 23 30 43 50 63 69 75 
0 2 16 17 20 23 30 43 50 63 69 76 
0 2 16 17 20 23 30 43 50 63 70 75 
0 2 16 17 20 25 30 42 50 60 63 70 
0 2 16 17 20 25 30 42 50 60 64 77 
0 2 16 17 20 25 30 42 50 63 69 75 
0 2 16 17 20 25 30 42 50 63 70 75 
0 2 16 17 20 25 30 43 50 63 68 70 
0 2 16 17 20 25 30 43 50 63 68 71 
0 2 16 17 20 25 30 43 50 63 70 75 
0 2 17 18 20 23 30 42 50 60 62 70 
0 2 17 18 20 23 30 42 50 60 64 77 
0 3 9 15 23 30 35 40 41 57 69 76 
0 3 9 15 23 30 35 40 42 57 69 75 
0 3 9 15 23 30 35 41 57 62 76 77 
0 3 9 15 23 30 35 41 57 63 69 76 
0 3 9 15 23 30 35 42 57 60 62 70 
0 3 9 15 23 30 35 42 57 60 62 77 
0 3 9 15 23 30 35 42 57 60 63 70 
0 3 9 15 23 30 35 42 57 62 70 75 
0 3 9 15 23 30 35 42 57 63 69 75 
0 3 9 15 23 30 35 42 57 63 70 75 
0 3 9 15 23 30 35 44 57 60 62 70 
0 3 9 15 23 30 35 44 57 60 62 77 
0 3 9 15 23 30 35 44 57 62 76 77 
0 3 9 15 23 30 35 44 57 63 69 76 
0 3 9 16 23 30 35 41 57 61 69 76 
0 3 9 16 23 30 35 41 57 61 76 77 
0 3 9 16 23 30 35 41 57 63 69 76 
0 3 9 16 23 30 35 41 57 64 76 77 
0 3 9 16 23 30 35 42 57 60 61 77 
0 3 9 16 23 30 35 42 57 60 63 70 
0 3 9 16 23 30 35 42 57 60 64 77 
0 3 9 16 23 30 35 42 57 61 69 75 
0 3 9 16 23 30 35 42 57 63 69 75 
0 3 9 16 23 30 35 42 57 63 70 75 
0 3 9 16 23 30 35 44 57 63 69 76 
0 3 10 15 23 28 30 42 50 60 63 70 
0 3 10 15 23 28 30 42 50 63 70 75 
0 3 10 15 23 28 30 42 57 60 63 70 
0 3 10 15 23 28 30 42 57 63 70 75 
0 3 10 15 23 28 30 43 50 63 71 76 
0 3 10 15 23 28 30 44 57 60 63 70 
0 3 10 15 23 28 30 44 57 63 71 76 
0 3 10 18 23 28 30 42 50 60 64 77 
0 3 10 18 23 28 30 42 57 60 64 77 
0 3 10 18 23 28 30 43 50 64 71 76 
0 3 10 18 23 28 30 43 50 64 76 77 
0 3 10 18 23 28 30 44 57 60 64 77 
0 3 10 18 23 28 30 44 57 64 71 76 
0 3 10 18 23 28 30 44 57 64 76 77 
0 3 10 18 23 28 31 42 50 60 64 77 
0 3 10 18 23 28 31 42 57 60 64 77 
0 3 10 18 23 28 31 44 57 64 71 76 
0 3 10 18 23 28 31 44 57 64 76 77 
0 3 10 18 23 30 35 42 57 62 70 75 
0 3 10 18 23 31 36 42 50 60 64 77 
0 3 10 18 23 31 36 42 50 62 70 75 
0 3 10 18 23 31 36 42 57 62 70 75 
0 3 10 18 23 31 36 43 50 62 76 77 
0 3 10 18 23 31 36 43 50 64 76 77 
0 3 10 18 23 31 36 44 57 60 62 70 
0 3 10 18 23 31 36 44 57 60 62 77 
0 3 10 18 23 31 36 44 57 62 76 77 
0 3 10 18 23 31 36 44 57 64 71 76 
0 3 10 23 28 30 39 44 57 63 71 76 
0 3 10 23 28 31 39 44 57 63 71 76 
0 3 10 23 31 36 39 44 57 63 71 76 
0 3 10 25 28 30 39 44 57 63 71 76 
0 3 11 16 23 28 30 44 57 63 71 76 
0 3 11 16 23 28 30 44 57 64 71 76 
0 3 11 16 23 28 31 42 57 60 64 77 
0 3 11 16 25 28 30 42 57 60 64 77 
0 4 11 16 20 25 30 42 50 60 63 70 
0 4 11 16 20 25 30 42 57 60 63 70 
0 5 8 13 25 32 40 42 57 67 75 
0 6 13 19 25 32 40 42 50 69 75 
0 6 13 19 25 32 40 42 57 69 75 
0 6 13 19 25 32 42 57 61 69 75 
