0 1 5 10 14 20 39 41 45 53 57 62 
0 1 5 10 14 20 41 45 53 57 62 72 
0 1 5 10 14 23 39 41 45 53 57 62 
0 1 5 10 14 23 39 45 53 57 62 66 
0 1 5 13 17 18 22 44 53 57 66 76 
0 1 5 13 17 20 29 44 48 57 62 72 
0 1 5 13 17 22 29 44 48 57 62 72 
0 1 5 13 17 22 29 44 48 57 72 76 
0 1 5 13 17 22 39 44 48 53 57 62 
0 1 5 13 17 22 39 44 48 53 57 76 
0 1 5 13 17 22 39 44 53 57 66 76 
0 1 5 13 17 22 39 48 53 57 62 70 
0 1 5 13 17 22 39 48 53 57 70 76 
0 1 5 13 17 22 39 53 57 62 66 70 
0 2 7 14 23 30 35 45 50 58 66 68 
