0 1 6 13 20 34 41 46 53 
0 1 6 13 20 34 41 48 53 
0 1 6 13 20 36 41 48 53 
0 1 6 13 20 36 44 52 
0 1 6 13 20 37 44 52 
0 1 6 13 20 37 45 52 
0 1 6 13 20 37 45 53 
0 1 6 13 21 34 41 46 53 
0 1 6 13 21 36 44 52 
0 1 6 13 21 37 44 52 
0 1 6 13 21 37 45 52 
0 1 6 13 21 37 45 53 
0 1 6 14 21 36 41 48 53 
0 1 6 14 21 36 44 52 
0 1 6 14 21 37 44 52 
0 1 6 14 21 37 45 52 
0 1 6 14 21 37 45 53 
0 1 8 13 20 34 41 46 53 
0 1 8 13 20 34 41 48 53 
0 1 8 13 20 34 41 48 55 
0 1 8 13 20 34 43 47 55 
0 1 8 13 20 37 44 52 
0 1 8 13 21 34 43 47 55 
0 1 8 13 21 37 44 52 
0 1 8 15 20 34 41 46 53 
0 1 8 15 20 34 41 48 53 
0 1 8 15 20 34 43 47 55 
0 1 8 15 20 37 45 53 
0 2 7 15 20 36 41 49 54 
0 2 7 15 20 37 43 49 54 
0 2 7 15 20 37 45 53 
0 2 7 15 23 36 41 49 54 
0 2 7 15 23 37 45 53 
0 4 12 20 27 34 43 50 
0 5 12 20 26 36 51 56 
0 5 12 20 28 34 43 49 
0 5 12 20 28 34 43 50 
0 5 12 20 28 36 50 56 
0 5 13 20 26 36 44 51 
0 5 13 20 28 36 50 56 
0 6 13 20 27 36 50 56 
0 6 13 20 27 36 51 56 
