0 1 6 14 21 35 42 47 54 
0 1 6 14 21 35 42 49 54 
0 1 6 14 21 37 42 49 54 
0 1 6 14 21 37 45 53 
0 1 6 14 21 38 45 53 
0 1 6 14 21 38 46 53 
0 1 6 14 21 38 46 54 
0 1 6 21 27 35 42 47 54 
0 1 6 21 27 37 42 49 54 
0 1 6 21 27 37 45 53 
0 1 6 21 27 38 45 53 
0 1 6 21 27 38 46 53 
0 1 6 22 27 37 42 49 54 
0 1 6 22 27 37 45 53 
0 1 6 22 27 38 45 53 
0 1 8 14 21 35 42 47 54 
0 1 8 14 21 35 42 49 54 
0 1 8 14 21 35 44 48 56 
0 1 8 14 21 38 46 53 
0 1 8 14 21 38 46 54 
0 1 8 15 22 35 42 47 54 
0 1 8 15 22 35 42 49 54 
0 1 8 15 22 35 42 49 56 
0 1 8 15 22 35 44 48 56 
0 1 8 15 22 37 45 53 
0 1 8 15 22 38 45 53 
0 1 8 16 21 35 42 47 54 
0 1 8 16 21 35 42 49 54 
0 1 8 16 21 35 42 49 56 
0 1 8 16 21 35 44 48 56 
0 1 8 16 21 37 42 49 54 
0 1 8 16 21 37 42 49 56 
0 1 8 16 21 38 46 54 
0 1 9 16 21 35 42 47 54 
0 1 9 16 21 35 42 49 54 
0 1 9 16 21 35 42 49 56 
0 1 9 16 21 37 42 49 54 
0 1 9 16 21 37 42 49 56 
0 1 9 16 21 37 49 56 57 
0 2 7 15 22 35 42 50 55 
0 2 7 15 22 35 44 48 55 
0 2 7 15 22 35 44 50 55 
0 2 7 15 22 37 42 50 55 
0 2 7 15 22 38 44 50 55 
0 2 7 21 27 37 42 49 54 
0 2 7 22 27 35 42 47 55 
0 2 9 16 21 30 37 42 49 
0 3 8 16 21 38 44 51 56 
0 6 14 21 29 37 51 57 
0 6 21 27 29 37 45 52 
0 6 21 27 29 37 52 57 
