0 1 6 11 16 21 31 36 41 59 77 85 96 101 106 
0 1 6 11 21 31 41 48 59 67 77 86 96 101 106 
0 1 7 11 15 22 30 35 41 49 59 68 76 87 95 102 106 110 
0 1 7 11 15 22 31 35 41 49 68 72 76 87 95 102 106 110 
0 1 7 11 15 28 31 35 49 68 72 76 87 91 95 102 106 110 
0 1 7 11 15 31 35 41 49 68 72 76 87 91 95 102 106 110 
0 1 7 11 15 31 35 49 53 68 72 76 87 91 95 102 106 110 
0 1 7 11 17 21 30 37 41 47 57 59 65 76 84 95 101 105 
0 1 7 11 17 21 30 37 41 47 57 59 65 76 84 95 101 106 
0 1 7 11 17 22 30 37 41 47 57 59 65 76 84 89 95 106 
0 1 7 11 17 22 30 37 41 47 57 59 65 76 84 95 101 106 
0 1 7 11 17 22 30 37 41 47 57 59 66 76 84 89 95 106 
0 1 7 11 17 22 30 37 41 47 57 59 66 76 84 95 102 106 
0 1 7 11 17 22 31 37 41 47 57 59 66 76 84 89 95 106 
0 1 7 11 17 22 31 37 41 47 57 59 66 76 84 95 102 106 
0 1 7 11 18 22 30 37 41 47 57 59 66 76 84 95 102 106 
0 2 6 10 17 21 30 36 40 44 54 59 63 67 77 97 101 105 
0 2 6 10 17 21 30 36 40 44 54 59 63 77 84 97 101 105 
0 2 6 10 17 21 30 36 40 44 54 59 63 78 84 97 101 105 
0 2 6 10 21 30 34 40 44 49 54 59 63 67 86 97 101 105 
0 2 6 10 21 30 40 44 48 54 59 63 67 77 86 97 101 105 
0 2 6 10 21 30 40 44 49 54 59 63 67 77 86 97 101 105 
