0 1 8 14 21 32 39 45 52 57 61 68 75 84 91 98 105 
0 1 8 14 21 32 39 45 52 57 61 68 75 84 92 98 105 
0 1 8 14 21 32 39 45 52 57 61 68 75 84 92 99 105 
0 1 8 14 21 32 39 45 52 57 61 68 75 85 91 98 104 
0 1 8 14 21 32 39 45 52 57 61 68 75 85 91 98 105 
0 1 8 14 21 32 39 45 52 57 62 68 75 84 91 98 105 
0 1 8 14 21 32 39 45 52 57 62 70 75 83 92 99 106 
0 1 8 14 21 32 39 45 52 57 62 70 75 84 91 98 105 
0 1 8 14 21 32 39 45 52 57 62 70 75 84 92 98 105 
0 1 8 15 21 32 39 45 52 57 61 68 75 84 91 98 105 
0 1 8 15 21 32 39 45 52 57 61 68 75 84 92 98 105 
0 1 8 15 21 32 39 45 52 57 61 68 75 84 92 99 105 
0 1 8 15 21 32 39 45 52 57 61 68 75 85 91 98 104 
0 1 8 15 21 32 39 45 52 57 61 68 75 85 91 98 105 
0 1 8 15 21 32 39 45 52 57 61 68 75 85 92 98 105 
0 1 8 15 21 32 39 45 52 57 62 68 75 84 91 98 105 
0 1 8 15 21 32 39 45 52 57 62 68 75 84 92 98 105 
0 1 8 15 22 32 39 45 52 57 61 68 75 84 92 98 105 
0 1 8 15 22 32 39 45 52 57 61 68 75 85 92 98 105 
0 2 8 15 21 32 39 45 52 57 61 68 75 84 92 98 105 
0 2 8 15 21 32 39 45 52 57 61 68 75 84 92 99 105 
0 2 8 15 21 32 39 45 52 57 61 68 75 85 92 98 105 
0 2 8 15 21 32 39 45 52 57 62 68 75 84 92 98 105 
0 2 8 15 22 32 39 45 52 57 61 68 75 84 92 98 105 
0 2 8 15 22 32 39 45 52 57 61 68 75 84 92 99 105 
0 2 8 15 22 32 39 45 52 57 62 68 75 84 92 99 105 
