0 1 8 13 24 30 37 42 53 58 65 82 86 93 98 110 
0 1 8 20 25 28 30 37 42 54 58 65 82 94 98 110 
0 1 8 20 25 30 37 42 53 54 58 65 82 94 98 110 
0 1 8 24 25 28 30 37 42 58 65 82 86 93 98 110 
0 1 8 24 25 30 37 42 53 58 65 82 86 93 98 110 
0 1 8 25 28 30 37 42 54 58 65 82 85 87 94 99 
0 1 8 25 28 30 37 42 54 58 65 82 86 94 98 110 
0 1 8 25 28 30 37 42 54 58 65 82 86 98 103 110 
0 1 8 25 28 30 37 42 54 58 65 82 87 94 98 110 
0 1 8 25 28 30 37 42 54 58 65 82 87 94 99 110 
0 1 8 25 30 37 42 53 54 58 65 82 86 93 98 110 
0 1 8 25 30 37 42 53 54 58 65 82 86 94 98 110 
0 1 8 25 30 37 42 53 54 58 65 82 86 98 103 110 
0 1 8 25 30 37 42 53 54 58 65 82 87 94 98 110 
0 1 8 25 30 37 42 53 54 58 65 82 87 94 99 110 
0 1 9 25 28 30 37 42 54 58 65 82 87 94 98 110 
0 1 9 25 28 30 37 42 54 58 65 82 87 94 99 110 
0 1 18 25 28 30 37 42 54 58 65 82 86 98 103 110 
0 1 18 25 28 30 37 42 54 58 65 82 87 94 98 110 
0 1 18 25 28 30 37 42 54 58 65 82 87 94 99 110 
0 1 18 25 28 30 37 42 54 58 65 82 87 98 103 110 
0 1 18 25 28 30 37 42 54 58 65 82 87 99 103 110 
0 2 6 19 23 27 30 34 38 51 61 65 69 70 93 97 101 
0 2 6 19 23 27 30 34 38 51 61 65 70 88 93 101 105 
0 2 6 19 23 27 30 34 38 51 61 65 70 93 97 101 105 
0 2 6 19 23 27 30 34 38 51 61 65 70 97 101 105 111 
0 2 6 19 23 27 34 38 51 65 70 77 97 101 105 109 111 
0 2 7 14 19 31 43 47 56 59 75 82 85 87 99 104 
0 2 7 14 19 31 43 47 56 59 75 82 85 88 99 104 
0 2 7 14 19 31 43 47 58 75 82 85 87 92 99 104 
0 2 7 14 19 31 43 47 58 75 82 85 88 92 99 104 
0 2 7 14 19 31 43 47 59 75 82 85 87 92 99 104 
0 2 9 14 27 31 38 43 56 59 66 71 85 88 95 99 
0 2 9 14 27 31 38 43 56 59 66 71 85 88 95 100 
0 2 9 14 28 30 38 42 54 58 65 82 87 94 99 110 
0 2 9 14 28 31 38 43 54 58 65 82 87 94 99 110 
0 2 15 19 23 27 30 34 38 51 61 65 70 93 97 101 105 
0 3 10 15 22 27 31 38 43 58 63 75 82 91 96 103 108 111 
0 4 11 18 28 33 40 47 54 60 67 74 89 96 103 110 
