0 1 4 8 18 22 30 35 40 44 61 66 69 93 100 109 111 
0 1 4 8 18 22 30 35 40 44 61 69 77 93 100 109 111 
0 1 4 8 18 22 31 35 40 44 61 66 69 93 100 109 111 
0 1 4 8 18 22 35 40 44 61 66 69 75 93 100 109 111 
0 1 6 22 28 35 40 44 49 56 61 65 75 83 88 97 104 
0 1 6 22 28 35 40 44 49 56 61 66 69 75 88 93 97 
0 1 6 22 28 35 40 44 49 56 61 66 69 75 88 97 104 
0 1 6 22 28 35 40 44 49 56 61 66 75 83 88 97 104 
0 1 6 22 28 35 40 44 49 61 66 69 75 88 93 97 111 
0 1 6 22 28 35 40 44 49 61 66 69 75 88 93 98 111 
0 1 6 22 28 35 40 44 49 61 66 69 75 88 93 109 111 
0 1 6 22 28 35 40 44 49 61 66 69 75 89 93 98 111 
0 1 8 17 22 30 35 40 44 49 56 61 65 83 88 97 104 
0 1 8 17 22 30 35 40 44 49 56 61 65 83 88 104 108 
0 1 8 17 22 30 35 40 44 49 56 61 65 83 88 104 109 
0 1 8 17 22 30 35 40 44 49 56 61 65 83 99 104 108 
0 1 8 17 22 30 35 40 44 49 56 61 66 69 88 93 109 
0 1 8 17 22 30 35 40 44 49 56 61 66 69 88 104 109 
0 1 8 17 22 30 35 40 44 49 56 61 66 69 93 100 109 
0 1 8 17 22 30 35 40 44 49 56 61 66 69 100 104 109 
0 1 8 17 22 30 35 40 44 49 56 61 66 83 88 104 109 
0 1 8 17 22 30 35 40 44 49 61 66 69 88 93 109 111 
0 1 8 17 22 30 35 40 44 49 61 66 69 93 100 109 111 
0 1 8 17 22 31 35 40 44 49 56 61 66 69 88 93 109 
0 1 8 17 22 31 35 40 44 49 56 61 66 69 88 104 109 
0 1 8 17 22 31 35 40 44 49 56 61 66 69 93 100 109 
0 1 8 17 22 31 35 40 44 49 56 61 66 69 100 104 109 
0 1 8 17 22 31 35 40 44 49 56 61 66 83 88 104 109 
0 1 8 17 22 31 35 40 44 49 61 66 69 88 93 109 111 
0 1 8 17 22 31 35 40 44 49 61 66 69 93 100 109 111 
0 1 8 17 22 35 40 44 49 56 61 65 75 83 88 97 104 
0 1 8 17 22 35 40 44 49 56 61 66 69 75 88 93 109 
0 1 8 17 22 35 40 44 49 56 61 66 75 83 88 97 104 
0 1 8 17 22 35 40 44 49 56 61 66 75 83 88 104 109 
0 1 8 18 22 30 35 40 44 49 61 66 69 93 100 109 111 
0 1 8 18 22 31 35 40 44 49 61 66 69 93 100 109 111 
0 2 15 19 23 27 30 34 51 61 65 70 93 97 101 
0 3 6 13 22 28 35 40 44 56 61 65 75 83 88 97 104 
0 3 6 13 22 28 35 40 44 56 61 66 75 83 88 97 104 
0 3 7 13 17 21 27 30 35 39 56 61 77 83 99 104 108 
0 3 7 13 17 21 27 30 35 39 56 61 77 83 99 104 109 
0 3 7 13 17 21 27 30 35 39 61 77 83 95 99 104 109 
0 3 7 13 17 21 30 35 39 44 56 61 65 83 99 104 108 
0 3 7 13 17 21 30 35 39 44 56 61 77 83 99 104 108 
0 3 7 13 17 21 30 35 39 44 56 61 77 83 99 104 109 
0 3 7 13 17 21 30 35 39 44 61 77 83 95 99 104 109 
0 3 7 13 17 27 30 35 39 56 61 68 77 90 99 104 108 
0 3 7 13 17 27 30 35 39 56 61 68 77 90 99 104 109 
0 3 7 13 17 27 30 35 39 56 61 68 77 90 100 104 109 
0 3 7 13 17 27 30 35 39 56 61 77 83 90 99 104 108 
0 3 7 13 17 27 30 35 39 56 61 77 83 90 99 104 109 
0 3 7 13 17 27 30 35 39 61 68 77 90 95 99 104 109 
0 3 7 13 17 27 30 35 39 61 68 77 90 95 100 104 109 
0 3 7 13 17 27 30 35 39 61 77 83 90 95 99 104 109 
0 3 7 13 17 27 30 39 46 56 61 68 77 90 99 104 108 
0 3 7 13 17 27 30 39 46 56 61 68 77 90 99 104 109 
0 3 7 13 17 27 30 39 46 56 61 68 77 90 100 104 109 
0 3 7 13 17 27 30 39 46 61 68 77 90 95 99 104 109 
0 3 7 13 17 27 30 39 46 61 68 77 90 95 100 104 109 
0 3 7 13 21 30 35 44 51 57 65 72 83 94 99 103 108 
0 3 7 13 21 30 35 44 51 57 65 72 83 94 99 104 108 
0 3 8 13 17 21 30 35 39 44 56 61 65 83 99 104 108 
0 3 8 13 17 21 30 35 39 44 56 61 77 83 99 104 108 
0 3 8 13 17 21 30 35 44 51 61 77 83 95 99 104 109 
0 3 8 13 17 21 30 35 44 51 63 72 77 83 95 99 104 
0 3 8 13 17 21 30 35 44 51 65 72 83 94 99 104 108 
0 3 8 13 17 21 30 35 44 51 65 72 83 95 99 104 108 
0 3 8 13 17 21 30 35 44 51 72 77 83 94 99 104 108 
0 3 8 13 17 21 30 35 44 51 72 77 83 95 99 104 108 
0 3 8 13 17 21 30 35 44 51 72 77 83 95 99 104 109 
0 3 8 13 17 21 30 35 44 51 73 77 83 95 99 104 109 
0 3 8 13 17 22 30 35 39 44 56 61 65 83 88 104 108 
0 3 8 13 17 22 30 35 39 44 56 61 65 83 88 104 109 
0 3 8 13 17 22 30 35 39 44 56 61 65 83 99 104 108 
0 3 8 13 17 22 30 35 39 44 56 61 66 83 88 104 109 
0 3 8 13 17 22 30 35 39 44 56 61 77 83 88 104 109 
0 3 8 13 17 22 30 35 39 44 56 61 77 83 99 104 108 
0 3 8 13 17 22 30 35 39 44 56 61 77 83 99 104 109 
0 3 8 13 17 22 30 35 39 44 61 65 83 88 95 104 109 
0 3 8 13 17 22 30 35 39 44 61 66 83 88 95 104 109 
0 3 8 13 17 22 30 35 39 44 61 77 83 88 95 104 109 
0 3 8 13 17 22 30 35 40 44 56 61 65 83 88 104 108 
0 3 8 13 17 22 30 35 40 44 56 61 65 83 99 104 108 
0 3 8 13 17 22 30 35 40 44 56 61 66 69 88 104 109 
0 3 8 13 17 22 30 35 40 44 56 61 66 69 100 104 109 
0 3 8 13 17 22 30 35 40 44 56 61 66 83 88 104 109 
0 3 8 13 17 22 30 35 40 44 56 61 77 83 88 104 109 
0 3 8 13 17 22 30 35 40 44 56 61 77 83 99 104 108 
0 3 8 13 17 22 30 35 40 44 56 61 77 83 99 104 109 
0 3 8 13 17 22 30 35 40 44 61 65 83 88 95 104 109 
0 3 8 13 17 22 30 35 40 44 61 66 69 88 95 104 109 
0 3 8 13 17 22 30 35 40 44 61 66 83 88 95 104 109 
0 3 8 13 17 22 30 35 40 44 61 77 83 88 95 104 109 
0 3 8 13 17 22 30 35 40 44 61 77 83 95 99 104 109 
0 3 8 13 17 22 30 35 44 51 61 65 83 88 95 104 109 
0 3 8 13 17 22 30 35 44 51 61 66 69 88 95 104 109 
0 3 8 13 17 22 30 35 44 51 61 66 69 95 100 104 109 
0 3 8 13 17 22 30 35 44 51 61 66 83 88 95 104 109 
0 3 8 13 17 22 30 35 44 51 61 69 77 95 100 104 109 
0 3 8 13 17 22 30 35 44 51 61 77 83 88 95 104 109 
0 3 8 13 17 22 30 35 44 51 61 77 83 95 99 104 109 
0 3 8 13 17 22 30 35 44 51 61 77 83 95 100 104 109 
0 3 8 13 17 22 30 35 44 51 63 72 77 83 95 99 104 
0 3 8 13 17 22 30 35 44 51 65 72 83 88 94 104 108 
0 3 8 13 17 22 30 35 44 51 65 72 83 88 95 104 108 
0 3 8 13 17 22 30 35 44 51 65 72 83 88 95 104 109 
0 3 8 13 17 22 30 35 44 51 65 72 83 94 99 104 108 
0 3 8 13 17 22 30 35 44 51 65 72 83 95 99 104 108 
0 3 8 13 17 22 30 35 44 51 65 73 83 88 95 104 109 
0 3 8 13 17 22 30 35 44 51 66 69 72 88 95 104 109 
0 3 8 13 17 22 30 35 44 51 66 69 72 95 100 104 109 
0 3 8 13 17 22 30 35 44 51 66 69 73 88 95 104 109 
0 3 8 13 17 22 30 35 44 51 66 69 73 95 100 104 109 
0 3 8 13 17 22 30 35 44 51 66 72 83 88 95 104 109 
0 3 8 13 17 22 30 35 44 51 66 73 83 88 95 104 109 
0 3 8 13 17 22 30 35 44 51 69 72 77 95 100 104 109 
0 3 8 13 17 22 30 35 44 51 72 77 83 95 99 104 108 
0 3 8 13 17 22 30 35 44 51 72 77 83 95 99 104 109 
0 3 8 13 17 22 35 40 44 56 61 66 75 83 88 104 109 
0 3 8 13 17 22 35 40 44 61 66 75 83 88 95 104 109 
0 3 8 13 17 26 30 35 39 56 61 68 77 90 99 104 109 
0 3 8 13 17 26 30 35 40 56 61 68 77 90 99 104 109 
0 3 8 13 17 26 30 35 40 56 61 77 83 90 99 104 109 
0 3 8 13 17 27 30 35 40 56 61 68 77 90 99 104 109 
0 3 8 13 17 27 30 35 40 56 61 77 83 90 99 104 109 
0 3 8 13 17 27 30 35 40 61 77 83 90 95 99 104 109 
0 3 8 13 17 27 30 35 51 61 68 77 90 95 99 104 109 
0 3 8 13 17 27 30 35 51 61 77 83 90 95 99 104 109 
0 3 8 13 17 27 30 39 46 56 61 68 77 90 99 104 109 
0 3 8 13 17 27 30 39 46 56 61 68 77 90 100 104 109 
0 3 8 13 17 27 30 39 46 61 68 77 90 95 99 104 109 
0 3 8 13 17 27 30 40 46 56 61 68 77 90 99 104 109 
0 3 8 13 17 27 30 40 46 56 61 68 77 90 100 104 109 
0 3 8 13 17 27 30 40 46 61 68 77 90 95 99 104 109 
0 3 8 13 17 30 35 44 51 61 77 83 90 95 99 104 109 
0 3 8 17 22 25 30 35 44 51 66 69 72 88 95 104 109 
0 3 8 17 22 25 30 35 44 51 66 69 73 88 95 104 109 
