0 1 5 9 17 24 30 34 39 43 59 63 67 84 89 93 97 
0 1 5 9 17 24 30 34 43 49 59 63 67 84 89 93 97 
0 1 5 9 17 24 30 35 39 43 59 63 67 84 89 93 97 
0 1 5 9 17 24 30 35 39 43 59 63 68 84 89 93 97 
0 1 5 9 17 24 30 35 39 43 59 63 78 84 89 93 97 
0 1 5 9 17 24 30 35 39 43 59 63 78 84 89 97 104 
0 1 5 9 17 24 30 35 39 43 63 68 84 89 93 97 106 
0 1 5 9 17 24 30 35 43 49 59 63 67 84 89 93 97 
0 1 5 9 17 24 30 35 43 49 59 63 68 84 89 93 97 
0 1 5 9 17 24 30 35 43 49 59 63 78 84 89 93 97 
0 1 5 9 17 24 30 35 43 49 59 63 78 84 89 97 104 
0 1 5 9 17 24 30 35 43 49 63 68 84 89 93 97 106 
0 1 5 9 17 24 31 35 39 43 59 63 68 84 89 93 97 
0 1 5 9 17 24 31 35 39 43 63 68 84 89 93 97 106 
0 1 5 9 17 24 35 39 43 59 63 68 76 84 89 93 97 
0 1 5 9 17 24 35 39 43 63 68 76 84 89 93 97 106 
0 1 5 9 17 25 30 34 39 43 59 63 67 84 89 93 97 
0 1 5 9 17 25 30 34 39 43 59 63 67 89 93 97 101 
0 1 5 9 17 25 30 35 39 43 59 63 67 84 89 93 97 
0 1 5 9 17 25 30 35 39 43 59 63 67 89 93 97 101 
0 1 5 9 17 25 30 35 39 43 59 63 68 84 89 93 97 
0 1 5 9 17 25 30 35 39 43 59 63 78 84 89 93 97 
0 1 5 9 17 25 30 35 39 43 63 68 84 89 93 97 106 
0 1 5 9 17 25 31 35 39 43 59 63 68 84 89 93 97 
0 1 5 9 17 25 31 35 39 43 63 68 84 89 93 97 106 
0 1 5 9 17 25 34 39 43 59 63 67 76 89 93 97 101 
0 1 5 9 17 25 35 39 43 59 63 67 76 89 93 97 101 
0 1 5 9 17 25 35 39 43 59 63 68 76 84 89 93 97 
0 1 5 9 17 25 35 39 43 59 63 68 76 89 93 97 101 
0 1 5 9 17 25 35 39 43 59 63 68 76 89 93 97 102 
0 1 5 9 17 25 35 39 43 63 68 76 84 89 93 97 106 
0 1 5 9 24 28 30 35 39 57 59 63 78 84 89 93 97 
0 1 5 9 24 28 30 35 39 57 59 63 78 84 89 93 108 
0 1 5 9 24 28 30 35 49 57 59 63 78 84 89 93 108 
0 1 5 9 24 28 30 35 49 57 59 63 78 84 89 104 108 
0 1 5 9 24 28 30 35 49 57 59 74 78 84 89 93 108 
0 1 5 9 24 28 31 35 39 57 59 63 68 84 89 93 97 
0 1 5 9 24 28 31 35 39 57 59 63 78 84 89 93 97 
0 1 5 9 24 28 31 35 39 57 59 64 68 84 89 93 108 
0 1 5 9 24 28 31 35 39 57 59 64 78 84 89 104 108 
0 1 5 9 24 28 31 35 39 57 59 68 74 84 89 93 108 
0 1 5 9 24 28 31 35 39 57 59 74 78 84 89 93 108 
0 1 5 9 24 28 31 35 39 57 59 74 78 84 89 104 108 
0 1 5 9 24 28 31 35 49 57 59 68 74 84 89 93 108 
0 1 5 9 24 28 31 35 49 57 59 74 78 84 89 93 108 
0 1 5 9 24 28 35 41 49 57 59 74 78 84 89 93 108 
0 1 5 9 24 28 35 41 49 57 59 74 78 84 89 104 108 
0 1 5 9 24 30 35 39 43 57 59 63 68 84 89 93 97 
0 1 5 9 24 30 35 39 43 57 59 63 78 84 89 93 97 
0 1 5 9 24 30 35 43 49 57 59 63 78 84 89 104 108 
0 1 5 9 24 30 35 43 49 57 59 67 74 84 89 93 108 
0 1 5 9 24 30 35 43 49 57 59 68 74 84 89 93 108 
0 1 5 20 25 28 31 39 45 57 59 68 74 84 93 100 108 
0 1 7 14 20 33 39 45 52 56 64 69 76 82 89 96 102 108 
0 1 7 19 25 32 39 45 51 56 63 69 76 82 89 95 101 108 
