0 1 6 11 16 21 31 36 41 46 56 59 64 77 85 96 101 106 
0 1 6 11 16 21 31 36 41 46 56 60 65 82 95 100 105 
0 1 6 11 16 21 31 36 41 46 60 65 82 84 90 95 100 
0 1 6 11 16 21 31 36 41 53 60 65 82 84 90 95 100 
0 1 6 11 16 21 31 36 41 53 60 65 82 90 95 100 105 
0 1 6 11 16 31 36 41 46 57 60 65 82 84 90 95 100 
0 1 6 11 16 31 36 41 46 57 60 65 82 90 95 100 105 
0 1 6 11 16 31 36 48 53 57 60 65 82 84 90 95 107 
0 1 6 18 21 24 31 36 41 53 60 65 82 99 102 105 
0 1 14 19 24 31 36 48 53 59 64 70 93 98 103 
0 1 14 19 24 31 36 48 53 60 65 82 94 99 104 
