0 1 5 10 14 19 23 35 44 53 57 64 73 84 94 103 
0 1 5 13 16 23 30 36 41 47 52 60 64 71 75 95 106 111 
0 1 5 13 16 23 30 36 41 47 52 60 64 75 82 95 106 111 
0 1 5 13 17 23 30 36 41 47 52 60 64 71 95 102 106 111 
0 1 5 13 17 23 30 36 41 48 52 60 64 71 95 102 106 111 
0 1 6 13 16 23 30 36 41 47 52 60 64 71 75 95 106 111 
0 1 6 13 17 23 30 36 41 47 52 60 64 71 75 95 106 111 
0 1 6 13 17 23 30 36 41 47 52 60 64 71 95 102 106 111 
0 1 6 13 17 23 30 36 41 47 52 60 71 75 91 95 106 111 
0 3 10 18 28 32 39 46 54 60 67 74 89 95 103 110 
0 3 10 18 28 32 39 46 54 60 67 74 89 96 103 110 
0 3 10 18 28 32 39 47 54 60 67 74 89 96 103 110 
0 3 11 18 28 32 39 46 54 60 67 74 89 96 103 110 
0 3 11 18 28 32 39 47 54 60 67 74 89 96 103 110 
0 3 11 18 28 32 40 46 54 60 67 74 89 96 103 110 
0 4 10 18 28 32 39 46 54 60 67 74 89 96 103 110 
0 4 11 18 27 33 40 47 56 61 68 75 85 90 97 104 
0 4 11 18 28 32 39 47 54 60 67 74 89 96 103 110 
0 4 11 18 28 32 39 47 54 60 67 75 89 96 103 110 
0 4 11 18 28 32 40 46 54 60 67 74 89 96 103 110 
0 4 11 18 28 32 40 47 54 60 67 74 89 96 103 110 
0 4 11 18 28 33 40 47 54 60 67 74 89 96 103 110 
