0 1 6 11 16 22 30 37 42 47 52 65 72 77 89 94 101 111 
0 1 6 11 16 22 30 37 42 47 52 65 77 89 94 101 105 111 
0 1 6 11 16 23 30 37 42 47 52 65 72 77 89 94 101 111 
0 1 6 11 18 22 30 37 42 47 60 65 72 77 83 96 101 108 
0 1 6 11 18 22 30 37 42 47 60 65 72 77 83 96 101 111 
0 1 6 11 18 22 30 37 42 47 60 65 72 77 89 96 101 111 
0 1 6 11 18 22 30 37 42 47 60 65 77 83 96 101 105 108 
0 1 6 11 18 22 30 37 42 47 60 65 77 83 96 101 105 111 
0 1 6 11 18 23 28 37 42 47 60 65 72 77 83 96 101 108 
0 1 6 11 18 23 28 37 42 47 60 65 72 77 83 96 101 111 
0 1 6 11 18 23 28 37 42 47 60 65 72 77 89 96 101 111 
0 2 6 11 16 23 30 42 47 52 57 65 77 82 89 94 101 106 
0 2 6 11 16 26 30 42 47 52 57 65 77 82 89 94 101 106 
0 2 6 11 18 23 28 37 42 47 60 65 72 77 83 96 101 108 
0 3 6 11 19 27 34 47 61 70 74 89 97 105 110 
0 3 11 16 24 31 39 47 52 61 66 74 89 102 110 
0 3 11 18 24 28 32 39 47 60 67 74 89 96 103 110 
0 3 11 18 24 28 32 39 47 61 67 74 89 96 103 110 
0 3 11 18 28 32 39 47 54 60 67 74 89 96 103 110 
0 3 11 18 28 33 39 47 54 60 67 74 89 96 103 110 
0 4 11 18 28 32 39 47 54 60 67 74 89 96 103 110 
0 4 11 18 28 32 40 47 54 60 67 74 89 96 103 110 
0 4 11 18 28 32 40 47 54 61 67 74 89 96 103 110 
0 4 11 18 28 33 40 47 54 60 67 74 89 96 103 110 
