0 1 13 16 21 28 30 34 45 49 62 66 71 89 93 104 108 
0 1 13 16 21 28 30 34 45 49 62 67 71 89 93 104 108 
0 1 13 16 21 28 30 34 45 49 67 71 83 89 93 98 109 
0 1 13 16 21 28 30 34 45 49 67 71 83 89 93 104 108 
0 1 13 16 21 28 30 34 45 49 67 71 83 89 93 104 109 
0 1 13 16 21 28 30 34 45 49 67 71 83 89 94 98 109 
0 1 13 16 21 28 30 35 39 50 62 66 71 89 93 104 108 
0 1 13 16 21 28 30 35 39 50 67 71 83 89 93 98 109 
0 1 13 16 21 28 30 35 39 50 67 71 83 89 93 104 108 
0 1 13 16 21 28 30 35 39 50 67 71 83 89 93 104 109 
0 1 13 16 21 28 30 35 39 50 67 71 83 89 94 98 109 
0 1 13 16 28 30 34 45 49 62 66 71 88 93 104 108 111 
0 1 13 16 28 30 34 45 49 62 66 71 88 99 103 108 111 
0 1 13 16 28 30 34 45 49 62 66 71 88 99 104 108 111 
0 1 13 16 28 30 34 45 49 62 66 71 89 93 104 108 111 
0 1 13 16 28 30 34 45 49 67 71 83 88 93 104 108 111 
0 1 13 16 28 30 34 45 49 67 71 83 88 93 104 109 111 
0 1 13 16 28 30 34 45 49 67 71 83 89 93 104 108 111 
0 1 13 16 28 30 34 45 49 67 71 83 89 93 104 109 111 
0 1 13 16 28 30 35 39 50 62 66 71 88 93 104 108 111 
0 1 13 16 28 30 35 39 50 62 66 71 88 99 103 108 111 
0 1 13 16 28 30 35 39 50 62 66 71 88 99 104 108 111 
0 1 13 16 28 30 35 39 50 62 66 71 89 93 104 108 111 
0 1 13 17 21 28 30 34 45 49 62 66 71 89 93 104 108 
0 2 6 17 21 28 30 35 39 50 56 67 71 83 94 98 109 
0 2 6 17 21 28 30 35 39 50 62 66 71 89 93 104 108 
0 2 6 17 21 28 30 35 39 50 67 71 83 89 93 98 109 
0 2 6 17 21 28 30 35 39 50 67 71 83 89 93 104 108 
0 2 13 17 21 28 30 35 39 50 62 66 71 89 93 104 108 
0 2 13 17 21 28 30 35 39 50 62 67 71 89 93 104 108 
0 2 13 17 21 28 30 35 39 50 67 71 83 89 93 98 109 
0 2 13 17 21 28 30 35 39 50 67 71 83 89 93 104 108 
0 2 13 17 21 28 30 35 39 50 67 71 83 89 93 104 109 
0 2 13 17 21 28 30 35 39 50 67 71 83 89 94 98 109 
0 2 17 21 25 27 30 35 39 50 62 66 71 89 93 104 108 
0 2 17 21 25 27 30 35 39 50 62 67 71 89 93 104 108 
0 2 17 21 25 27 30 35 39 50 67 71 83 89 93 98 109 
0 2 17 21 25 27 30 35 39 50 67 71 83 89 93 104 108 
0 2 17 21 25 27 30 35 39 50 67 71 83 89 93 104 109 
0 2 17 21 25 27 30 35 39 50 67 71 83 89 94 98 109 
0 2 17 21 25 28 30 35 39 50 62 66 71 89 93 104 108 
0 2 17 21 25 28 30 35 39 50 62 67 71 89 93 104 108 
0 2 17 21 25 28 30 35 39 50 67 71 83 89 93 98 109 
0 2 17 21 25 28 30 35 39 50 67 71 83 89 93 104 108 
0 2 17 21 25 28 30 35 39 50 67 71 83 89 93 104 109 
0 2 17 21 25 28 30 35 39 50 67 71 83 89 94 98 109 
0 2 17 22 25 27 30 35 39 50 56 67 71 83 94 98 109 
0 2 17 22 25 27 30 35 39 50 67 71 83 89 94 98 109 
0 2 17 22 25 27 30 35 39 50 67 71 83 90 94 98 109 
0 2 17 22 25 27 30 35 39 50 67 71 83 90 94 105 109 
0 2 17 22 25 27 30 35 46 50 67 71 83 90 94 105 109 
0 2 17 22 25 27 31 35 46 50 67 71 83 90 94 105 109 
0 2 17 22 25 28 30 35 39 50 67 71 83 89 94 98 109 
0 2 17 22 25 28 30 35 39 50 67 71 83 90 94 98 109 
0 2 17 22 25 28 30 35 39 50 67 71 83 90 94 105 109 
0 2 17 25 27 30 35 39 50 57 62 66 71 89 93 104 108 
0 2 17 25 27 30 35 39 50 57 67 71 83 89 93 104 108 
0 2 17 25 27 30 35 39 50 57 67 71 83 89 93 104 109 
0 2 17 25 27 30 35 39 50 57 67 71 83 89 94 98 109 
0 2 17 25 27 30 35 39 50 57 67 71 83 89 94 104 109 
0 2 17 25 27 30 35 39 50 57 67 71 83 89 94 105 109 
0 2 17 25 27 30 35 39 50 57 67 71 83 89 100 104 109 
0 2 17 25 27 30 35 39 50 57 67 71 83 90 94 105 109 
0 2 17 25 27 30 35 46 50 57 62 66 71 89 93 104 108 
0 2 17 25 27 30 35 46 50 57 62 66 71 89 100 104 108 
0 2 17 25 27 31 35 46 50 57 62 66 71 89 93 104 108 
0 2 17 25 27 31 35 46 50 57 62 66 71 89 100 104 108 
0 2 17 25 27 31 35 46 50 57 67 71 83 89 93 104 108 
0 2 17 25 27 31 35 46 50 57 67 71 83 89 93 104 109 
0 2 17 25 27 31 35 46 50 57 67 71 83 89 94 98 109 
0 2 17 25 27 31 35 46 50 57 67 71 83 89 94 104 109 
0 2 17 25 27 31 35 46 50 57 67 71 83 89 94 105 109 
0 2 17 25 27 31 35 46 50 57 67 71 83 89 100 104 109 
0 2 17 25 27 31 35 46 50 57 67 71 83 90 94 105 109 
0 3 7 11 22 30 34 45 49 56 62 66 71 88 99 103 108 
0 3 7 11 22 30 34 45 49 56 62 66 71 88 99 104 108 
0 3 7 11 22 30 34 45 49 56 62 67 71 88 99 103 108 
0 3 7 11 22 30 34 45 49 56 67 71 83 94 98 109 
0 3 7 11 22 30 34 45 49 62 66 71 88 99 103 108 111 
0 3 7 11 22 30 41 45 49 56 61 66 69 77 88 99 103 
0 3 7 11 22 30 41 45 49 56 61 66 69 77 94 98 103 
0 3 7 11 22 30 41 45 49 56 61 66 69 77 94 99 103 
0 3 7 11 22 30 41 45 49 56 62 66 69 77 88 99 103 
0 3 7 11 22 30 41 45 49 56 62 66 69 77 94 98 103 
0 3 7 11 22 30 41 45 49 56 62 66 69 77 94 99 103 
0 3 7 11 22 30 41 45 49 56 67 71 83 94 98 109 
0 3 7 11 22 30 41 45 49 61 66 69 77 88 99 103 111 
0 3 7 11 22 30 41 45 49 62 66 69 77 88 99 103 111 
0 3 7 11 22 30 41 45 49 62 66 71 88 99 103 108 111 
0 3 7 11 22 30 41 45 49 62 66 71 88 99 104 108 111 
0 3 7 11 22 30 41 45 49 62 66 77 88 99 103 108 111 
0 3 7 11 22 30 41 45 49 62 66 77 88 99 104 108 111 
0 3 7 11 22 30 41 45 49 62 67 71 88 99 103 108 111 
0 3 7 11 22 30 41 45 49 62 67 71 88 99 104 108 111 
0 3 7 13 16 30 34 45 49 62 66 71 88 99 103 108 111 
0 3 7 13 16 30 34 45 49 62 66 71 88 99 104 108 111 
0 3 7 13 16 30 34 45 49 62 67 71 88 99 103 108 111 
0 3 7 13 16 30 34 45 49 62 67 71 88 99 104 108 111 
0 3 7 13 22 30 34 45 49 62 66 71 88 99 103 108 111 
0 3 7 13 22 30 34 45 49 62 66 71 88 99 104 108 111 
0 3 7 13 22 30 34 45 49 62 67 71 88 99 103 108 111 
0 3 7 13 22 30 34 45 49 62 67 71 88 99 104 108 111 
0 3 7 13 22 30 41 45 49 61 66 69 77 88 99 103 111 
0 3 7 13 22 30 41 45 49 62 66 69 77 88 99 103 111 
0 3 7 13 22 30 41 45 49 62 66 71 88 99 103 108 111 
0 3 7 13 22 30 41 45 49 62 66 71 88 99 104 108 111 
0 3 7 13 22 30 41 45 49 62 66 77 88 99 103 108 111 
0 3 7 13 22 30 41 45 49 62 66 77 88 99 104 108 111 
0 3 7 13 22 30 41 45 49 62 67 71 88 99 103 108 111 
0 3 7 13 22 30 41 45 49 62 67 71 88 99 104 108 111 
0 3 7 13 23 30 34 45 49 57 62 66 71 89 100 104 108 
0 3 7 13 23 30 34 45 49 57 62 67 71 89 100 104 108 
0 3 7 13 23 30 34 45 49 62 66 71 88 99 103 108 111 
0 3 7 13 23 30 34 45 49 62 66 71 88 99 104 108 111 
0 3 7 13 23 30 34 45 49 62 66 71 89 99 104 108 111 
0 3 7 13 23 30 34 45 49 62 66 71 89 100 104 108 111 
0 3 7 13 23 30 34 45 49 62 67 71 88 99 103 108 111 
0 3 7 13 23 30 34 45 49 62 67 71 88 99 104 108 111 
0 3 7 13 23 30 34 45 49 62 67 71 89 99 104 108 111 
0 3 7 13 23 30 34 45 49 62 67 71 89 100 104 108 111 
0 3 7 13 23 30 41 45 49 57 62 66 71 89 100 104 108 
0 3 7 13 23 30 41 45 49 58 62 66 77 89 100 104 111 
0 3 7 13 23 30 41 45 49 58 62 66 77 95 99 104 111 
0 3 7 13 23 30 41 45 49 58 62 66 77 95 100 104 111 
0 3 7 13 23 30 41 45 49 62 66 69 77 95 99 103 111 
0 3 7 13 23 30 41 45 49 62 66 69 77 95 99 104 111 
0 3 7 13 23 30 41 45 49 62 66 71 88 99 103 108 111 
0 3 7 13 23 30 41 45 49 62 66 71 88 99 104 108 111 
0 3 7 13 23 30 41 45 49 62 66 71 89 99 104 108 111 
0 3 7 13 23 30 41 45 49 62 66 71 89 100 104 108 111 
0 3 7 13 23 30 41 45 49 62 66 77 95 99 104 108 111 
0 3 7 18 22 26 30 41 45 63 67 71 90 94 105 109 
0 3 7 18 22 27 34 37 45 63 67 72 90 94 105 109 
0 3 7 18 23 26 36 41 45 58 62 73 77 95 99 104 111 
0 3 7 18 23 26 36 41 45 58 62 73 77 95 99 110 111 
0 3 7 18 23 26 36 41 45 58 62 73 77 95 100 104 111 
0 3 7 18 23 26 36 41 45 62 69 73 77 95 99 110 111 
0 3 7 18 23 26 37 41 45 58 62 73 77 95 99 104 111 
0 3 7 18 23 26 37 41 45 58 62 73 77 95 100 104 111 
0 3 8 13 23 26 30 41 45 58 62 66 77 95 99 104 111 
0 3 8 13 23 26 30 41 45 58 62 66 77 95 100 104 111 
0 3 8 13 23 26 30 41 45 58 62 67 77 95 99 104 111 
0 3 8 13 23 26 30 41 45 58 62 67 77 95 100 104 111 
0 3 8 13 23 26 30 41 45 58 62 73 77 95 99 104 111 
0 3 8 13 23 30 34 45 49 62 66 71 88 99 104 108 111 
0 3 8 13 23 30 34 45 49 62 66 71 89 99 104 108 111 
0 3 8 13 23 30 34 45 49 62 66 71 89 100 104 108 111 
0 3 8 13 23 30 41 45 49 58 62 66 77 95 99 104 111 
0 3 8 13 23 30 41 45 49 58 62 66 77 95 100 104 111 
0 3 8 13 23 30 41 45 49 62 66 69 77 95 99 104 111 
0 3 8 13 23 30 41 45 49 62 66 77 89 99 104 108 111 
0 3 8 13 23 30 41 45 50 57 58 62 67 77 89 100 104 
0 3 8 13 23 30 41 45 50 57 62 67 71 89 100 104 109 
0 3 8 13 23 30 41 45 50 58 62 66 77 95 99 104 111 
0 3 8 13 23 30 41 45 50 58 62 67 77 89 100 104 111 
