0 1 4 9 14 19 33 41 46 51 64 69 70 77 86 96 101 106 
0 1 4 9 14 19 33 41 46 51 64 69 70 77 96 101 106 109 
0 1 4 9 14 19 33 41 46 51 64 69 70 85 86 96 101 106 
0 1 4 9 14 19 33 41 46 51 64 70 77 86 91 96 101 106 
0 1 4 9 14 19 33 41 46 51 64 70 77 91 96 101 106 109 
0 1 4 9 14 19 33 41 46 51 64 70 85 86 91 96 101 106 
0 1 4 9 14 19 33 41 51 64 70 79 85 86 91 96 101 106 
0 1 4 9 14 19 33 46 51 64 69 70 74 77 86 96 101 106 
0 1 4 9 14 19 33 46 51 64 70 74 77 86 91 96 101 106 
0 1 4 9 14 19 33 46 51 64 70 74 85 86 91 96 101 106 
0 1 4 9 14 19 33 51 64 70 74 79 85 86 91 96 101 106 
0 1 4 14 19 33 41 46 51 64 69 70 77 86 89 96 101 106 
0 1 4 14 19 33 41 46 51 64 69 70 77 89 96 101 106 109 
0 1 4 14 19 33 43 46 51 64 70 74 85 86 91 96 101 106 
0 1 6 9 14 19 33 38 46 51 56 64 70 74 85 91 96 101 
0 1 6 9 14 19 33 38 46 51 64 70 74 85 91 96 101 106 
0 1 6 14 19 33 38 43 46 51 64 70 74 85 91 96 101 106 
0 1 9 14 19 33 38 41 46 51 64 70 85 86 91 96 101 106 
0 1 9 14 19 33 38 46 51 64 70 74 85 86 91 96 101 106 
0 2 7 13 17 20 29 34 39 44 65 69 75 82 89 94 102 111 
0 2 7 13 17 22 28 29 34 39 44 65 69 75 82 89 94 111 
0 2 7 13 17 22 28 29 34 39 44 65 69 75 89 94 104 111 
0 2 7 13 17 22 28 29 34 39 44 65 69 82 89 94 109 111 
0 2 7 13 17 22 28 29 34 39 44 65 69 89 94 104 109 111 
0 2 7 13 17 22 28 29 34 39 44 69 75 82 89 94 99 111 
0 2 7 13 17 22 28 29 34 39 44 69 75 89 94 99 104 111 
0 2 7 13 17 22 28 29 34 39 44 69 82 89 94 99 109 111 
0 2 7 13 17 22 28 29 34 39 44 69 89 94 99 104 109 111 
0 2 7 13 17 22 28 29 34 39 65 69 77 82 89 94 109 111 
0 2 7 13 17 22 28 29 34 39 65 69 77 89 94 104 109 111 
0 2 7 13 17 22 28 29 34 39 69 77 82 89 94 99 109 111 
0 2 7 13 17 22 28 29 34 39 69 77 89 94 99 104 109 111 
0 2 7 13 17 22 28 29 34 44 65 69 72 75 89 94 104 111 
0 2 7 13 17 22 28 29 34 44 65 69 72 89 94 104 109 111 
0 2 7 13 17 22 28 29 34 44 69 72 75 89 94 99 104 111 
0 2 7 13 17 22 28 29 34 44 69 72 89 94 99 104 109 111 
0 2 7 13 17 22 28 29 34 65 69 72 77 89 94 104 109 111 
0 2 7 13 17 22 28 29 39 44 67 69 75 82 89 94 99 111 
0 2 7 13 17 22 28 29 39 44 67 69 75 89 94 99 104 111 
0 2 7 13 17 22 28 29 39 44 67 69 82 89 94 99 109 111 
0 2 7 13 17 22 28 29 39 44 67 69 89 94 99 104 109 111 
0 2 7 13 17 22 28 34 39 44 62 69 75 82 89 94 99 111 
0 2 7 13 17 22 28 34 39 44 62 69 75 89 94 99 104 111 
0 2 7 13 17 22 28 34 39 44 62 69 82 89 94 99 109 111 
0 2 7 13 17 22 28 34 39 44 62 69 89 94 99 104 109 111 
0 2 7 13 17 22 28 34 39 62 69 77 89 94 99 104 109 111 
0 2 7 13 17 22 28 34 44 62 69 72 89 94 99 104 109 111 
0 2 7 13 17 22 28 39 44 62 67 69 89 94 99 104 109 111 
0 2 7 13 17 22 28 44 62 67 69 72 89 94 99 104 109 111 
0 2 7 13 17 22 28 62 67 69 72 77 89 94 99 104 109 111 
0 2 7 13 17 26 31 39 44 62 67 69 75 89 94 99 104 111 
0 2 7 13 17 26 31 44 62 67 69 72 75 89 94 99 104 111 
0 2 7 13 17 28 29 34 39 44 65 69 75 82 89 94 102 111 
0 2 7 13 17 28 34 39 44 62 65 69 75 82 89 94 102 111 
