0 1 6 13 21 29 36 37 51 61 66 
0 1 6 13 21 29 36 37 51 61 69 
0 1 6 13 21 29 36 37 51 62 67 
0 1 6 13 21 29 36 37 51 62 69 
0 1 6 13 21 29 36 38 44 61 68 
0 1 6 13 21 29 36 38 44 62 67 
0 1 6 13 21 29 36 39 51 61 68 
0 1 6 13 21 29 36 39 51 61 69 
0 1 6 13 21 29 36 43 44 61 66 
0 1 6 13 21 29 36 43 44 61 68 
0 1 6 13 21 29 36 43 51 61 66 
0 1 6 13 21 29 36 43 51 61 68 
0 1 6 13 21 29 37 51 56 61 69 
0 1 6 13 21 29 37 51 57 62 69 
0 1 6 13 21 29 38 44 56 61 68 
0 1 6 13 21 29 38 44 56 63 68 
0 1 6 13 21 29 43 44 56 61 68 
0 1 6 13 21 29 43 44 57 65 
0 1 6 13 21 29 43 51 57 65 
0 1 6 13 21 29 44 52 56 64 
0 1 6 13 21 29 44 52 57 64 
0 1 6 13 21 29 44 52 57 65 
0 1 6 13 23 30 36 37 51 61 66 
0 1 6 13 23 30 36 37 51 61 69 
0 1 6 13 23 30 36 37 51 62 67 
0 1 6 13 23 30 36 37 51 62 69 
0 1 6 13 23 30 36 38 44 61 68 
0 1 6 13 23 30 36 38 44 62 67 
0 1 6 13 23 30 36 39 46 61 68 
0 1 6 13 23 30 36 39 46 61 69 
0 1 6 13 23 30 36 39 46 62 69 
0 1 6 13 23 30 36 39 51 61 68 
0 1 6 13 23 30 36 39 51 61 69 
0 1 6 13 23 30 36 39 51 62 69 
0 1 6 13 23 30 36 43 44 61 66 
0 1 6 13 23 30 36 43 44 61 68 
0 1 6 13 23 30 36 43 51 61 66 
0 1 6 13 23 30 36 43 51 61 68 
0 1 6 13 23 30 37 51 56 61 69 
0 1 6 13 23 30 38 44 56 61 68 
0 1 6 13 23 30 38 46 54 56 63 
0 1 6 13 23 30 38 46 54 57 62 
0 1 6 13 23 30 38 46 56 61 68 
0 1 6 13 23 30 38 46 56 63 68 
0 1 6 13 23 30 39 46 56 61 68 
0 1 6 13 23 30 39 46 56 61 69 
0 1 6 13 23 30 39 51 56 61 68 
0 1 6 13 23 30 39 51 56 61 69 
0 1 6 13 23 30 43 44 56 61 68 
0 1 6 13 23 30 43 44 57 65 
0 1 6 13 23 30 43 51 56 61 68 
0 1 6 13 23 30 43 51 57 65 
0 1 6 13 23 30 44 52 56 64 
0 1 6 13 23 30 44 52 57 64 
0 1 6 13 23 30 44 52 57 65 
0 1 6 13 24 29 36 37 51 61 66 
0 1 6 13 24 29 36 37 51 61 69 
0 1 6 13 24 29 36 37 51 62 67 
0 1 6 13 24 29 36 37 51 62 69 
0 1 6 13 24 29 36 38 44 62 67 
0 1 6 13 24 29 36 39 46 61 68 
0 1 6 13 24 29 36 39 46 61 69 
0 1 6 13 24 29 36 39 46 62 69 
0 1 6 13 24 29 36 39 51 61 68 
0 1 6 13 24 29 36 39 51 61 69 
0 1 6 13 24 29 36 39 51 62 69 
0 1 6 13 24 29 36 43 44 61 66 
0 1 6 13 24 29 36 43 44 61 68 
0 1 6 13 24 29 36 43 51 61 66 
0 1 6 13 24 29 36 43 51 61 68 
0 1 6 13 24 29 37 51 56 61 69 
0 1 6 13 24 29 37 51 57 62 69 
0 1 6 13 24 29 38 46 54 56 63 
0 1 6 13 24 29 38 46 54 57 62 
0 1 6 13 24 29 38 46 56 61 68 
0 1 6 13 24 29 39 46 56 61 68 
0 1 6 13 24 29 39 46 56 61 69 
0 1 6 13 24 29 39 46 56 63 68 
0 1 6 13 24 29 39 51 56 61 68 
0 1 6 13 24 29 39 51 56 61 69 
0 1 6 13 24 29 39 51 56 63 68 
0 1 6 13 24 29 39 51 56 64 69 
0 1 6 13 24 29 39 51 57 62 69 
0 1 6 13 24 29 39 51 57 64 69 
0 1 6 13 24 29 43 44 56 61 68 
0 1 6 13 24 29 43 44 57 65 
0 1 6 13 24 29 43 51 56 61 68 
0 1 6 13 24 29 43 51 57 65 
0 1 6 13 24 29 44 52 56 64 
0 1 6 13 24 29 44 52 57 64 
0 1 6 13 24 29 44 52 57 65 
0 1 6 14 21 29 43 44 57 65 
0 1 6 14 21 29 43 44 58 65 
0 1 6 14 21 29 43 44 58 66 
0 1 6 14 21 29 44 52 58 65 
0 1 6 14 23 30 37 51 58 66 
0 1 6 14 23 30 43 44 57 65 
0 1 6 14 23 30 43 44 58 65 
0 1 6 14 23 30 43 44 58 66 
0 1 6 14 23 30 43 51 57 65 
0 1 6 14 23 30 43 51 58 65 
0 1 6 14 23 30 43 51 58 66 
0 1 6 14 23 30 44 52 57 64 
0 1 6 14 23 30 44 52 57 65 
0 1 6 14 23 30 44 52 58 65 
0 1 6 14 24 29 37 51 57 62 69 
0 1 6 14 24 29 37 51 58 66 
0 1 6 14 24 29 39 51 57 62 69 
0 1 6 14 24 29 43 44 57 65 
0 1 6 14 24 29 43 44 58 65 
0 1 6 14 24 29 43 44 58 66 
0 1 6 14 24 29 43 51 57 65 
0 1 6 14 24 29 43 51 58 66 
0 1 9 14 21 29 37 51 57 62 69 
0 1 9 14 21 29 37 51 58 66 
0 1 9 14 21 29 39 51 57 62 69 
0 1 9 14 21 29 43 44 57 65 
0 1 9 14 21 29 43 44 58 65 
0 1 9 14 21 29 43 44 58 66 
0 1 9 14 21 29 43 51 57 65 
0 1 9 14 21 29 43 51 58 66 
0 1 9 14 23 30 37 51 58 66 
0 1 9 14 23 30 43 44 57 65 
0 1 9 14 23 30 43 44 58 65 
0 1 9 14 23 30 43 44 58 66 
0 1 9 14 23 30 43 51 57 65 
0 1 9 14 23 30 43 51 58 65 
0 1 9 14 23 30 43 51 58 66 
0 1 9 14 23 30 44 52 57 64 
0 1 9 14 23 30 44 52 57 65 
0 1 9 14 23 30 44 52 58 65 
0 1 9 21 29 34 37 51 59 66 
0 1 9 21 29 34 39 51 57 64 69 
0 1 9 21 29 34 39 51 60 68 
0 1 9 21 29 34 43 44 57 65 
0 1 9 21 29 34 43 44 60 65 
0 1 9 21 29 34 43 44 60 68 
0 1 9 21 29 34 43 51 57 65 
0 1 9 21 29 34 43 51 59 66 
0 1 9 21 29 34 43 51 60 65 
0 1 9 21 29 34 43 51 60 68 
0 1 9 21 29 34 44 52 57 64 
0 1 9 21 29 34 44 52 57 65 
0 1 9 21 29 34 44 52 60 65 
0 1 9 21 29 35 37 51 58 66 
0 1 9 21 29 35 37 51 61 66 
0 1 9 21 29 35 37 51 61 69 
0 1 9 21 29 35 39 51 60 68 
0 1 9 21 29 35 39 51 61 68 
0 1 9 21 29 35 39 51 61 69 
0 1 9 21 29 35 43 44 58 65 
0 1 9 21 29 35 43 44 58 66 
0 1 9 21 29 35 43 44 60 65 
0 1 9 21 29 35 43 44 60 68 
0 1 9 21 29 35 43 44 61 68 
0 1 9 21 29 35 43 51 58 65 
0 1 9 21 29 35 43 51 60 65 
0 1 9 21 29 35 43 51 60 68 
0 1 9 21 29 35 43 51 61 66 
0 1 9 21 29 35 43 51 61 68 
0 1 9 21 29 35 44 52 60 65 
0 1 9 23 30 34 37 51 59 66 
0 1 9 23 30 34 37 51 59 67 
0 1 9 23 30 34 37 51 60 67 
0 1 9 23 30 34 43 44 57 65 
0 1 9 23 30 34 43 44 60 65 
0 1 9 23 30 34 43 51 59 66 
0 1 9 23 30 34 43 51 60 65 
0 1 9 23 30 34 44 52 57 64 
0 1 9 23 30 34 44 52 57 65 
0 1 9 23 30 34 44 52 59 67 
0 1 9 23 30 34 44 52 60 65 
0 1 9 23 30 34 44 52 60 67 
0 1 9 23 30 35 37 51 58 66 
0 1 9 23 30 35 37 51 60 67 
0 1 9 23 30 35 43 51 58 65 
0 1 9 23 30 35 44 52 58 65 
0 1 9 23 30 35 44 52 60 65 
0 1 9 24 29 34 39 51 57 64 69 
0 1 9 24 29 34 43 44 57 65 
0 1 9 24 29 34 43 44 60 65 
0 1 9 24 29 34 43 51 60 65 
0 1 9 24 29 34 43 51 60 68 
0 1 13 15 21 29 37 51 56 61 69 
0 1 13 15 21 29 37 51 57 62 69 
0 1 13 15 21 29 39 51 56 61 68 
0 1 13 15 21 29 39 51 56 61 69 
0 1 13 15 21 29 39 51 56 63 68 
0 1 13 15 21 29 39 51 56 64 69 
0 1 13 15 21 29 39 51 57 62 69 
0 1 13 15 21 29 39 51 57 64 69 
0 1 13 15 21 29 43 51 56 61 68 
0 1 13 15 24 29 37 51 56 61 69 
0 1 13 15 24 29 37 51 57 62 69 
0 1 13 15 24 29 39 51 56 61 68 
0 1 13 15 24 29 39 51 56 61 69 
0 1 13 15 24 29 39 51 56 63 68 
0 1 13 15 24 29 43 51 56 61 68 
0 1 13 15 24 32 37 51 56 61 69 
0 1 13 15 24 32 37 51 57 62 69 
0 1 13 15 24 32 43 51 56 61 68 
0 1 15 16 21 29 37 51 59 66 
0 1 15 16 21 29 43 51 59 66 
0 1 15 16 24 29 37 51 59 66 
0 1 15 16 24 29 43 51 59 66 
0 1 15 16 24 32 43 51 59 66 
0 2 8 14 23 30 38 44 55 63 68 
0 2 8 14 23 30 38 46 54 55 63 
0 2 8 14 23 30 38 46 54 58 63 
0 2 8 14 23 30 38 46 55 63 68 
0 2 8 14 23 30 43 44 57 65 
0 2 8 14 23 30 43 44 58 65 
0 2 8 14 23 30 43 44 58 66 
0 2 8 14 23 30 44 52 57 65 
0 2 8 14 23 30 44 52 58 65 
0 2 8 14 23 31 38 44 55 63 68 
0 2 8 14 23 31 38 46 54 55 63 
0 2 8 14 23 31 38 46 54 58 63 
0 2 8 14 23 31 38 46 55 63 68 
0 2 8 14 23 31 39 51 57 62 69 
0 2 8 14 23 31 43 44 57 65 
0 2 8 14 23 31 43 44 58 65 
0 2 8 14 23 31 43 44 58 66 
0 2 8 14 23 31 43 51 57 65 
0 2 8 14 23 31 43 51 58 65 
0 2 8 14 23 31 43 51 58 66 
0 2 8 14 23 31 44 52 57 65 
0 2 8 14 24 31 37 51 55 62 69 
0 2 8 14 24 31 37 51 58 66 
0 2 8 14 24 31 43 44 57 65 
0 2 8 14 24 31 43 44 58 66 
0 2 8 14 24 31 43 51 57 65 
0 2 8 14 24 31 43 51 58 66 
0 2 8 16 23 31 38 44 56 63 68 
0 2 8 16 23 31 38 46 54 56 63 
0 2 8 16 23 31 38 46 54 58 63 
0 2 8 16 23 31 39 51 56 63 68 
0 2 8 16 23 31 43 44 58 66 
0 2 8 16 23 31 43 51 58 66 
0 2 8 16 24 31 37 51 58 66 
0 2 8 16 24 31 43 44 58 66 
0 2 8 16 24 31 43 51 58 66 
0 3 10 16 23 31 38 46 54 58 63 
0 3 10 16 23 31 39 46 53 58 63 
0 3 11 23 31 38 46 54 55 63 
0 3 15 16 24 31 39 46 53 56 63 
0 3 15 16 24 31 39 46 53 58 63 
0 3 15 16 24 31 39 46 53 59 64 
0 4 9 18 21 28 34 39 51 57 64 69 
0 4 12 17 21 28 35 43 44 60 68 
0 4 12 17 21 28 43 44 55 60 68 
0 4 12 17 23 28 38 44 55 60 68 
0 4 12 24 32 44 52 56 64 
0 5 7 12 21 28 35 43 44 61 68 
