0 1 5 10 16 20 27 32 57 62 67 
0 1 5 10 16 20 27 39 57 62 67 
0 1 5 10 16 20 29 39 53 62 67 
0 1 5 10 16 20 32 53 57 62 67 
0 1 5 10 16 22 27 39 46 57 62 
0 1 5 10 16 22 29 39 46 53 62 
0 1 5 10 16 22 32 46 53 57 62 
0 1 5 10 16 22 39 46 53 57 62 
0 1 5 10 20 31 34 40 53 56 62 67 
0 1 5 10 22 31 34 40 46 53 56 62 
0 1 5 11 22 33 34 40 43 46 58 62 
0 1 6 13 20 27 32 37 42 62 67 
0 1 6 16 20 27 32 37 57 62 67 
0 3 10 16 22 25 27 39 51 57 64 69 
0 5 11 18 19 33 43 44 58 66 
0 5 12 18 19 27 43 44 59 66 
0 5 12 18 19 33 43 44 59 66 
0 5 12 19 25 27 43 51 59 66 
