0 2 7 11 16 27 36 41 43 51 53 70 79 84 
0 2 7 11 16 27 36 43 53 54 70 74 79 84 
0 2 7 11 16 27 41 43 51 53 58 70 79 84 
0 2 7 11 16 27 43 53 54 58 70 74 79 84 
0 2 7 11 27 39 41 43 51 53 58 70 79 84 
0 2 7 12 16 27 37 41 43 51 53 56 70 84 
0 2 7 12 16 27 37 41 43 53 56 70 75 84 
0 2 7 12 16 27 41 43 53 58 70 75 79 84 
0 2 7 12 16 37 41 43 49 53 56 70 75 84 
0 2 7 12 16 41 43 49 53 58 70 75 79 84 
0 2 7 12 17 37 43 49 53 63 70 75 80 84 
0 2 7 12 27 39 41 43 51 53 58 70 79 84 
0 2 8 16 29 36 43 48 53 55 70 76 84 
0 2 10 16 29 36 43 48 53 55 70 76 84 
0 2 10 16 29 36 43 48 53 55 70 77 84 
0 2 10 16 29 36 43 48 53 56 70 77 84 
0 2 10 16 29 36 43 49 53 55 70 76 84 
0 2 10 16 29 36 43 49 53 55 70 77 84 
0 2 10 16 29 36 43 49 53 56 70 77 84 
0 2 10 16 29 37 43 48 53 56 70 77 84 
0 2 10 16 29 37 43 49 53 56 70 77 84 
0 2 10 16 30 36 43 49 53 55 70 77 84 
0 2 10 16 30 36 43 49 53 56 70 77 84 
0 2 10 17 29 37 43 48 53 56 70 77 84 
0 4 8 16 21 24 36 50 55 67 71 76 84 
0 4 9 10 16 25 29 36 53 55 72 77 84 
0 4 9 10 16 25 29 36 53 56 72 77 84 
0 4 9 10 16 25 36 51 53 55 72 77 84 
0 4 9 10 16 25 36 51 53 56 72 77 84 
0 4 9 10 16 25 37 51 53 56 72 77 84 
0 4 9 10 16 36 46 51 55 67 72 77 84 
0 4 9 10 16 36 46 51 56 67 72 77 84 
0 4 9 10 16 37 46 51 56 67 72 77 84 
0 4 9 10 17 25 37 51 53 56 72 77 84 
0 4 9 10 17 37 46 51 56 67 72 77 84 
0 4 9 11 16 25 36 41 51 53 72 79 84 
0 4 9 11 16 25 41 51 53 58 72 79 84 
0 4 9 11 16 36 41 46 51 67 72 79 84 
0 4 9 11 16 41 46 51 58 67 72 79 84 
0 4 10 16 21 36 46 51 56 67 72 77 84 
0 4 10 16 21 37 46 51 56 67 72 77 84 
0 4 10 16 25 36 43 51 53 56 72 77 84 
0 8 9 16 28 36 47 55 68 76 84 
