0 1 8 16 23 30 37 47 55 71 78 85 
0 1 8 16 23 30 37 48 55 71 78 85 
0 1 8 16 23 30 38 47 55 71 78 85 
0 1 8 16 23 30 38 48 55 66 71 78 
0 1 8 16 23 30 38 48 55 71 78 85 
0 1 8 16 23 32 34 48 55 71 82 85 
0 1 8 16 23 32 38 47 55 71 78 85 
0 1 8 16 23 32 38 48 55 66 71 78 
0 1 8 16 23 32 38 48 55 66 71 79 
0 1 8 16 27 30 37 47 55 67 78 85 
0 1 8 16 27 30 37 48 55 67 78 85 
0 1 8 16 27 30 38 47 55 67 78 85 
0 1 8 16 27 30 38 48 55 67 78 85 
0 1 8 16 27 34 37 47 55 67 74 85 
0 1 8 16 27 34 47 55 68 75 82 85 
0 1 8 16 27 34 48 55 67 74 82 85 
0 1 8 16 27 34 48 55 67 75 82 85 
0 1 8 16 28 31 32 48 55 68 79 82 
0 1 10 16 23 31 32 34 48 55 71 82 
0 8 9 16 28 36 47 55 68 76 84 
