0 1 4 10 14 25 33 48 54 64 68 73 78 83 
0 1 4 10 14 25 48 54 58 64 68 73 78 83 
0 1 4 10 16 25 33 40 48 54 64 68 73 83 
0 1 4 10 16 25 40 48 54 58 64 68 73 83 
0 1 4 10 25 40 48 54 58 64 68 73 78 83 
0 1 4 11 14 25 35 48 54 58 64 68 78 83 
0 1 4 11 16 25 35 40 48 54 58 64 68 83 
0 1 4 11 16 25 35 40 54 58 64 68 75 83 
0 1 4 11 16 35 40 50 54 58 64 68 75 83 
0 1 4 11 25 35 40 48 54 58 64 68 78 83 
0 1 4 11 25 35 40 54 58 64 68 75 78 83 
0 1 4 14 25 35 48 54 58 64 68 73 78 83 
0 1 6 11 16 25 30 35 40 43 48 54 58 64 
0 1 6 11 16 25 30 35 40 43 48 54 70 85 
0 1 6 11 16 25 30 35 40 43 48 58 70 80 
0 1 6 11 16 25 35 40 43 48 55 70 80 85 
