0 1 8 16 23 30 37 47 55 71 78 85 
0 1 8 16 23 30 37 48 55 71 78 85 
0 1 8 16 23 30 38 47 55 71 78 85 
0 1 8 16 23 30 38 48 55 66 71 78 
0 1 8 16 23 30 38 48 55 71 78 85 
0 1 8 16 23 31 32 34 48 55 71 82 
0 1 8 16 23 31 32 48 55 71 79 82 
0 1 8 16 23 31 34 48 55 71 74 82 
0 1 8 16 23 32 34 47 55 71 82 85 
0 1 8 16 23 32 34 48 55 71 82 85 
0 1 8 16 23 32 38 48 55 71 78 85 
0 1 8 16 23 34 47 55 71 74 82 85 
0 1 8 16 24 27 31 34 48 55 75 82 
0 1 8 16 24 27 31 35 48 55 75 82 
0 1 8 16 24 27 34 47 55 75 82 85 
0 1 8 16 24 27 35 38 48 55 66 75 
0 1 8 16 24 27 38 47 55 75 78 85 
0 1 8 16 24 27 38 48 55 66 75 78 
0 1 8 16 24 31 32 48 55 72 79 82 
0 1 8 16 24 32 38 47 55 71 78 85 
0 1 8 16 27 30 38 48 55 66 67 78 
0 1 8 16 27 30 38 48 55 67 78 85 
0 1 8 16 27 31 34 48 55 67 74 82 
0 1 8 16 27 31 34 48 55 67 75 82 
0 1 8 16 27 31 35 48 55 67 75 82 
0 1 8 16 27 34 48 55 67 75 82 85 
0 1 8 16 27 38 48 55 67 75 78 85 
0 1 10 16 23 31 32 34 48 55 71 82 
0 1 10 16 23 32 38 48 55 66 71 78 
0 1 10 16 27 31 34 48 55 67 75 82 
