0 1 5 11 16 24 29 35 40 43 47 51 58 76 
0 1 5 11 16 24 29 35 40 43 47 51 76 80 
0 1 5 11 16 29 35 40 43 45 51 58 70 76 
0 1 5 11 16 29 35 40 43 45 51 70 76 80 
0 1 5 11 24 29 35 40 43 47 51 58 76 83 
0 1 5 11 29 35 40 43 45 51 58 70 76 83 
0 1 5 12 16 24 29 35 40 43 47 51 58 76 
0 1 5 12 16 24 29 35 40 43 47 52 58 76 
0 1 5 12 16 24 29 40 43 47 51 56 76 81 
0 1 5 12 16 24 29 40 43 47 52 56 76 81 
0 1 5 12 16 29 35 40 43 45 51 58 70 76 
0 1 5 12 16 29 35 40 43 45 52 58 70 76 
0 1 5 12 16 29 40 43 45 51 56 70 76 81 
0 1 5 12 17 24 29 36 40 43 47 51 76 81 
0 1 5 12 17 24 29 36 40 43 47 52 76 81 
0 1 5 12 17 29 36 40 43 45 51 70 76 81 
0 1 5 12 17 29 36 40 43 45 52 70 76 81 
0 1 5 12 17 29 40 43 45 51 56 70 76 81 
0 1 5 12 17 29 40 43 45 52 56 70 76 81 
0 1 5 12 24 29 35 40 43 47 52 58 76 83 
0 1 5 12 29 35 40 43 45 52 58 70 76 83 
0 1 5 12 29 36 40 43 45 52 58 70 76 83 
0 1 5 16 19 29 34 40 43 45 52 56 70 81 
0 1 5 17 29 33 40 43 45 51 56 70 76 81 
0 1 6 11 16 25 30 35 40 43 48 54 58 
0 1 6 11 16 25 30 35 40 43 48 54 80 
0 1 6 11 16 25 30 35 40 43 48 58 75 
0 1 6 11 16 25 30 35 40 48 54 64 80 
0 1 6 11 16 25 30 35 40 48 64 75 80 
0 1 6 11 16 25 30 35 40 54 64 70 80 
0 1 6 11 16 25 30 40 43 48 55 75 80 
0 1 6 11 16 25 30 40 48 55 64 75 80 
0 1 6 11 16 25 30 40 55 64 70 75 80 
0 1 6 11 17 25 34 40 50 57 64 70 75 81 
0 1 6 11 20 25 35 50 58 64 70 75 83 
0 1 8 16 24 40 41 43 47 55 72 80 
0 1 8 16 25 40 41 43 47 55 72 80 
0 1 8 16 25 40 41 43 48 55 72 80 
0 1 8 16 25 40 41 43 48 55 73 80 
0 1 10 16 25 33 40 48 55 64 73 80 
