0 1 5 16 24 29 40 42 48 52 64 69 73 84 
0 1 5 16 25 29 40 42 45 54 65 69 79 
0 1 5 16 25 29 40 42 48 52 64 69 73 84 
0 1 5 16 25 29 40 42 48 53 59 69 73 84 
0 1 5 16 25 29 40 42 48 53 59 69 80 84 
0 1 5 16 25 29 40 42 48 59 64 69 73 84 
0 2 6 11 15 32 35 48 53 59 70 74 78 
0 2 6 11 15 32 35 48 53 59 70 74 85 
0 2 6 11 32 35 43 48 53 59 70 74 85 
0 2 6 11 32 35 43 53 55 59 70 74 85 
0 2 6 11 32 35 44 48 53 59 70 74 85 
0 2 6 11 32 35 44 53 55 59 70 74 85 
0 2 6 11 32 35 44 53 55 59 70 81 85 
0 2 6 17 32 35 43 53 55 59 69 80 84 
0 2 6 17 32 35 43 58 63 64 69 80 84 
0 2 6 19 32 35 43 53 55 59 69 74 85 
