0 1 6 13 18 25 33 38 47 55 69 76 84 
0 1 6 13 18 25 33 38 47 55 69 77 84 
0 1 6 13 18 25 33 38 47 55 69 77 85 
0 1 6 13 18 25 33 38 47 55 70 77 84 
0 1 6 13 18 25 33 38 47 55 70 77 85 
0 1 6 13 18 25 33 38 47 55 70 78 85 
0 1 6 13 18 25 33 38 48 55 64 69 74 81 
0 1 6 13 18 25 33 38 48 55 64 69 76 81 
0 1 6 13 18 25 33 38 48 55 66 69 74 81 
0 1 6 13 18 25 33 38 48 55 66 70 78 
0 1 6 13 18 25 33 38 48 55 69 77 85 
0 1 6 13 18 25 33 38 48 55 70 77 85 
0 1 6 13 18 25 33 38 48 55 70 78 85 
0 1 6 13 18 25 33 38 48 56 64 69 74 81 
0 1 6 13 18 25 33 38 48 56 64 69 76 81 
0 1 6 13 18 25 33 38 48 56 66 69 74 81 
0 1 6 13 18 25 33 38 48 56 66 70 78 
0 1 6 13 18 25 33 38 48 56 69 77 85 
0 1 6 13 18 25 33 38 48 56 70 77 85 
0 1 6 13 18 25 33 38 48 56 70 78 85 
0 1 6 13 18 25 33 38 49 53 56 69 74 81 
0 1 6 13 18 25 33 38 49 53 56 69 74 82 
0 1 6 13 18 25 33 38 49 53 56 69 76 81 
0 1 6 13 18 25 33 38 49 53 56 69 77 82 
0 1 6 13 18 25 33 38 49 53 56 70 75 82 
0 1 6 13 18 25 33 38 49 53 56 70 77 82 
0 1 6 13 18 25 33 38 49 56 65 69 74 82 
0 1 6 13 18 25 33 38 49 56 65 70 75 82 
0 1 6 13 18 25 33 38 49 56 66 69 74 81 
0 1 6 13 18 25 33 38 49 56 66 70 78 
0 1 6 13 18 25 33 38 50 55 64 69 74 81 
0 1 6 13 18 25 33 38 50 55 64 69 76 81 
0 1 6 13 18 25 33 38 50 55 64 69 76 83 
0 1 6 13 18 25 33 38 50 55 64 70 75 83 
0 1 6 13 18 25 33 38 50 55 65 69 74 82 
0 1 6 13 18 25 33 38 50 55 65 70 75 82 
0 1 6 13 18 25 33 38 51 53 56 69 74 81 
0 1 6 13 18 25 33 38 51 53 56 69 74 82 
0 1 6 13 18 25 33 38 51 53 56 69 76 81 
0 1 6 13 18 25 33 38 51 53 56 69 76 84 
0 1 6 13 18 25 33 38 51 53 56 69 77 82 
0 1 6 13 18 25 33 38 51 53 56 69 77 84 
0 1 6 13 18 25 33 38 51 53 56 70 77 82 
0 1 6 13 18 25 33 38 51 56 64 69 74 81 
0 1 6 13 18 25 33 38 51 56 64 69 76 81 
0 1 6 13 18 25 33 38 51 56 64 69 76 83 
0 1 6 13 18 25 37 41 47 55 69 76 84 
0 1 6 13 18 25 37 41 47 55 69 77 84 
0 1 6 13 18 25 37 41 47 55 69 77 85 
0 1 6 13 18 25 37 41 47 55 70 77 84 
0 1 6 13 18 25 37 41 47 55 70 77 85 
0 1 6 13 18 25 37 41 47 55 70 78 85 
0 1 6 13 18 25 37 41 48 55 64 69 76 81 
0 1 6 13 18 25 37 41 48 55 69 77 85 
0 1 6 13 18 25 37 41 48 55 70 77 85 
0 1 6 13 18 25 37 41 48 56 64 69 76 81 
0 1 6 13 18 25 37 41 48 56 69 77 85 
0 1 6 13 18 25 37 41 49 53 56 69 76 81 
0 1 6 13 18 25 37 41 49 53 56 70 75 82 
0 1 6 13 18 25 37 41 49 56 65 70 75 82 
0 1 6 13 18 25 37 41 50 55 64 70 75 83 
0 1 6 13 25 33 38 42 47 55 65 71 79 
0 1 6 13 25 33 38 42 47 55 65 72 79 
0 1 6 13 25 33 38 42 47 55 65 72 80 
0 1 6 13 25 33 38 42 47 55 69 76 84 
0 1 6 13 25 33 38 42 47 55 69 77 84 
0 1 6 13 25 33 38 42 47 55 69 77 85 
0 1 6 13 25 33 38 42 47 55 71 76 84 
0 1 6 13 25 33 38 42 47 55 71 78 85 
0 1 6 13 25 33 38 42 47 55 71 79 84 
0 1 6 13 25 33 38 42 47 55 72 77 84 
0 1 6 13 25 33 38 42 47 55 72 77 85 
0 1 6 13 25 33 38 42 47 55 72 79 84 
0 1 6 13 25 33 38 42 47 55 72 80 85 
0 1 6 13 25 33 38 42 48 55 64 69 76 81 
0 1 6 13 25 33 38 42 48 55 64 72 80 
0 1 6 13 25 33 38 42 48 55 66 71 78 
0 1 6 13 25 33 38 42 48 55 66 71 79 
0 1 6 13 25 33 38 42 48 55 66 72 79 
0 1 6 13 25 33 38 42 48 55 69 77 85 
0 1 6 13 25 33 38 42 48 55 71 78 85 
0 1 6 13 25 33 38 42 48 55 72 77 85 
0 1 6 13 25 33 38 42 48 55 72 80 85 
0 1 6 13 25 33 38 42 48 56 64 69 76 81 
0 1 6 13 25 33 38 42 48 56 64 72 80 
0 1 6 13 25 33 38 42 48 56 66 71 78 
0 1 6 13 25 33 38 42 48 56 66 71 79 
0 1 6 13 25 33 38 42 48 56 66 72 79 
0 1 6 13 25 33 38 42 48 56 69 77 85 
0 1 6 13 25 33 38 42 48 56 71 78 85 
0 1 6 13 25 33 38 42 48 56 72 77 85 
0 1 6 13 25 33 38 42 48 56 72 80 85 
0 1 6 13 25 33 38 42 49 53 56 69 76 81 
0 1 6 13 25 33 38 42 49 53 56 69 77 82 
0 1 6 13 25 33 38 42 49 56 65 71 79 
0 1 6 13 25 33 38 42 49 56 65 72 79 
0 1 6 13 25 33 38 42 49 56 65 72 80 
0 1 6 13 25 33 38 42 49 56 66 71 78 
0 1 6 13 25 33 38 42 49 56 66 71 79 
0 1 6 13 25 33 38 42 49 56 66 72 79 
0 1 6 13 25 33 38 42 50 55 64 69 76 81 
0 1 6 13 25 33 38 42 50 55 64 69 76 83 
0 1 6 13 25 33 38 42 50 55 64 72 80 
0 1 6 13 25 33 38 42 50 55 65 71 79 
0 1 6 13 25 33 38 42 50 55 65 72 79 
0 1 6 13 25 33 38 42 50 55 65 72 80 
0 1 6 13 25 33 38 43 47 55 65 72 79 
0 1 6 13 25 33 38 43 47 55 65 72 80 
0 1 6 13 25 33 38 43 47 55 65 73 80 
0 1 6 13 25 33 38 43 47 55 70 77 84 
0 1 6 13 25 33 38 43 47 55 70 77 85 
0 1 6 13 25 33 38 43 47 55 70 78 85 
0 1 6 13 25 33 38 43 47 55 72 77 84 
0 1 6 13 25 33 38 43 47 55 72 77 85 
0 1 6 13 25 33 38 43 47 55 72 79 84 
0 1 6 13 25 33 38 43 47 55 72 80 85 
0 1 6 13 25 33 38 43 47 55 73 78 85 
0 1 6 13 25 33 38 43 47 55 73 80 85 
0 1 6 13 25 33 38 43 48 55 64 72 80 
0 1 6 13 25 33 38 43 48 55 64 73 80 
0 1 6 13 25 33 38 43 48 55 64 73 81 
0 1 6 13 25 33 38 43 48 55 66 70 78 
0 1 6 13 25 33 38 43 48 55 66 72 79 
0 1 6 13 25 33 38 43 48 55 66 73 78 
0 1 6 13 25 33 38 43 48 55 66 73 81 
0 1 6 13 25 33 38 43 48 55 70 77 85 
0 1 6 13 25 33 38 43 48 55 70 78 85 
0 1 6 13 25 33 38 43 48 55 72 77 85 
0 1 6 13 25 33 38 43 48 55 72 80 85 
0 1 6 13 25 33 38 43 48 55 73 78 85 
0 1 6 13 25 33 38 43 48 55 73 80 85 
0 1 6 13 25 33 38 43 48 56 64 72 80 
0 1 6 13 25 33 38 43 48 56 64 73 80 
0 1 6 13 25 33 38 43 48 56 64 73 81 
0 1 6 13 25 33 38 43 48 56 66 70 78 
0 1 6 13 25 33 38 43 48 56 66 72 79 
0 1 6 13 25 33 38 43 48 56 66 73 78 
0 1 6 13 25 33 38 43 48 56 66 73 81 
0 1 6 13 25 33 38 43 48 56 70 77 85 
0 1 6 13 25 33 38 43 48 56 70 78 85 
0 1 6 13 25 33 38 43 48 56 72 77 85 
0 1 6 13 25 33 38 43 48 56 72 80 85 
0 1 6 13 25 33 38 43 48 56 73 78 85 
0 1 6 13 25 33 38 43 48 56 73 80 85 
0 1 6 13 25 33 38 43 49 53 56 70 77 82 
0 1 6 13 25 33 38 43 49 53 56 73 81 
0 1 6 13 25 33 38 43 49 56 65 72 79 
0 1 6 13 25 33 38 43 49 56 65 72 80 
0 1 6 13 25 33 38 43 49 56 65 73 80 
0 1 6 13 25 33 38 43 49 56 66 70 78 
0 1 6 13 25 33 38 43 49 56 66 72 79 
0 1 6 13 25 33 38 43 49 56 66 73 78 
0 1 6 13 25 33 38 43 49 56 66 73 81 
0 1 6 13 25 33 38 43 50 55 64 72 80 
0 1 6 13 25 33 38 43 50 55 64 73 80 
0 1 6 13 25 33 38 43 50 55 64 73 81 
0 1 6 13 25 33 38 43 50 55 65 72 79 
0 1 6 13 25 33 38 43 50 55 65 72 80 
0 1 6 13 25 33 38 43 50 55 65 73 80 
0 1 6 13 25 37 41 42 47 55 65 71 79 
0 1 6 13 25 37 41 42 47 55 65 72 79 
0 1 6 13 25 37 41 42 47 55 65 72 80 
0 1 6 13 25 37 41 42 47 55 69 76 84 
0 1 6 13 25 37 41 42 47 55 69 77 84 
0 1 6 13 25 37 41 42 47 55 69 77 85 
0 1 6 13 25 37 41 42 47 55 71 76 84 
0 1 6 13 25 37 41 42 47 55 71 78 85 
0 1 6 13 25 37 41 42 47 55 71 79 84 
0 1 6 13 25 37 41 42 47 55 72 77 84 
0 1 6 13 25 37 41 42 47 55 72 77 85 
0 1 6 13 25 37 41 42 47 55 72 79 84 
0 1 6 13 25 37 41 42 47 55 72 80 85 
0 1 6 13 25 37 41 42 48 55 64 69 76 81 
0 1 6 13 25 37 41 42 48 55 64 72 80 
0 1 6 13 25 37 41 42 48 55 66 71 78 
0 1 6 13 25 37 41 42 48 55 66 71 79 
0 1 6 13 25 37 41 42 48 55 66 72 79 
0 1 6 13 25 37 41 42 48 55 69 77 85 
0 1 6 13 25 37 41 42 48 55 71 78 85 
0 1 6 13 25 37 41 42 48 55 72 77 85 
0 1 6 13 25 37 41 42 48 55 72 80 85 
0 1 6 13 25 37 41 42 50 55 64 69 76 81 
0 1 6 13 25 37 41 42 50 55 64 72 80 
0 1 6 13 25 37 41 42 50 55 65 71 79 
0 1 6 13 25 37 41 42 50 55 65 72 79 
0 1 6 13 25 37 41 42 50 55 65 72 80 
0 1 6 13 25 37 41 43 47 55 65 72 79 
0 1 6 13 25 37 41 43 47 55 65 72 80 
0 1 6 13 25 37 41 43 47 55 65 73 80 
0 1 6 13 25 37 41 43 47 55 70 77 84 
0 1 6 13 25 37 41 43 47 55 70 77 85 
0 1 6 13 25 37 41 43 47 55 70 78 85 
0 1 6 13 25 37 41 43 47 55 72 77 84 
0 1 6 13 25 37 41 43 47 55 72 77 85 
0 1 6 13 25 37 41 43 47 55 72 79 84 
0 1 6 13 25 37 41 43 47 55 72 80 85 
0 1 6 13 25 37 41 43 47 55 73 78 85 
0 1 6 13 25 37 41 43 47 55 73 80 85 
0 1 6 13 25 37 41 43 48 55 64 72 80 
0 1 6 13 25 37 41 43 48 55 64 73 80 
0 1 6 13 25 37 41 43 48 55 64 73 81 
0 1 6 13 25 37 41 43 48 55 66 70 78 
0 1 6 13 25 37 41 43 48 55 66 72 79 
0 1 6 13 25 37 41 43 48 55 66 73 78 
0 1 6 13 25 37 41 43 48 55 66 73 81 
0 1 6 13 25 37 41 43 48 55 70 77 85 
0 1 6 13 25 37 41 43 48 55 70 78 85 
0 1 6 13 25 37 41 43 48 55 72 77 85 
0 1 6 13 25 37 41 43 48 55 72 80 85 
0 1 6 13 25 37 41 43 48 55 73 78 85 
0 1 6 13 25 37 41 43 48 55 73 80 85 
0 1 6 13 25 37 41 43 50 55 64 72 80 
0 1 6 13 25 37 41 43 50 55 65 72 79 
0 1 6 13 25 37 41 43 50 55 65 72 80 
0 1 6 13 25 37 41 43 50 55 65 73 80 
0 1 6 14 20 25 33 38 47 55 65 71 79 
0 1 6 14 20 25 33 38 47 55 71 76 84 
0 1 6 14 20 25 33 38 47 55 71 78 85 
0 1 6 14 20 25 33 38 48 55 66 71 78 
0 1 6 14 20 25 37 41 47 55 65 71 79 
0 1 6 14 20 25 37 41 47 55 70 77 84 
0 1 6 14 20 25 37 41 47 55 70 77 85 
0 1 6 14 20 25 37 41 47 55 70 78 85 
0 1 6 14 20 25 37 41 47 55 71 76 84 
0 1 6 14 20 25 37 41 47 55 71 78 85 
0 1 6 14 20 25 37 41 47 55 71 79 84 
0 1 6 14 20 25 37 41 48 55 66 70 78 
0 1 6 14 20 25 37 41 48 55 66 71 78 
0 1 6 14 20 25 37 41 48 55 66 71 79 
0 1 6 14 20 25 37 41 48 55 70 77 85 
0 1 6 14 20 25 37 41 48 55 70 78 85 
0 1 6 14 20 25 37 41 48 55 71 78 85 
0 1 6 14 25 33 38 43 47 55 65 72 79 
0 1 6 14 25 33 38 43 47 55 65 72 80 
0 1 6 14 25 33 38 43 47 55 65 73 80 
0 1 6 14 25 33 38 43 47 55 70 77 84 
0 1 6 14 25 33 38 43 47 55 70 77 85 
0 1 6 14 25 33 38 43 47 55 70 78 85 
0 1 6 14 25 33 38 43 47 55 72 77 84 
0 1 6 14 25 33 38 43 47 55 72 77 85 
0 1 6 14 25 33 38 43 47 55 72 79 84 
0 1 6 14 25 33 38 43 47 55 72 80 85 
0 1 6 14 25 33 38 43 47 55 73 78 85 
0 1 6 14 25 33 38 43 47 55 73 80 85 
0 1 6 14 25 33 38 43 48 55 64 72 80 
0 1 6 14 25 33 38 43 48 55 64 73 80 
0 1 6 14 25 33 38 43 48 55 64 73 81 
0 1 6 14 25 33 38 43 48 55 66 70 78 
0 1 6 14 25 33 38 43 48 55 66 72 79 
0 1 6 14 25 33 38 43 48 55 66 73 78 
0 1 6 14 25 33 38 43 48 55 66 73 81 
0 1 6 14 25 33 38 43 48 55 70 77 85 
0 1 6 14 25 33 38 43 48 55 70 78 85 
0 1 6 14 25 33 38 43 48 55 72 77 85 
0 1 6 14 25 33 38 43 48 55 72 80 85 
0 1 6 14 25 33 38 43 48 55 73 78 85 
0 1 6 14 25 33 38 43 48 55 73 80 85 
0 1 6 14 25 33 38 44 47 55 65 71 79 
0 1 6 14 25 33 38 44 47 55 65 73 80 
0 1 6 14 25 33 38 44 47 55 65 74 79 
0 1 6 14 25 33 38 44 47 55 71 78 85 
0 1 6 14 25 33 38 44 47 55 71 79 84 
0 1 6 14 25 33 38 44 47 55 73 78 85 
0 1 6 14 25 33 38 44 47 55 73 80 85 
0 1 6 14 25 33 38 44 48 55 64 73 80 
0 1 6 14 25 33 38 44 48 55 64 73 81 
0 1 6 14 25 33 38 44 48 55 64 74 81 
0 1 6 14 25 33 38 44 48 55 66 71 78 
0 1 6 14 25 33 38 44 48 55 66 71 79 
0 1 6 14 25 33 38 44 48 55 66 73 78 
0 1 6 14 25 33 38 44 48 55 66 73 81 
0 1 6 14 25 33 38 44 48 55 66 74 79 
0 1 6 14 25 33 38 44 48 55 66 74 81 
0 1 6 14 25 33 38 44 48 55 71 78 85 
0 1 6 14 25 33 38 44 48 55 73 78 85 
0 1 6 14 25 33 38 44 48 55 73 80 85 
0 1 8 13 25 33 38 42 47 55 65 71 79 
0 1 8 13 25 33 38 42 47 55 65 72 79 
0 1 8 13 25 33 38 42 47 55 65 72 80 
0 1 8 13 25 33 38 42 47 55 69 76 84 
0 1 8 13 25 33 38 42 47 55 69 77 84 
0 1 8 13 25 33 38 42 47 55 69 77 85 
0 1 8 13 25 33 38 42 47 55 71 76 84 
0 1 8 13 25 33 38 42 47 55 71 78 85 
0 1 8 13 25 33 38 42 47 55 71 79 84 
0 1 8 13 25 33 38 42 47 55 72 77 84 
0 1 8 13 25 33 38 42 47 55 72 77 85 
0 1 8 13 25 33 38 42 47 55 72 79 84 
0 1 8 13 25 33 38 42 47 55 72 80 85 
0 1 8 13 25 33 38 42 48 55 64 69 76 81 
0 1 8 13 25 33 38 42 48 55 64 72 80 
0 1 8 13 25 33 38 42 48 55 66 71 78 
0 1 8 13 25 33 38 42 48 55 66 71 79 
0 1 8 13 25 33 38 42 48 55 66 72 79 
0 1 8 13 25 33 38 42 48 55 69 77 85 
0 1 8 13 25 33 38 42 48 55 71 78 85 
0 1 8 13 25 33 38 42 48 55 72 77 85 
0 1 8 13 25 33 38 42 48 55 72 80 85 
0 1 8 13 25 33 38 42 48 56 64 69 76 81 
0 1 8 13 25 33 38 42 48 56 64 72 80 
0 1 8 13 25 33 38 42 48 56 66 71 78 
0 1 8 13 25 33 38 42 48 56 66 71 79 
0 1 8 13 25 33 38 42 48 56 66 72 79 
0 1 8 13 25 33 38 42 48 56 69 77 85 
0 1 8 13 25 33 38 42 48 56 71 78 85 
0 1 8 13 25 33 38 42 48 56 72 77 85 
0 1 8 13 25 33 38 42 48 56 72 80 85 
0 1 8 13 25 33 38 42 49 56 65 71 79 
0 1 8 13 25 33 38 42 49 56 65 72 79 
0 1 8 13 25 33 38 42 49 56 65 72 80 
0 1 8 13 25 33 38 42 49 56 66 71 78 
0 1 8 13 25 33 38 42 49 56 66 71 79 
0 1 8 13 25 33 38 42 49 56 66 72 79 
0 1 8 13 25 33 38 42 50 55 64 69 76 81 
0 1 8 13 25 33 38 42 50 55 64 72 80 
0 1 8 13 25 33 38 42 50 55 65 71 79 
0 1 8 13 25 33 38 42 50 55 65 72 79 
0 1 8 13 25 33 38 42 50 55 65 72 80 
0 1 8 13 25 33 38 43 47 55 65 72 79 
0 1 8 13 25 33 38 43 47 55 65 72 80 
0 1 8 13 25 33 38 43 47 55 65 73 80 
0 1 8 13 25 33 38 43 47 55 70 77 84 
0 1 8 13 25 33 38 43 47 55 70 77 85 
0 1 8 13 25 33 38 43 47 55 70 78 85 
0 1 8 13 25 33 38 43 47 55 72 77 84 
0 1 8 13 25 33 38 43 47 55 72 77 85 
0 1 8 13 25 33 38 43 47 55 72 79 84 
0 1 8 13 25 33 38 43 47 55 72 80 85 
0 1 8 13 25 33 38 43 47 55 73 78 85 
0 1 8 13 25 33 38 43 47 55 73 80 85 
0 1 8 13 25 33 38 43 48 55 64 72 80 
0 1 8 13 25 33 38 43 48 55 64 73 80 
0 1 8 13 25 33 38 43 48 55 64 73 81 
0 1 8 13 25 33 38 43 48 55 66 72 79 
0 1 8 13 25 33 38 43 48 55 66 73 78 
0 1 8 13 25 33 38 43 48 55 66 73 81 
0 1 8 13 25 33 38 43 48 55 70 77 85 
0 1 8 13 25 33 38 43 48 55 70 78 85 
0 1 8 13 25 33 38 43 48 55 72 77 85 
0 1 8 13 25 33 38 43 48 55 72 80 85 
0 1 8 13 25 33 38 43 48 55 73 78 85 
0 1 8 13 25 33 38 43 48 55 73 80 85 
0 1 8 13 25 33 38 43 48 56 64 72 80 
0 1 8 13 25 33 38 43 48 56 64 73 80 
0 1 8 13 25 33 38 43 48 56 64 73 81 
0 1 8 13 25 33 38 43 48 56 66 72 79 
0 1 8 13 25 33 38 43 48 56 66 73 78 
0 1 8 13 25 33 38 43 48 56 66 73 81 
0 1 8 13 25 33 38 43 48 56 70 77 85 
0 1 8 13 25 33 38 43 48 56 72 77 85 
0 1 8 13 25 33 38 43 48 56 72 80 85 
0 1 8 13 25 33 38 43 48 56 73 78 85 
0 1 8 13 25 33 38 43 48 56 73 80 85 
0 1 8 13 25 33 38 43 49 53 56 73 81 
0 1 8 13 25 33 38 43 49 56 65 72 79 
0 1 8 13 25 33 38 43 49 56 65 72 80 
0 1 8 13 25 33 38 43 49 56 65 73 80 
0 1 8 13 25 33 38 43 49 56 66 72 79 
0 1 8 13 25 33 38 43 49 56 66 73 78 
0 1 8 13 25 33 38 43 49 56 66 73 81 
0 1 8 13 25 33 38 43 50 55 64 72 80 
0 1 8 13 25 33 38 43 50 55 64 73 80 
0 1 8 13 25 33 38 43 50 55 64 73 81 
0 1 8 13 25 33 38 43 50 55 65 72 79 
0 1 8 13 25 33 38 43 50 55 65 72 80 
0 1 8 13 25 33 38 43 50 55 65 73 80 
0 1 8 13 25 33 40 42 47 55 65 71 79 
0 1 8 13 25 33 40 42 47 55 65 72 79 
0 1 8 13 25 33 40 42 47 55 65 72 80 
0 1 8 13 25 33 40 42 47 55 69 76 84 
0 1 8 13 25 33 40 42 47 55 69 77 84 
0 1 8 13 25 33 40 42 47 55 69 77 85 
0 1 8 13 25 33 40 42 47 55 71 76 84 
0 1 8 13 25 33 40 42 47 55 71 78 85 
0 1 8 13 25 33 40 42 47 55 71 79 84 
0 1 8 13 25 33 40 42 47 55 72 77 84 
0 1 8 13 25 33 40 42 47 55 72 77 85 
0 1 8 13 25 33 40 42 47 55 72 79 84 
0 1 8 13 25 33 40 42 47 55 72 80 85 
0 1 8 13 25 33 40 42 48 55 64 69 76 81 
0 1 8 13 25 33 40 42 48 55 64 72 80 
0 1 8 13 25 33 40 42 48 55 66 71 78 
0 1 8 13 25 33 40 42 48 55 66 71 79 
0 1 8 13 25 33 40 42 48 55 66 72 79 
0 1 8 13 25 33 40 42 48 55 69 77 85 
0 1 8 13 25 33 40 42 48 55 71 78 85 
0 1 8 13 25 33 40 42 48 55 72 80 85 
0 1 8 13 25 33 40 42 48 56 64 69 76 81 
0 1 8 13 25 33 40 42 48 56 64 72 80 
0 1 8 13 25 33 40 42 48 56 66 71 78 
0 1 8 13 25 33 40 42 48 56 66 71 79 
0 1 8 13 25 33 40 42 48 56 66 72 79 
0 1 8 13 25 33 40 42 48 56 69 77 85 
0 1 8 13 25 33 40 42 48 56 71 78 85 
0 1 8 13 25 33 40 42 48 56 72 80 85 
0 1 8 13 25 33 40 42 49 56 65 71 79 
0 1 8 13 25 33 40 42 49 56 65 72 79 
0 1 8 13 25 33 40 42 49 56 65 72 80 
0 1 8 13 25 33 40 42 49 56 66 71 78 
0 1 8 13 25 33 40 42 49 56 66 71 79 
0 1 8 13 25 33 40 42 49 56 66 72 79 
0 1 8 13 25 33 40 42 50 55 64 72 80 
0 1 8 13 25 33 40 42 50 55 65 71 79 
0 1 8 13 25 33 40 42 50 55 65 72 79 
0 1 8 13 25 33 40 42 50 55 65 72 80 
0 1 8 13 25 33 40 42 51 53 56 69 76 81 
0 1 8 13 25 33 40 42 51 53 56 69 76 84 
0 1 8 13 25 33 40 42 51 53 56 69 77 84 
0 1 8 13 25 33 40 42 51 53 56 72 77 84 
0 1 8 13 25 33 40 42 51 56 64 69 76 81 
0 1 8 13 25 33 40 42 51 56 64 72 80 
0 1 8 13 25 33 40 43 47 55 65 72 79 
0 1 8 13 25 33 40 43 47 55 65 72 80 
0 1 8 13 25 33 40 43 47 55 65 73 80 
0 1 8 13 25 33 40 43 47 55 72 77 84 
0 1 8 13 25 33 40 43 47 55 72 77 85 
0 1 8 13 25 33 40 43 47 55 72 79 84 
0 1 8 13 25 33 40 43 47 55 72 80 85 
0 1 8 13 25 33 40 43 47 55 73 78 85 
0 1 8 13 25 33 40 43 47 55 73 80 85 
0 1 8 13 25 33 40 43 48 55 64 72 80 
0 1 8 13 25 33 40 43 48 55 64 73 80 
0 1 8 13 25 33 40 43 48 55 64 73 81 
0 1 8 13 25 33 40 43 48 55 66 72 79 
0 1 8 13 25 33 40 43 48 55 66 73 78 
0 1 8 13 25 33 40 43 48 55 66 73 81 
0 1 8 13 25 33 40 43 48 55 72 77 85 
0 1 8 13 25 33 40 43 48 55 72 80 85 
0 1 8 13 25 33 40 43 48 55 73 78 85 
0 1 8 13 25 33 40 43 48 55 73 80 85 
0 1 8 13 25 33 40 43 48 56 64 72 80 
0 1 8 13 25 33 40 43 48 56 64 73 80 
0 1 8 13 25 33 40 43 48 56 64 73 81 
0 1 8 13 25 33 40 43 48 56 66 72 79 
0 1 8 13 25 33 40 43 48 56 66 73 78 
0 1 8 13 25 33 40 43 48 56 66 73 81 
0 1 8 13 25 33 40 43 48 56 72 77 85 
0 1 8 13 25 33 40 43 48 56 72 80 85 
0 1 8 13 25 33 40 43 48 56 73 78 85 
0 1 8 13 25 33 40 43 48 56 73 80 85 
0 1 8 13 25 33 40 43 49 53 56 73 81 
0 1 8 13 25 33 40 43 49 56 65 72 79 
0 1 8 13 25 33 40 43 49 56 65 72 80 
0 1 8 13 25 33 40 43 49 56 65 73 80 
0 1 8 13 25 33 40 43 49 56 66 72 79 
0 1 8 13 25 33 40 43 49 56 66 73 78 
0 1 8 13 25 33 40 43 49 56 66 73 81 
0 1 8 13 25 33 40 43 50 55 64 72 80 
0 1 8 13 25 33 40 43 50 55 64 73 80 
0 1 8 13 25 33 40 43 50 55 64 73 81 
0 1 8 13 25 33 40 43 50 55 65 72 79 
0 1 8 13 25 33 40 43 50 55 65 72 80 
0 1 8 13 25 33 40 43 50 55 65 73 80 
0 1 8 13 25 33 40 43 51 53 56 73 81 
0 1 8 13 25 33 40 43 51 56 64 72 80 
0 1 8 13 25 33 40 43 51 56 64 73 80 
0 1 8 13 25 33 40 43 51 56 64 73 81 
0 1 8 13 25 37 41 42 47 55 65 71 79 
0 1 8 13 25 37 41 42 47 55 65 72 79 
0 1 8 13 25 37 41 42 47 55 65 72 80 
0 1 8 13 25 37 41 42 47 55 71 76 84 
0 1 8 13 25 37 41 42 47 55 71 78 85 
0 1 8 13 25 37 41 42 47 55 71 79 84 
0 1 8 13 25 37 41 42 47 55 72 77 84 
0 1 8 13 25 37 41 42 47 55 72 77 85 
0 1 8 13 25 37 41 42 47 55 72 79 84 
0 1 8 13 25 37 41 42 47 55 72 80 85 
0 1 8 13 25 37 41 42 48 55 64 72 80 
0 1 8 13 25 37 41 42 48 55 66 71 78 
0 1 8 13 25 37 41 42 48 55 66 71 79 
0 1 8 13 25 37 41 42 48 55 66 72 79 
0 1 8 13 25 37 41 42 48 55 71 78 85 
0 1 8 13 25 37 41 42 48 55 72 77 85 
0 1 8 13 25 37 41 42 48 55 72 80 85 
0 1 8 13 25 37 41 42 48 56 66 71 78 
0 1 8 13 25 37 41 42 48 56 66 71 79 
0 1 8 13 25 37 41 42 48 56 66 72 79 
0 1 8 13 25 37 41 42 48 56 71 78 85 
0 1 8 13 25 37 41 42 48 56 72 77 85 
0 1 8 13 25 37 41 42 48 56 72 80 85 
0 1 8 13 25 37 41 42 49 56 65 71 79 
0 1 8 13 25 37 41 42 49 56 65 72 79 
0 1 8 13 25 37 41 42 49 56 65 72 80 
0 1 8 13 25 37 41 42 49 56 66 71 78 
0 1 8 13 25 37 41 42 49 56 66 71 79 
0 1 8 13 25 37 41 42 49 56 66 72 79 
0 1 8 13 25 37 41 42 51 53 56 72 77 84 
0 1 8 13 25 37 41 42 51 56 64 72 80 
0 1 8 13 25 37 41 43 47 55 65 72 79 
0 1 8 13 25 37 41 43 47 55 65 72 80 
0 1 8 13 25 37 41 43 47 55 65 73 80 
0 1 8 13 25 37 41 43 47 55 70 77 84 
0 1 8 13 25 37 41 43 47 55 70 77 85 
0 1 8 13 25 37 41 43 47 55 70 78 85 
0 1 8 13 25 37 41 43 47 55 72 77 84 
0 1 8 13 25 37 41 43 47 55 72 77 85 
0 1 8 13 25 37 41 43 47 55 72 79 84 
0 1 8 13 25 37 41 43 47 55 72 80 85 
0 1 8 13 25 37 41 43 47 55 73 78 85 
0 1 8 13 25 37 41 43 47 55 73 80 85 
0 1 8 13 25 37 41 43 48 55 64 72 80 
0 1 8 13 25 37 41 43 48 55 66 70 78 
0 1 8 13 25 37 41 43 48 55 66 72 79 
0 1 8 13 25 37 41 43 48 55 66 73 78 
0 1 8 13 25 37 41 43 48 55 66 73 81 
0 1 8 13 25 37 41 43 48 55 70 77 85 
0 1 8 13 25 37 41 43 48 55 70 78 85 
0 1 8 13 25 37 41 43 48 55 72 77 85 
0 1 8 13 25 37 41 43 48 55 72 80 85 
0 1 8 13 25 37 41 43 48 55 73 78 85 
0 1 8 13 25 37 41 43 48 55 73 80 85 
0 1 8 13 25 37 41 43 48 56 66 70 78 
0 1 8 13 25 37 41 43 48 56 66 72 79 
0 1 8 13 25 37 41 43 48 56 66 73 78 
0 1 8 13 25 37 41 43 48 56 66 73 81 
0 1 8 13 25 37 41 43 48 56 70 77 85 
0 1 8 13 25 37 41 43 48 56 70 78 85 
0 1 8 13 25 37 41 43 48 56 72 77 85 
0 1 8 13 25 37 41 43 48 56 72 80 85 
0 1 8 13 25 37 41 43 48 56 73 78 85 
0 1 8 13 25 37 41 43 48 56 73 80 85 
0 1 8 13 25 37 41 43 49 53 56 73 81 
0 1 8 13 25 37 41 43 49 56 65 72 79 
0 1 8 13 25 37 41 43 49 56 65 72 80 
0 1 8 13 25 37 41 43 49 56 65 73 80 
0 1 8 13 25 37 41 43 49 56 66 70 78 
0 1 8 13 25 37 41 43 49 56 66 72 79 
0 1 8 13 25 37 41 43 49 56 66 73 78 
0 1 8 13 25 37 41 43 49 56 66 73 81 
0 1 8 13 25 37 41 43 51 53 56 73 81 
0 1 8 13 25 37 41 43 51 56 64 72 80 
0 1 8 13 25 37 41 43 51 56 64 73 80 
0 1 8 13 25 37 41 43 51 56 64 73 81 
0 1 8 13 28 33 40 42 47 55 65 71 79 
0 1 8 13 28 33 40 42 47 55 65 72 79 
0 1 8 13 28 33 40 42 47 55 65 72 80 
0 1 8 13 28 33 40 42 47 55 69 76 84 
0 1 8 13 28 33 40 42 47 55 69 77 84 
0 1 8 13 28 33 40 42 47 55 69 77 85 
0 1 8 13 28 33 40 42 47 55 71 76 84 
0 1 8 13 28 33 40 42 47 55 71 78 85 
0 1 8 13 28 33 40 42 47 55 71 79 84 
0 1 8 13 28 33 40 42 47 55 72 79 84 
0 1 8 13 28 33 40 42 47 55 72 80 85 
0 1 8 13 28 33 40 42 48 55 64 69 76 81 
0 1 8 13 28 33 40 42 48 55 64 72 80 
0 1 8 13 28 33 40 42 48 55 66 71 78 
0 1 8 13 28 33 40 42 48 55 66 71 79 
0 1 8 13 28 33 40 42 48 55 66 72 79 
0 1 8 13 28 33 40 42 48 55 71 78 85 
0 1 8 13 28 33 40 42 48 55 72 80 85 
0 1 8 13 28 33 40 42 48 56 64 69 76 81 
0 1 8 13 28 33 40 42 48 56 64 72 80 
0 1 8 13 28 33 40 42 48 56 66 71 78 
0 1 8 13 28 33 40 42 48 56 66 71 79 
0 1 8 13 28 33 40 42 48 56 66 72 79 
0 1 8 13 28 33 40 42 48 56 71 78 85 
0 1 8 13 28 33 40 42 48 56 72 80 85 
0 1 8 13 28 33 40 42 49 56 65 71 79 
0 1 8 13 28 33 40 42 49 56 65 72 79 
0 1 8 13 28 33 40 42 49 56 65 72 80 
0 1 8 13 28 33 40 42 49 56 66 71 78 
0 1 8 13 28 33 40 42 49 56 66 71 79 
0 1 8 13 28 33 40 42 49 56 66 72 79 
0 1 8 13 28 33 40 42 50 55 64 69 76 81 
0 1 8 13 28 33 40 42 50 55 64 69 76 83 
0 1 8 13 28 33 40 42 50 55 64 71 76 83 
0 1 8 13 28 33 40 42 50 55 64 72 80 
0 1 8 13 28 33 40 42 50 55 65 71 79 
0 1 8 13 28 33 40 42 50 55 65 72 79 
0 1 8 13 28 33 40 42 50 55 65 72 80 
0 1 8 13 28 33 40 43 47 55 65 72 79 
0 1 8 13 28 33 40 43 47 55 65 72 80 
0 1 8 13 28 33 40 43 47 55 65 73 80 
0 1 8 13 28 33 40 43 47 55 72 79 84 
0 1 8 13 28 33 40 43 47 55 72 80 85 
0 1 8 13 28 33 40 43 47 55 73 78 85 
0 1 8 13 28 33 40 43 47 55 73 80 85 
0 1 8 13 28 33 40 43 48 55 64 72 80 
0 1 8 13 28 33 40 43 48 55 64 73 80 
0 1 8 13 28 33 40 43 48 55 66 72 79 
0 1 8 13 28 33 40 43 48 55 66 73 78 
0 1 8 13 28 33 40 43 48 55 72 80 85 
0 1 8 13 28 33 40 43 48 55 73 78 85 
0 1 8 13 28 33 40 43 48 56 64 72 80 
0 1 8 13 28 33 40 43 48 56 66 72 79 
0 1 8 13 28 33 40 43 48 56 66 73 78 
0 1 8 13 28 33 40 43 48 56 73 78 85 
0 1 8 13 28 33 40 43 49 56 65 72 79 
0 1 8 13 28 33 40 43 49 56 66 73 78 
0 1 8 15 25 33 38 42 47 55 65 71 79 
0 1 8 15 25 33 38 42 47 55 65 72 79 
0 1 8 15 25 33 38 42 47 55 65 72 80 
0 1 8 15 25 33 38 42 47 55 71 76 84 
0 1 8 15 25 33 38 42 47 55 71 78 85 
0 1 8 15 25 33 38 42 47 55 71 79 84 
0 1 8 15 25 33 38 42 47 55 72 77 84 
0 1 8 15 25 33 38 42 47 55 72 77 85 
0 1 8 15 25 33 38 42 47 55 72 79 84 
0 1 8 15 25 33 38 42 47 55 72 80 85 
0 1 8 15 25 33 38 42 48 55 64 72 80 
0 1 8 15 25 33 38 42 48 55 66 71 78 
0 1 8 15 25 33 38 42 48 55 66 71 79 
0 1 8 15 25 33 38 42 48 55 66 72 79 
0 1 8 15 25 33 38 42 48 55 71 78 85 
0 1 8 15 25 33 38 42 48 55 72 80 85 
0 1 8 15 25 33 38 42 48 56 64 72 80 
0 1 8 15 25 33 38 42 48 56 66 71 78 
0 1 8 15 25 33 38 42 48 56 66 71 79 
0 1 8 15 25 33 38 42 48 56 66 72 79 
0 1 8 15 25 33 38 42 48 56 71 78 85 
0 1 8 15 25 33 38 42 48 56 72 80 85 
0 1 8 15 25 33 38 42 49 56 65 71 79 
0 1 8 15 25 33 38 42 49 56 65 72 79 
0 1 8 15 25 33 38 42 49 56 65 72 80 
0 1 8 15 25 33 38 42 49 56 66 71 78 
0 1 8 15 25 33 38 42 49 56 66 71 79 
0 1 8 15 25 33 38 42 49 56 66 72 79 
0 1 8 15 25 33 38 42 50 55 64 72 80 
0 1 8 15 25 33 38 42 50 55 65 71 79 
0 1 8 15 25 33 38 42 50 55 65 72 79 
0 1 8 15 25 33 38 42 50 55 65 72 80 
0 1 8 15 25 33 38 44 47 55 65 71 79 
0 1 8 15 25 33 38 44 47 55 65 73 80 
0 1 8 15 25 33 38 44 47 55 65 74 79 
0 1 8 15 25 33 38 44 47 55 71 78 85 
0 1 8 15 25 33 38 44 47 55 71 79 84 
0 1 8 15 25 33 38 44 47 55 73 78 85 
0 1 8 15 25 33 38 44 47 55 73 80 85 
0 1 8 15 25 33 38 44 48 55 64 73 80 
0 1 8 15 25 33 38 44 48 55 64 73 81 
0 1 8 15 25 33 38 44 48 55 64 74 81 
0 1 8 15 25 33 38 44 48 55 66 71 78 
0 1 8 15 25 33 38 44 48 55 66 71 79 
0 1 8 15 25 33 38 44 48 55 66 73 78 
0 1 8 15 25 33 38 44 48 55 66 73 81 
0 1 8 15 25 33 38 44 48 55 66 74 79 
0 1 8 15 25 33 38 44 48 55 66 74 81 
0 1 8 15 25 33 38 44 48 55 71 78 85 
0 1 8 15 25 33 38 44 48 55 73 78 85 
0 1 8 15 25 33 38 44 48 55 73 80 85 
0 1 8 15 25 33 38 44 48 56 64 73 80 
0 1 8 15 25 33 38 44 48 56 64 73 81 
0 1 8 15 25 33 38 44 48 56 64 74 81 
0 1 8 15 25 33 38 44 48 56 66 71 78 
0 1 8 15 25 33 38 44 48 56 66 71 79 
0 1 8 15 25 33 38 44 48 56 66 73 78 
0 1 8 15 25 33 38 44 48 56 66 73 81 
0 1 8 15 25 33 38 44 48 56 66 74 79 
0 1 8 15 25 33 38 44 48 56 66 74 81 
0 1 8 15 25 33 38 44 48 56 71 78 85 
0 1 8 15 25 33 38 44 48 56 73 78 85 
0 1 8 15 25 33 38 44 48 56 73 80 85 
0 1 8 15 25 33 38 44 49 56 65 71 79 
0 1 8 15 25 33 38 44 49 56 65 73 80 
0 1 8 15 25 33 38 44 49 56 65 74 79 
0 1 8 15 25 33 38 44 49 56 66 71 78 
0 1 8 15 25 33 38 44 49 56 66 71 79 
0 1 8 15 25 33 38 44 49 56 66 73 78 
0 1 8 15 25 33 38 44 49 56 66 73 81 
0 1 8 15 25 33 38 44 49 56 66 74 79 
0 1 8 15 25 33 38 44 49 56 66 74 81 
0 1 8 15 25 33 38 44 50 55 64 73 80 
0 1 8 15 25 33 38 44 50 55 64 73 81 
0 1 8 15 25 33 38 44 50 55 64 74 81 
0 1 8 15 25 33 38 44 50 55 65 71 79 
0 1 8 15 25 33 38 44 50 55 65 73 80 
0 1 8 15 25 33 38 44 50 55 65 74 79 
0 1 8 15 25 33 38 44 50 55 65 74 82 
0 1 8 15 25 33 38 47 55 65 67 72 79 
0 1 8 15 25 33 38 47 55 65 67 72 80 
0 1 8 15 25 33 38 47 55 65 67 74 79 
0 1 8 15 25 33 38 47 55 65 67 75 80 
0 1 8 15 25 33 38 47 55 67 72 79 84 
0 1 8 15 25 33 38 47 55 67 72 80 85 
0 1 8 15 25 33 38 48 55 64 67 72 80 
0 1 8 15 25 33 38 48 55 64 67 74 81 
0 1 8 15 25 33 38 48 55 64 67 75 80 
0 1 8 15 25 33 38 48 55 66 67 72 79 
0 1 8 15 25 33 38 48 55 66 67 74 79 
0 1 8 15 25 33 38 48 55 66 67 74 81 
0 1 8 15 25 33 38 48 55 67 72 80 85 
0 1 8 15 25 33 38 48 56 64 67 72 80 
0 1 8 15 25 33 38 48 56 64 67 74 81 
0 1 8 15 25 33 38 48 56 64 67 75 80 
0 1 8 15 25 33 38 48 56 66 67 72 79 
0 1 8 15 25 33 38 48 56 66 67 74 79 
0 1 8 15 25 33 38 48 56 66 67 74 81 
0 1 8 15 25 33 38 48 56 67 72 80 85 
0 1 8 15 25 33 38 49 56 65 67 72 79 
0 1 8 15 25 33 38 49 56 66 67 72 79 
0 1 8 15 25 33 38 49 56 66 67 74 79 
0 1 8 15 25 33 38 49 56 66 67 74 81 
0 1 8 15 25 33 38 50 55 64 67 72 80 
0 1 8 15 25 33 38 50 55 64 67 75 80 
0 1 8 15 25 33 38 50 55 65 67 72 79 
0 1 8 15 25 33 38 50 55 65 67 72 80 
0 1 8 15 25 33 38 50 55 65 67 74 79 
0 1 8 15 25 33 38 50 55 65 67 74 82 
0 1 8 15 25 33 38 50 55 65 67 75 80 
0 1 8 15 25 33 38 50 55 65 67 75 82 
0 1 8 15 25 33 40 42 47 55 65 71 79 
0 1 8 15 25 33 40 42 47 55 65 72 79 
0 1 8 15 25 33 40 42 47 55 65 72 80 
0 1 8 15 25 33 40 42 47 55 71 76 84 
0 1 8 15 25 33 40 42 47 55 71 78 85 
0 1 8 15 25 33 40 42 47 55 71 79 84 
0 1 8 15 25 33 40 42 47 55 72 79 84 
0 1 8 15 25 33 40 42 47 55 72 80 85 
0 1 8 15 25 33 40 42 48 55 64 72 80 
0 1 8 15 25 33 40 42 48 55 66 71 78 
0 1 8 15 25 33 40 42 48 55 66 71 79 
0 1 8 15 25 33 40 42 48 55 66 72 79 
0 1 8 15 25 33 40 42 48 55 71 78 85 
0 1 8 15 25 33 40 42 48 55 72 80 85 
0 1 8 15 25 33 40 42 48 56 64 72 80 
0 1 8 15 25 33 40 42 48 56 66 71 78 
0 1 8 15 25 33 40 42 48 56 66 71 79 
0 1 8 15 25 33 40 42 48 56 66 72 79 
0 1 8 15 25 33 40 42 48 56 71 78 85 
0 1 8 15 25 33 40 42 48 56 72 80 85 
0 1 8 15 25 33 40 42 49 56 65 71 79 
0 1 8 15 25 33 40 42 49 56 65 72 79 
0 1 8 15 25 33 40 42 49 56 65 72 80 
0 1 8 15 25 33 40 42 49 56 66 71 78 
0 1 8 15 25 33 40 42 49 56 66 71 79 
0 1 8 15 25 33 40 42 49 56 66 72 79 
0 1 8 15 25 33 40 42 50 55 64 72 80 
0 1 8 15 25 33 40 42 50 55 65 71 79 
0 1 8 15 25 33 40 42 50 55 65 72 79 
0 1 8 15 25 33 40 42 50 55 65 72 80 
0 1 8 15 25 33 40 44 47 55 65 71 79 
0 1 8 15 25 33 40 44 47 55 65 73 80 
0 1 8 15 25 33 40 44 47 55 65 74 79 
0 1 8 15 25 33 40 44 47 55 71 78 85 
0 1 8 15 25 33 40 44 47 55 73 78 85 
0 1 8 15 25 33 40 44 47 55 73 80 85 
0 1 8 15 25 33 40 44 48 55 64 73 80 
0 1 8 15 25 33 40 44 48 55 64 73 81 
0 1 8 15 25 33 40 44 48 55 64 74 81 
0 1 8 15 25 33 40 44 48 55 66 71 78 
0 1 8 15 25 33 40 44 48 55 66 71 79 
0 1 8 15 25 33 40 44 48 55 66 73 78 
0 1 8 15 25 33 40 44 48 55 66 73 81 
0 1 8 15 25 33 40 44 48 55 66 74 79 
0 1 8 15 25 33 40 44 48 55 66 74 81 
0 1 8 15 25 33 40 44 48 55 71 78 85 
0 1 8 15 25 33 40 44 48 55 73 78 85 
0 1 8 15 25 33 40 44 48 55 73 80 85 
0 1 8 15 25 33 40 44 48 56 64 73 80 
0 1 8 15 25 33 40 44 48 56 64 73 81 
0 1 8 15 25 33 40 44 48 56 64 74 81 
0 1 8 15 25 33 40 44 48 56 66 71 78 
0 1 8 15 25 33 40 44 48 56 66 71 79 
0 1 8 15 25 33 40 44 48 56 66 73 78 
0 1 8 15 25 33 40 44 48 56 66 73 81 
0 1 8 15 25 33 40 44 48 56 66 74 79 
0 1 8 15 25 33 40 44 48 56 66 74 81 
0 1 8 15 25 33 40 44 48 56 71 78 85 
0 1 8 15 25 33 40 44 48 56 73 78 85 
0 1 8 15 25 33 40 44 48 56 73 80 85 
0 1 8 15 25 33 40 44 49 53 56 73 81 
0 1 8 15 25 33 40 44 49 53 56 74 81 
0 1 8 15 25 33 40 44 49 53 56 74 82 
0 1 8 15 25 33 40 44 49 56 65 71 79 
0 1 8 15 25 33 40 44 49 56 65 73 80 
0 1 8 15 25 33 40 44 49 56 65 74 79 
0 1 8 15 25 33 40 44 49 56 65 74 82 
0 1 8 15 25 33 40 44 49 56 66 71 78 
0 1 8 15 25 33 40 44 49 56 66 71 79 
0 1 8 15 25 33 40 44 49 56 66 73 78 
0 1 8 15 25 33 40 44 49 56 66 73 81 
0 1 8 15 25 33 40 44 49 56 66 74 79 
0 1 8 15 25 33 40 44 49 56 66 74 81 
0 1 8 15 25 33 40 44 50 55 64 73 80 
0 1 8 15 25 33 40 44 50 55 64 73 81 
0 1 8 15 25 33 40 44 50 55 65 71 79 
0 1 8 15 25 33 40 44 50 55 65 73 80 
0 1 8 15 25 33 40 44 50 55 65 74 79 
0 1 8 15 25 33 40 44 50 55 65 74 82 
0 1 8 15 25 33 40 47 55 65 67 72 79 
0 1 8 15 25 33 40 47 55 65 67 72 80 
0 1 8 15 25 33 40 47 55 65 67 74 79 
0 1 8 15 25 33 40 47 55 65 67 75 80 
0 1 8 15 25 33 40 47 55 67 72 79 84 
0 1 8 15 25 33 40 47 55 67 72 80 85 
0 1 8 15 25 33 40 48 55 64 67 72 80 
0 1 8 15 25 33 40 48 55 64 67 75 80 
0 1 8 15 25 33 40 48 55 66 67 72 79 
0 1 8 15 25 33 40 48 55 66 67 74 79 
0 1 8 15 25 33 40 48 55 66 67 74 81 
0 1 8 15 25 33 40 48 55 67 72 80 85 
0 1 8 15 25 33 40 48 56 64 67 72 80 
0 1 8 15 25 33 40 48 56 64 67 74 81 
0 1 8 15 25 33 40 48 56 64 67 75 80 
0 1 8 15 25 33 40 48 56 66 67 72 79 
0 1 8 15 25 33 40 48 56 66 67 74 79 
0 1 8 15 25 33 40 48 56 66 67 74 81 
0 1 8 15 25 33 40 48 56 67 72 80 85 
0 1 8 15 25 33 40 49 53 56 67 74 81 
0 1 8 15 25 33 40 49 53 56 67 74 82 
0 1 8 15 25 33 40 49 53 56 67 75 82 
0 1 8 15 25 33 40 49 56 65 67 72 79 
0 1 8 15 25 33 40 49 56 65 67 72 80 
0 1 8 15 25 33 40 49 56 65 67 74 79 
0 1 8 15 25 33 40 49 56 65 67 74 82 
0 1 8 15 25 33 40 49 56 65 67 75 80 
0 1 8 15 25 33 40 49 56 65 67 75 82 
0 1 8 15 25 33 40 49 56 66 67 72 79 
0 1 8 15 25 33 40 49 56 66 67 74 79 
0 1 8 15 25 33 40 49 56 66 67 74 81 
0 1 8 15 25 33 40 50 55 64 67 72 80 
0 1 8 15 25 33 40 50 55 64 67 75 80 
0 1 8 15 25 33 40 50 55 65 67 72 79 
0 1 8 15 25 33 40 50 55 65 67 72 80 
0 1 8 15 25 33 40 50 55 65 67 74 79 
0 1 8 15 25 33 40 50 55 65 67 74 82 
0 1 8 15 25 33 40 50 55 65 67 75 80 
0 1 8 15 25 33 40 50 55 65 67 75 82 
0 1 8 15 25 37 41 42 47 55 65 71 79 
0 1 8 15 25 37 41 42 47 55 65 72 79 
0 1 8 15 25 37 41 42 47 55 65 72 80 
0 1 8 15 25 37 41 42 47 55 71 76 84 
0 1 8 15 25 37 41 42 47 55 71 78 85 
0 1 8 15 25 37 41 42 47 55 72 77 84 
0 1 8 15 25 37 41 42 47 55 72 77 85 
0 1 8 15 25 37 41 42 47 55 72 79 84 
0 1 8 15 25 37 41 42 47 55 72 80 85 
0 1 8 15 25 37 41 42 48 55 66 71 78 
0 1 8 15 25 37 41 42 48 55 66 71 79 
0 1 8 15 25 37 41 42 48 55 66 72 79 
0 1 8 15 25 37 41 42 48 55 71 78 85 
0 1 8 15 25 37 41 42 48 55 72 77 85 
0 1 8 15 25 37 41 42 48 55 72 80 85 
0 1 8 15 25 37 41 42 48 56 66 71 78 
0 1 8 15 25 37 41 42 48 56 66 71 79 
0 1 8 15 25 37 41 42 48 56 66 72 79 
0 1 8 15 25 37 41 42 48 56 71 78 85 
0 1 8 15 25 37 41 42 48 56 72 77 85 
0 1 8 15 25 37 41 42 48 56 72 80 85 
0 1 8 15 25 37 41 42 49 56 65 71 79 
0 1 8 15 25 37 41 42 49 56 65 72 79 
0 1 8 15 25 37 41 42 49 56 65 72 80 
0 1 8 15 25 37 41 42 49 56 66 71 78 
0 1 8 15 25 37 41 42 49 56 66 71 79 
0 1 8 15 25 37 41 42 49 56 66 72 79 
0 1 8 15 25 37 41 44 47 55 65 71 79 
0 1 8 15 25 37 41 44 47 55 65 73 80 
0 1 8 15 25 37 41 44 47 55 65 74 79 
0 1 8 15 25 37 41 44 47 55 71 78 85 
0 1 8 15 25 37 41 44 47 55 73 78 85 
0 1 8 15 25 37 41 44 47 55 73 80 85 
0 1 8 15 25 37 41 44 48 55 66 71 78 
0 1 8 15 25 37 41 44 48 55 66 71 79 
0 1 8 15 25 37 41 44 48 55 66 73 78 
0 1 8 15 25 37 41 44 48 55 71 78 85 
0 1 8 15 25 37 41 44 48 55 73 78 85 
0 1 8 15 25 37 41 44 48 55 73 80 85 
0 1 8 15 25 37 41 44 48 56 66 71 78 
0 1 8 15 25 37 41 44 48 56 66 71 79 
0 1 8 15 25 37 41 44 48 56 66 73 78 
0 1 8 15 25 37 41 44 48 56 66 73 81 
0 1 8 15 25 37 41 44 48 56 66 74 79 
0 1 8 15 25 37 41 44 48 56 66 74 81 
0 1 8 15 25 37 41 44 48 56 71 78 85 
0 1 8 15 25 37 41 44 48 56 73 78 85 
0 1 8 15 25 37 41 44 48 56 73 80 85 
0 1 8 15 25 37 41 44 49 53 56 73 81 
0 1 8 15 25 37 41 44 49 53 56 74 81 
0 1 8 15 25 37 41 44 49 53 56 74 82 
0 1 8 15 25 37 41 44 49 56 65 71 79 
0 1 8 15 25 37 41 44 49 56 65 73 80 
0 1 8 15 25 37 41 44 49 56 65 74 79 
0 1 8 15 25 37 41 44 49 56 65 74 82 
0 1 8 15 25 37 41 44 49 56 66 71 78 
0 1 8 15 25 37 41 44 49 56 66 71 79 
0 1 8 15 25 37 41 44 49 56 66 73 78 
0 1 8 15 25 37 41 44 49 56 66 73 81 
0 1 8 15 25 37 41 44 49 56 66 74 79 
0 1 8 15 25 37 41 44 49 56 66 74 81 
0 1 8 15 25 37 41 47 55 65 67 72 79 
0 1 8 15 25 37 41 47 55 65 67 72 80 
0 1 8 15 25 37 41 47 55 65 67 74 79 
0 1 8 15 25 37 41 47 55 65 67 75 80 
0 1 8 15 25 37 41 47 55 67 72 79 84 
0 1 8 15 25 37 41 47 55 67 72 80 85 
0 1 8 15 25 37 41 48 55 67 72 80 85 
0 1 8 15 25 37 41 48 56 66 67 72 79 
0 1 8 15 25 37 41 48 56 66 67 74 79 
0 1 8 15 25 37 41 48 56 66 67 74 81 
0 1 8 15 25 37 41 48 56 67 72 80 85 
0 1 8 15 25 37 41 49 53 56 67 74 81 
0 1 8 15 25 37 41 49 53 56 67 74 82 
0 1 8 15 25 37 41 49 53 56 67 75 82 
0 1 8 15 25 37 41 49 56 65 67 72 79 
0 1 8 15 25 37 41 49 56 65 67 72 80 
0 1 8 15 25 37 41 49 56 65 67 74 79 
0 1 8 15 25 37 41 49 56 65 67 74 82 
0 1 8 15 25 37 41 49 56 65 67 75 80 
0 1 8 15 25 37 41 49 56 65 67 75 82 
0 1 8 15 25 37 41 49 56 66 67 72 79 
0 1 8 15 25 37 41 49 56 66 67 74 79 
0 1 8 15 25 37 41 49 56 66 67 74 81 
0 1 8 15 25 40 41 42 47 55 65 71 79 
0 1 8 15 25 40 41 42 47 55 65 72 79 
0 1 8 15 25 40 41 42 47 55 65 72 80 
0 1 8 15 25 40 41 42 47 55 71 76 84 
0 1 8 15 25 40 41 42 47 55 71 78 85 
0 1 8 15 25 40 41 42 47 55 72 79 84 
0 1 8 15 25 40 41 42 47 55 72 80 85 
0 1 8 15 25 40 41 42 48 55 64 72 80 
0 1 8 15 25 40 41 42 48 55 66 71 78 
0 1 8 15 25 40 41 42 48 55 66 71 79 
0 1 8 15 25 40 41 42 48 55 66 72 79 
0 1 8 15 25 40 41 42 48 55 71 78 85 
0 1 8 15 25 40 41 42 48 55 72 80 85 
0 1 8 15 25 40 41 42 48 56 64 72 80 
0 1 8 15 25 40 41 42 48 56 66 71 78 
0 1 8 15 25 40 41 42 48 56 66 71 79 
0 1 8 15 25 40 41 42 48 56 66 72 79 
0 1 8 15 25 40 41 42 48 56 71 78 85 
0 1 8 15 25 40 41 42 48 56 72 80 85 
0 1 8 15 25 40 41 42 50 55 64 72 80 
0 1 8 15 25 40 41 42 50 55 65 71 79 
0 1 8 15 25 40 41 42 50 55 65 72 79 
0 1 8 15 25 40 41 42 50 55 65 72 80 
0 1 8 15 25 40 41 44 47 55 65 71 79 
0 1 8 15 25 40 41 44 47 55 65 73 80 
0 1 8 15 25 40 41 44 47 55 65 74 79 
0 1 8 15 25 40 41 44 47 55 71 78 85 
0 1 8 15 25 40 41 44 47 55 73 78 85 
0 1 8 15 25 40 41 44 47 55 73 80 85 
0 1 8 15 25 40 41 44 48 55 64 73 80 
0 1 8 15 25 40 41 44 48 55 64 73 81 
0 1 8 15 25 40 41 44 48 55 66 71 78 
0 1 8 15 25 40 41 44 48 55 66 71 79 
0 1 8 15 25 40 41 44 48 55 66 73 78 
0 1 8 15 25 40 41 44 48 55 66 73 81 
0 1 8 15 25 40 41 44 48 55 66 74 79 
0 1 8 15 25 40 41 44 48 55 66 74 81 
0 1 8 15 25 40 41 44 48 55 71 78 85 
0 1 8 15 25 40 41 44 48 55 73 78 85 
0 1 8 15 25 40 41 44 48 55 73 80 85 
0 1 8 15 25 40 41 44 48 56 64 73 80 
0 1 8 15 25 40 41 44 48 56 64 73 81 
0 1 8 15 25 40 41 44 48 56 64 74 81 
0 1 8 15 25 40 41 44 48 56 66 71 78 
0 1 8 15 25 40 41 44 48 56 66 71 79 
0 1 8 15 25 40 41 44 48 56 66 73 78 
0 1 8 15 25 40 41 44 48 56 66 73 81 
0 1 8 15 25 40 41 44 48 56 66 74 79 
0 1 8 15 25 40 41 44 48 56 66 74 81 
0 1 8 15 25 40 41 44 48 56 71 78 85 
0 1 8 15 25 40 41 44 48 56 73 78 85 
0 1 8 15 25 40 41 44 48 56 73 80 85 
0 1 8 15 25 40 41 44 50 55 64 73 80 
0 1 8 15 25 40 41 44 50 55 64 73 81 
0 1 8 15 25 40 41 44 50 55 65 71 79 
0 1 8 15 25 40 41 44 50 55 65 73 80 
0 1 8 15 25 40 41 44 50 55 65 74 79 
0 1 8 15 25 40 41 44 50 55 65 74 82 
0 1 8 15 25 40 41 47 55 65 67 72 79 
0 1 8 15 25 40 41 47 55 65 67 72 80 
0 1 8 15 25 40 41 47 55 65 67 74 79 
0 1 8 15 25 40 41 47 55 65 67 75 80 
0 1 8 15 25 40 41 47 55 67 72 80 85 
0 1 8 15 25 40 41 48 55 64 67 72 80 
0 1 8 15 25 40 41 48 55 64 67 75 80 
0 1 8 15 25 40 41 48 55 66 67 72 79 
0 1 8 15 25 40 41 48 55 66 67 74 79 
0 1 8 15 25 40 41 48 55 66 67 74 81 
0 1 8 15 25 40 41 48 55 67 72 80 85 
0 1 8 15 25 40 41 48 56 64 67 72 80 
0 1 8 15 25 40 41 48 56 64 67 75 80 
0 1 8 15 25 40 41 48 56 66 67 72 79 
0 1 8 15 25 40 41 48 56 66 67 74 79 
0 1 8 15 25 40 41 48 56 66 67 74 81 
0 1 8 15 25 40 41 48 56 67 72 80 85 
0 1 8 15 25 40 41 50 55 64 67 72 80 
0 1 8 15 25 40 41 50 55 64 67 75 80 
0 1 8 15 25 40 41 50 55 65 67 72 79 
0 1 8 15 25 40 41 50 55 65 67 72 80 
0 1 8 15 25 40 41 50 55 65 67 74 79 
0 1 8 15 25 40 41 50 55 65 67 74 82 
0 1 8 15 25 40 41 50 55 65 67 75 80 
0 1 8 15 25 40 41 50 55 65 67 75 82 
0 1 8 15 27 40 41 47 55 65 67 72 79 
0 1 8 15 27 40 41 47 55 65 67 72 80 
0 1 8 15 27 40 41 47 55 65 67 74 79 
0 1 8 15 27 40 41 47 55 65 67 75 80 
0 1 8 15 27 40 41 47 55 67 72 80 85 
0 1 8 15 27 40 41 48 55 64 67 72 80 
0 1 8 15 27 40 41 48 55 64 67 74 81 
0 1 8 15 27 40 41 48 55 64 67 75 80 
0 1 8 15 27 40 41 48 55 66 67 72 79 
0 1 8 15 27 40 41 48 55 66 67 74 79 
0 1 8 15 27 40 41 48 55 66 67 74 81 
0 1 8 15 27 40 41 48 55 67 72 80 85 
0 1 8 15 27 40 41 48 56 64 67 72 80 
0 1 8 15 27 40 41 48 56 64 67 74 81 
0 1 8 15 27 40 41 48 56 64 67 75 80 
0 1 8 15 27 40 41 48 56 66 67 74 79 
0 1 8 15 27 40 41 50 55 64 67 72 80 
0 1 8 15 27 40 41 50 55 64 67 75 80 
0 1 8 15 27 40 41 50 55 65 67 72 79 
0 1 8 15 27 40 41 50 55 65 67 72 80 
0 1 8 15 27 40 41 50 55 65 67 74 79 
0 1 8 15 27 40 41 50 55 65 67 74 82 
0 1 8 15 27 40 41 50 55 65 67 75 80 
0 1 8 15 27 40 41 50 55 65 67 75 82 
0 1 8 15 28 33 40 42 47 55 65 71 79 
0 1 8 15 28 33 40 42 47 55 65 72 79 
0 1 8 15 28 33 40 42 47 55 65 72 80 
0 1 8 15 28 33 40 42 47 55 71 76 84 
0 1 8 15 28 33 40 42 47 55 71 78 85 
0 1 8 15 28 33 40 42 47 55 72 80 85 
0 1 8 15 28 33 40 42 48 55 64 72 80 
0 1 8 15 28 33 40 42 48 55 66 71 78 
0 1 8 15 28 33 40 42 48 55 66 71 79 
0 1 8 15 28 33 40 42 48 55 66 72 79 
0 1 8 15 28 33 40 42 48 55 71 78 85 
0 1 8 15 28 33 40 42 48 55 72 80 85 
0 1 8 15 28 33 40 42 48 56 64 72 80 
0 1 8 15 28 33 40 42 48 56 66 71 78 
0 1 8 15 28 33 40 42 48 56 66 71 79 
0 1 8 15 28 33 40 42 48 56 66 72 79 
0 1 8 15 28 33 40 42 48 56 71 78 85 
0 1 8 15 28 33 40 42 48 56 72 80 85 
0 1 8 15 28 33 40 42 50 55 64 72 80 
0 1 8 15 28 33 40 42 50 55 65 71 79 
0 1 8 15 28 33 40 42 50 55 65 72 79 
0 1 8 15 28 33 40 42 50 55 65 72 80 
0 1 8 15 28 33 40 44 47 55 65 71 79 
0 1 8 15 28 33 40 44 47 55 65 73 80 
0 1 8 15 28 33 40 44 47 55 65 74 79 
0 1 8 15 28 33 40 44 47 55 71 78 85 
0 1 8 15 28 33 40 44 47 55 73 78 85 
0 1 8 15 28 33 40 44 47 55 73 80 85 
0 1 8 15 28 33 40 44 48 55 64 73 80 
0 1 8 15 28 33 40 44 48 55 64 73 81 
0 1 8 15 28 33 40 44 48 55 64 74 81 
0 1 8 15 28 33 40 44 48 55 66 71 78 
0 1 8 15 28 33 40 44 48 55 66 71 79 
0 1 8 15 28 33 40 44 48 55 66 73 78 
0 1 8 15 28 33 40 44 48 55 66 73 81 
0 1 8 15 28 33 40 44 48 55 66 74 79 
0 1 8 15 28 33 40 44 48 55 66 74 81 
0 1 8 15 28 33 40 44 48 55 71 78 85 
0 1 8 15 28 33 40 44 48 55 73 78 85 
0 1 8 15 28 33 40 44 48 55 73 80 85 
0 1 8 15 28 33 40 44 48 56 64 73 80 
0 1 8 15 28 33 40 44 48 56 64 73 81 
0 1 8 15 28 33 40 44 48 56 64 74 81 
0 1 8 15 28 33 40 44 48 56 66 71 78 
0 1 8 15 28 33 40 44 48 56 66 71 79 
0 1 8 15 28 33 40 44 48 56 66 73 78 
0 1 8 15 28 33 40 44 48 56 66 73 81 
0 1 8 15 28 33 40 44 48 56 66 74 79 
0 1 8 15 28 33 40 44 48 56 66 74 81 
0 1 8 15 28 33 40 44 48 56 71 78 85 
0 1 8 15 28 33 40 44 48 56 73 78 85 
0 1 8 15 28 33 40 44 48 56 73 80 85 
0 1 8 15 28 33 40 44 50 55 64 73 80 
0 1 8 15 28 33 40 44 50 55 64 73 81 
0 1 8 15 28 33 40 44 50 55 64 74 81 
0 1 8 15 28 33 40 44 50 55 65 71 79 
0 1 8 15 28 33 40 44 50 55 65 73 80 
0 1 8 15 28 33 40 44 50 55 65 74 79 
0 1 8 15 28 33 40 44 50 55 65 74 82 
0 1 8 15 28 33 40 47 55 65 67 72 79 
0 1 8 15 28 33 40 47 55 65 67 72 80 
0 1 8 15 28 33 40 47 55 65 67 74 79 
0 1 8 15 28 33 40 47 55 65 67 75 80 
0 1 8 15 28 33 40 47 55 67 72 80 85 
0 1 8 15 28 33 40 48 55 64 67 72 80 
0 1 8 15 28 33 40 48 55 64 67 74 81 
0 1 8 15 28 33 40 48 55 64 67 75 80 
0 1 8 15 28 33 40 48 55 66 67 72 79 
0 1 8 15 28 33 40 48 55 66 67 74 79 
0 1 8 15 28 33 40 48 55 66 67 74 81 
0 1 8 15 28 33 40 48 55 67 72 80 85 
0 1 8 15 28 33 40 48 56 64 67 72 80 
0 1 8 15 28 33 40 48 56 64 67 74 81 
0 1 8 15 28 33 40 48 56 64 67 75 80 
0 1 8 15 28 33 40 48 56 66 67 72 79 
0 1 8 15 28 33 40 48 56 66 67 74 79 
0 1 8 15 28 33 40 48 56 66 67 74 81 
0 1 8 15 28 33 40 48 56 67 72 80 85 
0 1 8 15 28 33 40 50 55 64 67 72 80 
0 1 8 15 28 33 40 50 55 64 67 74 81 
0 1 8 15 28 33 40 50 55 64 67 75 80 
0 1 8 15 28 33 40 50 55 64 67 75 83 
0 1 8 15 28 33 40 50 55 65 67 72 79 
0 1 8 15 28 33 40 50 55 65 67 72 80 
0 1 8 15 28 33 40 50 55 65 67 74 79 
0 1 8 15 28 33 40 50 55 65 67 74 82 
0 1 8 15 28 33 40 50 55 65 67 75 80 
0 1 8 15 28 33 40 50 55 65 67 75 82 
0 1 8 16 25 33 38 43 47 55 65 72 79 
0 1 8 16 25 33 38 43 47 55 65 72 80 
0 1 8 16 25 33 38 43 47 55 65 73 80 
0 1 8 16 25 33 38 43 47 55 72 79 84 
0 1 8 16 25 33 38 43 47 55 72 80 85 
0 1 8 16 25 33 38 43 47 55 73 78 85 
0 1 8 16 25 33 38 43 47 55 73 80 85 
0 1 8 16 25 33 38 43 48 55 64 72 80 
0 1 8 16 25 33 38 43 48 55 64 73 80 
0 1 8 16 25 33 38 43 48 55 64 73 81 
0 1 8 16 25 33 38 43 48 55 66 72 79 
0 1 8 16 25 33 38 43 48 55 66 73 78 
0 1 8 16 25 33 38 43 48 55 66 73 81 
0 1 8 16 25 33 38 43 48 55 72 80 85 
0 1 8 16 25 33 38 43 48 55 73 78 85 
0 1 8 16 25 33 38 43 48 55 73 80 85 
0 1 8 16 25 33 38 43 50 55 64 72 80 
0 1 8 16 25 33 38 43 50 55 64 73 80 
0 1 8 16 25 33 38 43 50 55 64 73 81 
0 1 8 16 25 33 38 43 50 55 65 72 79 
0 1 8 16 25 33 38 43 50 55 65 72 80 
0 1 8 16 25 33 38 43 50 55 65 73 80 
0 1 8 16 25 33 38 47 55 65 67 72 79 
0 1 8 16 25 33 38 47 55 65 67 72 80 
0 1 8 16 25 33 38 47 55 65 67 74 79 
0 1 8 16 25 33 38 47 55 65 67 75 80 
0 1 8 16 25 33 38 47 55 65 68 73 80 
0 1 8 16 25 33 38 47 55 65 68 75 80 
0 1 8 16 25 33 38 47 55 67 72 79 84 
0 1 8 16 25 33 38 47 55 67 72 80 85 
0 1 8 16 25 33 38 47 55 68 73 80 85 
0 1 8 16 25 33 38 47 55 68 76 84 
0 1 8 16 25 33 38 48 55 64 67 72 80 
0 1 8 16 25 33 38 48 55 64 67 75 80 
0 1 8 16 25 33 38 48 55 64 68 73 80 
0 1 8 16 25 33 38 48 55 64 68 73 81 
0 1 8 16 25 33 38 48 55 64 68 75 80 
0 1 8 16 25 33 38 48 55 66 67 72 79 
0 1 8 16 25 33 38 48 55 66 67 74 79 
0 1 8 16 25 33 38 48 55 66 67 74 81 
0 1 8 16 25 33 38 48 55 67 72 80 85 
0 1 8 16 25 33 38 48 55 68 73 80 85 
0 1 8 16 25 33 38 50 55 64 67 72 80 
0 1 8 16 25 33 38 50 55 64 67 75 80 
0 1 8 16 25 33 38 50 55 64 68 73 80 
0 1 8 16 25 33 38 50 55 64 68 75 80 
0 1 8 16 25 33 38 50 55 65 67 72 79 
0 1 8 16 25 33 38 50 55 65 67 72 80 
0 1 8 16 25 33 38 50 55 65 67 74 79 
0 1 8 16 25 33 38 50 55 65 67 74 82 
0 1 8 16 25 33 38 50 55 65 67 75 80 
0 1 8 16 25 33 38 50 55 65 67 75 82 
0 1 8 16 25 33 38 50 55 65 68 73 80 
0 1 8 16 25 33 38 50 55 65 68 75 80 
0 1 8 16 25 33 38 50 55 65 68 75 82 
0 1 8 16 25 33 40 43 47 55 65 72 80 
0 1 8 16 25 33 40 43 47 55 65 73 80 
0 1 8 16 25 33 40 43 47 55 72 80 85 
0 1 8 16 25 33 40 43 47 55 73 80 85 
0 1 8 16 25 33 40 43 48 55 64 72 80 
0 1 8 16 25 33 40 43 48 55 64 73 80 
0 1 8 16 25 33 40 43 48 55 66 73 78 
0 1 8 16 25 33 40 43 48 55 72 80 85 
0 1 8 16 25 33 40 43 48 55 73 78 85 
0 1 8 16 25 33 40 43 48 56 64 72 80 
0 1 8 16 25 33 40 43 48 56 66 73 78 
0 1 8 16 25 33 40 43 48 56 73 78 85 
0 1 8 16 25 33 40 47 55 65 67 72 79 
0 1 8 16 25 33 40 47 55 65 67 72 80 
0 1 8 16 25 33 40 47 55 65 67 75 80 
0 1 8 16 25 33 40 47 55 65 68 73 80 
0 1 8 16 25 33 40 47 55 65 68 75 80 
0 1 8 16 25 33 40 47 55 67 72 79 84 
0 1 8 16 25 33 40 47 55 67 72 80 85 
0 1 8 16 25 33 40 47 55 68 73 80 85 
0 1 8 16 25 33 40 47 55 68 76 84 
0 1 8 16 25 33 40 48 55 64 67 72 80 
0 1 8 16 25 33 40 48 55 64 67 75 80 
0 1 8 16 25 33 40 48 55 64 68 73 80 
0 1 8 16 25 33 40 48 55 64 68 75 80 
0 1 8 16 25 33 40 48 55 66 67 72 79 
0 1 8 16 25 33 40 48 55 66 67 74 79 
0 1 8 16 25 33 40 48 55 66 67 74 81 
0 1 8 16 25 33 40 48 55 67 72 80 85 
0 1 8 16 25 33 40 48 55 68 73 80 85 
0 1 8 16 25 33 40 48 56 64 67 72 80 
0 1 8 16 25 33 40 48 56 64 67 75 80 
0 1 8 16 25 33 40 48 56 64 68 73 80 
0 1 8 16 25 33 40 48 56 64 68 73 81 
0 1 8 16 25 33 40 48 56 64 68 75 80 
0 1 8 16 25 33 40 48 56 66 67 72 79 
0 1 8 16 25 33 40 48 56 66 67 74 79 
0 1 8 16 25 33 40 48 56 66 67 74 81 
0 1 8 16 25 33 40 48 56 66 68 73 81 
0 1 8 16 25 33 40 48 56 67 72 80 85 
0 1 8 16 25 33 40 48 56 68 73 80 85 
0 1 8 16 25 33 40 50 55 64 67 72 80 
0 1 8 16 25 33 40 50 55 64 67 75 80 
0 1 8 16 25 33 40 50 55 64 68 73 80 
0 1 8 16 25 33 40 50 55 64 68 75 80 
0 1 8 16 25 33 40 50 55 65 67 72 79 
0 1 8 16 25 33 40 50 55 65 67 72 80 
0 1 8 16 25 33 40 50 55 65 67 74 79 
0 1 8 16 25 33 40 50 55 65 67 74 82 
0 1 8 16 25 33 40 50 55 65 67 75 80 
0 1 8 16 25 33 40 50 55 65 67 75 82 
0 1 8 16 25 33 40 50 55 65 68 73 80 
0 1 8 16 25 33 40 50 55 65 68 75 80 
0 1 8 16 25 37 41 43 47 55 65 72 79 
0 1 8 16 25 37 41 43 47 55 65 72 80 
0 1 8 16 25 37 41 43 47 55 65 73 80 
0 1 8 16 25 37 41 43 47 55 72 77 84 
0 1 8 16 25 37 41 43 47 55 72 77 85 
0 1 8 16 25 37 41 43 47 55 72 79 84 
0 1 8 16 25 37 41 43 47 55 72 80 85 
0 1 8 16 25 37 41 43 48 55 72 80 85 
0 1 8 16 25 37 41 43 48 55 73 78 85 
0 1 8 16 25 37 41 43 48 56 66 72 79 
0 1 8 16 25 37 41 43 48 56 66 73 78 
0 1 8 16 25 37 41 43 48 56 66 73 81 
0 1 8 16 25 37 41 43 48 56 72 80 85 
0 1 8 16 25 37 41 43 48 56 73 78 85 
0 1 8 16 25 37 41 43 48 56 73 80 85 
0 1 8 16 25 37 41 47 55 65 67 72 80 
0 1 8 16 25 37 41 47 55 65 67 75 80 
0 1 8 16 25 37 41 47 55 65 68 73 80 
0 1 8 16 25 37 41 47 55 65 68 75 80 
0 1 8 16 25 37 41 47 55 67 72 79 84 
0 1 8 16 25 37 41 47 55 67 72 80 85 
0 1 8 16 25 37 41 47 55 68 73 80 85 
0 1 8 16 25 37 41 47 55 68 76 84 
0 1 8 16 25 37 41 48 56 66 67 72 79 
0 1 8 16 25 37 41 48 56 66 67 74 79 
0 1 8 16 25 37 41 48 56 66 67 74 81 
0 1 8 16 25 37 41 48 56 66 68 73 81 
0 1 8 16 25 37 41 48 56 67 72 80 85 
0 1 8 16 25 37 41 48 56 68 73 80 85 
0 1 8 16 25 40 41 43 47 55 65 72 80 
0 1 8 16 25 40 41 43 47 55 65 73 80 
0 1 8 16 25 40 41 43 47 55 72 80 85 
0 1 8 16 25 40 41 43 48 55 64 73 80 
0 1 8 16 25 40 41 43 48 55 66 73 78 
0 1 8 16 25 40 41 43 48 55 66 73 81 
0 1 8 16 25 40 41 43 48 55 73 78 85 
0 1 8 16 25 40 41 43 48 55 73 80 85 
0 1 8 16 25 40 41 43 50 55 64 72 80 
0 1 8 16 25 40 41 43 50 55 64 73 80 
0 1 8 16 25 40 41 43 50 55 65 72 80 
0 1 8 16 25 40 41 43 50 55 65 73 80 
0 1 8 16 25 40 41 47 55 65 67 72 80 
0 1 8 16 25 40 41 47 55 65 68 73 80 
0 1 8 16 25 40 41 47 55 65 68 75 80 
0 1 8 16 25 40 41 47 55 67 72 79 84 
0 1 8 16 25 40 41 47 55 67 72 80 85 
0 1 8 16 25 40 41 47 55 68 73 80 85 
0 1 8 16 25 40 41 47 55 68 76 84 
0 1 8 16 25 40 41 48 55 66 67 72 79 
0 1 8 16 25 40 41 48 55 66 67 74 79 
0 1 8 16 25 40 41 48 55 66 67 74 81 
0 1 8 16 25 40 41 48 55 67 72 80 85 
0 1 8 16 25 40 41 50 55 64 67 72 80 
0 1 8 16 25 40 41 50 55 64 67 75 80 
0 1 8 16 25 40 41 50 55 64 68 73 80 
0 1 8 16 25 40 41 50 55 64 68 75 80 
0 1 8 16 25 40 41 50 55 65 67 72 79 
0 1 8 16 25 40 41 50 55 65 67 72 80 
0 1 8 16 25 40 41 50 55 65 67 74 79 
0 1 8 16 25 40 41 50 55 65 67 74 82 
0 1 8 16 25 40 41 50 55 65 67 75 80 
0 1 8 16 25 40 41 50 55 65 67 75 82 
0 1 8 16 25 40 41 50 55 65 68 73 80 
0 1 8 16 27 40 41 43 47 55 65 73 80 
0 1 8 16 27 40 41 43 48 55 64 73 80 
0 1 8 16 27 40 41 43 48 55 64 73 81 
0 1 8 16 27 40 41 43 48 55 66 73 78 
0 1 8 16 27 40 41 43 48 55 66 73 81 
0 1 8 16 27 40 41 43 48 55 73 78 85 
0 1 8 16 27 40 41 43 48 55 73 80 85 
0 1 8 16 27 40 41 43 50 55 65 73 80 
0 1 8 16 27 40 41 47 55 65 68 73 80 
0 1 8 16 27 40 41 47 55 65 68 75 80 
0 1 8 16 27 40 41 47 55 67 72 79 84 
0 1 8 16 27 40 41 47 55 67 72 80 85 
0 1 8 16 27 40 41 47 55 68 76 84 
0 1 8 16 27 40 41 48 55 64 67 72 80 
0 1 8 16 27 40 41 48 55 64 67 74 81 
0 1 8 16 27 40 41 48 55 64 67 75 80 
0 1 8 16 27 40 41 48 55 66 67 74 79 
0 1 8 16 28 33 40 47 55 65 68 73 80 
0 1 8 16 28 33 40 47 55 65 68 75 80 
0 1 8 16 28 33 40 47 55 67 72 79 84 
0 1 8 16 28 33 40 47 55 68 73 80 85 
0 1 8 16 28 33 40 47 55 68 76 84 
0 1 8 16 28 33 40 48 55 64 67 72 80 
0 1 8 16 28 33 40 48 55 64 67 74 81 
0 1 8 16 28 33 40 48 55 64 67 75 80 
0 1 8 16 28 33 40 48 55 66 67 72 79 
0 1 8 16 28 33 40 48 55 66 67 74 79 
0 1 8 16 28 33 40 48 55 66 67 74 81 
0 1 8 16 28 33 40 48 55 67 72 80 85 
0 1 8 16 28 33 40 50 55 64 67 72 80 
0 1 8 16 28 33 40 50 55 64 67 74 81 
0 1 8 16 28 33 40 50 55 64 67 75 80 
0 1 8 16 28 33 40 50 55 64 67 75 83 
0 1 8 16 28 33 40 50 55 64 68 73 80 
0 1 8 16 28 33 40 50 55 64 68 73 81 
0 1 8 16 28 33 40 50 55 64 68 76 81 
0 1 8 16 28 33 40 50 55 64 68 76 83 
0 1 8 16 28 33 40 50 55 65 67 72 79 
0 1 8 16 28 33 40 50 55 65 67 72 80 
0 1 8 16 28 33 40 50 55 65 67 74 79 
0 1 8 16 28 33 40 50 55 65 67 74 82 
0 1 8 16 28 33 40 50 55 65 67 75 80 
0 1 8 16 28 33 40 50 55 65 67 75 82 
0 1 8 16 28 33 40 50 55 65 68 73 80 
0 1 10 14 25 33 38 44 47 55 65 71 79 
0 1 10 14 25 33 38 44 47 55 65 73 80 
0 1 10 14 25 33 38 44 47 55 65 74 79 
0 1 10 14 25 33 38 44 47 55 71 79 84 
0 1 10 14 25 33 38 44 47 55 73 80 85 
0 1 10 14 25 33 38 44 48 55 64 73 80 
0 1 10 14 25 33 38 44 48 55 66 71 78 
0 1 10 14 25 33 38 44 48 55 66 71 79 
0 1 10 14 25 33 38 44 48 55 66 73 78 
0 1 10 14 25 33 38 44 48 55 66 73 81 
0 1 10 14 25 33 38 44 48 55 66 74 79 
0 1 10 14 25 33 38 44 48 55 66 74 81 
0 1 10 14 25 33 38 44 48 55 73 80 85 
0 1 10 14 25 33 38 44 50 55 64 73 80 
0 1 10 14 25 33 38 44 50 55 65 71 79 
0 1 10 14 25 33 38 44 50 55 65 73 80 
0 1 10 14 25 33 38 44 50 55 65 74 79 
0 1 10 14 25 33 38 44 50 55 65 74 82 
0 1 10 14 25 37 41 43 47 55 65 72 79 
0 1 10 14 25 37 41 43 47 55 65 72 80 
0 1 10 14 25 37 41 43 47 55 72 77 84 
0 1 10 14 25 37 41 43 47 55 72 77 85 
0 1 10 14 25 37 41 43 47 55 72 79 84 
0 1 10 14 25 37 41 43 47 55 72 80 85 
0 1 10 14 25 37 41 43 47 55 73 80 85 
0 1 10 14 25 37 41 44 47 55 65 71 79 
0 1 10 14 25 37 41 44 47 55 71 79 84 
0 1 10 14 25 37 41 44 47 55 73 80 85 
0 1 10 14 25 40 41 43 47 55 65 73 80 
0 1 10 14 25 40 41 43 47 55 73 80 85 
0 1 10 14 25 40 41 43 48 55 66 73 81 
0 1 10 14 25 40 41 43 48 55 73 80 85 
0 1 10 14 25 40 41 44 47 55 65 71 79 
0 1 10 14 25 40 41 44 47 55 65 73 80 
0 1 10 14 25 40 41 44 47 55 65 74 79 
0 1 10 14 25 40 41 44 47 55 71 79 84 
0 1 10 14 25 40 41 44 47 55 73 80 85 
0 1 10 14 25 40 41 44 48 55 66 71 78 
0 1 10 14 25 40 41 44 48 55 66 71 79 
0 1 10 14 25 40 41 44 48 55 66 73 78 
0 1 10 14 25 40 41 44 48 55 66 73 81 
0 1 10 14 25 40 41 44 48 55 66 74 79 
0 1 10 14 25 40 41 44 48 55 66 74 81 
0 1 10 14 25 40 41 44 48 55 73 80 85 
0 1 10 14 27 40 41 43 47 55 65 73 80 
0 1 10 14 27 40 41 43 47 55 73 80 85 
0 1 10 14 27 40 41 43 48 55 64 73 80 
0 1 10 14 27 40 41 44 47 55 65 71 79 
0 1 10 14 27 40 41 44 47 55 65 73 80 
0 1 10 14 27 40 41 44 47 55 65 74 79 
0 1 10 14 27 40 41 44 47 55 71 79 84 
0 1 10 14 27 40 41 44 47 55 73 80 85 
0 1 10 14 27 40 41 44 48 55 64 73 80 
0 1 10 14 27 40 41 44 48 55 64 73 81 
0 1 10 14 27 40 41 44 48 55 64 74 81 
0 1 10 14 27 40 41 44 48 55 66 71 78 
0 1 10 14 27 40 41 44 48 55 66 71 79 
0 1 10 14 27 40 41 44 48 55 66 73 81 
0 1 10 14 27 40 41 44 48 55 66 74 79 
0 1 10 14 27 40 41 44 48 55 66 74 81 
0 1 10 14 27 40 41 44 48 55 73 80 85 
0 1 10 16 25 33 38 43 47 55 65 72 79 
0 1 10 16 25 33 38 43 47 55 65 72 80 
0 1 10 16 25 33 38 43 47 55 65 73 80 
0 1 10 16 25 33 38 43 47 55 72 77 84 
0 1 10 16 25 33 38 43 47 55 72 79 84 
0 1 10 16 25 33 38 43 48 55 66 72 79 
0 1 10 16 25 33 38 43 48 55 66 73 78 
0 1 10 16 25 33 38 43 48 55 66 73 81 
0 1 10 16 25 33 38 47 55 65 68 73 80 
0 1 10 16 25 33 38 47 55 68 76 84 
0 1 10 16 25 33 38 48 55 66 67 72 79 
0 1 10 16 25 33 38 48 55 66 67 74 79 
0 1 10 16 25 33 38 48 55 66 67 74 81 
0 1 10 16 25 33 40 47 55 65 68 73 80 
0 1 10 16 25 33 40 47 55 68 76 84 
0 1 10 16 25 33 40 48 55 64 67 72 80 
0 1 10 16 25 33 40 48 55 66 67 72 79 
0 1 10 16 25 33 40 48 55 66 67 74 79 
0 1 10 16 25 33 40 48 55 66 67 74 81 
0 1 10 16 25 37 41 43 47 55 72 77 84 
0 1 10 16 25 37 41 43 47 55 72 79 84 
0 1 10 16 25 37 41 47 55 68 76 84 
0 1 10 16 25 40 41 47 55 65 68 73 80 
0 1 10 16 25 40 41 47 55 68 76 84 
0 1 10 16 27 40 41 47 55 65 68 73 80 
0 1 10 16 27 40 41 47 55 68 76 84 
0 1 10 17 25 33 38 44 47 55 65 73 80 
0 1 10 17 25 33 38 44 47 55 65 74 79 
0 1 10 17 25 33 38 44 47 55 73 80 85 
0 1 10 17 25 33 38 47 55 65 68 73 80 
0 1 10 17 25 33 38 47 55 68 73 80 85 
0 1 10 17 25 33 38 47 55 68 76 84 
0 1 10 17 25 33 38 47 55 69 76 84 
0 1 10 17 25 33 38 47 55 69 77 84 
0 1 10 17 25 33 38 47 55 69 77 85 
0 1 10 17 25 33 40 44 47 55 65 73 80 
0 1 10 17 25 33 40 44 47 55 65 74 79 
0 1 10 17 25 33 40 44 47 55 73 80 85 
0 1 10 17 25 33 40 47 55 65 68 73 80 
0 1 10 17 25 33 40 47 55 68 73 80 85 
0 1 10 17 25 33 40 47 55 68 76 84 
0 1 10 17 25 33 40 47 55 69 76 84 
0 1 10 17 25 33 40 47 55 69 77 84 
0 1 10 17 25 33 40 47 55 69 77 85 
0 1 10 17 25 37 41 47 55 68 76 84 
0 1 10 17 25 37 41 47 55 69 76 84 
0 2 7 14 20 25 39 41 47 55 70 77 84 
0 2 7 14 20 25 39 41 47 55 70 77 85 
0 2 7 14 20 25 39 41 47 55 70 78 85 
0 2 7 14 20 25 39 41 48 55 66 70 78 
0 2 7 14 20 25 39 41 48 55 70 77 85 
0 2 7 14 20 25 39 41 48 55 70 78 85 
0 2 7 14 20 25 39 41 48 56 66 70 78 
0 2 7 14 20 25 39 41 48 56 70 77 85 
0 2 7 14 20 25 39 41 48 56 70 78 85 
0 2 7 14 20 25 39 41 49 53 56 70 75 82 
0 2 7 14 20 25 39 41 49 53 56 70 77 82 
0 2 7 14 20 25 39 41 49 56 65 70 75 82 
0 2 7 14 20 25 39 41 49 56 66 70 78 
0 2 7 14 20 25 39 41 51 53 56 70 75 82 
0 2 7 14 20 25 39 41 51 53 56 70 77 82 
0 2 7 14 20 27 34 39 46 51 58 70 77 84 
0 2 7 14 20 27 34 39 47 55 70 77 84 
0 2 7 14 20 27 34 39 47 55 70 77 85 
0 2 7 14 20 27 34 39 47 55 70 78 85 
0 2 7 14 20 27 34 39 48 55 66 70 78 
0 2 7 14 20 27 34 39 48 55 70 78 85 
0 2 7 14 20 27 34 39 48 56 66 70 78 
0 2 7 14 20 27 34 39 48 56 70 78 85 
0 2 7 14 20 27 34 39 49 53 56 70 75 82 
0 2 7 14 20 27 34 39 49 56 65 70 75 82 
0 2 7 14 20 27 34 39 49 56 66 70 78 
0 2 7 14 20 27 34 39 51 53 58 70 77 82 
0 2 7 14 20 27 39 41 47 55 70 77 84 
0 2 7 14 20 27 39 41 47 55 70 77 85 
0 2 7 14 20 27 39 41 47 55 70 78 85 
0 2 7 14 20 27 39 41 48 55 66 70 78 
0 2 7 14 20 27 39 41 48 55 70 77 85 
0 2 7 14 20 27 39 41 48 55 70 78 85 
0 2 7 14 20 27 39 41 48 56 66 70 78 
0 2 7 14 20 27 39 41 48 56 70 77 85 
0 2 7 14 20 27 39 41 48 56 70 78 85 
0 2 7 14 20 27 39 41 49 56 66 70 78 
0 2 7 14 20 27 39 41 51 53 56 70 77 82 
0 2 7 14 25 39 41 43 47 55 65 72 79 
0 2 7 14 25 39 41 43 47 55 65 72 80 
0 2 7 14 25 39 41 43 47 55 65 73 80 
0 2 7 14 25 39 41 43 47 55 70 77 84 
0 2 7 14 25 39 41 43 47 55 70 77 85 
0 2 7 14 25 39 41 43 47 55 70 78 85 
0 2 7 14 25 39 41 43 47 55 72 77 84 
0 2 7 14 25 39 41 43 47 55 72 77 85 
0 2 7 14 25 39 41 43 47 55 72 79 84 
0 2 7 14 25 39 41 43 47 55 72 80 85 
0 2 7 14 25 39 41 43 47 55 73 78 85 
0 2 7 14 25 39 41 43 47 55 73 80 85 
0 2 7 14 25 39 41 43 48 55 66 70 78 
0 2 7 14 25 39 41 43 48 55 66 72 79 
0 2 7 14 25 39 41 43 48 55 66 73 78 
0 2 7 14 25 39 41 43 48 55 66 73 81 
0 2 7 14 25 39 41 43 48 55 70 77 85 
0 2 7 14 25 39 41 43 48 55 70 78 85 
0 2 7 14 25 39 41 43 48 55 72 80 85 
0 2 7 14 25 39 41 43 48 55 73 78 85 
0 2 7 14 25 39 41 43 48 55 73 80 85 
0 2 7 14 25 39 41 43 48 56 66 70 78 
0 2 7 14 25 39 41 43 48 56 66 72 79 
0 2 7 14 25 39 41 43 48 56 66 73 78 
0 2 7 14 25 39 41 43 48 56 66 73 81 
0 2 7 14 25 39 41 43 48 56 70 77 85 
0 2 7 14 25 39 41 43 48 56 70 78 85 
0 2 7 14 25 39 41 43 48 56 72 80 85 
0 2 7 14 25 39 41 43 48 56 73 78 85 
0 2 7 14 25 39 41 43 48 56 73 80 85 
0 2 7 14 25 39 41 43 49 53 56 73 81 
0 2 7 14 25 39 41 43 49 56 65 72 79 
0 2 7 14 25 39 41 43 49 56 65 73 80 
0 2 7 14 25 39 41 43 49 56 66 73 78 
0 2 7 14 25 39 41 44 47 55 65 73 80 
0 2 7 14 25 39 41 44 47 55 65 74 79 
0 2 7 14 25 39 41 44 47 55 73 78 85 
0 2 7 14 25 39 41 44 47 55 73 80 85 
0 2 7 14 25 39 41 44 48 55 66 73 78 
0 2 7 14 25 39 41 44 48 55 66 73 81 
0 2 7 14 25 39 41 44 48 55 66 74 79 
0 2 7 14 25 39 41 44 48 55 66 74 81 
0 2 7 14 25 39 41 44 48 55 73 78 85 
0 2 7 14 25 39 41 44 48 55 73 80 85 
0 2 7 14 25 39 41 44 48 56 66 73 78 
0 2 7 14 25 39 41 44 48 56 66 74 79 
0 2 7 14 25 39 41 44 48 56 66 74 81 
0 2 7 14 27 34 39 43 47 55 65 72 79 
0 2 7 14 27 34 39 43 47 55 65 72 80 
0 2 7 14 27 34 39 43 47 55 65 73 80 
0 2 7 14 27 34 39 43 47 55 70 78 85 
0 2 7 14 27 34 39 43 47 55 72 79 84 
0 2 7 14 27 34 39 43 47 55 72 80 85 
0 2 7 14 27 34 39 43 47 55 73 78 85 
0 2 7 14 27 34 39 43 47 55 73 80 85 
0 2 7 14 27 34 39 43 48 55 64 72 80 
0 2 7 14 27 34 39 43 48 55 64 73 80 
0 2 7 14 27 34 39 43 48 55 66 70 78 
0 2 7 14 27 34 39 43 48 55 66 72 79 
0 2 7 14 27 34 39 43 48 55 66 73 78 
0 2 7 14 27 34 39 43 48 55 70 78 85 
0 2 7 14 27 34 39 43 48 55 72 80 85 
0 2 7 14 27 34 39 43 48 55 73 78 85 
0 2 7 14 27 34 39 43 48 56 64 72 80 
0 2 7 14 27 34 39 43 48 56 66 70 78 
0 2 7 14 27 34 39 43 48 56 66 72 79 
0 2 7 14 27 34 39 43 48 56 66 73 78 
0 2 7 14 27 34 39 43 48 56 70 78 85 
0 2 7 14 27 34 39 43 48 56 73 78 85 
0 2 7 14 27 34 39 43 49 56 65 72 79 
0 2 7 14 27 34 39 43 49 56 66 70 78 
0 2 7 14 27 34 39 43 49 56 66 73 78 
0 2 7 14 27 34 39 44 47 55 65 73 80 
0 2 7 14 27 34 39 44 47 55 65 74 79 
0 2 7 14 27 34 39 44 47 55 73 78 85 
0 2 7 14 27 34 39 44 47 55 73 80 85 
0 2 7 14 27 34 39 44 48 55 64 73 80 
0 2 7 14 27 34 39 44 48 55 64 73 81 
0 2 7 14 27 34 39 44 48 55 64 74 81 
0 2 7 14 27 34 39 44 48 55 66 73 78 
0 2 7 14 27 34 39 44 48 55 66 73 81 
0 2 7 14 27 34 39 44 48 55 66 74 79 
0 2 7 14 27 34 39 44 48 55 66 74 81 
0 2 7 14 27 34 39 44 48 55 73 78 85 
0 2 7 14 27 34 39 44 48 55 73 80 85 
0 2 7 14 27 34 39 44 48 56 64 73 80 
0 2 7 14 27 34 39 44 48 56 64 73 81 
0 2 7 14 27 34 39 44 48 56 64 74 81 
0 2 7 14 27 34 39 44 48 56 66 73 78 
0 2 7 14 27 34 39 44 48 56 66 73 81 
0 2 7 14 27 34 39 44 48 56 66 74 79 
0 2 7 14 27 34 39 44 48 56 66 74 81 
0 2 7 14 27 34 39 44 48 56 73 78 85 
0 2 7 14 27 34 39 44 48 56 73 80 85 
0 2 7 14 27 34 39 44 49 53 56 73 81 
0 2 7 14 27 34 39 44 49 53 56 74 81 
0 2 7 14 27 34 39 44 49 53 56 74 82 
0 2 7 14 27 34 39 44 49 56 65 73 80 
0 2 7 14 27 34 39 44 49 56 65 74 79 
0 2 7 14 27 34 39 44 49 56 65 74 82 
0 2 7 14 27 34 39 44 49 56 66 73 78 
0 2 7 14 27 34 39 44 49 56 66 73 81 
0 2 7 14 27 34 39 44 49 56 66 74 79 
0 2 7 14 27 34 39 44 49 56 66 74 81 
0 2 7 14 27 34 39 44 50 55 64 73 80 
0 2 7 14 27 34 39 44 50 55 64 73 81 
0 2 7 14 27 34 39 44 50 55 64 74 81 
0 2 7 14 27 34 39 44 50 55 65 73 80 
0 2 7 14 27 34 39 44 50 55 65 74 79 
0 2 7 14 27 34 39 44 50 55 65 74 82 
0 2 7 14 27 34 39 44 50 58 64 73 80 
0 2 7 14 27 34 39 44 50 58 64 73 81 
0 2 7 14 27 34 39 44 50 58 64 74 81 
0 2 7 14 27 34 39 44 50 58 65 73 80 
0 2 7 14 27 34 39 44 50 58 65 74 79 
0 2 7 14 27 34 39 44 50 58 65 74 82 
0 2 7 14 27 39 41 43 47 55 65 72 79 
0 2 7 14 27 39 41 43 47 55 65 72 80 
0 2 7 14 27 39 41 43 47 55 65 73 80 
0 2 7 14 27 39 41 43 47 55 70 77 84 
0 2 7 14 27 39 41 43 47 55 70 77 85 
0 2 7 14 27 39 41 43 47 55 70 78 85 
0 2 7 14 27 39 41 43 47 55 72 79 84 
0 2 7 14 27 39 41 43 47 55 72 80 85 
0 2 7 14 27 39 41 43 47 55 73 78 85 
0 2 7 14 27 39 41 43 47 55 73 80 85 
0 2 7 14 27 39 41 43 48 55 64 72 80 
0 2 7 14 27 39 41 43 48 55 64 73 80 
0 2 7 14 27 39 41 43 48 55 64 73 81 
0 2 7 14 27 39 41 43 48 55 66 70 78 
0 2 7 14 27 39 41 43 48 55 66 72 79 
0 2 7 14 27 39 41 43 48 55 66 73 78 
0 2 7 14 27 39 41 43 48 55 66 73 81 
0 2 7 14 27 39 41 43 48 55 70 78 85 
0 2 7 14 27 39 41 43 48 55 72 80 85 
0 2 7 14 27 39 41 43 48 55 73 78 85 
0 2 7 14 27 39 41 43 48 55 73 80 85 
0 2 7 14 27 39 41 43 48 56 64 72 80 
0 2 7 14 27 39 41 43 48 56 64 73 80 
0 2 7 14 27 39 41 43 48 56 64 73 81 
0 2 7 14 27 39 41 43 48 56 66 70 78 
0 2 7 14 27 39 41 43 48 56 66 72 79 
0 2 7 14 27 39 41 43 48 56 66 73 81 
0 2 7 14 27 39 41 43 48 56 70 78 85 
0 2 7 14 27 39 41 43 48 56 72 80 85 
0 2 7 14 27 39 41 43 49 56 65 72 79 
0 2 7 14 27 39 41 43 49 56 65 72 80 
0 2 7 14 27 39 41 43 49 56 66 70 78 
0 2 7 14 27 39 41 44 47 55 65 73 80 
0 2 7 14 27 39 41 44 47 55 65 74 79 
0 2 7 14 27 39 41 44 47 55 73 78 85 
0 2 7 14 27 39 41 44 47 55 73 80 85 
0 2 7 14 27 39 41 44 48 55 64 73 80 
0 2 7 14 27 39 41 44 48 55 64 73 81 
0 2 7 14 27 39 41 44 48 55 66 73 81 
0 2 7 15 25 33 38 42 47 55 65 72 79 
0 2 7 15 25 33 38 42 47 55 65 72 80 
0 2 7 15 25 33 38 42 47 55 72 77 85 
0 2 7 15 25 33 38 42 48 55 66 72 79 
0 2 7 15 25 33 38 44 47 55 65 73 80 
0 2 7 15 25 33 38 44 47 55 65 74 79 
0 2 7 15 25 33 38 44 47 55 73 78 85 
0 2 7 15 25 33 38 44 47 55 73 80 85 
0 2 7 15 25 33 38 44 48 55 66 73 78 
0 2 7 15 25 33 38 44 48 55 66 74 79 
0 2 7 15 25 33 38 44 48 55 66 74 81 
0 2 7 15 25 39 41 44 47 55 65 73 80 
0 2 7 15 25 39 41 44 47 55 65 74 79 
0 2 7 15 25 39 41 44 47 55 73 78 85 
0 2 7 15 25 39 41 44 47 55 73 80 85 
0 2 7 15 25 39 41 44 48 55 66 73 78 
0 2 7 15 25 39 41 44 48 55 66 74 79 
0 2 7 15 25 39 41 44 48 55 66 74 81 
0 2 7 15 27 39 41 44 47 55 65 73 80 
0 2 7 15 27 39 41 44 47 55 65 74 79 
0 2 7 15 27 39 41 44 47 55 73 78 85 
0 2 7 15 27 39 41 44 47 55 73 80 85 
0 2 7 15 27 39 41 44 48 55 64 73 80 
0 2 7 15 27 39 41 44 48 55 64 73 81 
0 2 7 15 27 39 41 44 48 55 64 74 81 
0 2 7 15 27 39 41 44 48 55 66 73 78 
0 2 7 15 27 39 41 44 48 55 66 73 81 
0 2 7 15 27 39 41 44 48 55 66 74 79 
0 2 7 15 27 39 41 44 48 55 66 74 81 
0 2 7 15 27 39 41 44 48 55 73 78 85 
0 2 7 15 27 39 41 44 48 55 73 80 85 
0 2 7 15 27 39 41 44 48 56 64 73 80 
0 2 7 15 27 39 41 44 48 56 64 73 81 
0 2 7 15 27 39 41 44 48 56 64 74 81 
0 2 7 15 27 39 41 44 48 56 66 73 78 
0 2 7 15 27 39 41 44 48 56 66 73 81 
0 2 7 15 27 39 41 44 48 56 66 74 79 
0 2 7 15 27 39 41 44 48 56 66 74 81 
0 2 7 15 27 39 41 44 48 56 73 78 85 
0 2 7 15 27 39 41 44 48 56 73 80 85 
0 2 7 15 27 39 41 44 49 56 65 73 80 
0 2 7 15 27 39 41 44 49 56 65 74 79 
0 2 7 15 27 39 41 44 49 56 65 74 82 
0 2 7 15 27 39 41 44 49 56 66 73 78 
0 2 7 15 27 39 41 44 49 56 66 73 81 
0 2 7 15 27 39 41 44 49 56 66 74 79 
0 2 7 15 27 39 41 44 49 56 66 74 81 
0 2 7 15 27 39 41 44 51 56 64 73 80 
0 2 7 15 27 39 41 44 51 56 64 73 81 
0 2 7 15 27 39 41 48 55 64 67 72 80 
0 2 7 15 27 39 41 48 55 64 67 74 81 
0 2 7 15 27 39 41 48 55 66 67 72 79 
0 2 7 15 27 39 41 48 55 66 67 74 79 
0 2 7 15 27 39 41 48 55 66 67 74 81 
0 2 7 15 27 39 41 48 55 67 72 80 85 
0 2 7 15 27 39 41 48 56 64 67 72 80 
0 2 7 15 27 39 41 48 56 64 67 74 81 
0 2 7 15 27 39 41 48 56 64 67 75 80 
0 2 7 15 27 39 41 48 56 66 67 72 79 
0 2 7 15 27 39 41 48 56 66 67 74 79 
0 2 7 15 27 39 41 48 56 66 67 74 81 
0 2 7 15 27 39 41 48 56 67 72 80 85 
0 2 7 15 27 39 41 49 56 65 67 72 79 
0 2 7 15 27 39 41 49 56 65 67 72 80 
0 2 7 15 27 39 41 49 56 65 67 74 79 
0 2 7 15 27 39 41 49 56 65 67 74 82 
0 2 7 15 27 39 41 49 56 65 67 75 80 
0 2 7 15 27 39 41 49 56 65 67 75 82 
0 2 7 15 27 39 41 49 56 66 67 72 79 
0 2 7 15 27 39 41 49 56 66 67 74 79 
0 2 7 15 27 39 41 49 56 66 67 74 81 
0 2 7 15 27 39 41 51 56 64 67 72 80 
0 2 10 14 25 39 41 43 47 55 65 72 79 
0 2 10 14 25 39 41 43 47 55 65 72 80 
0 2 10 14 25 39 41 43 47 55 65 73 80 
0 2 10 14 25 39 41 43 47 55 72 80 85 
0 2 10 14 25 39 41 43 47 55 73 80 85 
0 2 10 14 25 39 41 43 48 55 66 72 79 
0 2 10 14 25 39 41 43 48 55 66 73 81 
0 2 10 14 25 39 41 43 48 55 72 80 85 
0 2 10 14 25 39 41 43 48 55 73 80 85 
0 2 10 14 25 39 41 43 48 56 66 72 79 
0 2 10 14 25 39 41 43 48 56 66 73 81 
0 2 10 14 25 39 41 43 48 56 72 80 85 
0 2 10 14 25 39 41 43 49 56 65 72 79 
0 2 10 14 25 39 41 43 49 56 65 72 80 
0 2 10 14 25 39 41 44 47 55 65 73 80 
0 2 10 14 25 39 41 44 47 55 65 74 79 
0 2 10 14 25 39 41 44 47 55 73 80 85 
0 2 10 14 25 39 41 44 48 55 66 73 81 
0 2 10 16 22 25 33 43 47 55 65 73 80 
0 2 10 16 22 25 33 43 48 55 66 73 81 
0 2 10 16 22 25 33 43 48 56 66 73 81 
0 2 10 16 22 25 33 43 49 53 56 73 81 
0 2 10 16 22 25 33 43 49 56 65 73 80 
0 2 10 16 22 25 33 43 50 55 65 73 80 
0 2 10 16 22 25 33 47 55 68 76 84 
0 2 10 16 22 25 33 48 55 66 67 74 81 
0 2 10 16 22 25 33 48 56 66 67 74 81 
0 2 10 16 22 25 33 49 56 65 68 73 80 
0 2 10 16 22 25 33 49 56 66 68 73 81 
0 2 10 16 22 25 33 50 55 65 68 73 80 
0 2 10 16 22 27 34 47 55 65 68 73 80 
0 2 10 16 22 27 34 47 55 68 76 84 
0 2 10 16 22 27 34 48 55 64 67 74 81 
0 2 10 16 22 27 34 48 55 66 67 74 81 
0 2 10 16 22 27 34 48 56 64 67 74 81 
0 2 10 16 22 27 34 48 56 64 67 75 80 
0 2 10 16 22 27 34 48 56 66 67 74 81 
0 2 10 16 22 27 34 49 53 56 67 74 81 
0 2 10 16 22 27 34 49 56 65 67 75 80 
0 2 10 16 22 27 34 49 56 65 68 73 80 
0 2 10 16 22 27 34 49 56 65 68 75 80 
0 2 10 16 22 27 34 49 56 65 68 75 82 
0 2 10 16 22 27 34 49 56 66 68 73 81 
0 2 10 16 22 27 34 50 55 64 68 73 80 
0 2 10 16 22 27 34 50 55 64 68 73 81 
0 2 10 16 22 27 34 50 55 64 68 76 81 
0 2 10 16 22 27 34 50 55 65 68 73 80 
0 2 10 16 25 33 38 43 47 55 65 72 79 
0 2 10 16 25 33 38 43 47 55 65 72 80 
0 2 10 16 25 33 38 47 55 68 76 84 
0 2 10 16 25 39 41 47 55 68 76 84 
0 2 10 16 25 39 41 48 56 66 67 74 81 
0 2 10 16 27 39 41 47 55 65 68 73 80 
0 2 10 16 27 39 41 47 55 68 76 84 
0 2 10 17 22 25 33 47 55 68 73 80 85 
0 2 10 17 22 25 33 47 55 68 76 84 
0 2 10 17 22 25 33 47 55 69 76 84 
0 2 10 17 22 25 33 47 55 69 77 84 
0 2 10 17 22 25 33 47 55 69 77 85 
0 2 10 17 22 25 33 48 55 69 77 85 
0 2 10 17 22 25 33 48 56 69 77 85 
0 2 10 17 22 27 34 47 55 68 73 80 85 
0 2 10 17 22 27 34 47 55 68 76 84 
0 2 10 17 22 27 34 47 55 69 76 84 
0 2 10 17 22 27 34 47 55 69 77 84 
0 2 10 17 22 27 34 47 55 69 77 85 
0 2 10 17 22 27 34 48 55 64 69 76 81 
0 2 10 17 22 27 34 48 55 69 77 85 
0 2 10 17 22 27 34 50 55 64 68 73 80 
0 2 10 17 22 27 34 50 55 64 68 73 81 
0 2 10 17 22 27 34 50 55 64 68 76 81 
0 2 10 17 22 27 34 50 55 65 68 73 80 
0 2 10 17 25 33 38 44 48 55 73 80 85 
0 2 10 17 25 33 38 47 55 68 73 80 85 
0 2 10 17 25 33 38 47 55 68 76 84 
0 2 10 17 25 33 38 47 55 69 76 84 
0 2 10 17 25 33 38 47 55 69 77 84 
0 2 10 17 25 33 38 47 55 69 77 85 
0 2 10 17 25 33 38 48 55 69 77 85 
0 2 10 17 25 39 41 44 48 55 73 80 85 
0 2 10 17 25 39 41 47 55 68 73 80 85 
0 2 10 17 25 39 41 47 55 68 76 84 
0 2 10 17 25 39 41 47 55 69 76 84 
0 2 10 17 25 39 41 47 55 69 77 84 
0 2 10 17 25 39 41 47 55 69 77 85 
0 2 10 17 25 39 41 48 55 69 77 85 
0 2 10 17 27 34 39 44 48 55 64 73 80 
0 2 10 17 27 34 39 44 48 55 64 73 81 
0 2 10 17 27 34 39 44 48 55 64 74 81 
0 2 10 17 27 34 39 44 48 55 73 80 85 
0 2 10 17 27 34 39 44 50 55 64 73 80 
0 2 10 17 27 34 39 44 50 55 64 74 81 
0 2 10 17 27 34 39 47 55 68 73 80 85 
0 2 10 17 27 34 39 47 55 68 76 84 
0 2 10 17 27 34 39 47 55 69 76 84 
0 2 10 17 27 34 39 47 55 69 77 84 
0 2 15 19 25 39 41 44 48 55 66 73 78 
0 2 15 19 25 39 41 44 48 55 66 73 81 
0 2 15 19 25 39 41 44 48 55 66 74 81 
0 2 15 19 27 39 41 44 48 55 64 73 81 
0 2 15 19 27 39 41 44 48 55 64 74 81 
0 2 15 19 27 39 41 44 48 55 66 73 78 
0 2 15 19 27 39 41 44 48 55 66 73 81 
0 2 15 19 27 39 41 44 48 55 66 74 81 
0 2 17 19 22 25 33 47 55 68 76 84 
0 2 17 19 22 25 33 47 55 69 76 84 
0 2 17 19 22 25 33 47 55 69 77 84 
0 2 17 19 22 25 33 47 55 69 77 85 
0 2 17 19 22 25 33 48 55 69 77 85 
0 2 17 19 22 27 34 47 55 68 76 84 
0 2 17 19 22 27 34 47 55 69 76 84 
0 2 17 19 22 27 34 47 55 69 77 84 
0 2 17 19 22 27 34 47 55 69 77 85 
0 2 17 19 22 27 34 48 55 64 69 76 81 
0 2 17 19 22 27 34 48 55 69 77 85 
0 2 17 19 25 33 38 47 55 68 76 84 
0 2 17 19 25 33 38 47 55 69 76 84 
0 2 17 19 25 33 38 47 55 69 77 84 
0 2 17 19 25 33 38 47 55 69 77 85 
0 2 17 19 25 39 41 47 55 68 76 84 
0 2 17 19 25 39 41 47 55 69 76 84 
0 2 17 19 25 39 41 47 55 69 77 84 
0 2 17 19 25 39 41 47 55 69 77 85 
0 2 17 19 27 34 39 44 48 55 64 73 81 
0 2 17 19 27 34 39 44 48 55 73 78 85 
0 2 17 19 27 34 39 47 55 68 76 84 
0 2 17 19 27 34 39 47 55 69 76 84 
0 2 17 19 27 34 39 47 55 69 77 84 
0 2 17 19 27 34 39 47 55 69 77 85 
0 2 17 19 27 34 39 48 55 64 69 76 81 
0 2 17 19 27 34 39 48 55 69 77 85 
0 2 17 19 27 39 41 47 55 68 76 84 
0 2 17 19 27 39 41 47 55 69 76 84 
0 2 17 19 27 39 41 47 55 69 77 84 
0 2 17 19 27 39 41 47 55 69 77 85 
0 2 18 19 22 25 33 47 55 69 76 84 
0 2 18 19 22 25 33 47 55 69 77 84 
0 2 18 19 22 25 33 47 55 69 77 85 
0 2 18 19 22 25 33 47 55 70 77 84 
0 2 18 19 22 27 34 47 55 69 76 84 
0 2 18 19 22 27 34 47 55 69 77 84 
0 2 18 19 22 27 34 47 55 69 77 85 
0 2 18 19 22 27 34 47 55 70 77 84 
0 2 18 19 22 27 34 47 55 70 77 85 
0 2 18 19 22 27 34 47 55 70 78 85 
0 2 18 19 22 28 33 47 55 70 77 84 
0 2 18 19 22 28 33 47 55 70 77 85 
0 2 18 19 27 34 39 47 55 69 76 84 
0 2 18 19 27 34 39 47 55 69 77 84 
0 2 18 19 27 34 39 47 55 69 77 85 
0 2 18 19 27 34 39 47 55 70 77 84 
0 2 18 19 27 34 39 47 55 70 77 85 
0 2 18 19 27 34 39 47 55 70 78 85 
0 3 8 15 25 39 41 44 48 55 66 71 79 
0 3 8 15 25 40 41 42 48 55 66 71 79 
0 3 8 15 25 40 41 42 48 56 66 71 79 
0 3 8 15 28 35 40 42 47 55 65 71 79 
0 3 8 15 28 35 40 42 48 55 66 71 79 
0 3 8 15 28 35 40 42 48 56 66 71 79 
0 3 8 15 28 35 40 49 53 56 67 74 81 
0 3 8 16 25 33 40 47 55 68 76 84 
0 3 8 16 25 40 41 47 55 68 76 84 
0 3 8 16 28 33 40 47 55 68 76 84 
0 3 11 16 25 33 40 47 55 68 76 84 
0 3 11 16 25 39 41 47 55 68 76 84 
0 3 11 16 25 40 41 47 55 68 76 84 
0 3 11 16 27 39 41 47 55 68 76 84 
0 3 11 16 27 40 41 47 55 68 76 84 
0 3 11 18 25 33 40 47 55 69 76 84 
0 3 11 18 25 33 40 47 55 69 77 84 
0 3 11 18 25 33 40 47 55 69 77 85 
0 3 11 18 25 33 40 47 55 70 77 84 
0 3 11 18 25 33 40 47 55 70 77 85 
0 3 11 18 25 33 40 47 55 70 78 85 
0 3 11 18 25 33 40 48 55 66 70 78 
0 3 11 18 25 33 40 48 55 69 77 85 
0 3 11 18 25 33 40 48 55 70 77 85 
0 3 11 18 25 33 40 48 55 70 78 85 
0 3 11 18 25 33 40 48 56 66 70 78 
0 3 11 18 25 33 40 48 56 69 77 85 
0 3 11 18 25 33 40 48 56 70 77 85 
0 3 11 18 25 33 40 48 56 70 78 85 
0 3 11 18 25 33 40 49 56 66 70 78 
0 3 11 18 25 39 41 47 55 69 76 84 
0 3 11 18 25 39 41 47 55 69 77 84 
0 3 11 18 25 39 41 47 55 69 77 85 
0 3 11 18 25 39 41 47 55 70 77 84 
0 3 11 18 25 39 41 47 55 70 77 85 
0 3 11 18 25 39 41 47 55 70 78 85 
0 3 11 18 25 39 41 48 55 66 70 78 
0 3 11 18 25 39 41 48 55 69 77 85 
0 3 11 18 25 39 41 48 55 70 77 85 
0 3 11 18 25 39 41 48 55 70 78 85 
0 3 11 18 25 40 41 47 55 69 76 84 
0 3 11 18 25 40 41 47 55 69 77 84 
0 3 11 18 25 40 41 47 55 69 77 85 
0 3 11 18 25 40 41 47 55 70 77 84 
0 3 11 18 25 40 41 47 55 70 77 85 
0 3 11 18 25 40 41 47 55 70 78 85 
0 3 11 18 25 40 41 48 55 66 70 78 
0 3 11 18 25 40 41 48 55 69 77 85 
0 3 11 18 25 40 41 48 55 70 77 85 
0 3 11 18 25 40 41 48 55 70 78 85 
0 3 11 18 25 40 41 48 56 66 70 78 
0 3 11 18 25 40 41 48 56 69 77 85 
0 3 11 18 25 40 41 48 56 70 77 85 
0 3 11 18 25 40 41 48 56 70 78 85 
0 3 11 18 27 31 34 47 55 69 76 84 
0 3 11 18 27 31 34 47 55 69 77 85 
0 3 11 18 27 31 34 47 55 70 77 84 
0 3 11 18 27 31 34 47 55 70 77 85 
0 3 11 18 27 31 34 47 55 70 78 85 
0 3 11 18 27 31 34 48 56 66 70 78 
0 3 11 18 27 31 34 48 56 70 77 85 
0 3 11 18 27 31 34 48 56 70 78 85 
0 3 11 18 27 31 34 49 56 66 70 78 
0 3 11 18 27 31 35 47 55 69 76 84 
0 3 11 18 27 31 35 47 55 69 77 85 
0 3 11 18 27 31 35 47 55 70 77 84 
0 3 11 18 27 31 35 47 55 70 77 85 
0 3 11 18 27 31 35 47 55 70 78 85 
0 3 11 18 27 31 35 48 56 66 70 78 
0 3 11 18 27 31 35 48 56 69 77 85 
0 3 11 18 27 31 35 48 56 70 77 85 
0 3 11 18 27 31 35 48 56 70 78 85 
0 3 11 18 27 31 35 49 56 66 70 78 
0 3 11 18 27 34 39 47 55 69 76 84 
0 3 11 18 27 34 39 47 55 69 77 84 
0 3 11 18 27 34 39 47 55 70 77 84 
0 3 11 18 27 34 39 48 55 66 70 78 
0 3 11 18 27 34 39 48 55 69 77 85 
0 3 11 18 27 34 39 48 55 70 77 85 
0 3 11 18 27 34 39 48 55 70 78 85 
0 3 11 18 27 39 41 47 55 69 76 84 
0 3 11 18 27 39 41 47 55 69 77 84 
0 3 11 18 27 39 41 47 55 69 77 85 
0 3 11 18 27 39 41 47 55 70 77 84 
0 3 11 18 27 39 41 47 55 70 77 85 
0 3 11 18 27 39 41 48 55 66 70 78 
0 3 11 18 27 39 41 48 55 69 77 85 
0 3 11 18 27 39 41 48 55 70 77 85 
0 3 11 18 27 40 41 47 55 69 76 84 
0 3 11 18 27 40 41 47 55 69 77 84 
0 3 11 18 27 40 41 47 55 69 77 85 
0 3 11 18 27 40 41 47 55 70 77 84 
0 3 11 18 27 40 41 47 55 70 77 85 
0 3 11 18 27 40 41 47 55 70 78 85 
0 3 11 18 27 40 41 48 56 66 70 78 
0 3 11 18 27 40 41 48 56 69 77 85 
0 3 11 18 27 40 41 48 56 70 77 85 
0 3 11 18 28 31 35 47 55 69 76 84 
0 3 11 18 28 31 35 47 55 69 77 85 
0 3 11 18 28 31 35 47 55 70 78 85 
0 3 11 18 28 31 35 48 56 66 70 78 
0 3 11 18 28 31 35 48 56 69 77 85 
0 3 11 18 28 31 35 48 56 70 78 85 
0 3 11 18 28 31 35 49 56 66 70 78 
0 3 11 18 28 33 40 47 55 69 76 84 
0 3 11 18 28 33 40 47 55 69 77 84 
0 3 11 18 28 33 40 47 55 69 77 85 
0 3 11 18 28 33 40 47 55 70 77 84 
0 3 11 18 28 33 40 47 55 70 77 85 
0 3 11 18 28 33 40 47 55 70 78 85 
0 3 11 18 28 35 40 47 55 69 76 84 
0 3 11 18 28 35 40 47 55 69 77 84 
0 3 11 18 28 35 40 47 55 69 77 85 
0 3 11 18 28 35 40 47 55 70 78 85 
0 3 11 18 28 35 40 48 56 69 77 85 
0 3 11 18 28 35 40 48 56 70 78 85 
0 3 11 20 25 33 40 47 55 68 76 84 
0 3 11 20 25 33 40 47 55 70 77 84 
0 3 11 20 25 33 40 47 55 70 77 85 
0 3 11 20 25 33 40 47 55 70 78 85 
0 3 11 20 25 33 40 47 55 71 76 84 
0 3 11 20 25 33 40 47 55 71 78 85 
0 3 11 20 25 33 40 47 55 71 79 84 
0 3 11 20 25 33 40 48 56 70 77 85 
0 3 11 20 25 33 40 48 56 70 78 85 
0 3 11 20 25 33 40 48 56 71 78 85 
0 3 11 20 25 39 41 47 55 68 76 84 
0 3 11 20 25 39 41 47 55 70 77 84 
0 3 11 20 25 39 41 47 55 71 76 84 
0 3 11 20 25 39 41 47 55 71 79 84 
0 3 11 20 25 40 41 47 55 68 76 84 
0 3 11 20 25 40 41 47 55 70 77 84 
0 3 11 20 25 40 41 47 55 70 77 85 
0 3 11 20 25 40 41 47 55 70 78 85 
0 3 11 20 25 40 41 47 55 71 76 84 
0 3 11 20 25 40 41 47 55 71 78 85 
0 3 11 20 25 40 41 47 55 71 79 84 
0 3 11 20 27 31 34 48 56 66 70 78 
0 3 11 20 27 31 34 48 56 66 71 78 
0 3 11 20 27 31 34 48 56 66 71 79 
0 3 11 20 27 31 34 48 56 70 77 85 
0 3 11 20 27 31 34 48 56 70 78 85 
0 3 11 20 27 31 34 48 56 71 78 85 
0 3 11 20 27 31 34 49 56 65 71 79 
0 3 11 20 27 31 34 49 56 66 70 78 
0 3 11 20 27 31 34 49 56 66 71 78 
0 3 11 20 27 31 34 49 56 66 71 79 
0 3 11 20 27 31 35 48 56 66 70 78 
0 3 11 20 27 31 35 48 56 66 71 78 
0 3 11 20 27 31 35 48 56 66 71 79 
0 3 11 20 27 31 35 48 56 70 77 85 
0 3 11 20 27 31 35 48 56 70 78 85 
0 3 11 20 27 31 35 48 56 71 78 85 
0 3 11 20 27 31 35 49 56 65 71 79 
0 3 11 20 27 31 35 49 56 66 70 78 
0 3 11 20 27 31 35 49 56 66 71 78 
0 3 11 20 27 31 35 49 56 66 71 79 
0 3 11 20 27 35 40 47 55 65 71 79 
0 3 11 20 27 35 40 47 55 68 76 84 
0 3 11 20 27 35 40 47 55 70 77 84 
0 3 11 20 27 35 40 47 55 70 77 85 
0 3 11 20 27 35 40 47 55 70 78 85 
0 3 11 20 27 35 40 47 55 71 76 84 
0 3 11 20 27 35 40 47 55 71 78 85 
0 3 11 20 27 35 40 47 55 71 79 84 
0 3 11 20 27 35 40 49 56 65 71 79 
0 3 11 20 27 35 40 49 56 66 70 78 
0 3 11 20 27 35 40 49 56 66 71 78 
0 3 11 20 27 35 40 49 56 66 71 79 
0 3 11 20 27 39 41 47 55 68 76 84 
0 3 11 20 27 39 41 47 55 70 77 84 
0 3 11 20 27 39 41 47 55 71 76 84 
0 4 10 16 25 40 41 47 55 68 76 84 
0 4 10 17 22 25 33 47 55 69 76 84 
0 4 10 17 22 25 33 47 55 69 77 84 
0 4 10 17 22 25 33 47 55 69 77 85 
0 4 10 17 22 25 33 48 55 69 77 85 
0 4 10 17 25 33 40 47 55 68 76 84 
0 4 10 17 25 33 40 47 55 69 76 84 
0 4 10 17 25 33 40 47 55 69 77 84 
0 4 11 16 25 40 41 47 55 68 76 84 
0 4 11 18 22 25 33 47 55 69 76 84 
0 4 11 18 22 25 33 47 55 69 77 84 
0 4 11 18 22 25 33 47 55 69 77 85 
0 4 11 18 22 25 33 47 55 70 77 84 
0 4 11 18 22 25 33 47 55 70 77 85 
0 4 11 18 22 25 33 47 55 70 78 85 
0 4 11 18 22 25 33 48 55 69 77 85 
0 4 11 18 22 25 33 48 55 70 77 85 
0 4 11 18 22 25 33 48 55 70 78 85 
0 4 11 18 22 25 33 48 56 69 77 85 
0 4 11 18 22 25 33 48 56 70 77 85 
0 4 11 18 22 25 33 48 56 70 78 85 
0 4 11 18 22 27 34 47 55 69 76 84 
0 4 11 18 22 27 34 47 55 69 77 84 
0 4 11 18 22 27 34 47 55 69 77 85 
0 4 11 18 22 27 34 47 55 70 77 84 
0 4 11 18 22 27 34 47 55 70 77 85 
0 4 11 18 22 27 34 47 55 70 78 85 
0 4 11 18 22 27 34 48 55 70 77 85 
0 4 11 18 25 33 40 47 55 69 76 84 
0 4 11 18 25 33 40 47 55 69 77 84 
0 4 11 18 25 33 40 47 55 69 77 85 
0 4 11 18 25 33 40 47 55 70 77 84 
0 4 11 18 25 33 40 47 55 70 77 85 
0 4 11 18 25 33 40 47 55 70 78 85 
0 4 11 18 25 33 40 48 55 69 77 85 
0 4 11 18 25 33 40 48 55 70 77 85 
0 4 11 18 25 33 40 48 55 70 78 85 
0 4 11 18 25 40 41 47 55 69 76 84 
0 4 11 18 25 40 41 47 55 69 77 84 
0 4 11 18 25 40 41 47 55 69 77 85 
0 4 11 18 25 40 41 47 55 70 77 84 
0 4 11 18 25 40 41 47 55 70 77 85 
0 4 11 18 25 40 41 47 55 70 78 85 
0 4 11 18 27 40 41 47 55 70 77 84 
0 4 11 18 27 40 41 47 55 70 77 85 
0 4 11 20 21 27 35 47 55 65 71 79 
0 4 11 20 21 27 35 47 55 71 79 84 
0 4 11 20 21 27 35 48 55 66 71 78 
0 4 11 20 21 27 35 48 55 66 71 79 
0 4 11 20 21 27 35 50 55 65 71 79 
0 4 11 20 22 25 33 47 55 70 77 84 
0 4 11 20 22 25 33 47 55 70 77 85 
0 4 11 20 22 25 33 47 55 70 78 85 
0 4 11 20 22 25 33 47 55 71 76 84 
0 4 11 20 22 25 33 47 55 71 79 84 
0 4 11 20 22 25 33 48 55 70 77 85 
0 4 11 20 22 25 33 48 55 70 78 85 
0 4 11 20 22 27 34 47 55 70 77 84 
0 4 11 20 22 27 34 47 55 70 77 85 
0 4 11 20 22 27 34 47 55 70 78 85 
0 4 11 20 22 27 34 47 55 71 78 85 
0 4 11 20 22 27 34 47 55 71 79 84 
0 4 11 20 22 27 34 48 55 66 70 78 
0 4 11 20 22 27 34 48 55 70 78 85 
0 4 11 20 25 33 40 47 55 68 76 84 
0 4 11 20 25 33 40 47 55 70 77 84 
0 4 11 20 25 33 40 47 55 70 77 85 
0 4 11 20 25 33 40 47 55 71 76 84 
0 4 11 20 25 33 40 47 55 71 79 84 
0 4 11 20 25 33 40 48 55 70 77 85 
0 4 11 20 25 33 40 48 55 70 78 85 
0 4 11 20 25 40 41 47 55 68 76 84 
0 4 11 20 25 40 41 47 55 70 77 84 
0 4 11 20 25 40 41 47 55 71 76 84 
0 4 11 20 25 40 41 47 55 71 79 84 
0 4 11 20 27 35 40 47 55 65 71 79 
0 4 11 20 27 35 40 47 55 71 78 85 
0 4 11 20 27 35 40 47 55 71 79 84 
0 4 12 17 22 25 33 47 55 69 77 84 
0 4 12 17 22 25 33 47 55 69 77 85 
0 4 12 17 22 25 33 48 55 69 77 85 
0 4 12 17 25 40 41 47 55 68 76 84 
0 4 12 17 25 40 41 47 55 69 76 84 
0 4 12 17 25 40 41 47 55 69 77 84 
0 4 12 17 27 40 41 47 55 68 76 84 
0 4 12 17 27 40 41 47 55 69 76 84 
0 4 12 17 27 40 41 47 55 69 77 84 
0 4 12 20 21 27 35 47 55 65 71 79 
0 4 12 20 21 27 35 48 55 66 71 79 
0 4 12 20 22 25 33 47 55 70 77 84 
0 4 12 20 22 25 33 47 55 70 77 85 
0 4 12 20 22 25 33 47 55 71 79 84 
0 4 12 20 22 27 34 47 55 70 77 84 
0 4 12 20 22 27 34 47 55 70 77 85 
0 4 12 20 22 27 34 47 55 70 78 85 
0 4 12 20 22 27 34 47 55 71 78 85 
0 4 12 20 22 27 34 48 55 66 70 78 
0 4 12 20 22 27 34 48 55 66 71 78 
0 4 12 20 22 27 34 48 55 66 71 79 
0 4 12 20 22 27 34 48 55 71 78 85 
0 4 12 20 25 33 40 47 55 70 77 84 
0 4 12 20 25 33 40 47 55 71 76 84 
0 4 12 20 25 33 40 47 55 71 79 84 
0 4 12 20 25 40 41 47 55 68 76 84 
0 4 12 20 25 40 41 47 55 70 77 84 
0 4 12 20 25 40 41 47 55 71 76 84 
0 4 12 20 27 40 41 47 55 71 76 84 
0 4 12 21 27 35 42 47 55 65 71 79 
0 4 12 21 28 35 42 47 55 65 72 79 
0 4 12 21 28 35 42 47 55 72 77 85 
0 4 12 21 28 36 42 47 55 65 72 80 
0 4 12 21 28 36 42 47 55 72 80 85 
0 4 12 22 27 34 42 47 55 71 78 85 
0 5 12 20 22 27 34 47 55 70 78 85 
0 5 12 20 22 27 34 47 55 71 78 85 
0 5 12 20 22 27 34 48 55 66 71 78 
0 5 12 20 22 27 34 48 55 70 78 85 
0 5 12 20 22 27 34 48 55 71 78 85 
0 5 12 22 27 34 42 48 55 71 78 85 
0 5 12 27 31 34 42 48 55 66 71 78 
0 8 9 16 28 36 47 55 68 76 84 
