0 1 7 12 17 26 33 38 52 57 69 74 83 86 
0 1 7 12 17 26 33 40 47 52 56 69 76 82 
0 1 7 12 17 26 33 40 47 52 56 69 76 83 
0 1 7 12 17 26 33 40 47 52 57 69 76 83 
0 1 7 12 17 26 33 40 47 52 57 69 83 86 
0 1 7 12 17 26 33 47 52 57 69 74 83 86 
0 1 7 12 17 26 35 40 47 52 56 65 76 83 
0 1 7 12 17 26 35 40 47 52 57 65 83 86 
0 1 7 12 17 26 35 47 52 57 65 74 83 86 
0 1 7 12 17 26 38 52 57 65 69 74 83 86 
0 1 7 12 17 26 40 47 52 56 65 69 76 83 
0 1 7 12 17 26 40 47 52 57 65 69 83 86 
0 1 7 12 20 26 33 37 49 56 69 76 82 
0 1 7 12 20 26 33 37 49 56 69 76 83 
0 1 7 12 20 26 33 37 49 57 69 76 83 
0 1 7 12 20 26 33 38 49 56 69 76 82 
0 1 7 12 20 26 33 38 49 56 69 76 83 
0 1 7 12 20 26 33 38 49 57 69 76 83 
0 1 7 12 20 26 33 38 50 56 69 76 82 
0 1 7 12 20 26 33 38 50 56 69 76 83 
0 1 7 12 20 26 33 38 50 57 69 76 83 
0 1 7 12 20 26 37 49 56 65 68 76 83 
0 1 7 12 20 26 37 49 56 65 69 76 83 
0 1 7 12 20 26 37 49 57 65 68 76 83 
0 1 7 12 20 26 37 49 57 65 69 76 83 
0 1 7 12 20 26 38 49 56 65 69 76 83 
0 1 7 12 20 26 38 49 57 65 69 76 83 
0 1 7 12 20 26 38 50 56 65 69 76 82 
0 1 7 12 20 26 38 50 56 65 69 76 83 
0 1 7 12 20 26 38 50 57 65 69 76 83 
0 1 7 12 26 33 38 42 50 56 69 76 82 
0 1 7 12 26 33 38 42 50 56 69 76 83 
0 1 7 12 26 33 38 42 50 57 69 77 83 
0 1 7 12 26 38 42 50 56 65 69 76 83 
0 1 7 12 26 38 42 50 57 65 69 76 83 
0 1 7 12 26 38 42 50 57 65 69 77 83 
0 1 7 13 20 26 38 41 50 53 56 70 76 82 
0 1 7 13 20 26 38 41 50 53 56 70 76 83 
0 1 7 13 20 26 38 41 50 53 57 70 76 83 
0 1 7 13 26 38 41 42 50 53 56 70 76 82 
0 1 7 14 20 26 33 37 49 53 56 76 82 
0 1 7 14 20 26 33 45 49 56 71 76 83 
0 1 8 12 17 26 33 40 47 52 56 69 76 83 
0 1 8 12 20 26 33 37 49 56 69 76 83 
0 1 8 12 20 26 33 38 49 56 69 76 83 
0 2 7 12 16 22 23 28 37 54 58 65 68 73 
0 2 7 12 16 22 23 37 54 58 65 68 73 82 
0 2 7 12 16 22 25 37 54 65 68 73 77 82 
0 2 7 12 16 22 37 54 58 65 68 73 77 82 
0 2 7 12 16 23 28 31 37 54 58 65 68 73 
0 2 7 12 16 23 31 37 54 58 65 68 73 82 
0 2 7 12 16 25 37 51 65 68 73 77 82 87 
0 2 7 12 16 28 31 35 47 58 65 73 78 87 
0 2 7 12 16 28 31 37 58 65 68 73 78 87 
0 2 7 12 16 28 35 47 51 58 65 73 77 87 
0 2 7 12 16 28 35 47 51 58 65 73 78 87 
0 2 7 12 16 28 37 51 58 65 68 73 77 87 
0 2 7 12 16 28 37 51 58 65 68 73 78 87 
0 2 7 12 16 31 37 58 65 68 73 78 82 87 
0 2 7 12 16 37 51 58 65 68 73 77 82 87 
0 2 7 12 17 28 31 35 47 58 65 73 78 87 
0 2 7 12 25 33 38 42 50 69 77 82 
0 2 7 12 25 38 42 50 65 69 77 82 
0 2 7 12 28 31 37 49 58 65 68 73 78 87 
0 2 7 12 28 31 37 49 58 65 69 73 78 87 
0 2 7 12 28 33 38 42 50 58 69 77 
0 2 7 12 28 38 42 50 58 65 69 77 
0 2 7 14 28 31 33 37 49 53 58 73 78 87 
0 2 7 14 31 33 37 49 53 58 73 78 82 87 
0 2 7 15 28 33 42 45 50 58 72 77 
