0 2 7 11 16 34 40 48 53 57 62 66 71 90 96 104 
0 4 7 11 16 19 32 37 49 58 63 70 75 85 89 97 102 
0 4 7 11 16 19 32 37 49 58 63 70 75 85 95 97 102 
0 4 7 11 16 21 25 32 37 49 58 63 70 75 85 89 102 
0 4 7 11 16 25 32 37 49 58 63 70 75 85 89 97 102 
0 4 7 11 16 25 32 37 49 58 63 70 75 85 95 97 102 
0 4 7 12 16 25 32 37 49 58 63 70 75 85 95 97 102 
0 4 7 12 17 21 25 37 50 58 63 75 80 85 90 102 107 
0 4 9 14 21 27 30 35 42 47 54 56 63 73 80 94 107 
0 4 9 14 21 27 30 35 42 47 54 56 73 80 87 96 99 
0 4 9 14 21 27 30 35 42 47 54 56 73 80 94 99 107 
0 4 9 14 21 27 30 35 42 47 54 56 73 80 96 99 107 
0 4 9 16 21 25 30 37 42 47 63 67 80 89 94 102 106 
0 4 9 16 21 25 30 42 47 63 67 72 80 89 94 102 106 
0 6 14 21 25 32 40 47 58 65 72 84 92 99 106 
