0 1 5 10 21 30 41 45 53 56 60 65 76 86 97 101 
0 1 5 10 21 30 41 45 53 56 60 65 76 92 97 101 
0 1 5 10 21 30 41 45 53 56 60 65 76 92 101 108 
0 1 5 10 21 30 41 45 53 56 61 65 76 86 97 101 
0 1 5 10 21 30 41 45 53 56 61 65 76 92 97 101 
0 1 5 10 21 30 41 45 53 56 61 65 76 92 101 108 
0 1 5 10 21 30 41 45 53 61 65 76 86 97 102 106 
0 1 5 10 21 30 41 45 54 56 60 65 76 86 97 101 
0 1 5 10 21 30 41 45 54 56 61 65 76 86 97 101 
0 1 5 10 21 30 41 45 54 61 65 76 86 97 102 106 
0 1 5 10 21 36 41 45 53 56 60 65 76 92 97 101 
0 1 5 10 21 36 41 45 53 56 60 71 75 86 97 101 
0 1 5 10 21 36 41 45 53 56 60 71 75 92 97 101 
0 1 5 10 21 36 41 45 53 56 60 71 75 92 107 108 
0 1 5 10 21 36 41 45 53 56 60 71 76 86 97 101 
0 1 5 10 21 36 41 45 53 56 60 71 76 92 107 108 
0 1 5 10 21 36 41 45 53 60 67 71 75 92 107 108 
0 1 5 10 21 36 41 45 53 60 67 71 76 92 107 108 
0 1 5 10 21 36 41 45 54 56 60 71 75 86 97 101 
0 1 5 10 21 36 45 52 53 56 60 71 75 86 97 101 
0 1 5 10 21 36 45 52 53 56 60 71 75 92 97 101 
0 1 5 10 21 36 45 52 53 56 61 65 76 92 97 101 
0 1 5 10 21 36 45 52 53 61 65 76 86 97 102 106 
0 1 5 10 21 36 45 52 54 61 65 76 86 97 102 106 
0 1 5 16 20 30 41 45 61 65 76 87 91 102 106 
0 1 5 16 20 36 41 45 53 56 60 71 75 92 97 101 
0 2 13 17 21 26 29 33 44 48 56 60 65 69 88 92 97 101 
0 2 13 17 21 26 29 34 38 49 56 60 65 69 88 92 97 101 
0 3 13 21 26 29 34 38 39 49 60 65 69 96 98 106 
0 4 8 12 23 29 33 44 48 55 61 65 69 87 98 102 106 
