0 1 5 9 17 33 37 39 41 56 64 73 89 97 103 106 
0 1 6 10 27 29 33 48 53 56 61 65 83 85 89 104 
0 1 6 10 27 29 33 48 53 56 61 65 85 89 98 104 
0 1 6 10 27 29 33 48 53 56 61 75 83 85 89 104 
0 1 6 10 27 29 33 48 53 56 61 75 85 89 98 104 
0 1 6 10 27 29 33 48 53 56 65 71 83 85 89 104 
0 1 6 10 27 29 33 48 53 56 71 75 83 85 89 104 
0 1 6 10 27 29 33 48 53 57 61 65 83 85 89 94 
0 1 6 10 27 29 33 48 53 57 61 65 83 85 89 104 
0 1 6 10 27 29 33 48 53 57 61 65 85 89 94 98 
0 1 6 10 27 29 33 48 53 57 61 65 85 89 98 104 
0 1 6 10 27 29 33 48 53 57 61 65 85 90 94 98 
0 1 6 10 27 29 33 48 53 57 61 65 85 90 98 104 
0 1 6 10 27 29 33 48 53 57 65 71 83 85 89 94 
0 1 6 10 27 29 33 48 53 57 65 71 83 85 89 104 
0 1 6 10 29 33 42 48 53 56 61 65 85 89 98 104 
0 1 6 10 29 33 42 48 53 56 65 71 83 85 89 104 
0 1 6 10 29 33 42 48 53 57 61 65 83 85 89 94 
0 1 6 10 29 33 42 48 53 57 61 65 85 89 94 98 
0 1 6 10 29 33 42 48 53 57 61 65 85 89 98 104 
0 1 6 10 29 33 42 48 53 57 61 65 85 90 98 104 
0 1 6 10 29 33 42 48 53 57 65 71 83 85 89 94 
0 1 6 10 29 33 42 48 53 57 65 71 83 85 89 104 
0 1 6 20 27 29 33 48 53 56 61 75 83 85 89 104 
0 1 6 20 27 29 33 48 53 56 65 71 83 85 89 104 
0 1 6 20 27 29 33 48 53 56 65 71 83 89 96 104 
0 1 10 16 27 29 33 48 53 56 65 71 83 85 89 104 
0 1 10 16 27 29 33 48 53 57 61 65 85 89 98 104 
