0 1 5 17 22 26 32 37 49 58 63 75 85 90 102 107 
0 1 5 17 22 28 32 44 49 58 75 85 90 95 102 106 
0 1 5 17 22 32 37 44 49 58 63 75 85 90 102 107 
0 1 6 13 18 32 37 44 49 58 63 75 86 90 102 107 
0 1 6 17 22 28 32 44 49 58 75 85 90 95 102 106 
0 1 6 17 22 32 37 44 49 58 63 75 85 90 102 107 
0 1 6 18 22 32 37 44 49 58 63 75 85 90 102 107 
0 1 6 18 22 32 37 44 49 58 63 75 86 90 102 107 
0 1 6 18 22 32 37 44 49 58 63 75 90 96 102 107 
0 1 6 18 23 32 37 44 49 58 63 75 86 90 102 107 
0 1 6 18 23 32 37 44 49 58 63 75 86 91 102 107 
0 3 10 15 22 25 30 37 42 55 56 63 80 96 100 107 
0 3 10 15 22 25 30 37 42 55 56 73 80 96 100 107 
0 3 10 15 22 26 29 36 41 55 56 63 80 96 100 107 
0 3 10 15 22 26 29 37 41 55 56 63 80 96 100 107 
0 3 10 15 22 26 30 37 42 55 56 63 80 96 100 107 
0 3 10 15 22 26 30 37 42 55 56 73 80 96 100 107 
0 6 14 21 25 32 40 47 58 65 72 84 92 99 106 
