0 1 4 10 21 29 36 47 52 54 62 67 73 99 102 107 
0 1 6 10 36 41 45 54 67 71 75 86 91 102 107 
0 3 6 10 15 22 36 41 54 62 67 71 74 89 100 107 
0 3 6 11 15 22 36 41 54 62 67 71 74 89 100 107 
0 3 6 15 22 27 36 41 54 62 67 71 74 89 100 107 
0 3 10 14 21 25 29 36 47 61 67 72 88 96 99 106 
0 3 10 14 21 25 29 36 47 61 67 73 88 96 99 106 
0 3 10 14 21 25 29 36 47 61 67 73 88 96 100 106 
0 3 10 14 21 25 29 36 47 61 72 80 88 96 99 106 
0 3 10 14 21 25 29 36 47 61 73 80 88 96 99 106 
0 3 10 14 21 25 29 36 47 62 67 73 88 96 100 106 
0 3 10 14 21 25 29 36 47 62 67 73 88 96 100 107 
0 3 10 14 21 25 29 36 47 62 67 73 89 96 100 106 
0 3 10 14 21 25 29 36 47 62 67 73 89 96 100 107 
0 3 10 14 21 29 36 47 52 61 67 72 88 96 99 106 
0 3 10 15 21 25 29 36 47 54 62 67 73 88 100 107 
0 3 10 15 21 25 29 36 47 54 62 67 73 89 100 107 
0 3 10 15 21 25 29 36 47 61 67 73 88 96 100 106 
0 3 10 15 21 25 29 36 47 62 67 73 88 96 100 106 
0 3 10 15 21 25 29 36 47 62 67 73 88 96 100 107 
0 3 10 15 21 25 29 36 47 62 67 73 89 96 100 106 
0 3 10 15 21 25 29 36 47 62 67 73 89 96 100 107 
0 3 10 15 22 25 29 36 47 54 62 67 73 89 100 107 
0 3 10 21 25 29 36 47 62 67 73 84 89 96 100 106 
0 4 10 15 21 25 29 36 47 62 67 73 89 96 100 106 
