0 1 5 9 14 38 43 47 51 55 56 60 69 73 90 94 103 107 
0 1 5 11 23 31 38 43 49 58 69 75 85 90 103 107 108 
0 1 5 11 23 31 38 43 49 58 69 76 85 90 103 107 108 
0 1 5 12 23 31 38 43 49 58 69 75 85 90 103 107 108 
0 1 5 12 23 31 38 43 49 58 69 75 86 90 103 107 108 
0 1 5 12 23 31 38 43 49 58 69 76 85 90 97 103 107 
0 1 5 12 23 31 38 43 49 58 69 76 85 90 103 107 108 
0 1 5 12 23 31 38 43 49 58 69 76 86 90 97 103 107 
0 1 5 12 23 31 38 43 49 58 69 76 86 90 103 107 108 
0 1 5 12 23 32 38 43 49 58 69 75 83 85 90 103 108 
0 1 5 12 23 32 38 43 49 58 69 75 83 86 90 103 108 
0 1 5 12 23 32 38 43 49 58 69 75 85 90 103 107 108 
0 1 5 12 23 32 38 43 49 58 69 75 86 90 103 107 108 
0 1 5 12 23 32 38 43 49 58 69 76 83 85 90 97 103 
0 1 5 12 23 32 38 43 49 58 69 76 83 86 90 97 103 
0 1 5 12 23 32 38 43 49 58 69 76 83 86 90 103 108 
0 1 5 12 23 32 38 43 49 58 69 76 86 90 97 103 107 
0 1 5 14 34 38 43 47 51 53 56 60 69 90 94 99 103 107 
0 1 6 11 30 38 43 48 57 75 83 85 90 96 103 
0 1 6 11 33 38 39 43 57 70 75 83 85 90 103 
0 1 6 11 33 38 39 43 70 75 83 85 90 98 103 
0 1 6 14 33 38 39 43 51 60 70 83 90 98 103 
0 1 6 33 38 39 43 51 60 70 83 85 90 98 103 
