0 1 5 9 13 17 21 27 44 52 56 60 64 80 83 104 
0 1 5 9 13 17 21 27 44 53 56 60 64 72 80 83 
0 1 5 9 13 17 21 27 44 56 60 64 72 80 83 104 
0 1 5 9 13 17 21 27 52 56 60 64 76 80 83 104 
0 1 5 9 13 17 21 27 53 56 60 64 72 76 80 83 
0 1 5 9 13 17 21 27 53 56 60 64 72 76 80 85 
0 1 5 9 13 17 21 27 53 60 64 72 76 80 85 89 
0 1 5 9 13 17 21 29 44 52 56 60 64 80 83 104 
0 1 5 9 13 17 21 29 52 56 60 64 76 80 83 104 
0 1 5 9 13 17 21 29 52 56 64 76 80 83 93 104 
0 1 5 9 13 17 21 29 56 64 72 76 80 85 93 104 
0 1 5 9 13 17 27 44 53 56 60 64 72 80 83 100 
0 1 5 9 13 19 31 36 49 62 72 76 83 89 93 100 104 
0 1 5 9 13 19 31 36 50 52 56 62 76 83 93 100 104 
0 1 5 9 13 19 31 36 50 56 62 72 76 83 93 100 104 
0 1 5 9 13 19 31 36 50 62 72 76 83 89 93 100 104 
0 1 5 9 13 19 31 49 53 62 72 76 80 83 89 93 99 
0 1 5 9 13 19 31 49 53 62 72 76 80 83 89 93 100 
0 1 5 9 13 19 31 49 53 62 72 76 80 85 89 93 99 
0 1 5 9 13 19 31 49 53 62 72 76 80 85 89 93 100 
0 1 5 9 13 19 31 49 62 72 76 80 83 89 93 100 104 
0 1 5 9 13 19 31 49 62 72 76 80 85 89 93 100 104 
0 1 5 9 13 19 31 50 53 56 62 72 76 80 83 93 100 
0 1 5 9 13 19 31 50 53 62 72 76 80 83 89 93 100 
0 1 5 9 13 19 31 50 62 72 76 80 83 89 93 100 104 
0 1 5 9 13 19 32 36 49 62 72 76 83 89 93 100 104 
0 1 5 9 13 19 32 36 50 62 72 76 83 89 93 100 104 
0 1 5 9 13 19 32 49 62 72 76 80 83 89 93 100 104 
0 1 5 12 17 21 29 42 53 64 67 72 80 86 93 
0 1 5 12 17 21 29 42 64 67 72 80 86 93 104 
0 1 5 12 17 21 29 42 64 67 73 80 86 93 104 
0 1 5 12 19 31 36 42 49 61 67 72 86 93 100 104 
0 1 5 12 19 31 36 42 49 61 67 73 86 93 100 104 
0 1 5 12 19 31 36 42 49 62 67 72 86 93 100 104 
0 1 5 12 19 31 36 42 49 62 67 73 86 93 100 104 
0 1 5 12 19 31 36 42 50 62 67 72 86 93 100 104 
0 1 5 12 19 31 36 42 50 62 67 73 86 93 100 104 
0 1 5 12 19 31 36 43 49 61 67 73 86 93 100 104 
0 1 5 12 19 31 36 43 49 62 67 73 86 93 100 104 
0 1 5 12 19 31 36 43 50 62 67 73 86 93 100 104 
0 1 5 12 19 31 42 49 53 61 67 72 80 86 93 99 
0 1 5 12 19 31 42 49 53 61 67 72 80 86 93 100 
0 1 5 12 19 31 42 49 53 62 67 72 80 86 93 99 
0 1 5 12 19 31 42 49 53 62 67 72 80 86 93 100 
0 1 5 12 19 31 42 49 61 67 72 80 86 93 99 104 
0 1 5 12 19 31 42 49 61 67 72 80 86 93 100 104 
0 1 5 12 19 31 42 49 61 67 73 80 86 93 99 104 
0 1 5 12 19 31 42 49 61 67 73 80 86 93 100 104 
0 1 5 12 19 31 42 49 62 67 72 80 86 93 99 104 
0 1 5 12 19 31 42 49 62 67 72 80 86 93 100 104 
0 1 5 12 19 31 42 49 62 67 73 80 86 93 99 104 
0 1 5 12 19 31 42 49 62 67 73 80 86 93 100 104 
0 1 5 12 19 31 42 50 53 62 67 72 80 86 93 100 
0 1 5 12 19 31 42 50 62 67 72 80 86 93 100 104 
0 1 5 12 19 31 42 50 62 67 73 80 86 93 100 104 
0 1 5 12 19 31 43 49 61 67 73 80 86 93 99 104 
0 1 5 12 19 31 43 49 61 67 73 80 86 93 100 104 
0 1 5 12 19 31 43 49 62 67 73 80 86 93 99 104 
0 1 5 12 19 31 43 49 62 67 73 80 86 93 100 104 
0 1 5 12 19 31 43 50 62 67 73 80 86 93 100 104 
0 1 5 12 19 32 36 42 49 62 67 72 86 93 100 104 
0 1 5 12 19 32 36 42 49 62 67 73 86 93 100 104 
0 1 5 12 19 32 36 42 50 62 67 72 86 93 100 104 
0 1 5 12 19 32 36 42 50 62 67 73 86 93 100 104 
0 1 5 12 19 32 36 43 49 62 67 73 86 93 100 104 
0 1 5 12 19 32 42 49 62 67 72 80 86 93 100 104 
0 1 5 12 19 32 42 49 62 67 73 80 86 93 100 104 
0 1 5 12 19 32 42 50 62 67 72 80 86 93 100 104 
0 1 5 12 19 32 42 50 62 67 73 80 86 93 100 104 
0 1 5 12 19 32 43 49 62 67 73 80 86 93 100 104 
0 1 5 12 19 32 43 50 62 67 73 80 86 93 100 104 
0 1 5 12 20 32 36 42 50 62 67 72 86 93 100 104 
0 1 5 13 17 21 27 43 60 64 67 73 80 86 104 
0 1 5 13 19 31 43 49 62 67 73 80 86 93 99 104 
0 1 6 12 19 31 36 42 49 61 67 73 86 93 100 104 
0 1 6 12 19 31 36 42 49 62 67 73 86 93 100 104 
0 1 6 12 19 31 36 42 50 62 67 73 86 93 100 104 
0 1 6 12 19 31 36 43 49 61 67 73 86 93 100 104 
0 1 6 12 19 31 36 43 49 61 67 73 87 93 100 104 
0 1 6 12 19 31 36 43 49 62 67 73 86 93 100 104 
0 1 6 13 17 27 43 54 56 60 64 69 73 87 100 
0 1 6 13 17 27 43 54 60 64 67 69 73 86 100 
0 1 6 13 17 27 43 54 60 64 67 69 73 87 100 
0 1 8 12 17 21 29 38 43 54 64 67 80 93 107 
0 1 8 13 17 21 27 38 43 54 60 64 67 80 107 
0 1 8 13 17 21 29 38 43 54 60 64 67 80 107 
0 1 8 13 17 21 29 38 43 54 64 67 80 93 107 
0 2 7 13 17 21 29 33 43 55 56 60 70 74 87 97 101 
0 2 7 13 17 21 29 33 43 55 56 70 74 87 93 97 101 
0 2 7 13 17 21 29 33 44 55 56 60 70 74 87 97 101 
0 2 7 13 17 26 29 33 43 55 56 70 74 87 93 97 101 
0 2 8 12 17 26 29 33 40 43 55 67 69 93 97 101 107 
0 2 8 12 22 26 40 43 49 54 61 65 67 69 93 97 107 
0 2 8 12 22 26 40 43 49 55 61 65 67 69 93 97 107 
0 2 8 12 26 29 33 40 43 49 55 67 69 93 97 101 107 
0 2 8 12 26 29 40 43 49 55 65 67 69 93 97 101 107 
0 2 8 12 26 33 40 43 49 55 61 67 69 93 97 101 107 
0 2 8 12 26 40 43 49 54 61 65 67 69 93 97 101 107 
0 2 8 12 26 40 43 49 55 61 65 67 69 93 97 101 107 
0 2 12 17 21 29 33 40 43 55 67 70 87 93 97 101 107 
0 2 12 17 26 29 33 40 43 55 67 70 87 93 97 101 107 
0 2 12 21 29 33 40 43 49 55 67 70 87 93 97 101 107 
0 2 12 26 29 33 40 43 49 55 67 70 87 93 97 101 107 
0 3 8 12 17 21 29 33 38 64 67 75 93 102 106 
0 3 8 12 17 21 29 33 38 67 75 93 97 102 106 
0 3 8 12 17 21 29 33 64 67 71 75 84 93 102 
0 3 8 12 17 21 29 33 67 71 75 84 93 97 102 
0 3 8 12 17 21 29 34 38 64 67 75 93 102 106 
0 3 8 12 17 21 29 34 64 67 71 75 84 93 102 
0 3 8 12 17 25 29 66 67 71 75 84 93 97 102 
0 3 8 12 21 29 33 49 67 71 75 84 93 97 102 
