0 2 5 15 20 37 42 47 53 57 60 70 75 93 98 103 
0 2 5 15 20 37 42 47 53 57 70 75 83 86 98 103 
0 2 5 15 20 37 42 47 53 57 70 75 83 93 98 103 
0 2 5 15 20 37 42 47 53 58 70 75 86 95 99 104 
0 2 5 15 20 37 42 47 53 58 70 75 94 95 99 104 
0 2 5 15 20 37 42 47 53 60 65 70 75 94 99 104 
0 2 5 15 20 37 42 47 53 65 70 75 83 86 98 103 
0 2 5 15 20 37 42 47 53 65 70 75 83 93 98 103 
0 2 5 15 20 37 42 47 53 65 70 75 86 95 99 104 
0 2 5 15 20 37 42 47 53 65 70 75 94 95 99 104 
0 2 7 12 17 22 27 30 35 52 57 62 68 90 96 100 
0 2 7 12 17 22 27 30 35 52 57 62 68 91 101 108 
0 2 7 12 17 22 27 30 35 52 58 63 80 91 101 108 
0 2 7 12 17 22 30 35 45 52 57 62 68 90 96 100 
0 2 7 12 17 22 30 35 45 52 57 62 68 91 101 108 
0 2 7 12 17 27 30 35 47 57 62 68 83 85 90 96 
0 2 7 12 17 27 30 35 47 57 62 68 83 86 91 108 
0 2 7 12 17 27 30 35 47 57 62 68 86 91 101 108 
0 2 7 12 17 27 30 35 47 58 63 80 86 91 95 108 
0 2 7 12 17 27 30 35 47 58 63 80 86 91 101 108 
0 2 7 12 17 27 30 35 52 57 62 68 83 85 90 96 
0 2 7 12 17 27 30 35 52 57 62 68 83 86 91 108 
0 2 7 12 17 27 30 35 52 57 62 68 85 90 96 100 
0 2 7 12 17 27 30 35 52 57 62 68 86 91 101 108 
0 2 7 12 17 27 30 35 52 58 63 80 86 91 95 108 
0 2 7 12 17 27 30 35 52 58 63 80 86 91 101 108 
0 2 7 12 22 27 30 35 52 53 58 63 80 91 101 108 
0 2 7 12 27 30 35 39 47 57 62 68 83 85 90 103 
0 2 7 12 27 30 35 39 52 57 62 68 83 85 90 96 
0 2 7 12 27 30 35 39 52 57 62 68 83 85 90 103 
0 2 7 12 27 30 35 47 53 57 62 68 83 86 91 103 
0 2 7 12 27 30 35 47 53 57 62 68 83 86 91 108 
0 2 7 12 27 30 35 47 53 57 62 68 86 91 101 108 
0 2 7 12 27 30 35 47 53 58 63 80 86 91 95 104 
0 2 7 12 27 30 35 47 53 58 63 80 86 91 95 108 
0 2 7 12 27 30 35 47 53 58 63 80 86 91 101 108 
0 2 7 12 27 30 35 52 53 57 62 68 83 86 91 108 
0 2 7 17 20 27 30 35 47 57 62 68 86 91 101 108 
0 2 7 17 20 27 30 35 47 58 63 80 86 91 95 108 
0 2 7 17 20 27 30 35 47 58 63 80 86 91 101 108 
0 2 7 19 27 30 35 39 47 57 62 68 83 85 98 103 
0 2 7 19 27 30 35 39 52 57 62 68 83 85 90 103 
0 2 7 19 27 30 35 39 52 57 62 68 83 85 98 103 
0 2 14 17 20 27 30 35 47 62 65 80 94 97 100 
0 2 14 19 27 30 35 39 47 58 63 80 92 97 102 
0 3 15 18 21 26 30 35 48 57 62 68 96 98 101 
