0 1 5 16 20 31 35 46 50 56 61 75 87 91 102 106 
0 1 5 16 20 31 35 46 50 61 65 75 87 91 102 106 
0 1 5 16 20 31 35 46 50 61 65 76 87 91 102 106 
0 1 6 16 20 31 35 46 50 56 61 75 87 91 102 106 
0 1 6 16 20 31 35 46 50 61 65 75 87 91 102 106 
0 1 6 20 31 35 46 50 53 56 61 75 87 91 102 106 
0 2 8 15 21 31 37 44 50 60 68 73 82 84 90 97 103 
0 4 10 14 24 29 44 52 53 59 65 67 69 85 100 108 
0 4 10 14 24 29 44 52 53 59 65 67 70 85 100 108 
0 4 10 14 24 29 44 52 53 59 67 69 74 85 100 108 
0 4 10 14 24 29 44 52 53 59 67 70 74 85 100 108 
0 4 10 14 24 29 44 52 53 65 69 82 85 96 100 106 
0 4 10 14 24 29 44 52 53 67 69 74 85 100 106 108 
0 4 10 14 25 29 35 52 53 65 67 69 85 100 106 108 
0 4 10 14 25 29 44 52 53 59 65 67 70 85 100 108 
0 4 10 14 25 29 44 52 53 59 65 69 82 85 100 108 
0 4 10 14 25 29 44 52 53 59 67 69 74 85 100 108 
0 4 10 14 25 29 44 52 53 65 67 69 85 100 106 108 
0 4 10 14 25 30 44 52 53 59 67 70 74 85 100 108 
