0 1 5 8 13 37 44 53 56 73 76 80 88 93 100 105 
0 1 5 9 13 17 22 29 33 37 54 57 61 95 100 105 
0 1 5 9 13 17 22 29 33 37 54 61 71 95 100 105 
0 1 5 9 13 17 22 29 33 37 57 61 68 100 105 108 
0 1 5 9 13 17 22 29 33 37 57 61 95 100 105 108 
0 1 5 9 13 17 22 29 33 37 61 68 71 100 105 108 
0 1 5 9 13 17 22 29 33 37 61 71 95 100 105 108 
0 1 5 9 13 17 29 33 37 54 57 61 92 95 100 104 
0 1 5 9 13 17 29 33 37 54 57 61 92 95 100 105 
0 1 5 9 13 17 29 33 37 54 57 75 92 95 100 104 
0 1 5 9 13 17 29 33 37 54 61 71 92 95 100 104 
0 1 5 9 13 17 29 33 37 54 61 71 92 95 100 105 
0 1 5 9 13 17 29 33 37 54 71 75 92 95 100 104 
0 1 5 9 13 17 29 33 37 57 61 68 92 100 104 108 
0 1 5 9 13 17 29 33 37 57 61 68 92 100 105 108 
0 1 5 9 13 17 29 33 37 57 61 92 95 100 104 108 
0 1 5 9 13 17 29 33 37 57 61 92 95 100 105 108 
0 1 5 9 13 17 29 33 37 57 68 75 92 100 104 108 
0 1 5 9 13 17 29 33 37 57 75 92 95 100 104 108 
0 1 5 9 13 17 29 33 37 61 68 71 92 100 105 108 
0 1 5 9 13 17 29 33 37 61 71 92 95 100 105 108 
0 1 5 9 13 17 29 37 47 54 57 75 92 95 100 104 
0 1 5 9 13 18 22 29 33 37 54 57 61 86 95 105 
0 1 5 9 13 18 22 29 33 37 54 57 61 95 100 105 
0 1 5 9 13 18 22 29 33 37 54 61 71 95 100 105 
0 1 5 9 13 18 22 29 33 37 57 61 68 86 105 108 
0 1 5 9 13 18 22 29 33 37 57 61 68 100 105 108 
0 1 5 9 13 18 22 29 33 37 57 61 68 101 105 108 
0 1 5 9 13 18 22 29 33 37 57 61 86 95 105 108 
0 1 5 9 13 18 22 29 33 37 57 61 95 100 105 108 
0 1 5 9 13 18 22 29 33 37 61 68 71 100 105 108 
0 1 5 9 13 18 22 29 33 37 61 71 95 100 105 108 
0 1 5 9 13 18 29 33 37 54 57 61 86 92 95 105 
0 1 5 9 13 18 29 33 37 54 57 61 92 95 100 105 
0 1 5 9 13 18 29 33 37 54 61 71 92 95 100 105 
0 1 5 9 13 18 29 33 37 57 61 68 86 92 105 108 
0 1 5 9 13 18 29 33 37 57 61 68 92 100 105 108 
0 1 5 9 13 18 29 33 37 57 61 68 92 101 105 108 
0 1 5 9 13 18 29 33 37 57 61 86 92 95 105 108 
0 1 5 9 13 18 29 33 37 61 68 71 92 100 105 108 
0 1 5 9 13 18 29 33 37 61 71 92 95 100 105 108 
0 1 5 9 13 22 29 33 37 54 61 71 88 95 100 105 
0 1 5 9 13 22 29 33 37 57 61 68 88 100 105 108 
0 1 5 9 13 22 29 33 37 61 71 88 95 100 105 108 
0 1 5 9 13 22 33 37 43 61 68 71 88 100 105 108 
0 1 5 9 13 22 33 37 43 61 71 88 95 100 105 108 
0 1 5 9 13 22 33 37 43 68 71 75 88 100 105 108 
0 1 5 9 13 22 33 37 43 68 71 76 88 100 105 108 
0 1 5 9 13 22 33 37 43 71 75 88 95 100 105 108 
0 1 5 9 13 22 33 37 43 71 76 88 95 100 105 108 
0 1 5 13 22 33 37 43 50 61 71 88 95 100 105 108 
0 1 6 13 18 30 37 49 53 56 61 73 80 86 93 105 
0 1 6 13 18 30 37 49 53 56 61 73 80 93 100 105 
0 2 14 19 27 30 35 39 47 58 63 80 92 97 102 
