0 2 5 20 25 34 41 50 61 70 75 82 91 94 97 101 
0 3 6 12 19 26 28 33 54 60 68 74 89 95 102 108 
0 3 10 17 27 31 38 39 45 59 66 72 83 87 94 101 
0 3 10 17 27 31 38 39 45 59 66 73 83 87 94 101 
0 3 11 17 27 31 38 39 45 59 66 72 83 87 94 101 
0 4 10 17 27 31 38 39 45 59 66 72 83 87 94 101 
0 4 10 17 27 31 38 39 45 59 66 73 83 87 94 101 
0 4 10 18 27 31 38 39 45 59 66 72 83 87 94 101 
0 4 11 17 27 31 38 39 45 59 66 72 83 87 94 101 
0 4 11 17 27 31 38 39 45 59 66 73 83 87 94 101 
0 4 11 17 27 31 38 45 53 59 66 72 83 87 94 101 
0 4 11 18 26 32 40 45 53 59 66 73 83 88 96 102 
0 4 11 18 26 32 40 46 53 59 66 73 83 88 96 102 
0 4 11 18 26 32 40 46 53 59 66 73 88 95 96 102 
