0 1 5 9 15 20 29 36 44 52 65 82 90 96 102 106 
0 1 5 9 15 20 29 36 44 52 65 82 91 96 102 106 
0 1 5 9 15 20 29 36 44 65 74 82 91 96 102 106 
0 1 5 9 15 20 29 36 45 52 65 82 91 96 102 106 
0 1 5 9 15 20 29 36 45 65 74 82 91 96 102 106 
0 1 5 9 15 20 29 44 52 65 70 82 90 96 102 106 
0 1 5 9 15 20 29 44 52 65 70 82 91 96 102 106 
0 1 5 9 15 20 29 44 65 70 74 82 91 96 102 106 
0 1 5 9 15 20 29 45 52 65 70 82 91 96 102 106 
0 1 5 9 15 20 29 45 65 70 74 82 85 91 96 102 
0 1 5 9 15 20 29 45 65 70 74 82 91 96 102 106 
0 1 5 9 15 20 36 44 51 52 61 65 82 90 102 106 
0 1 5 9 15 20 36 44 51 52 61 65 82 91 102 106 
0 1 5 9 15 20 36 44 51 61 65 74 82 91 102 106 
0 1 5 9 15 20 36 45 51 52 61 65 82 91 102 106 
0 1 5 9 15 20 36 45 51 61 65 74 82 91 102 106 
0 1 5 9 15 20 44 51 52 61 65 70 82 90 102 106 
0 1 5 9 15 20 44 51 52 61 65 70 82 91 102 106 
0 1 5 9 15 20 44 51 61 65 70 74 82 91 102 106 
0 1 5 9 15 20 45 51 52 61 65 70 82 91 102 106 
0 1 5 9 15 32 36 44 51 52 61 82 90 98 102 106 
0 1 5 9 15 32 36 44 51 52 61 82 91 98 102 106 
0 1 5 9 15 32 36 44 51 61 74 82 91 98 102 106 
0 1 5 9 15 32 36 45 51 52 61 82 91 98 102 106 
0 1 5 9 15 32 36 45 51 61 74 82 91 98 102 106 
0 1 5 9 15 32 44 51 52 61 70 82 90 98 102 106 
0 1 5 9 15 32 44 51 52 61 70 82 91 98 102 106 
0 1 5 9 15 32 44 51 61 70 74 82 91 98 102 106 
0 1 5 9 15 32 45 51 52 61 70 82 91 98 102 106 
0 1 5 9 16 20 30 36 44 61 65 74 82 91 102 106 
0 1 5 9 16 20 30 36 44 61 66 74 82 91 102 106 
0 1 5 9 16 20 30 36 45 52 61 65 82 91 102 106 
0 1 5 9 16 20 30 36 45 52 61 66 82 91 102 106 
0 1 5 9 16 20 30 36 45 61 65 67 74 91 102 106 
0 1 5 9 16 20 30 36 45 61 65 74 82 91 102 106 
0 1 5 9 16 20 30 36 45 61 66 67 74 91 102 106 
0 1 5 9 16 20 30 36 45 61 66 74 82 91 102 106 
0 1 5 9 16 20 30 44 52 61 65 70 82 91 102 106 
0 1 5 9 16 20 30 44 52 61 66 70 82 91 102 106 
0 1 5 9 16 20 30 44 61 65 70 74 82 91 102 106 
0 1 5 9 16 20 30 45 52 61 65 70 82 91 102 106 
0 1 5 9 16 20 30 45 52 61 66 70 82 91 102 106 
0 1 5 9 16 20 30 45 61 65 70 74 82 91 102 106 
0 1 5 9 16 20 36 44 51 52 61 65 82 91 102 106 
0 1 5 9 16 20 36 44 51 61 65 74 82 91 102 106 
0 1 5 9 16 20 36 45 51 52 61 65 82 91 102 106 
0 1 5 9 16 20 36 45 51 61 65 67 74 91 102 106 
0 1 5 9 16 27 32 36 44 52 61 82 91 98 102 106 
0 1 5 9 16 27 32 36 44 61 74 82 91 98 102 106 
0 1 5 9 16 27 32 36 45 52 61 82 91 98 102 106 
0 1 5 9 16 27 32 36 45 61 67 74 91 98 102 106 
0 1 5 9 16 27 32 36 45 61 74 82 91 98 102 106 
0 1 5 9 16 27 32 44 52 61 70 82 91 98 102 106 
0 1 5 9 16 27 32 44 61 70 74 82 91 98 102 106 
0 1 5 9 16 27 32 45 52 61 70 82 91 98 102 106 
0 1 5 9 16 27 32 45 61 70 74 82 91 98 102 106 
0 1 5 9 16 27 36 44 52 61 66 82 91 98 102 106 
0 1 5 9 16 27 36 44 61 66 74 82 91 98 102 106 
0 1 5 9 16 27 36 45 52 61 66 82 91 98 102 106 
0 1 5 9 16 27 36 45 61 66 67 74 91 98 102 106 
0 1 5 9 16 27 44 52 61 66 70 82 91 98 102 106 
0 1 5 9 16 27 45 52 61 66 70 82 91 98 102 106 
0 1 5 9 16 32 36 44 51 61 74 82 91 98 102 106 
0 1 5 9 16 32 36 45 51 52 61 82 91 98 102 106 
0 1 5 9 20 29 36 44 49 65 74 82 91 96 102 106 
0 1 5 9 20 29 36 45 49 65 74 82 91 96 102 106 
0 1 5 9 20 29 44 49 65 70 74 82 91 96 102 106 
0 1 5 9 20 29 45 49 65 67 70 74 85 91 96 102 
0 1 5 9 20 29 45 49 65 67 70 74 91 96 102 106 
0 1 5 9 20 29 45 49 65 70 74 82 85 91 96 102 
0 1 5 9 20 29 45 49 65 70 74 82 91 96 102 106 
0 1 5 9 20 30 36 45 49 66 67 74 91 96 102 106 
0 1 5 9 20 30 45 49 65 67 70 74 91 96 102 106 
0 1 5 9 20 30 45 49 65 70 74 82 85 91 96 102 
0 1 5 11 15 20 36 41 51 61 65 76 87 91 102 106 
0 1 5 11 15 20 36 51 52 56 61 65 76 86 102 106 
0 1 5 11 15 20 36 51 52 56 61 65 76 87 102 106 
0 1 5 11 15 20 36 51 52 61 65 76 87 91 102 106 
0 1 5 11 15 20 51 52 56 61 65 70 76 87 102 106 
0 1 5 11 16 20 30 36 41 61 65 76 87 91 102 106 
0 1 5 11 16 20 30 36 41 61 66 76 87 91 102 106 
0 1 5 11 16 20 30 41 61 65 70 76 87 91 102 106 
0 1 5 11 16 20 36 41 51 61 65 76 87 91 102 106 
0 1 5 11 16 20 36 51 52 61 65 76 87 91 102 106 
0 1 5 11 20 30 36 41 49 65 76 87 91 96 102 106 
0 1 5 11 20 30 36 41 49 66 76 87 91 96 102 106 
0 1 5 16 20 30 36 41 45 61 65 76 87 91 102 106 
0 1 5 16 20 30 36 41 45 61 66 67 87 91 102 106 
0 1 5 16 27 36 44 52 61 66 82 86 91 98 102 106 
0 1 8 15 20 29 36 44 55 65 72 90 95 96 102 
0 1 8 15 20 29 37 44 55 65 72 90 95 96 102 
0 1 8 15 20 29 37 44 55 65 73 82 90 96 102 
0 1 8 15 20 29 37 44 55 65 73 82 91 96 102 
0 2 6 19 29 33 37 41 45 49 67 87 91 96 99 103 107 
0 2 6 26 29 33 37 41 45 49 67 87 91 96 99 103 107 
0 2 6 26 33 37 41 45 49 63 67 87 91 96 99 103 107 
0 2 8 15 19 29 33 37 44 55 60 73 82 91 99 103 
0 2 8 15 21 31 37 44 50 60 68 73 82 84 90 97 103 
