0 1 5 9 13 17 21 27 29 53 56 60 64 72 76 80 83 85 
0 1 5 9 14 21 30 35 53 56 60 64 69 76 86 91 
0 1 5 9 14 21 30 35 53 60 64 67 69 76 86 91 
0 1 5 9 14 21 35 48 53 56 60 64 69 76 91 104 
0 1 5 9 14 21 35 48 53 60 64 67 69 76 91 104 
0 1 5 9 17 21 30 51 53 56 60 64 72 76 86 107 
0 1 5 9 21 30 35 51 53 56 60 64 76 86 91 107 
0 1 5 9 21 30 35 51 53 60 64 67 76 86 91 107 
0 1 5 12 21 35 46 51 53 56 60 68 76 91 102 107 
0 1 5 12 21 35 46 51 53 60 67 68 76 91 102 107 
0 1 5 12 21 35 46 51 54 56 60 68 76 91 102 107 
0 1 5 12 21 35 46 51 54 60 67 68 76 91 102 107 
0 1 5 21 30 35 46 51 53 56 60 76 86 91 102 107 
0 1 5 21 30 35 46 51 53 60 67 76 86 91 102 107 
0 1 5 21 30 35 46 51 54 60 67 76 86 91 102 107 
0 2 9 13 18 27 29 41 53 57 64 73 80 83 85 97 
0 2 9 13 18 27 41 48 53 57 64 73 80 83 97 104 
0 2 9 13 18 34 41 48 53 57 64 69 73 90 97 104 
0 2 9 13 18 34 41 48 53 57 64 73 80 90 97 104 
0 2 9 13 27 29 36 41 53 57 64 80 83 85 92 97 
0 2 9 15 29 36 41 50 53 57 64 70 85 92 97 106 
0 2 9 15 29 36 41 50 53 57 64 71 85 92 97 106 
0 2 9 15 29 36 41 50 53 57 64 71 86 92 97 106 
0 2 9 16 29 36 41 50 53 57 64 71 85 92 97 106 
0 2 9 16 29 36 41 50 53 57 64 71 85 93 97 106 
0 2 9 16 29 36 41 50 53 57 64 71 86 92 97 106 
0 2 9 16 29 36 41 50 53 57 64 71 86 93 97 106 
0 2 9 16 29 37 41 50 53 57 64 71 85 93 97 106 
0 2 9 16 29 37 41 50 53 57 64 71 86 92 97 106 
0 2 9 16 30 36 41 50 53 57 64 71 86 92 97 106 
0 2 11 15 31 36 41 45 53 57 66 70 87 92 97 101 
0 2 11 15 36 41 45 50 53 57 66 70 92 97 101 106 
0 2 11 15 36 41 45 50 53 57 66 71 92 97 101 106 
0 2 11 15 36 41 46 50 53 57 66 71 92 97 101 106 
0 2 11 16 32 36 41 45 53 57 66 71 88 92 97 101 
0 2 11 16 32 36 41 45 53 57 66 71 88 92 97 102 
0 2 11 16 32 36 41 45 53 57 66 71 88 93 97 101 
0 2 11 16 32 36 41 45 53 57 66 71 88 93 97 102 
0 2 11 16 32 36 41 46 53 57 66 71 88 92 97 102 
0 2 11 16 32 36 41 46 53 57 66 71 88 93 97 101 
0 2 11 16 32 36 41 46 53 57 66 71 88 93 97 102 
0 2 11 16 32 37 41 45 53 57 66 71 88 93 97 101 
0 2 11 16 32 37 41 45 53 57 66 71 88 93 97 102 
0 2 11 16 32 37 41 46 53 57 66 71 88 93 97 102 
0 2 11 26 32 37 41 45 53 57 66 88 93 95 97 101 
0 2 11 26 32 37 41 45 53 57 66 88 93 95 97 102 
0 2 11 26 32 37 41 46 53 57 66 88 93 95 97 102 
0 2 11 26 32 37 41 46 53 57 68 88 93 95 97 102 
0 2 11 27 31 36 41 45 53 57 66 83 87 92 97 101 
0 2 11 27 31 36 41 45 53 57 66 83 88 92 97 101 
0 2 11 27 31 36 41 46 53 57 66 83 88 92 97 101 
0 2 11 27 32 36 41 45 53 57 66 83 88 92 97 101 
0 2 11 27 32 36 41 45 53 57 66 83 88 92 97 102 
0 2 11 27 32 36 41 46 53 57 66 83 88 92 97 102 
0 2 12 26 32 37 41 46 53 57 68 88 93 95 97 102 
0 4 9 13 18 29 34 38 53 59 64 73 80 85 90 94 
0 4 9 13 18 29 34 38 53 59 64 73 80 85 90 96 
0 4 9 13 18 29 34 40 53 59 64 73 80 85 90 96 
0 4 9 13 24 29 34 40 53 59 64 67 80 85 90 96 
0 4 9 14 20 24 30 34 53 59 64 67 69 75 86 90 
0 4 9 14 24 30 34 40 53 59 64 67 69 86 90 96 
0 4 9 14 24 30 34 40 53 60 64 67 69 86 90 96 
0 4 9 14 24 30 35 40 53 60 64 67 69 86 90 96 
0 4 9 17 30 38 51 53 59 64 72 86 94 107 
0 4 9 20 24 29 34 50 53 59 64 67 75 85 90 106 
0 4 11 17 27 31 38 39 45 59 65 72 83 87 94 101 
0 4 11 17 27 31 38 39 45 59 65 73 83 87 94 101 
0 4 11 17 27 31 38 39 45 59 66 72 83 87 94 101 
0 4 11 17 27 31 38 39 45 59 66 73 83 87 94 101 
0 4 11 17 27 31 38 45 53 59 66 72 83 87 94 101 
0 4 11 17 27 31 38 46 53 59 66 73 83 88 94 101 
0 4 11 18 26 32 40 45 53 59 66 73 83 88 96 102 
0 4 11 18 26 32 40 46 53 59 66 73 83 88 96 102 
0 4 11 18 26 32 40 46 53 59 66 73 88 95 96 102 
