0 2 7 14 19 25 32 37 49 54 72 77 84 89 
0 2 14 19 25 32 37 43 49 54 72 77 84 89 
0 3 6 10 22 28 33 45 49 54 61 73 84 90 
0 3 6 10 22 28 33 45 49 54 61 73 85 90 
0 3 6 10 22 28 33 45 49 61 67 73 85 90 
0 3 7 14 19 25 32 37 49 54 72 77 84 89 
0 3 8 15 19 25 37 42 47 54 59 77 82 89 
0 3 8 15 19 26 37 42 47 54 59 77 82 89 
0 3 8 15 21 25 37 42 47 54 59 77 82 89 
0 3 8 15 21 25 37 42 47 54 59 78 82 89 
0 3 8 15 21 26 33 37 47 54 59 77 82 89 
0 3 8 15 21 26 33 37 47 54 59 78 82 89 
0 3 8 15 21 26 33 38 47 54 59 73 78 89 
0 3 8 15 21 26 33 38 47 54 59 77 82 89 
0 3 10 17 28 35 42 51 58 68 70 77 84 
0 4 8 12 20 25 29 33 49 53 67 71 75 80 
0 4 8 12 20 25 29 33 49 53 67 71 75 88 
0 4 8 12 20 25 29 33 49 53 71 75 83 88 
0 4 8 20 25 29 33 44 49 53 67 71 75 80 
