0 1 4 9 16 28 35 42 44 54 61 74 81 88 
0 1 4 9 16 29 34 42 44 54 61 75 88 90 
0 1 4 9 16 29 42 44 54 61 75 83 88 90 
0 1 6 9 14 26 29 34 44 59 66 85 88 90 
0 1 6 9 14 28 33 40 44 59 66 74 80 86 
0 1 6 13 26 33 40 44 51 58 66 72 80 86 
0 1 6 13 26 34 39 44 51 58 66 72 85 90 
0 1 6 13 28 33 40 44 51 58 66 74 80 86 
0 1 6 13 28 35 40 44 51 58 66 74 81 86 
0 1 6 14 28 33 40 44 51 59 66 74 80 86 
0 1 6 14 28 35 40 44 51 59 66 74 81 86 
0 1 8 13 26 29 34 42 44 53 58 66 88 90 
0 1 8 13 26 33 40 44 53 58 66 72 80 86 
0 1 8 13 26 34 42 44 53 58 66 72 88 90 
0 5 13 23 28 35 44 50 58 74 81 89 
0 5 13 23 28 36 44 50 58 74 82 89 
0 5 13 28 36 43 44 50 58 69 74 82 
