0 1 9 17 24 31 39 50 58 74 81 89 
0 1 9 17 24 32 39 50 58 74 81 89 
0 1 9 17 24 32 39 50 58 74 82 89 
0 1 9 17 24 32 40 50 58 69 74 82 
0 1 9 17 24 32 40 50 58 74 82 89 
0 3 6 14 17 24 31 38 55 68 74 81 88 
0 3 6 14 17 24 31 42 55 68 74 81 84 
0 3 6 14 17 24 35 38 55 68 74 77 88 
0 3 6 14 17 28 31 38 55 68 70 81 88 
0 3 6 17 24 31 38 55 58 68 74 81 88 
0 3 6 17 24 31 42 55 58 68 74 81 84 
0 3 6 17 24 35 38 55 58 68 74 77 88 
0 3 6 17 24 35 42 55 58 68 74 77 84 
0 3 10 17 20 28 31 38 52 59 70 81 88 
0 4 7 14 23 25 32 35 56 63 67 74 85 
