0 1 5 10 15 25 30 35 42 45 49 54 61 82 87 
0 1 5 10 15 25 30 35 42 45 49 61 77 82 87 
0 1 5 10 15 25 30 42 45 49 56 61 77 82 87 
0 1 5 10 15 30 35 42 45 47 54 61 73 82 87 
0 1 5 10 17 25 30 34 42 45 49 58 77 84 
0 1 5 10 17 25 30 35 42 45 49 54 58 84 
0 1 5 10 17 25 30 35 42 45 49 54 59 84 
0 1 5 10 17 25 30 35 42 45 49 54 59 85 
0 1 5 10 17 25 30 35 42 45 49 58 77 84 
0 1 5 10 17 25 30 35 42 45 49 59 77 84 
0 1 5 10 17 25 30 35 42 45 49 59 77 85 
0 1 5 10 17 30 34 42 45 47 58 73 77 84 
0 1 5 10 17 30 35 42 45 47 54 58 73 84 
0 1 5 10 17 30 35 42 45 47 54 59 73 84 
0 1 5 10 17 30 35 42 45 47 54 59 73 85 
0 1 5 10 18 25 30 35 42 45 49 54 59 85 
0 1 5 10 18 30 35 42 45 47 54 59 73 85 
0 1 5 11 17 25 30 36 42 45 49 53 59 80 85 
0 1 5 11 17 30 36 42 45 47 53 59 73 80 85 
0 1 5 11 18 25 30 36 42 45 49 53 59 80 85 
0 1 5 11 18 25 30 36 42 45 49 53 60 80 85 
0 1 5 11 18 30 36 42 45 47 53 59 73 80 85 
0 1 5 11 18 30 36 42 45 47 53 60 73 80 85 
0 1 5 12 17 25 30 37 42 45 49 53 80 84 
0 1 5 12 17 25 30 37 42 45 49 54 80 84 
0 1 5 12 17 25 30 37 42 45 49 54 84 90 
0 1 5 12 17 25 30 42 45 49 53 58 80 84 
0 1 5 12 17 25 30 42 45 49 54 58 80 84 
0 1 5 12 17 30 37 42 45 47 53 61 73 80 
0 1 5 12 17 30 37 42 45 47 53 73 80 84 
0 1 5 12 17 30 37 42 45 47 54 61 73 80 
0 1 5 12 17 30 37 42 45 47 54 61 73 90 
0 1 5 12 17 30 37 42 45 47 54 73 80 84 
0 1 5 12 17 30 37 42 45 47 54 73 84 90 
0 1 5 12 17 30 42 45 47 53 58 73 80 84 
0 1 5 12 17 30 42 45 47 54 58 73 80 84 
0 1 5 12 30 37 42 45 47 53 61 73 80 87 
0 1 5 12 30 37 42 45 47 54 61 73 80 87 
0 1 5 12 30 37 42 45 47 54 61 73 87 90 
0 1 5 13 17 30 37 42 45 47 54 61 73 90 
0 1 5 13 17 30 42 45 47 54 59 73 85 90 
0 1 5 13 18 25 30 38 42 45 49 54 85 90 
0 1 5 13 30 37 42 45 47 54 61 73 87 90 
0 1 5 13 30 38 42 45 47 54 61 73 87 90 
0 1 5 17 30 34 42 45 47 53 58 73 80 84 
0 1 5 17 30 35 42 45 47 54 59 73 84 90 
0 1 5 17 30 35 42 45 47 54 59 73 85 90 
0 1 5 18 30 35 42 45 47 54 59 73 85 90 
0 1 6 10 17 30 35 42 45 47 54 58 73 84 
0 1 6 10 17 30 35 42 45 47 54 59 73 84 
0 1 6 10 17 30 35 42 45 47 54 59 73 85 
0 1 6 10 17 35 42 45 47 52 58 73 78 84 
0 1 6 10 17 35 42 45 47 52 59 73 78 84 
0 1 6 10 17 35 42 45 47 52 59 73 78 85 
0 1 6 11 17 26 31 35 42 45 59 73 78 84 
0 1 6 11 17 26 31 35 42 45 59 73 78 85 
0 1 6 11 17 26 31 36 42 45 50 55 59 85 
0 1 6 11 17 26 31 36 42 45 50 59 78 85 
0 1 6 11 17 26 31 36 42 45 55 59 73 85 
0 1 6 11 17 26 31 36 42 45 59 73 78 85 
0 1 6 11 17 26 31 36 42 50 59 67 78 85 
0 1 6 11 17 26 31 36 42 55 59 67 73 85 
0 1 6 11 17 26 31 36 42 59 67 73 78 85 
0 1 6 11 17 26 35 42 45 52 59 73 78 85 
0 1 6 11 17 26 35 42 52 59 67 73 78 84 
0 1 6 11 17 26 35 42 52 59 67 73 78 85 
0 1 6 11 17 26 36 42 52 59 67 73 78 85 
0 1 6 11 17 31 35 42 45 47 59 73 78 85 
0 1 6 11 17 31 36 42 45 47 55 59 73 85 
0 1 6 11 18 23 26 31 36 50 55 59 67 85 
0 1 6 11 18 26 31 36 42 45 50 55 59 85 
0 1 6 11 18 26 35 42 52 59 67 73 78 85 
0 1 6 12 17 26 30 42 45 54 58 73 80 84 
0 1 6 12 17 26 31 37 42 45 50 54 84 90 
0 1 6 12 18 23 26 31 37 50 54 60 67 86 90 
0 1 6 13 17 26 30 42 45 54 59 73 85 90 
0 1 6 13 17 26 31 42 45 50 54 59 85 90 
0 1 6 13 17 26 31 42 45 50 55 59 85 90 
0 1 6 13 17 26 31 42 45 54 59 73 85 90 
0 1 6 13 17 26 31 42 45 55 59 73 85 90 
0 1 6 13 17 26 31 42 50 54 59 67 85 90 
0 1 6 13 17 26 31 42 54 59 67 73 85 90 
0 1 6 13 17 26 31 42 55 59 67 73 85 90 
0 1 6 13 18 23 26 31 38 50 54 67 85 90 
0 1 6 13 18 23 26 31 38 50 55 67 85 90 
0 1 6 13 18 26 31 42 45 50 54 59 85 90 
0 1 6 13 18 26 31 42 54 59 67 73 85 90 
0 1 7 11 17 25 31 36 42 45 49 55 59 74 85 
0 1 7 11 17 25 36 42 45 49 53 59 74 80 85 
0 1 7 11 18 25 31 36 42 45 49 55 59 74 85 
0 1 7 11 18 25 36 42 45 49 53 59 74 80 85 
0 1 7 13 17 25 31 42 45 49 55 59 74 85 90 
0 1 9 17 26 34 42 45 50 58 76 84 
0 2 9 17 27 34 42 50 58 68 70 76 84 
0 2 9 17 27 34 42 51 58 68 70 76 84 
0 2 9 17 27 34 42 51 58 68 70 77 84 
0 2 10 17 27 34 42 51 58 68 70 77 84 
0 3 9 17 27 34 42 51 58 68 70 77 84 
0 3 10 17 27 34 42 51 58 68 70 77 84 
0 3 10 17 27 35 42 51 58 68 70 77 84 
0 3 10 17 28 35 42 51 58 68 70 77 84 
