0 2 7 11 17 28 33 39 45 53 59 66 73 82 88 
0 2 7 11 17 28 39 45 55 59 66 73 77 82 88 
0 2 7 11 18 28 33 39 45 53 59 66 73 82 88 
0 2 7 11 18 28 39 45 55 59 66 73 77 82 88 
0 2 7 11 18 28 39 45 55 60 66 73 77 82 88 
0 2 7 12 17 28 33 38 45 53 58 66 73 88 
0 2 7 12 17 28 33 38 45 53 66 73 83 88 
0 2 7 12 17 28 33 38 45 58 66 73 78 88 
0 2 7 12 17 28 33 38 45 66 73 78 83 88 
0 2 7 12 17 28 33 45 61 66 73 78 83 88 
0 2 7 12 17 28 38 45 56 66 73 78 83 88 
0 2 7 12 17 33 38 45 51 66 73 78 83 88 
0 2 7 12 17 38 45 51 56 66 73 78 83 88 
0 2 7 12 17 45 51 56 61 66 73 78 83 88 
0 2 7 12 18 28 33 39 45 60 66 73 78 82 88 
0 2 7 12 18 33 39 45 51 60 66 73 78 82 88 
0 2 7 12 28 33 41 45 53 61 66 73 83 88 
0 2 7 13 17 28 34 39 45 55 59 66 73 77 88 
0 2 7 13 18 28 34 39 45 55 59 66 73 77 88 
0 2 7 13 18 35 39 45 51 55 66 73 78 84 88 
0 2 7 18 35 39 45 51 55 60 66 73 78 82 88 
0 2 8 13 17 30 34 39 45 50 59 66 73 80 88 
0 2 8 13 18 30 34 39 45 50 66 73 80 84 88 
0 2 8 13 18 30 39 45 50 57 66 73 80 84 88 
0 2 9 13 18 30 35 39 45 50 55 66 73 84 88 
0 2 9 13 18 30 35 39 45 51 55 66 73 84 88 
0 2 9 13 18 30 39 45 50 57 66 73 80 84 88 
0 2 9 17 30 38 45 50 58 66 73 88 90 
0 2 9 17 30 38 45 51 58 66 73 88 90 
0 2 9 17 31 38 45 51 58 66 73 88 90 
0 2 10 17 31 38 45 51 58 66 73 81 88 
0 2 13 18 30 34 39 45 50 55 66 73 77 84 88 
0 4 8 13 17 25 30 34 45 50 61 66 80 83 88 
0 4 9 17 20 26 30 38 58 66 75 88 90 
0 4 9 17 20 26 38 53 58 66 75 88 90 
0 4 9 17 20 38 48 53 58 70 75 88 90 
0 4 9 17 22 25 38 53 58 70 75 88 90 
0 4 9 17 22 38 48 53 58 70 75 88 90 
0 4 9 17 25 38 45 53 58 66 75 88 90 
0 4 9 17 26 38 45 53 58 66 75 88 90 
0 4 10 17 20 26 32 38 52 58 66 75 81 88 
0 4 10 17 20 26 32 38 52 59 66 75 81 88 
0 4 10 17 20 26 32 39 52 59 66 75 81 88 
0 4 10 17 20 32 38 48 52 58 70 75 81 88 
0 4 10 17 20 32 38 48 52 59 70 75 81 88 
0 4 10 17 20 32 39 48 52 59 70 75 81 88 
0 4 10 17 22 25 31 39 52 59 70 74 81 88 
0 4 10 17 22 25 32 38 52 58 70 74 81 88 
0 4 10 17 22 25 32 38 52 58 70 75 81 88 
0 4 10 17 22 25 32 38 52 59 70 74 81 88 
0 4 10 17 22 25 32 38 52 59 70 75 81 88 
0 4 10 17 22 25 32 39 52 59 70 74 81 88 
0 4 10 17 22 25 32 39 52 59 70 75 81 88 
0 4 10 17 22 32 38 48 52 58 70 75 81 88 
0 4 10 17 22 32 38 48 52 59 70 75 81 88 
0 4 10 17 22 32 39 48 52 59 70 75 81 88 
0 4 10 17 25 32 38 45 52 58 66 74 81 88 
0 4 10 17 25 32 38 45 52 58 66 75 81 88 
0 4 10 17 25 32 38 45 52 59 66 74 81 88 
0 4 10 17 25 32 38 45 52 59 66 75 81 88 
0 4 10 17 25 32 39 45 52 59 66 75 81 88 
0 4 10 17 26 32 38 45 52 58 66 75 81 88 
0 4 10 17 26 32 38 45 52 59 66 75 81 88 
0 4 10 17 26 32 39 45 52 59 66 75 81 88 
0 4 10 18 20 32 39 48 52 59 70 75 81 89 
0 4 10 18 22 25 32 39 52 59 70 75 81 88 
0 4 11 17 20 26 32 39 52 59 66 75 82 88 
0 4 11 17 20 26 32 39 53 59 66 75 82 88 
0 4 11 17 20 26 33 39 53 59 66 75 82 88 
0 4 11 17 20 32 39 48 52 59 70 75 82 88 
0 4 11 17 20 32 39 48 53 59 70 75 82 88 
0 4 11 17 22 25 32 39 52 59 70 75 81 88 
0 4 11 17 22 32 39 48 53 59 70 75 81 88 
0 4 11 17 22 32 39 48 53 59 70 75 82 88 
0 4 11 17 22 33 39 48 53 59 70 75 82 88 
0 4 11 17 26 32 38 45 52 59 66 75 81 88 
0 4 11 17 26 32 39 45 52 59 66 75 82 88 
0 4 12 17 20 26 33 38 53 58 66 75 88 
0 4 12 17 20 26 33 38 53 66 75 83 88 
0 4 12 17 22 33 38 48 53 58 70 75 88 
0 4 12 17 22 33 38 48 53 70 75 83 88 
0 4 12 17 26 33 38 45 53 66 75 83 88 
0 5 10 17 20 26 31 38 51 58 66 81 88 
0 5 10 17 20 26 31 38 51 59 66 81 88 
0 5 10 17 20 26 31 38 59 66 76 81 88 
0 5 10 17 20 26 39 54 59 66 76 81 88 
0 5 11 17 20 26 33 39 53 59 66 76 82 88 
0 5 11 17 22 27 33 39 47 53 59 70 76 82 88 
