0 1 5 10 26 31 42 56 61 78 82 87 91 
0 1 5 10 26 31 42 56 61 78 83 87 91 
0 1 5 10 26 31 56 61 67 78 83 87 91 
0 1 5 10 27 31 36 56 61 67 83 87 91 
0 1 5 10 27 31 36 56 61 67 83 88 91 
0 1 5 10 27 31 56 61 67 78 83 87 91 
0 1 6 10 15 26 31 35 40 61 67 71 87 
0 1 6 10 15 26 31 35 61 67 71 83 87 
0 1 6 10 15 26 31 36 61 67 71 83 87 
0 1 6 10 15 26 31 61 67 71 78 83 87 
0 1 6 10 15 27 31 36 61 67 71 83 88 
0 1 6 10 15 27 31 61 67 78 83 87 91 
0 2 5 15 27 32 39 43 49 59 62 72 80 84 
0 3 8 15 21 27 32 37 43 54 59 72 84 89 
0 3 8 15 21 27 32 37 47 54 59 72 84 89 
0 3 8 15 21 32 37 43 54 59 72 77 84 89 
