0 1 4 9 12 17 24 34 53 58 67 71 80 84 
0 1 4 9 12 17 24 34 53 58 67 80 84 89 
0 1 4 9 12 17 24 53 58 61 67 71 80 84 
0 1 4 9 12 17 26 34 42 50 58 67 71 84 
0 1 4 9 12 17 26 34 42 50 58 67 84 89 
0 1 4 9 12 17 26 34 42 58 67 71 80 84 
0 1 4 9 12 17 26 34 42 58 67 80 84 89 
0 1 4 9 12 17 26 42 50 58 61 67 71 84 
0 1 4 9 12 17 34 42 50 53 58 67 71 84 
0 1 4 9 12 17 34 42 50 53 58 67 84 89 
0 1 4 9 14 17 26 34 50 58 63 71 76 84 
0 1 4 9 14 17 26 34 50 58 63 76 84 89 
0 1 4 9 14 17 26 34 50 58 67 71 76 84 
0 1 4 9 14 17 26 50 58 61 67 71 76 84 
0 1 4 9 14 26 34 50 58 63 71 76 81 84 
0 1 4 9 14 26 34 50 58 63 76 81 84 89 
0 1 4 9 14 26 34 50 58 67 71 76 81 84 
0 1 4 9 14 26 50 58 61 67 71 76 81 84 
0 1 4 9 17 26 34 42 50 58 63 71 76 84 
0 1 4 9 17 26 34 42 50 58 67 71 76 84 
0 1 4 9 17 26 34 42 50 58 67 76 84 89 
0 1 4 9 17 26 34 42 58 63 71 76 80 84 
0 1 4 9 17 26 42 50 58 61 67 71 76 84 
0 1 4 9 26 42 50 58 61 67 71 76 81 84 
0 1 4 12 17 24 34 37 53 58 67 71 80 84 
0 1 4 12 17 26 34 37 42 50 58 67 71 84 
0 1 4 12 17 26 37 42 50 58 61 67 71 84 
0 1 4 12 17 26 37 42 50 58 61 71 74 84 
0 1 4 12 26 34 37 42 50 58 67 71 81 84 
0 1 4 12 26 37 42 50 58 61 71 74 81 84 
0 1 4 14 17 26 37 50 58 61 67 71 76 84 
0 1 4 14 26 37 50 58 61 67 71 76 81 84 
