0 1 8 12 25 29 34 44 53 57 66 71 75 90 
0 1 8 12 25 29 34 44 53 57 66 71 76 90 
0 1 8 12 25 30 34 44 53 57 66 71 76 90 
0 1 8 12 30 34 41 44 53 57 66 76 87 90 
0 1 10 23 30 34 38 44 55 66 76 84 89 90 
0 1 10 23 30 34 38 44 55 66 76 85 89 90 
0 1 11 29 34 39 44 56 66 75 85 90 
0 1 23 25 30 34 38 44 66 71 76 84 89 90 
0 1 23 26 30 34 39 44 66 72 76 85 89 90 
0 3 8 13 26 31 44 48 53 58 72 77 
0 3 8 14 23 25 32 44 48 53 59 71 78 89 
0 3 8 14 23 25 32 44 49 53 59 71 78 89 
0 3 8 15 23 25 32 44 49 53 59 71 78 89 
0 3 8 15 23 26 32 44 49 53 59 71 78 89 
0 3 8 26 31 43 44 48 53 69 72 77 
0 3 10 14 21 27 31 38 48 55 59 73 77 84 
0 3 10 14 23 32 39 44 48 55 59 78 85 89 
