0 1 5 9 23 28 32 44 49 61 66 71 81 
0 1 5 9 23 28 32 44 49 61 67 71 81 
0 1 5 9 23 28 32 45 49 61 66 71 81 
0 1 5 9 23 28 32 45 49 61 67 71 81 
0 1 5 10 14 23 28 32 44 49 67 71 81 
0 1 5 10 14 23 28 32 45 49 67 71 76 
0 1 5 10 23 28 32 42 44 49 67 71 81 
0 1 5 10 23 28 32 42 45 49 67 71 81 
0 1 5 10 23 28 32 42 45 49 67 72 76 
0 1 5 10 23 28 32 42 45 49 67 72 81 
0 1 5 10 23 28 32 44 49 61 67 71 81 
0 1 5 16 21 24 28 45 49 61 67 78 81 
0 1 11 23 34 38 41 45 49 64 72 81 
0 3 7 11 30 34 45 56 62 64 68 72 
0 3 7 11 30 34 45 56 62 64 68 79 
