0 1 4 13 17 21 27 35 39 58 67 81 85 88 92 
0 1 5 9 13 17 21 25 37 40 54 58 63 76 98 
0 1 5 9 13 17 21 25 37 54 58 63 70 76 98 
0 1 5 9 13 17 21 25 37 58 63 70 76 85 98 
0 1 5 9 13 17 21 25 40 51 54 58 63 66 76 
0 1 5 9 13 17 21 25 40 54 58 63 66 76 98 
0 1 5 9 13 17 21 25 51 54 58 63 66 70 76 
0 1 5 9 13 17 21 25 51 54 58 63 66 70 81 
0 1 5 9 13 17 21 25 51 58 63 66 70 81 85 
0 1 5 9 13 17 21 27 37 40 54 58 63 76 98 
0 1 5 9 13 17 21 27 37 40 54 63 76 98 100 
0 1 5 9 13 17 21 27 37 54 58 63 70 76 98 
0 1 5 9 13 17 21 27 37 54 63 70 76 98 100 
0 1 5 9 13 17 21 27 37 58 63 70 76 85 98 
0 1 5 9 13 17 21 27 40 54 58 63 66 76 98 
0 1 5 9 13 17 21 27 54 63 66 70 81 98 100 
0 1 5 9 13 17 21 27 63 66 70 81 85 98 100 
0 1 5 9 13 17 25 40 51 54 58 63 66 76 94 
0 1 5 9 13 17 27 37 58 63 70 76 85 94 98 
0 1 5 9 13 17 27 40 51 54 58 63 66 76 94 
0 3 10 15 28 35 36 42 47 55 60 67 77 81 93 
