0 1 5 9 13 17 21 25 27 31 35 39 43 51 70 82 
0 1 5 9 13 17 21 25 27 31 35 39 43 51 82 86 
0 1 5 9 13 17 21 25 27 31 35 39 43 61 65 70 
0 1 5 9 13 17 21 25 27 31 35 39 43 61 70 82 
0 1 5 9 13 17 21 25 27 31 35 39 43 61 82 86 
0 1 5 9 13 17 21 25 27 31 35 39 43 78 82 86 
0 1 5 9 13 17 21 25 27 31 35 39 44 78 82 86 
0 1 5 9 13 17 21 25 27 31 35 39 59 70 78 82 
0 1 5 9 13 17 21 25 27 31 35 39 59 78 82 86 
0 1 5 9 13 17 21 27 31 35 39 59 74 78 82 86 
0 1 5 9 13 17 25 27 31 35 36 39 44 78 82 86 
0 1 5 9 13 17 25 27 31 35 36 40 44 78 82 86 
0 1 5 9 13 17 25 27 31 35 36 44 55 78 82 86 
0 1 5 9 13 17 25 27 31 35 36 55 59 78 82 86 
0 1 5 9 13 17 25 27 31 35 39 43 57 61 82 86 
0 1 5 9 13 17 25 27 31 35 39 44 57 78 82 86 
0 1 5 9 13 17 27 31 35 36 40 45 65 70 79 84 
0 1 5 9 13 17 27 31 35 36 40 47 60 65 69 79 
0 1 5 9 13 17 27 31 35 36 40 47 60 65 70 79 
0 1 5 9 13 17 27 31 35 36 40 47 60 65 79 86 
0 1 5 9 13 17 27 31 35 36 40 60 65 70 79 84 
0 1 5 9 13 17 27 31 35 36 42 47 55 60 65 69 
0 1 5 9 13 17 27 31 35 36 42 47 55 60 65 86 
0 1 5 9 13 17 27 31 35 36 42 47 55 60 81 86 
0 1 5 9 13 17 27 31 35 36 47 55 60 65 69 79 
0 1 5 9 13 17 27 31 35 36 47 55 60 65 79 86 
0 1 5 9 13 17 27 31 35 36 55 59 74 78 82 86 
0 1 5 9 13 17 27 31 35 36 55 60 65 70 79 84 
0 1 5 9 13 18 25 27 31 36 44 55 62 78 82 86 
0 1 5 9 13 18 25 27 31 36 55 59 62 78 82 86 
0 1 5 9 13 18 25 27 31 38 43 56 61 62 82 86 
0 1 5 9 13 18 25 27 31 43 49 56 61 62 82 86 
0 1 5 9 13 18 27 31 35 36 40 47 60 65 69 79 
0 1 5 9 13 18 27 31 36 37 40 45 65 70 79 84 
0 1 5 9 13 18 27 31 36 37 40 47 60 65 69 79 
0 1 5 9 13 18 27 31 36 37 40 47 60 65 70 79 
0 1 5 9 13 18 27 31 36 37 40 47 60 65 79 86 
0 1 5 9 13 18 27 31 36 37 40 60 65 70 79 84 
0 1 5 9 13 18 27 31 36 40 45 62 65 70 79 84 
0 1 5 9 13 18 27 31 36 40 60 62 65 70 79 84 
0 1 5 9 13 18 27 31 36 42 47 55 60 62 65 69 
0 1 5 9 13 18 27 31 36 42 47 55 60 62 65 70 
0 1 5 9 13 18 27 31 36 42 47 55 60 62 65 86 
0 1 5 9 13 18 27 31 36 42 47 55 60 62 81 86 
0 1 5 9 13 18 27 31 36 47 55 60 62 65 69 79 
0 1 5 9 13 18 27 31 36 47 55 60 62 65 70 79 
0 1 5 9 13 18 27 31 36 47 55 60 62 65 79 86 
0 1 5 9 13 18 27 31 36 47 56 60 62 65 69 79 
0 1 5 9 13 18 27 31 36 47 56 60 62 65 70 79 
0 1 5 9 13 18 27 31 36 47 56 60 62 65 79 86 
0 1 5 9 13 18 27 31 36 55 60 62 65 70 79 84 
0 1 5 9 13 18 27 31 36 56 60 62 65 70 79 84 
0 1 5 9 13 18 27 31 37 40 45 49 65 70 79 84 
0 1 5 9 13 18 27 31 37 40 45 58 65 70 79 84 
0 1 5 9 13 18 27 31 37 41 45 49 65 70 79 84 
0 1 5 9 13 18 27 31 37 45 49 56 65 70 79 84 
0 1 5 9 13 18 27 31 37 47 49 56 60 65 69 79 
0 1 5 9 13 18 27 31 37 47 49 56 60 65 70 79 
0 1 5 9 13 18 27 31 37 47 49 56 60 65 79 86 
0 1 5 9 13 18 27 31 37 49 56 60 65 70 79 84 
0 1 5 9 13 18 27 31 38 42 47 56 60 62 65 69 
0 1 5 9 13 18 27 31 38 42 47 56 60 62 65 86 
0 1 5 9 13 18 27 31 38 42 47 56 60 62 81 86 
0 1 5 9 13 18 27 31 38 43 47 56 60 62 65 69 
0 1 5 9 13 18 27 31 38 43 47 56 60 62 65 86 
0 1 5 9 13 18 27 31 38 43 47 56 61 62 65 86 
0 1 5 9 13 18 27 31 38 47 56 60 62 65 69 79 
0 1 5 9 13 18 27 31 38 47 56 60 62 65 79 86 
0 1 5 9 13 18 27 31 38 56 60 62 65 70 79 84 
0 1 5 9 13 18 27 31 43 47 49 56 61 62 65 69 
0 1 5 9 13 18 27 31 43 47 49 56 61 62 65 86 
0 1 5 9 13 18 27 31 47 49 56 60 62 65 69 79 
0 1 5 9 13 18 27 31 47 49 56 60 62 65 79 86 
0 1 5 9 13 18 27 31 49 56 60 62 65 70 79 84 
0 1 5 9 14 18 25 27 38 43 56 61 62 82 86 99 
0 1 5 9 14 18 27 31 37 47 49 56 60 65 69 79 
0 1 5 9 14 18 27 31 37 47 49 56 60 65 79 86 
0 1 5 9 14 18 27 32 36 37 40 60 65 70 79 84 
0 1 5 9 14 18 27 32 37 41 45 49 65 70 79 84 
0 1 5 9 14 18 27 32 37 41 49 61 65 70 80 84 
0 1 5 9 14 18 27 32 37 43 47 49 56 61 65 69 
0 1 5 9 14 18 27 32 37 43 47 49 56 61 65 70 
0 1 5 9 14 18 27 32 37 43 47 49 56 61 65 86 
0 1 5 9 14 18 27 32 37 43 49 56 61 65 70 84 
0 1 5 9 14 18 27 32 37 45 49 56 65 70 79 84 
0 1 5 9 14 18 27 32 37 47 49 56 60 65 69 79 
0 1 5 9 14 18 27 32 37 47 49 56 60 65 70 79 
0 1 5 9 14 18 27 32 37 47 49 56 60 65 79 86 
0 1 5 9 14 18 27 32 37 49 56 60 65 70 79 84 
0 1 5 9 14 18 27 32 37 49 56 61 65 70 79 84 
0 1 5 9 14 18 27 32 37 49 56 61 65 70 80 84 
0 1 5 9 14 18 27 36 37 40 60 65 70 79 84 99 
0 1 5 9 14 18 27 36 40 60 62 65 70 79 84 99 
0 1 5 9 14 18 27 36 42 47 55 60 62 65 69 99 
0 1 5 9 14 18 27 36 42 47 55 60 62 65 70 99 
0 1 5 9 14 18 27 36 47 55 60 62 65 70 79 99 
0 1 5 9 14 18 27 37 41 45 49 65 70 79 84 99 
0 1 5 9 14 18 27 37 41 49 61 65 70 80 84 99 
0 1 5 9 14 18 27 37 47 49 56 60 65 69 79 99 
0 1 5 9 14 18 27 37 47 49 56 60 65 70 79 99 
0 1 5 9 14 18 27 37 47 49 56 60 65 79 86 99 
0 1 5 9 14 18 27 37 49 56 60 65 70 79 84 99 
0 1 5 9 14 18 27 38 42 47 56 60 62 65 69 99 
0 1 5 9 14 18 27 38 42 47 56 60 62 65 70 99 
0 1 5 9 14 18 27 38 42 47 56 60 62 65 86 99 
0 1 5 9 14 18 27 38 42 47 56 60 62 81 86 99 
0 1 5 9 14 18 27 38 43 47 51 56 62 65 69 99 
0 1 5 9 14 18 27 38 43 47 51 56 62 65 70 99 
0 1 5 9 14 18 27 38 43 47 56 60 62 65 69 99 
0 1 5 9 14 18 27 38 43 47 56 60 62 65 86 99 
0 1 5 9 14 18 27 38 43 47 56 61 62 65 86 99 
0 1 5 9 14 18 27 38 56 60 62 65 70 79 84 99 
0 1 5 9 14 18 27 43 47 49 52 56 61 65 69 99 
0 1 5 9 14 18 27 43 47 49 52 56 61 65 86 99 
0 1 5 9 14 18 27 43 47 49 56 61 62 65 86 99 
0 1 5 9 14 18 27 45 49 52 56 65 70 79 84 99 
0 1 5 9 14 18 27 45 49 56 62 65 70 79 84 99 
0 1 5 9 14 18 27 47 49 52 56 60 65 69 79 99 
0 1 5 9 14 18 27 47 49 52 56 60 65 70 79 99 
0 1 5 9 14 18 27 49 52 56 60 65 70 79 84 99 
0 1 5 9 14 18 27 49 52 56 61 65 70 79 84 99 
0 1 5 9 14 18 27 49 52 56 61 65 70 80 84 99 
0 1 5 9 14 18 27 49 56 60 62 65 70 79 84 99 
0 1 5 9 14 18 27 49 56 61 62 65 70 80 84 99 
0 1 5 9 14 19 27 32 41 45 48 49 65 70 79 84 
0 1 5 9 14 19 27 32 41 45 49 52 65 70 79 84 
0 1 5 9 14 19 27 32 41 48 59 74 82 86 
0 1 5 9 14 19 27 32 42 47 48 50 81 86 
0 1 5 9 14 19 27 32 45 49 52 56 65 70 79 84 
0 1 5 9 14 19 27 32 47 49 52 56 60 65 70 79 
0 1 5 9 14 19 27 32 49 52 56 60 65 70 79 84 
0 1 5 9 14 19 27 41 45 49 52 65 70 79 84 99 
0 1 5 9 14 19 27 43 47 49 52 56 61 65 86 99 
0 1 5 9 14 27 32 37 41 54 59 74 82 86 
0 1 5 9 14 27 32 37 47 51 54 58 81 86 
0 1 5 9 14 27 32 37 51 54 58 74 82 86 
0 1 5 9 20 27 31 42 47 50 53 81 86 88 
0 1 5 9 20 27 31 47 51 53 58 81 86 88 
0 1 5 9 20 27 31 51 53 58 74 82 86 88 
0 1 5 9 27 31 37 47 51 54 58 81 86 88 
0 1 5 10 14 19 27 32 41 48 59 74 82 86 
0 1 5 10 14 19 28 32 41 48 49 61 65 70 80 84 
0 1 5 10 14 19 28 32 41 48 59 74 82 86 
0 1 5 10 14 19 28 32 41 49 52 61 65 70 80 84 
0 1 5 10 14 19 28 32 42 47 48 50 81 86 
0 1 5 10 14 19 28 32 43 47 49 52 56 61 65 86 
0 1 5 10 14 19 28 32 49 52 56 61 65 70 80 84 
0 1 5 10 14 27 32 37 41 54 59 74 82 86 
0 1 5 10 14 27 32 37 51 54 58 74 82 86 
0 1 5 10 14 32 37 41 54 59 74 82 86 95 
