0 1 8 13 24 26 34 41 63 67 78 83 88 89 91 96 
0 2 5 10 13 20 28 38 46 56 61 62 66 77 90 95 
0 2 5 10 13 20 28 38 46 56 61 62 66 80 90 95 
0 2 5 10 15 20 25 30 38 56 62 66 77 85 90 95 
0 2 5 10 15 20 25 30 38 56 62 66 80 85 90 95 
0 2 5 10 15 20 25 30 38 56 66 71 77 85 90 95 
0 2 5 10 15 20 25 30 38 56 66 71 80 85 90 95 
0 2 5 10 15 20 25 30 56 62 66 69 80 85 90 95 
0 2 5 10 15 20 25 38 56 61 62 66 77 85 90 95 
0 2 5 10 15 20 25 38 56 61 62 66 80 85 90 95 
0 2 5 10 15 20 25 38 56 61 66 71 77 85 90 95 
0 2 5 10 15 20 25 38 56 61 66 71 80 85 90 95 
0 2 5 10 15 20 25 56 61 62 66 69 80 85 90 95 
0 2 5 10 15 20 28 38 56 61 62 66 77 85 90 95 
0 2 5 10 15 20 28 38 56 61 62 66 80 85 90 95 
0 2 5 10 15 20 28 56 61 62 66 69 80 85 90 95 
0 2 5 10 20 28 38 46 56 61 62 66 77 85 90 95 
0 2 5 10 20 28 38 46 56 61 62 66 80 85 90 95 
0 2 5 10 20 28 46 56 61 62 66 69 80 85 90 95 
0 2 5 13 20 28 38 41 46 56 61 62 66 80 90 95 
0 2 5 13 20 28 41 46 56 61 62 66 69 80 90 95 
0 2 5 15 20 25 30 41 56 62 66 69 80 85 90 95 
0 2 5 15 20 25 38 41 56 61 62 66 80 85 90 95 
0 2 5 15 20 28 38 41 56 61 62 66 80 85 90 95 
0 2 5 15 20 28 41 56 61 62 66 69 80 85 90 95 
0 2 5 20 28 41 46 56 61 62 66 69 80 85 90 95 
0 2 10 15 20 25 30 38 51 56 62 66 80 85 90 95 
0 2 10 15 20 25 38 51 56 61 62 66 77 85 90 95 
0 2 10 15 20 25 38 51 56 61 62 66 80 85 90 95 
0 3 8 13 18 21 26 31 37 41 59 64 69 78 83 89 
0 3 8 13 18 21 26 31 37 41 59 64 69 83 89 98 
0 3 8 13 18 21 26 31 37 41 59 64 83 88 89 98 
0 3 8 13 18 21 26 31 41 59 64 67 78 83 88 89 
0 3 8 13 18 21 31 37 41 46 56 59 64 69 83 98 
0 3 8 13 18 21 31 37 41 46 56 59 64 83 88 98 
0 3 8 13 18 21 31 37 41 46 59 64 69 78 83 89 
0 3 8 13 18 21 31 37 41 46 59 64 69 83 89 98 
0 3 8 13 18 21 31 37 41 46 59 64 78 83 88 89 
0 3 8 13 18 21 31 37 41 46 59 64 83 88 89 98 
0 3 8 13 18 22 26 37 41 59 62 64 69 78 89 93 
0 3 8 13 18 22 26 37 41 59 62 64 69 89 93 98 
0 3 8 13 18 22 26 37 41 59 64 69 83 89 93 98 
0 3 8 13 18 22 28 37 41 46 62 64 69 78 89 93 
0 3 8 13 18 22 28 37 41 46 62 64 69 89 93 98 
0 3 8 13 18 22 28 37 41 46 64 69 78 83 89 93 
0 3 8 13 18 22 28 37 41 46 64 69 83 89 93 98 
0 3 8 13 18 22 37 41 46 59 62 64 69 78 89 93 
0 3 8 13 18 22 37 41 46 59 62 64 69 89 93 98 
0 3 8 13 18 22 37 41 46 59 64 69 83 89 93 98 
0 3 8 13 18 26 31 37 41 59 64 78 83 88 89 93 
0 3 8 13 18 26 31 41 59 64 67 78 83 88 89 93 
0 3 8 13 18 31 37 41 46 59 62 64 69 78 89 93 
0 3 8 13 18 31 37 41 46 59 62 64 69 89 93 98 
0 3 8 13 18 31 37 41 46 59 64 69 83 89 93 98 
0 3 8 13 21 24 31 37 41 46 59 64 83 88 89 98 
0 3 8 13 24 26 31 37 41 59 64 78 83 88 89 93 
0 3 8 13 24 26 31 41 59 64 67 78 83 88 89 93 
0 3 8 13 24 31 37 41 46 59 64 83 88 89 93 98 
0 5 8 13 18 22 41 46 49 56 59 62 64 69 93 98 
0 5 8 13 18 31 41 46 49 56 59 64 69 83 93 98 
0 5 10 15 22 28 33 38 49 56 61 62 66 80 85 90 
