0 1 5 9 15 19 29 33 48 50 57 62 65 94 99 
0 1 5 9 15 19 29 33 48 50 57 65 90 94 99 
0 1 5 9 15 20 29 33 48 50 57 62 65 94 99 
0 1 5 9 15 20 29 33 48 50 57 65 90 94 99 
0 1 5 9 15 29 33 48 50 57 62 65 84 94 99 
0 1 5 9 15 29 46 48 50 62 65 70 84 94 99 
0 1 5 9 15 29 46 48 50 65 70 84 90 94 99 
0 1 5 9 19 29 33 48 50 57 62 65 80 94 99 
0 1 5 9 19 29 33 48 50 57 65 80 90 94 99 
0 1 5 9 20 29 33 38 50 57 62 66 80 95 99 
0 1 5 9 20 29 33 38 50 62 66 70 80 95 99 
0 1 5 9 20 29 33 48 50 57 62 65 80 95 99 
0 1 5 9 20 29 33 48 50 57 65 80 90 94 99 
0 1 5 9 20 29 33 48 50 57 65 80 90 95 99 
0 1 5 9 20 29 33 48 50 62 65 70 80 95 99 
0 1 5 9 20 29 33 48 50 62 66 70 80 95 99 
0 1 5 9 20 29 33 48 50 65 70 80 90 95 99 
0 1 5 9 20 33 38 42 50 62 66 70 80 95 99 
0 1 5 9 20 33 42 48 50 62 66 70 80 95 99 
0 1 5 9 27 33 42 48 50 55 62 70 80 84 99 
0 1 5 9 29 33 48 50 55 65 70 80 84 90 99 
0 1 5 9 29 33 48 50 57 62 65 80 84 94 99 
0 1 5 9 29 33 48 50 62 65 69 80 84 94 99 
0 1 5 9 29 33 48 50 62 65 70 80 84 94 99 
0 1 5 9 29 33 48 50 65 69 80 84 90 94 99 
0 1 5 9 29 33 48 50 65 70 80 84 90 94 99 
0 1 5 9 33 38 42 50 62 66 70 80 84 95 99 
0 1 5 9 33 41 48 50 62 65 69 80 84 94 99 
0 1 5 9 33 42 48 50 55 62 65 70 80 84 99 
0 1 5 10 20 33 38 42 57 62 66 80 95 99 100 
0 3 9 13 19 23 27 33 43 57 62 67 82 89 92 98 
0 3 9 13 19 23 27 33 43 57 62 67 82 89 92 99 
0 3 9 13 19 23 27 33 43 57 67 74 82 89 92 98 
0 3 9 13 19 23 27 33 43 57 67 74 82 89 92 99 
0 3 9 13 19 27 33 43 48 57 62 67 82 89 92 98 
0 3 9 13 20 23 27 33 43 57 62 67 82 89 92 99 
0 3 9 14 20 23 27 33 44 50 57 62 68 82 93 99 
0 3 9 14 20 23 27 33 44 57 62 68 82 89 93 99 
