0 1 6 11 15 24 35 40 45 52 59 64 69 94 99 100 
0 1 6 11 15 30 35 40 45 52 59 64 69 94 99 100 
0 1 6 11 16 30 35 40 45 49 59 64 69 80 85 90 
0 1 6 11 16 30 35 40 45 59 64 69 80 85 90 94 
0 1 6 11 16 30 35 40 45 59 64 69 80 85 94 100 
0 1 8 15 30 36 44 48 52 59 66 82 96 100 
0 1 8 15 30 36 45 48 52 59 66 82 96 100 
0 1 8 15 30 38 44 49 52 59 67 82 97 100 
0 1 8 15 30 44 48 49 52 59 66 82 96 100 
0 1 8 16 30 36 45 48 52 59 66 82 90 96 
0 3 6 11 15 20 24 40 45 52 59 64 69 94 99 100 
0 3 8 13 18 28 32 48 51 52 57 63 66 82 87 92 
0 3 8 13 20 24 27 32 48 51 52 57 61 82 87 99 
