0 1 4 8 12 34 43 50 53 64 69 80 85 88 96 
0 1 6 13 17 25 27 32 36 58 63 67 85 90 94 
0 1 6 13 17 25 27 32 36 58 67 74 85 90 94 
0 1 6 13 17 25 27 32 36 58 67 74 90 94 99 
0 1 6 13 17 25 27 32 36 58 67 85 88 90 94 
0 1 6 13 17 25 28 32 36 54 58 74 85 90 94 
0 1 6 13 17 25 28 32 36 58 67 74 85 90 94 
0 1 6 13 17 25 32 36 41 58 67 74 85 90 94 
0 1 6 13 17 25 32 36 41 58 67 74 90 94 99 
0 1 6 13 25 32 36 41 58 67 74 83 90 94 99 
0 1 6 17 25 27 32 36 58 67 74 78 90 94 99 
0 1 6 17 25 32 36 41 58 67 74 78 90 94 99 
0 1 12 17 21 25 27 32 43 53 58 63 85 94 100 
0 1 12 17 21 27 31 43 47 53 58 63 85 94 100 
0 1 12 17 25 27 32 36 43 53 58 63 85 94 100 
