0 1 5 9 14 18 27 31 49 56 60 65 69 79 89 99 
0 1 5 9 14 18 27 32 49 52 56 60 65 70 79 99 
0 1 5 9 14 18 27 32 49 56 60 65 69 79 89 99 
0 1 5 9 14 18 27 32 49 56 60 65 70 79 89 99 
0 1 5 9 14 18 27 34 47 49 52 56 60 65 79 99 
0 1 5 9 14 18 27 34 47 52 56 60 65 79 90 99 
0 1 5 9 14 18 27 34 47 56 60 62 65 79 90 99 
0 1 5 9 14 18 27 36 47 56 60 62 65 69 79 99 
0 1 5 9 14 18 27 47 49 52 56 60 65 69 79 99 
0 1 5 9 14 18 27 47 49 52 56 60 65 70 79 99 
0 1 5 9 14 18 27 47 49 56 60 62 65 69 79 99 
0 1 5 9 14 18 27 47 49 56 60 65 69 79 89 99 
0 1 5 9 14 18 27 47 56 60 62 65 69 79 90 99 
0 1 5 9 14 18 29 34 42 47 56 60 62 79 90 99 
0 1 5 9 14 18 29 42 47 56 60 62 69 79 90 99 
0 1 5 9 14 18 31 34 42 56 60 62 64 79 90 99 
0 1 5 9 14 18 31 42 56 60 62 64 69 79 90 99 
0 1 5 9 14 18 34 42 47 52 56 60 65 79 90 99 
0 1 5 9 14 18 34 42 47 56 60 62 65 79 90 99 
0 1 5 9 14 18 34 43 47 52 56 60 65 79 90 99 
0 1 5 9 14 18 34 43 47 52 56 61 65 79 90 99 
0 1 5 9 14 18 34 43 47 52 56 61 65 90 95 99 
0 1 5 9 14 18 34 43 47 56 61 62 65 79 90 99 
0 1 5 9 14 18 34 43 47 56 61 62 65 90 95 99 
0 1 5 9 14 18 42 47 56 60 62 64 69 79 90 99 
0 1 5 9 14 18 42 47 56 60 62 65 69 79 90 99 
0 1 5 9 14 18 43 47 56 61 62 65 69 90 95 99 
0 1 5 9 14 19 27 32 49 52 56 60 65 70 79 84 
0 1 5 9 14 19 27 32 49 52 56 60 65 70 79 99 
0 1 5 9 14 19 27 32 49 52 56 65 70 79 84 97 
0 1 5 9 14 19 27 34 47 49 52 56 60 65 79 84 
0 1 5 9 14 19 27 34 47 49 52 56 61 65 79 84 
0 1 5 9 14 19 27 34 47 49 52 56 61 65 84 95 
0 1 5 9 14 19 27 34 47 52 56 60 65 79 84 90 
0 1 5 9 14 19 27 34 47 52 56 60 65 79 90 99 
0 1 5 9 14 19 27 34 47 52 56 61 65 79 84 90 
0 1 5 9 14 19 27 34 47 52 56 61 65 84 90 95 
0 1 5 9 14 27 34 47 49 52 56 60 65 79 86 99 
0 1 5 9 14 27 34 47 52 56 60 65 79 86 90 99 
0 1 5 10 14 19 27 34 47 49 52 56 61 65 84 95 
0 1 5 10 14 19 28 32 49 52 56 61 65 70 80 84 
0 1 5 10 14 19 28 32 49 52 56 61 65 70 84 95 
0 1 5 10 14 19 28 34 47 49 52 56 61 65 84 95 
0 1 5 10 14 19 28 47 49 52 56 61 65 70 84 95 
0 1 5 10 14 19 32 43 49 52 56 61 65 70 84 95 
0 1 5 10 14 19 32 43 49 52 61 65 70 80 84 93 
0 1 5 10 14 32 43 49 52 61 65 70 80 86 93 99 
