0 1 5 16 20 27 32 37 47 50 54 58 74 87 91 95 
0 1 5 16 20 27 32 37 47 50 54 59 74 76 87 91 
0 1 5 16 20 27 32 37 47 50 54 59 74 87 91 95 
0 1 5 16 20 27 32 37 47 50 54 59 74 87 91 96 
0 1 5 16 20 27 32 37 47 50 55 59 74 87 91 96 
0 1 5 16 20 27 32 37 47 50 55 59 74 87 92 96 
0 1 5 16 20 27 32 37 47 50 59 74 77 87 91 96 
0 1 5 16 20 27 32 37 47 51 55 59 74 81 92 96 
0 1 5 16 20 27 32 37 47 51 55 59 74 87 92 96 
0 1 5 16 20 27 32 37 47 51 55 59 74 89 92 96 
0 1 5 16 20 27 32 37 47 51 59 74 77 81 92 96 
0 1 5 16 20 27 32 37 47 54 59 74 76 83 87 91 
0 1 5 16 20 27 32 37 47 55 59 74 83 87 92 96 
0 1 5 16 20 27 32 43 47 50 54 58 74 87 91 95 
0 1 5 16 20 28 32 43 47 50 54 58 74 87 91 95 
0 1 5 16 20 28 32 43 47 50 54 59 74 87 91 95 
0 1 5 16 20 28 32 43 47 50 54 59 74 87 91 96 
0 1 5 16 20 28 32 43 47 50 55 59 64 87 91 96 
0 1 5 16 20 28 32 43 47 50 55 59 64 87 92 96 
0 1 5 16 20 28 32 43 47 50 55 59 70 76 87 91 
0 1 5 16 20 28 32 43 47 50 55 59 70 87 91 96 
0 1 5 16 20 28 32 43 47 50 55 59 70 87 92 96 
0 1 5 16 20 28 32 43 47 50 55 59 74 87 91 96 
0 1 5 16 20 28 32 43 47 50 55 59 74 87 92 96 
0 1 5 16 20 28 32 43 47 50 59 74 77 87 91 96 
0 1 5 16 20 28 32 43 47 51 55 59 64 81 92 96 
0 1 5 16 20 28 32 43 47 51 55 59 64 87 92 96 
0 1 5 16 20 28 32 43 47 51 55 59 64 89 92 96 
0 1 5 16 20 28 32 43 47 51 55 59 70 81 92 96 
0 1 5 16 20 28 32 43 47 51 55 59 70 89 92 96 
0 1 5 16 20 28 32 43 47 51 55 59 74 89 92 96 
0 1 5 16 20 28 32 43 47 55 59 64 83 87 92 96 
0 1 5 16 20 28 32 43 47 55 59 70 83 87 92 96 
0 1 5 16 20 28 32 43 47 55 59 74 83 87 92 96 
0 1 6 10 21 31 34 42 51 55 59 64 81 92 96 
0 1 12 16 20 25 27 32 43 55 59 74 83 87 92 96 
0 1 12 16 20 25 28 32 43 55 59 74 83 87 92 96 
0 1 12 16 20 28 32 43 47 55 59 74 83 87 92 96 
0 2 6 10 21 27 38 42 51 55 59 62 70 89 92 
0 2 6 10 21 27 38 42 51 55 59 70 89 92 96 
0 2 6 10 21 27 38 42 51 59 74 77 81 92 96 
