0 1 4 9 14 18 25 27 32 40 44 48 63 82 98 
0 1 5 9 13 18 25 27 31 35 36 39 44 65 82 
0 1 5 9 13 18 25 27 31 35 36 39 44 78 82 
0 1 5 9 13 18 25 27 31 35 39 44 61 65 82 
0 1 5 9 13 18 25 27 31 35 39 44 61 78 82 
0 1 5 9 13 18 25 27 31 36 39 44 65 82 99 
0 1 5 9 13 18 25 27 31 36 39 44 78 82 99 
0 1 5 9 13 18 25 27 35 36 39 44 78 82 95 
0 1 5 9 13 18 25 27 35 39 44 61 78 82 95 
0 1 5 9 13 18 25 27 36 39 44 78 82 95 99 
0 1 5 9 13 25 27 31 35 36 39 43 57 65 82 
0 1 5 9 13 25 27 31 35 36 39 43 57 78 82 
0 1 5 9 13 25 27 31 35 36 39 44 57 78 82 
0 1 5 9 13 25 27 31 35 39 43 57 61 78 82 
0 1 5 9 13 25 27 31 36 39 43 57 65 82 99 
0 1 5 9 13 25 27 31 36 39 43 57 78 82 99 
0 1 5 9 13 25 27 31 36 39 44 57 65 82 99 
0 1 5 9 13 25 27 31 36 39 44 57 78 82 99 
0 1 5 9 14 18 25 27 31 35 36 39 44 65 82 
0 1 5 9 14 18 25 27 31 35 36 39 44 78 82 
0 1 5 9 14 18 25 27 31 35 36 44 62 78 82 
0 1 5 9 14 18 25 27 31 35 39 44 61 65 82 
0 1 5 9 14 18 25 27 31 35 39 44 61 78 82 
0 1 5 9 14 18 25 27 31 35 44 61 62 78 82 
0 1 5 9 14 18 25 27 31 36 39 44 65 82 99 
0 1 5 9 14 18 25 27 31 36 39 44 78 82 99 
0 1 5 9 14 18 25 27 31 36 44 62 78 82 99 
0 1 5 9 14 18 25 27 35 36 44 62 78 82 95 
0 1 5 9 14 18 25 27 35 39 44 61 78 82 95 
0 1 5 9 14 18 25 27 35 44 61 62 78 82 95 
0 1 5 9 14 18 25 27 36 39 44 78 82 95 99 
0 1 5 9 14 18 25 31 35 36 44 62 78 82 91 
0 1 5 9 14 18 25 31 36 39 44 78 82 91 99 
0 1 5 9 14 18 25 36 39 44 78 82 91 95 99 
0 1 5 9 14 25 27 31 35 36 44 57 62 78 82 
0 1 5 9 14 25 27 31 35 44 57 61 62 78 82 
0 1 5 9 14 25 27 31 36 39 44 57 65 82 99 
0 1 5 9 14 25 27 31 36 39 44 57 78 82 99 
0 1 5 9 14 25 27 31 36 44 57 62 78 82 99 
0 1 5 9 14 25 31 35 36 44 57 62 78 82 91 
0 1 5 9 14 25 31 36 44 57 62 78 82 91 99 
0 2 5 9 14 20 28 39 44 51 58 63 82 98 100 
0 2 5 9 20 28 39 44 51 53 58 63 82 98 100 
0 2 9 13 18 25 27 32 39 44 51 63 67 82 98 
0 2 9 14 18 25 27 32 39 44 51 63 67 82 98 
0 2 9 14 18 25 27 32 44 48 62 63 67 82 98 
0 2 9 14 18 25 27 32 44 51 62 63 67 82 98 
0 2 9 14 18 25 28 32 44 48 62 63 67 82 98 
0 2 9 14 18 25 28 32 44 51 62 63 67 82 98 
0 2 9 14 18 25 32 39 44 51 63 67 82 91 98 
0 2 9 14 18 25 32 44 48 62 63 67 82 91 98 
0 4 9 13 20 25 27 39 43 51 57 63 81 93 98 
0 4 9 13 20 25 27 39 43 51 57 63 82 93 98 
0 4 9 13 20 25 27 39 44 51 57 63 82 93 98 
0 4 9 13 25 27 32 39 43 51 57 63 82 93 98 
0 4 9 14 20 25 27 39 44 51 57 63 82 93 98 
0 4 9 14 21 28 39 44 51 58 74 82 94 98 100 
0 4 9 14 28 32 39 44 51 58 63 82 93 98 100 
