0 4 11 18 24 29 37 42 51 53 60 67 84 91 98 
0 5 11 18 24 29 37 42 51 53 60 67 84 91 98 
0 5 12 18 23 29 37 43 51 53 60 67 84 91 98 
0 5 12 18 24 29 37 43 51 53 60 67 84 91 98 
0 5 12 19 23 29 37 43 51 53 60 67 84 91 98 
0 5 12 19 23 29 37 43 53 60 67 78 84 91 98 
0 5 12 19 23 29 37 43 53 60 67 78 85 91 98 
0 5 12 19 23 30 37 43 53 60 67 78 85 91 98 
0 5 12 19 23 30 37 43 53 60 67 78 85 92 98 
0 5 12 19 23 30 43 48 53 60 67 78 85 91 98 
0 5 12 19 23 30 43 48 53 60 67 78 85 92 98 
0 6 12 19 23 29 37 43 53 60 67 78 85 92 98 
