0 1 5 9 13 17 45 49 52 56 60 64 68 97 
0 1 5 9 13 17 45 49 52 56 60 64 93 97 
0 1 5 9 13 17 46 49 52 56 60 64 68 98 
0 1 5 9 13 19 41 49 52 56 60 64 70 93 
0 1 5 9 13 19 41 49 52 56 60 70 93 100 
0 1 5 9 13 19 42 46 49 52 56 60 64 94 
0 1 5 9 13 19 42 49 52 56 60 64 70 94 
0 1 5 9 13 41 45 49 52 56 60 64 93 97 
0 1 5 9 13 41 45 49 52 56 60 93 97 100 
0 1 5 9 15 19 38 42 49 52 56 60 70 90 
0 1 5 9 15 19 38 49 52 56 60 66 70 90 
0 1 5 9 16 38 45 49 52 56 60 67 90 97 
0 1 5 9 19 38 42 49 52 56 60 70 90 94 
0 1 5 9 19 41 48 49 52 56 60 70 93 100 
0 1 5 9 19 41 48 49 52 56 70 85 93 100 
0 1 5 9 41 45 48 49 52 56 60 93 97 100 
0 1 5 11 17 33 39 45 49 52 56 63 68 85 91 97 
0 1 5 11 17 33 39 45 49 52 63 68 81 85 91 97 
0 1 5 11 17 33 39 46 49 52 56 63 68 85 91 98 
0 1 5 11 17 33 39 46 49 52 63 68 81 85 91 98 
0 1 5 11 17 33 40 46 49 52 56 63 68 85 92 98 
0 1 5 11 17 34 40 46 49 52 56 63 68 86 92 98 
0 1 5 12 16 34 45 49 52 56 67 74 86 97 
0 1 5 12 19 34 41 49 52 56 70 74 86 93 
0 1 7 11 17 30 39 45 49 52 58 63 68 82 91 97 
0 1 7 11 17 30 39 46 49 52 58 63 68 82 91 98 
0 1 10 14 29 33 42 46 49 52 61 65 81 85 94 98 
