0 1 4 33 36 38 43 51 54 59 64 69 86 91 96 
0 1 5 9 13 17 21 25 27 54 58 63 66 70 
0 1 5 9 13 17 21 25 54 58 63 66 70 76 
0 1 5 9 13 17 21 25 54 58 63 66 76 94 
0 1 5 9 13 17 31 44 51 58 63 66 70 76 
0 1 5 11 16 25 33 41 44 48 54 69 76 83 87 
0 2 6 10 14 21 27 42 46 51 55 59 74 92 96 
0 2 6 10 17 21 27 38 42 51 55 59 70 89 92 
0 2 6 10 21 27 38 42 51 55 59 70 89 92 96 
0 2 7 12 17 25 28 33 36 38 43 54 59 64 69 
0 2 7 12 17 25 28 33 36 38 43 54 59 64 94 
0 2 7 12 17 25 28 33 36 38 43 54 59 69 100 
0 2 7 12 17 25 28 33 36 38 43 54 59 94 100 
0 2 7 12 17 25 28 33 36 38 43 54 64 69 84 
0 2 7 12 17 25 28 33 36 38 43 54 64 84 94 
0 2 7 12 17 25 28 33 36 43 59 63 79 94 100 
0 3 9 16 25 29 35 41 49 54 60 67 77 81 87 93 
0 3 10 16 25 29 35 41 49 54 61 67 77 81 87 93 
0 3 10 16 25 29 35 42 49 54 61 67 77 81 87 94 
