0 2 6 11 15 19 24 27 31 35 39 44 49 60 65 69 
0 2 6 11 15 19 24 27 31 35 39 44 49 65 69 80 
0 2 6 11 15 19 24 27 31 35 40 44 49 65 69 80 
0 2 6 11 15 19 24 27 31 35 40 44 50 65 69 80 
0 2 6 11 15 19 24 27 31 35 40 44 56 60 65 69 
0 2 6 11 15 19 24 27 31 35 40 44 56 61 65 69 
0 2 6 11 15 19 24 27 31 35 40 44 56 65 69 80 
0 2 6 11 15 19 24 27 31 35 40 45 50 61 65 69 
0 2 6 11 15 19 24 27 31 35 40 56 61 65 69 78 
0 2 6 11 15 19 24 27 31 35 44 49 58 65 69 80 
0 2 6 11 15 19 24 27 31 37 40 44 50 65 69 80 
0 2 6 11 15 19 24 27 31 40 44 50 54 65 69 80 
0 2 6 11 15 19 24 27 31 44 49 54 58 65 69 80 
0 2 6 11 15 19 24 27 40 44 50 54 65 69 76 80 
0 2 6 11 15 19 24 27 40 45 50 54 61 65 69 76 
0 2 6 11 15 19 24 27 44 49 54 58 65 69 76 80 
0 2 6 11 15 19 25 27 31 35 39 43 49 64 69 79 
0 2 6 11 15 19 25 27 31 35 39 43 49 69 79 84 
0 2 6 11 15 19 25 27 31 35 39 44 49 60 64 69 
0 2 6 11 15 19 25 27 31 35 39 44 49 60 65 69 
0 2 6 11 15 19 25 27 31 35 39 44 49 60 69 84 
0 2 6 11 15 19 25 27 31 35 39 44 49 69 79 84 
0 2 6 11 15 19 25 27 31 35 39 44 49 69 80 84 
0 2 6 11 15 19 25 27 31 35 39 49 63 69 79 84 
0 2 6 11 15 19 25 27 31 35 40 44 50 69 80 84 
0 2 6 11 15 19 25 27 31 35 40 44 56 60 64 69 
0 2 6 11 15 19 25 27 31 35 40 44 56 60 65 69 
0 2 6 11 15 19 25 27 31 35 40 44 56 60 69 84 
0 2 6 11 15 19 25 27 31 35 40 44 56 69 80 84 
0 2 6 11 15 19 25 27 31 35 44 49 58 69 80 84 
0 2 6 11 15 19 25 27 31 35 49 58 63 69 79 84 
0 2 6 11 15 19 25 27 31 40 44 50 54 69 80 84 
0 2 6 11 15 19 25 27 31 44 49 54 58 69 80 84 
0 2 6 11 15 19 25 27 31 49 54 58 63 69 79 84 
0 2 6 11 15 19 25 27 40 44 50 54 69 76 80 84 
0 2 6 11 15 19 25 27 44 49 54 58 69 76 80 84 
0 2 6 11 15 19 25 27 49 54 58 63 69 76 79 84 
0 2 6 11 15 19 27 31 35 39 44 49 60 65 69 82 
0 2 6 11 15 19 27 31 35 40 44 56 60 65 69 82 
0 2 6 11 15 20 24 27 31 37 40 44 50 65 69 80 
0 2 6 11 15 20 24 27 37 40 44 50 65 69 76 80 
0 2 6 11 15 20 25 27 31 37 40 44 50 69 80 84 
0 2 6 11 15 20 25 27 31 37 41 57 63 69 79 84 
0 2 6 11 15 20 25 27 32 37 41 57 63 69 79 84 
0 2 6 11 15 20 25 27 37 40 44 50 69 76 80 84 
0 2 6 11 15 20 25 27 37 41 57 63 69 76 79 84 
0 2 6 11 15 20 25 27 43 55 59 64 69 76 
0 2 6 11 15 20 25 27 51 55 60 64 69 76 
0 2 6 11 15 20 27 51 55 60 65 69 76 82 
0 2 6 11 15 24 27 31 37 40 44 50 52 65 69 80 
0 2 6 11 15 25 27 31 36 37 43 52 57 64 69 79 
0 2 6 11 15 25 27 31 36 37 43 52 57 69 79 84 
0 2 6 11 15 25 27 31 36 37 52 57 63 69 79 84 
0 2 6 11 15 25 27 31 37 40 44 50 52 69 80 84 
0 2 6 11 15 25 27 31 37 40 44 52 56 60 64 69 
0 2 6 11 15 25 27 31 37 40 44 52 56 60 69 84 
0 2 6 11 15 25 27 31 37 40 44 52 56 69 80 84 
0 2 6 11 15 25 27 31 37 41 52 57 63 69 79 84 
0 2 6 11 15 25 27 38 43 54 59 64 69 76 
0 2 6 11 15 27 38 42 54 65 69 76 78 82 
0 2 6 11 16 20 25 27 32 37 40 44 50 69 80 84 
0 2 6 11 16 20 25 27 32 37 41 57 63 69 79 84 
0 2 6 11 16 20 25 27 32 43 55 59 64 69 
0 2 6 11 16 20 25 27 32 51 55 60 64 69 
0 2 6 11 16 25 27 32 41 48 53 57 63 69 79 84 
0 2 6 11 16 25 27 32 44 48 49 53 58 69 80 84 
0 2 6 11 16 25 27 32 48 49 53 58 63 69 79 84 
0 2 6 11 18 25 27 32 36 43 53 57 69 77 79 84 
0 2 6 11 18 25 27 32 36 53 57 63 69 77 79 84 
0 2 6 11 18 25 27 32 39 43 49 53 69 77 79 84 
0 2 6 11 18 25 27 32 39 44 49 53 60 69 77 84 
0 2 6 11 18 25 27 32 39 44 49 53 69 77 79 84 
0 2 6 11 18 25 27 32 39 44 49 53 69 77 80 84 
0 2 6 11 18 25 27 32 39 49 53 63 69 77 79 84 
0 2 6 11 18 25 27 32 44 49 53 58 69 77 80 84 
0 2 6 11 18 25 27 32 49 53 57 63 69 77 79 84 
0 2 6 11 20 25 27 32 37 40 44 50 69 77 80 84 
0 2 6 11 25 27 32 36 37 43 52 57 69 77 79 84 
0 2 6 11 25 27 32 37 40 44 50 52 69 77 80 84 
0 2 7 11 15 19 24 27 31 35 39 44 49 60 65 69 
0 2 7 11 15 19 24 27 31 35 39 44 49 60 65 100 
0 2 7 11 15 19 24 27 31 35 39 44 49 65 69 80 
0 2 7 11 15 19 24 27 31 35 39 44 49 65 80 100 
0 2 7 11 15 19 24 27 31 35 39 44 49 80 85 100 
0 2 7 11 15 19 24 27 31 35 40 44 50 65 69 80 
0 2 7 11 15 19 24 27 31 35 40 44 50 65 80 100 
0 2 7 11 15 19 24 27 31 35 40 44 50 80 85 100 
0 2 7 11 15 19 24 27 31 35 40 44 56 60 65 100 
0 2 7 11 15 19 24 27 31 35 40 44 56 65 80 100 
0 2 7 11 15 19 24 27 31 35 40 45 50 61 65 69 
0 2 7 11 15 19 24 27 31 35 40 45 50 61 65 100 
0 2 7 11 15 19 24 27 31 35 40 45 50 61 85 100 
0 2 7 11 15 19 24 27 31 35 40 45 50 81 85 100 
0 2 7 11 15 19 24 27 31 35 40 45 56 61 65 69 
0 2 7 11 15 19 24 27 31 35 40 45 56 61 65 100 
0 2 7 11 15 19 24 27 31 35 40 45 56 61 85 100 
0 2 7 11 15 19 24 27 31 35 40 50 74 80 85 100 
0 2 7 11 15 19 24 27 31 35 40 56 61 65 69 78 
0 2 7 11 15 19 24 27 31 35 40 56 61 65 78 100 
0 2 7 11 15 19 24 27 31 35 44 49 58 65 69 80 
0 2 7 11 15 19 24 27 31 35 44 49 58 65 80 100 
0 2 7 11 15 19 24 27 31 35 44 49 58 80 85 100 
0 2 7 11 15 19 24 27 31 35 49 58 74 80 85 100 
0 2 7 11 15 19 24 27 31 40 44 50 54 65 69 80 
0 2 7 11 15 19 24 27 31 40 44 50 54 65 80 100 
0 2 7 11 15 19 24 27 31 40 44 50 54 80 85 100 
0 2 7 11 15 19 24 27 31 40 45 50 54 61 65 69 
0 2 7 11 15 19 24 27 31 40 45 50 54 61 65 100 
0 2 7 11 15 19 24 27 31 40 45 50 54 61 85 100 
0 2 7 11 15 19 24 27 31 40 45 50 54 81 85 100 
0 2 7 11 15 19 24 27 31 40 50 54 74 80 85 100 
0 2 7 11 15 19 24 27 31 42 54 58 74 80 85 100 
0 2 7 11 15 19 24 27 31 44 49 54 58 65 69 80 
0 2 7 11 15 19 24 27 31 44 49 54 58 65 80 100 
0 2 7 11 15 19 24 27 31 44 49 54 58 80 85 100 
0 2 7 11 15 19 24 27 31 45 50 54 59 81 85 100 
0 2 7 11 15 19 24 27 31 49 54 58 74 80 85 100 
0 2 7 11 15 19 24 27 31 50 54 59 74 80 85 100 
0 2 7 11 15 19 24 27 40 44 50 54 65 69 76 80 
0 2 7 11 15 19 24 27 40 44 50 54 65 76 80 100 
0 2 7 11 15 19 24 27 40 44 50 54 76 80 85 100 
0 2 7 11 15 19 24 27 40 45 50 54 61 65 69 76 
0 2 7 11 15 19 24 27 40 45 50 54 61 65 76 100 
0 2 7 11 15 19 24 27 40 45 50 54 61 76 85 100 
0 2 7 11 15 19 24 27 40 45 50 54 76 81 85 100 
0 2 7 11 15 19 24 27 42 54 58 74 76 80 85 100 
0 2 7 11 15 19 24 27 44 49 54 58 65 69 76 80 
0 2 7 11 15 19 24 27 44 49 54 58 65 76 80 100 
0 2 7 11 15 19 24 27 44 49 54 58 76 80 85 100 
0 2 7 11 15 19 24 27 45 50 54 59 76 81 85 100 
0 2 7 11 15 19 24 27 49 54 58 74 76 80 85 100 
0 2 7 11 15 19 24 40 45 50 54 61 65 69 76 98 
0 2 7 11 15 19 24 40 45 50 54 61 65 76 98 100 
0 2 7 11 15 19 24 40 45 50 54 61 76 85 98 100 
0 2 7 11 15 19 24 40 45 50 54 76 81 85 98 100 
0 2 7 11 15 19 24 42 54 58 74 76 80 85 98 100 
0 2 7 11 15 19 24 44 49 54 58 65 69 76 80 98 
0 2 7 11 15 19 24 44 49 54 58 65 76 80 98 100 
0 2 7 11 15 19 24 44 49 54 58 76 80 85 98 100 
0 2 7 11 15 19 24 45 50 54 59 76 81 85 98 100 
0 2 7 11 15 19 24 49 54 58 74 76 80 85 98 100 
0 2 7 11 15 19 25 27 31 35 39 43 49 64 69 79 
0 2 7 11 15 19 25 27 31 35 39 43 49 69 79 84 
0 2 7 11 15 19 25 27 31 35 39 49 63 69 79 84 
0 2 7 11 15 19 25 27 31 35 39 49 63 79 84 100 
0 2 7 11 15 19 25 27 31 35 49 58 63 69 79 84 
0 2 7 11 15 19 25 27 31 35 49 58 63 79 84 100 
0 2 7 11 15 19 25 27 31 49 54 58 63 69 79 84 
0 2 7 11 15 19 25 27 31 49 54 58 63 79 84 100 
0 2 7 11 15 19 25 27 49 54 58 63 69 76 79 84 
0 2 7 11 15 19 25 49 54 58 63 69 76 79 84 98 
0 2 7 11 15 19 27 31 35 39 44 49 60 65 69 82 
0 2 7 11 15 19 27 31 35 40 50 67 74 80 84 100 
0 2 7 11 15 19 27 31 35 46 49 58 63 67 84 100 
0 2 7 11 15 19 27 31 42 46 54 58 63 67 84 100 
0 2 7 11 15 19 27 31 42 54 58 67 74 80 84 100 
0 2 7 11 15 19 27 31 46 49 54 58 63 67 84 100 
0 2 7 11 15 19 27 42 46 54 58 63 67 76 84 100 
0 2 7 11 15 19 27 42 54 58 67 74 76 80 84 100 
0 2 7 11 15 19 27 46 49 54 58 63 67 76 84 100 
0 2 7 11 15 19 46 49 54 58 63 67 76 84 98 100 
0 2 7 11 15 20 24 27 31 37 40 44 50 65 69 80 
0 2 7 11 15 20 24 27 31 37 40 44 50 65 80 100 
0 2 7 11 15 20 24 27 31 37 40 45 50 61 65 100 
0 2 7 11 15 20 24 27 31 37 40 45 50 61 85 100 
0 2 7 11 15 20 24 27 31 37 40 45 50 81 85 100 
0 2 7 11 15 20 24 27 31 37 40 50 74 80 85 100 
0 2 7 11 15 20 24 27 31 37 45 50 59 81 85 100 
0 2 7 11 15 20 24 27 31 37 50 59 74 80 85 100 
0 2 7 11 15 20 24 27 37 40 44 50 65 69 76 80 
0 2 7 11 15 20 24 27 37 40 44 50 65 76 80 100 
0 2 7 11 15 20 24 27 37 40 45 50 61 65 76 100 
0 2 7 11 15 20 24 27 37 40 45 50 61 76 85 100 
0 2 7 11 15 20 24 27 37 45 50 59 76 81 85 100 
0 2 7 11 15 20 24 27 37 50 59 74 76 80 85 100 
0 2 7 11 15 20 24 27 45 50 55 59 76 81 85 100 
0 2 7 11 15 20 25 27 31 37 41 57 63 69 79 84 
0 2 7 11 15 20 25 27 31 37 41 57 63 79 84 100 
0 2 7 11 15 20 25 27 37 41 57 63 69 76 79 84 
0 2 7 11 15 20 25 27 37 41 57 63 76 79 84 100 
0 2 7 11 15 20 25 27 43 55 59 64 69 76 
0 2 7 11 15 20 25 27 51 55 60 64 69 76 
0 2 7 11 15 20 25 37 41 57 63 69 76 79 84 98 
0 2 7 11 15 20 25 37 41 57 63 76 79 84 98 100 
0 2 7 11 15 20 25 43 55 59 64 69 76 98 
0 2 7 11 15 20 27 31 37 41 46 51 63 67 84 100 
0 2 7 11 15 20 27 31 37 41 46 57 63 67 84 100 
0 2 7 11 15 20 27 31 37 41 57 63 67 79 84 100 
0 2 7 11 15 20 27 37 41 46 57 63 67 76 84 100 
0 2 7 11 15 20 27 37 41 57 63 67 76 79 84 100 
0 2 7 11 15 24 27 31 36 37 45 52 57 61 65 100 
0 2 7 11 15 24 27 31 36 37 45 52 57 61 85 100 
0 2 7 11 15 24 27 31 36 37 52 57 61 65 78 100 
0 2 7 11 15 24 27 31 37 40 50 52 74 80 85 100 
0 2 7 11 15 24 27 38 42 54 58 74 76 80 85 100 
0 2 7 11 15 24 27 38 50 54 59 74 76 80 85 100 
0 2 7 11 15 24 38 50 54 59 74 76 80 85 98 100 
0 2 7 11 15 25 27 31 36 37 43 52 57 79 84 100 
0 2 7 11 15 25 27 31 36 37 52 57 63 79 84 100 
0 2 7 11 15 25 27 31 37 41 52 57 63 79 84 100 
0 2 7 11 15 25 27 38 43 54 59 64 69 76 
0 2 7 11 15 25 38 43 54 59 64 69 76 98 
0 2 7 11 15 27 31 36 37 52 57 63 67 79 84 100 
0 2 7 11 15 27 38 42 54 65 69 76 78 82 
0 2 7 11 15 38 42 54 65 69 76 78 82 98 
0 2 7 11 16 20 25 27 32 37 41 57 63 69 79 84 
0 2 7 11 16 20 25 27 32 37 41 57 63 79 84 100 
0 2 7 11 16 20 25 27 32 43 55 59 64 69 
0 2 7 11 16 20 25 27 32 51 55 60 64 69 
0 2 7 11 16 20 25 32 37 41 57 63 69 79 84 98 
0 2 7 11 16 20 25 32 37 41 57 63 79 84 98 100 
0 2 7 11 16 20 25 32 43 55 59 64 69 98 
0 2 7 11 16 20 25 32 51 55 60 64 69 98 
0 2 7 11 16 20 25 51 55 60 62 64 69 98 
0 2 7 11 16 20 27 32 37 41 57 63 67 79 84 100 
0 2 7 11 16 20 27 32 41 46 51 55 63 67 84 100 
0 2 7 11 16 20 32 37 41 46 51 63 67 84 98 100 
0 2 7 11 16 20 32 37 41 46 57 63 67 84 98 100 
0 2 7 11 16 20 32 37 41 57 63 67 79 84 98 100 
0 2 7 11 16 20 32 41 46 51 55 63 67 84 98 100 
0 2 7 11 16 21 24 27 32 42 48 58 74 80 85 100 
0 2 7 11 16 21 25 27 32 48 51 60 64 69 
0 2 7 11 16 21 25 32 48 51 60 64 69 98 
0 2 7 11 16 21 25 44 56 60 62 69 84 98 
0 2 7 11 16 21 27 32 41 46 48 51 63 67 84 100 
0 2 7 11 16 21 27 32 42 46 48 58 63 67 84 100 
0 2 7 11 16 21 27 32 42 48 58 67 74 80 84 100 
0 2 7 11 16 21 32 41 46 48 51 63 67 84 98 100 
0 2 7 11 16 21 32 42 46 48 58 63 67 84 98 100 
0 2 7 11 16 21 32 42 48 58 67 74 80 84 98 100 
0 2 7 11 16 21 32 42 48 65 69 78 82 98 
0 2 7 11 16 21 32 48 51 60 65 69 82 98 
0 2 7 11 16 21 41 46 48 51 62 63 67 84 98 100 
0 2 7 11 16 21 42 46 48 58 62 63 67 84 98 100 
0 2 7 11 16 21 42 48 58 62 67 74 80 84 98 100 
0 2 7 11 16 21 42 48 62 65 69 78 82 98 
0 2 7 11 16 21 42 56 62 65 69 78 82 98 
0 2 7 11 16 24 27 32 42 48 53 58 74 80 85 100 
0 2 7 11 16 24 27 32 44 48 49 53 58 80 85 100 
0 2 7 11 16 24 27 32 48 49 53 58 74 80 85 100 
0 2 7 11 16 25 27 32 41 48 53 57 63 69 79 84 
0 2 7 11 16 25 27 32 41 48 53 57 63 79 84 100 
0 2 7 11 16 25 27 32 44 48 49 53 58 80 84 100 
0 2 7 11 16 25 27 32 48 49 53 58 63 69 79 84 
0 2 7 11 16 25 27 32 48 49 53 58 63 79 84 100 
0 2 7 11 16 27 32 41 48 53 57 63 67 79 84 100 
0 2 7 11 16 27 32 42 46 48 53 58 63 67 84 100 
0 2 7 11 16 27 32 42 48 53 58 67 74 80 84 100 
0 2 7 11 16 27 32 44 48 49 53 58 67 80 84 100 
0 2 7 11 16 27 32 46 48 49 53 58 63 67 84 100 
0 2 7 11 16 27 32 48 49 53 58 63 67 79 84 100 
0 2 7 11 16 27 32 48 49 53 58 67 74 80 84 100 
0 2 7 11 16 32 41 46 48 51 53 63 67 84 98 100 
0 2 7 11 16 32 41 48 53 57 63 67 79 84 98 100 
0 2 7 11 16 32 46 48 49 53 58 63 67 84 98 100 
0 2 7 11 18 24 27 32 49 53 58 74 77 80 85 100 
0 2 7 11 18 25 27 32 36 43 53 57 77 79 84 100 
0 2 7 11 20 34 41 46 51 55 63 67 76 84 98 100 
0 2 7 11 24 27 32 48 49 53 58 74 77 80 85 100 
0 2 7 11 24 34 36 38 61 65 76 78 98 100 
0 2 7 11 25 27 32 48 49 53 58 63 77 79 84 100 
0 2 7 11 25 34 36 38 43 59 64 69 76 98 
0 2 7 11 25 34 36 38 43 64 69 76 79 98 
0 2 7 11 34 36 38 42 65 69 76 78 82 98 
0 2 7 12 17 25 28 33 36 38 43 59 64 69 
0 3 7 11 15 19 23 27 31 35 39 49 63 66 70 79 
0 3 7 11 15 19 23 27 31 35 49 58 63 66 70 79 
0 3 7 11 15 19 23 27 31 49 54 58 63 66 70 79 
0 3 7 11 15 19 23 27 49 54 58 63 66 70 76 79 
