0 1 5 9 13 17 21 51 54 58 63 66 70 
0 1 5 9 14 18 37 45 51 54 58 67 90 99 
0 1 5 9 14 18 37 47 51 54 58 67 90 97 
0 1 5 9 14 18 38 45 51 54 58 67 89 99 
0 1 5 9 14 18 38 47 51 54 58 67 89 97 
0 1 5 9 14 21 37 43 51 54 58 67 90 97 
0 1 5 9 14 21 37 43 54 58 67 76 90 97 
0 1 5 9 14 21 37 45 51 54 58 67 90 95 
0 1 5 9 14 21 37 45 54 58 67 76 90 95 
0 1 5 9 14 21 38 43 51 54 58 67 89 97 
0 1 5 9 14 21 38 43 54 58 67 76 89 97 
0 1 5 9 14 21 38 45 51 54 58 67 89 95 
0 1 5 9 14 21 38 45 54 58 67 76 89 95 
0 1 5 9 14 37 45 51 54 58 67 90 95 99 
0 1 5 9 14 38 43 47 51 54 58 67 89 97 
0 1 5 9 14 38 45 51 54 58 67 89 95 99 
0 1 5 9 16 21 37 43 51 54 58 65 90 97 
0 1 5 9 16 21 37 45 51 54 58 65 90 95 
0 1 5 9 16 21 37 45 54 58 65 76 90 95 
0 1 5 9 16 21 38 43 51 54 58 65 89 97 
0 1 5 9 16 21 38 43 54 58 65 76 89 97 
0 1 5 9 16 21 38 45 51 54 58 65 89 95 
0 1 5 9 16 21 38 45 54 58 65 76 89 95 
0 1 5 9 16 37 45 51 54 58 65 69 90 99 
0 1 5 9 16 38 43 47 51 54 58 65 89 97 
0 1 5 9 16 38 45 51 54 58 65 69 89 99 
0 1 5 9 16 38 45 51 54 58 65 89 95 99 
0 1 5 9 16 38 45 51 54 58 69 89 92 99 
0 1 5 9 16 38 47 51 54 58 65 69 89 97 
0 1 5 9 16 38 47 51 54 58 69 89 92 97 
0 1 5 9 18 38 45 51 54 58 67 89 92 99 
0 1 5 9 18 38 47 51 54 58 67 89 92 97 
0 1 5 10 14 18 34 47 51 54 67 74 84 97 
0 1 5 10 14 21 32 41 45 51 54 74 86 95 
0 1 5 10 14 21 32 41 45 54 74 76 86 95 
0 1 5 10 14 21 32 41 51 54 70 74 86 95 
0 1 5 10 14 21 32 41 54 70 74 76 86 95 
0 1 5 10 14 21 32 43 51 54 67 74 86 97 
0 1 5 10 14 21 32 43 51 54 70 74 86 93 
0 1 5 10 14 21 32 43 51 54 74 86 93 97 
0 1 5 10 14 21 32 43 54 67 74 76 86 97 
0 1 5 10 14 21 32 43 54 70 74 76 86 93 
0 1 5 10 14 21 32 43 54 74 76 86 93 97 
0 1 5 10 14 21 32 45 54 67 74 76 86 95 
0 1 5 10 14 21 34 41 45 51 54 74 84 95 
0 1 5 10 14 21 34 41 45 54 74 76 84 95 
0 1 5 10 14 21 34 41 51 54 70 74 84 95 
0 1 5 10 14 21 34 41 54 70 74 76 84 95 
0 1 5 10 14 21 34 43 51 54 67 74 84 97 
0 1 5 10 14 21 34 43 51 54 70 74 84 93 
0 1 5 10 14 21 34 43 51 54 74 84 93 97 
0 1 5 10 14 21 34 43 54 67 74 76 84 97 
0 1 5 10 14 21 34 43 54 70 74 76 84 93 
0 1 5 10 14 21 34 43 54 74 76 84 93 97 
0 1 5 10 14 21 34 45 54 67 74 76 84 95 
0 1 5 10 14 32 43 47 51 54 67 74 86 97 
0 1 5 10 14 34 43 47 51 54 67 74 84 97 
0 1 5 10 14 34 43 47 51 54 74 84 93 97 
0 1 5 10 17 21 32 39 54 70 74 76 86 93 
0 1 5 10 17 21 32 41 54 70 74 76 86 91 
0 1 5 10 17 21 34 39 54 70 74 76 84 93 
0 1 5 10 17 21 34 41 54 70 74 76 84 91 
0 1 5 10 21 32 39 43 51 54 70 74 86 93 
0 1 5 10 21 32 39 43 51 54 74 86 93 97 
0 1 5 10 21 32 39 43 54 70 74 76 86 93 
0 1 5 10 21 32 41 45 51 54 74 86 91 95 
0 1 5 10 21 32 41 45 54 74 76 86 91 95 
0 1 5 10 21 32 41 51 54 70 74 86 91 95 
0 1 5 10 21 32 41 54 70 74 76 86 91 95 
0 1 5 10 21 34 39 43 51 54 70 74 84 93 
0 1 5 10 21 34 39 43 51 54 74 84 93 97 
0 1 5 10 21 34 39 43 54 74 76 84 93 97 
0 1 5 10 21 34 41 45 51 54 74 84 91 95 
0 1 5 10 21 34 41 45 54 74 76 84 91 95 
0 1 5 10 21 34 41 51 54 70 74 84 91 95 
0 1 5 10 21 34 41 54 70 74 76 84 91 95 
0 1 5 12 16 21 32 37 45 54 65 76 86 95 
0 1 5 12 16 21 32 45 54 61 65 76 86 95 
0 1 5 12 16 32 37 45 51 54 65 69 86 99 
0 1 5 12 16 32 37 45 51 54 65 86 95 99 
0 1 5 12 16 32 45 51 54 61 65 69 86 99 
0 1 5 12 16 32 45 51 54 61 65 86 95 99 
0 1 5 12 16 34 45 51 54 58 65 89 95 99 
0 1 5 12 16 34 45 51 54 61 65 84 95 99 
0 1 5 12 16 34 45 51 54 65 84 89 95 99 
0 1 5 12 16 37 45 51 54 58 65 86 95 99 
0 1 5 12 21 32 37 43 51 54 65 86 93 97 
0 1 5 12 21 32 39 43 51 54 61 70 86 93 
0 1 5 12 21 32 39 43 51 54 61 86 93 97 
0 1 5 12 21 32 41 51 54 61 70 86 91 95 
0 1 5 12 21 34 41 45 51 54 58 65 89 95 
0 1 5 12 21 34 41 45 51 54 61 65 84 95 
0 1 5 12 21 34 41 45 51 54 61 84 91 95 
0 1 5 12 21 34 41 45 54 61 76 84 91 95 
0 1 5 12 21 34 41 45 54 65 76 84 89 95 
0 1 5 12 21 34 41 51 54 61 70 84 91 95 
0 1 5 12 34 41 45 51 54 61 65 84 95 99 
0 1 5 12 34 41 45 51 54 61 84 91 95 99 
0 1 5 12 34 41 45 51 54 65 84 89 95 99 
0 1 5 14 18 34 38 45 51 54 58 67 89 99 
0 1 5 14 18 34 38 45 51 54 67 84 89 99 
0 1 5 14 18 34 38 47 51 54 58 67 89 97 
0 1 5 14 18 34 38 47 51 54 67 84 89 97 
0 1 5 14 18 34 47 51 54 67 74 84 89 97 
0 1 5 14 21 34 38 43 54 67 76 84 89 97 
0 1 5 14 21 34 38 45 54 67 76 84 89 95 
0 1 5 14 34 43 47 51 54 67 74 84 89 97 
0 1 5 16 21 34 38 43 54 65 76 84 89 97 
0 1 5 16 21 34 38 45 54 65 76 84 89 95 
0 1 5 18 34 38 45 51 54 67 84 89 92 99 
0 1 5 18 34 38 47 51 54 67 84 89 92 97 
0 1 6 10 14 21 30 43 59 67 74 76 80 97 
0 1 8 12 16 32 45 51 54 61 65 82 95 99 
0 1 8 12 21 28 41 45 57 61 76 82 91 95 
0 1 8 21 30 41 45 48 57 76 80 87 91 95 
0 3 7 11 16 27 40 45 51 56 60 69 90 99 
0 3 7 11 16 40 45 51 52 56 60 69 90 99 
0 3 7 12 16 21 23 37 45 52 56 65 86 95 
0 3 7 12 16 21 27 37 45 51 56 65 86 95 
0 3 7 12 16 27 37 45 51 56 65 69 86 99 
0 3 7 12 16 27 37 45 51 56 65 86 95 99 
0 3 7 12 16 37 45 51 52 56 65 69 86 99 
0 3 7 12 21 27 37 41 45 51 56 65 86 95 
0 3 7 12 21 37 41 45 51 52 56 65 86 95 
0 3 7 12 21 37 41 51 52 56 65 70 86 95 
