0 1 5 10 19 27 37 43 53 60 69 78 87 91 96 
0 1 6 10 15 19 27 32 37 53 69 87 88 92 96 
0 1 6 10 19 27 37 43 53 60 69 78 87 92 96 
0 2 7 12 17 25 28 33 36 38 43 54 59 64 69 79 
0 2 7 12 17 25 28 33 36 38 43 54 64 69 79 100 
0 2 7 12 17 25 28 33 36 38 43 54 64 79 99 100 
0 2 7 12 17 25 28 33 38 43 54 64 79 96 99 100 
0 3 7 11 15 19 23 42 54 58 63 66 76 98 
0 3 7 11 15 19 23 42 54 58 63 66 79 98 
0 3 7 11 15 19 23 49 54 58 63 66 70 76 
0 3 7 11 15 19 23 49 54 58 63 66 70 79 
0 5 12 19 23 29 37 43 53 60 66 78 85 91 98 
0 5 12 19 23 29 37 43 53 60 66 78 85 92 98 
0 5 12 19 23 29 37 43 53 60 67 78 85 91 98 
0 5 12 19 23 30 37 43 53 60 66 78 85 92 98 
0 5 12 19 23 30 37 43 53 60 67 78 85 92 98 
0 6 12 19 23 29 37 43 53 60 67 78 85 92 98 
