0 1 5 10 19 27 37 43 53 60 69 78 87 91 96 
0 1 6 10 15 19 27 32 37 53 69 87 88 92 96 
0 1 6 10 19 27 37 43 53 60 69 78 87 92 96 
0 3 7 12 16 27 32 37 45 51 56 65 86 95 99 
0 4 7 12 15 20 31 39 47 49 55 83 91 99 
0 4 7 12 15 31 39 47 49 55 66 83 91 99 
0 4 7 15 31 39 47 49 55 58 66 83 91 99 
0 5 12 19 23 29 37 43 53 60 67 78 84 91 98 
0 5 12 19 23 29 37 43 53 60 67 78 85 91 98 
0 5 12 19 23 30 37 43 53 60 67 78 85 91 98 
0 5 12 19 23 30 37 43 53 60 67 78 85 92 98 
0 5 12 19 23 30 43 48 53 60 67 78 85 92 98 
0 6 12 19 23 29 37 43 53 60 67 78 85 92 98 
