0 1 6 12 16 27 38 42 52 67 74 77 79 83 94 100 
0 1 6 12 16 27 38 42 53 57 68 74 79 83 90 94 
0 1 7 11 25 27 33 36 48 52 59 74 77 78 85 100 
0 1 7 12 18 25 27 33 36 48 52 59 74 77 85 100 
0 1 7 12 18 25 27 33 36 48 59 74 77 85 96 100 
0 1 7 12 25 27 33 36 48 52 59 74 77 78 85 100 
0 1 7 12 25 27 33 36 48 52 59 74 77 79 85 100 
0 1 8 12 25 27 33 36 38 52 59 74 77 79 85 100 
0 1 8 12 25 27 33 36 48 52 59 74 77 79 85 100 
0 1 8 12 25 27 33 38 49 52 59 74 77 79 85 90 
0 1 8 12 25 27 33 38 49 53 59 74 77 79 85 90 
0 1 8 12 25 27 33 38 49 53 59 74 77 79 86 90 
0 1 8 12 25 27 33 38 49 53 59 74 77 79 90 94 
0 1 8 12 25 27 33 38 49 59 74 77 79 85 90 96 
0 1 8 12 25 27 33 48 49 52 59 74 77 79 85 100 
0 1 8 12 25 27 33 48 49 59 74 77 79 85 90 96 
0 2 6 12 17 27 38 42 49 53 57 68 74 79 90 94 
0 2 6 12 17 27 38 42 49 53 59 74 77 79 90 94 
0 2 6 12 17 27 38 42 49 53 68 74 77 79 90 94 
0 2 8 12 25 27 33 38 49 53 59 74 77 79 85 90 
0 3 10 16 25 29 35 36 42 54 61 67 77 81 87 93 
0 3 10 16 25 29 35 36 42 54 61 67 77 81 87 94 
0 3 10 16 25 29 35 42 49 54 61 67 77 81 87 94 
