0 1 6 11 18 25 27 36 37 53 57 64 77 79 84 95 
0 1 6 11 18 25 27 36 53 57 64 69 77 79 84 95 
0 1 11 18 25 27 36 37 39 53 57 64 77 79 84 95 
0 2 6 11 16 27 32 49 53 58 63 69 77 79 84 100 
0 2 6 11 16 32 46 48 53 58 63 67 79 84 93 100 
0 2 6 11 16 32 46 48 53 58 63 77 79 84 93 100 
0 2 6 11 18 25 27 32 36 53 57 63 69 77 79 84 
0 2 6 11 18 25 27 32 36 53 57 69 77 79 84 95 
0 2 6 11 18 25 27 32 37 53 57 63 77 79 84 93 
0 2 6 11 18 25 27 32 48 53 57 63 67 79 84 93 
0 2 6 11 18 25 27 32 48 53 57 63 77 79 84 93 
0 2 6 11 18 25 27 32 49 53 57 63 69 77 79 84 
0 2 6 11 18 25 27 32 49 53 63 69 77 79 84 91 
0 2 7 11 16 27 32 48 49 53 58 63 67 79 84 100 
0 2 7 11 16 27 32 48 49 53 58 63 67 84 98 100 
0 2 7 11 16 27 32 48 49 53 58 63 77 79 84 100 
0 2 7 11 16 27 32 49 53 58 63 69 77 79 84 100 
0 2 7 11 16 32 46 48 49 53 58 63 67 84 98 100 
0 2 7 11 16 32 46 48 49 53 58 63 77 79 84 100 
0 2 7 11 16 32 46 48 53 58 63 67 79 84 94 100 
0 2 7 11 16 32 46 48 53 58 63 77 79 84 94 100 
0 2 7 11 25 27 32 48 49 53 58 63 77 79 84 100 
0 3 7 11 15 19 23 27 49 54 58 63 66 70 76 79 
0 3 7 11 15 19 23 27 49 54 58 63 66 70 76 98 
0 3 7 11 15 19 23 27 49 54 58 63 66 70 83 98 
