0 1 5 10 14 18 27 38 48 54 59 63 72 97 
0 1 5 10 14 18 27 38 48 59 63 72 87 97 
0 1 5 10 14 18 27 38 54 58 63 72 92 97 
0 1 5 10 14 18 27 38 54 59 63 72 92 97 
0 1 5 10 14 18 27 38 58 63 72 87 92 97 
0 1 5 10 14 18 27 38 59 63 72 87 92 97 
0 1 5 10 14 18 27 48 54 59 63 67 72 77 
0 1 5 10 14 18 27 48 59 63 67 72 77 87 
0 1 5 10 14 18 27 54 58 63 67 72 77 92 
0 1 5 10 14 18 27 58 63 67 72 77 87 92 
0 1 5 10 14 18 27 59 63 67 72 77 87 92 
0 1 5 10 14 18 38 46 54 58 63 72 92 97 
0 1 5 10 14 18 46 54 58 63 67 72 77 92 
0 1 5 10 14 19 25 48 55 59 63 67 72 77 
0 1 5 10 14 19 27 38 48 59 63 72 87 97 
0 1 5 10 14 19 27 38 59 63 72 87 92 97 
0 1 5 10 14 25 38 48 54 59 63 72 88 97 
0 1 5 10 14 25 38 48 55 59 63 72 88 97 
0 1 5 10 14 25 48 55 59 63 67 72 77 88 
0 1 5 14 19 25 40 48 55 59 63 67 77 81 
0 1 5 14 19 25 40 55 59 63 67 77 81 92 
0 1 5 14 25 29 40 54 63 67 77 81 88 92 
0 1 5 14 25 29 40 55 63 67 77 81 88 92 
0 1 5 14 25 40 48 54 59 63 67 77 81 88 
0 1 5 14 25 40 48 55 59 63 67 77 81 88 
0 1 5 14 25 40 54 59 63 67 77 81 88 92 
0 1 5 14 25 40 55 59 63 67 77 81 88 92 
0 1 5 14 29 40 46 54 63 67 77 81 88 92 
0 1 5 15 25 33 37 41 55 59 73 78 82 88 92 96 
0 1 6 10 14 18 27 34 38 54 59 72 93 97 
0 1 6 10 14 18 27 34 38 59 72 87 93 97 
0 1 6 10 14 18 27 38 48 59 63 72 87 97 
0 1 7 14 18 27 33 40 49 54 58 65 74 81 92 
0 1 7 14 18 27 33 40 49 54 58 65 74 82 92 
0 1 7 14 18 27 33 40 49 54 58 65 75 81 92 
0 1 7 14 18 27 33 40 49 58 65 74 81 87 92 
0 1 7 14 18 27 33 40 49 58 65 74 82 87 92 
0 1 7 14 18 27 33 40 49 58 65 75 81 87 92 
0 1 7 14 18 27 33 40 50 54 58 65 74 81 92 
0 1 7 14 18 27 33 40 50 54 58 65 74 82 92 
0 1 7 14 18 27 33 40 50 54 58 65 75 81 92 
0 1 7 14 18 27 33 40 50 54 59 65 74 81 92 
0 1 7 14 18 27 33 40 50 54 59 65 74 82 92 
0 1 7 14 18 27 33 40 50 54 59 65 75 81 92 
0 1 7 14 18 27 33 40 50 58 65 74 81 87 92 
0 1 7 14 18 27 33 40 50 58 65 74 82 87 92 
0 1 7 14 18 27 33 40 50 58 65 75 81 87 92 
0 1 7 14 18 27 33 40 50 59 65 74 81 87 92 
0 1 7 14 18 27 33 40 50 59 65 75 81 87 92 
0 1 7 14 18 27 34 40 50 54 58 65 74 82 92 
0 1 7 14 18 27 34 40 50 54 59 65 74 81 92 
0 1 7 14 18 27 34 40 50 54 59 65 74 82 92 
0 1 7 14 18 33 40 46 49 54 58 65 74 81 92 
0 1 7 14 19 27 34 40 50 59 65 74 81 87 92 
0 1 7 14 25 29 33 40 49 54 65 75 81 88 92 
0 1 7 14 25 29 33 40 49 55 65 74 81 88 92 
0 1 7 14 25 29 33 40 49 55 65 74 82 88 92 
0 1 7 14 25 29 34 40 50 54 65 74 82 88 92 
0 1 7 14 29 34 40 46 50 54 65 74 81 88 92 
0 1 10 14 18 27 34 38 50 59 72 87 93 97 
0 2 6 10 14 19 27 59 64 68 72 78 87 93 
