0 2 7 12 19 30 35 40 49 55 62 67 72 79 96 
0 2 7 12 19 30 35 40 49 55 62 67 79 87 96 
0 2 7 12 19 30 35 40 49 62 67 72 79 91 96 
0 2 7 12 19 35 40 45 49 62 67 72 79 91 96 
0 2 9 21 25 27 35 40 52 64 79 83 91 96 
0 2 9 21 25 27 35 40 52 64 79 84 91 96 
0 2 9 21 25 28 35 40 52 64 79 83 91 96 
0 2 9 21 25 28 35 40 52 64 79 84 91 96 
0 2 9 21 25 28 35 40 52 65 79 84 91 96 
0 2 9 23 25 27 35 40 52 64 79 84 91 96 
0 2 9 23 25 28 35 40 52 64 79 84 91 96 
0 2 9 23 25 28 35 40 52 65 79 84 91 96 
0 2 10 23 25 28 35 40 52 64 79 84 91 96 
0 4 10 16 29 35 41 47 48 53 59 65 75 79 85 91 
