0 2 6 13 20 24 29 37 41 44 52 59 83 90 96 
0 2 6 13 20 24 30 37 41 44 52 59 83 90 96 
0 4 10 16 29 35 41 47 48 53 59 65 75 79 85 91 
0 6 12 19 22 29 35 42 51 58 65 76 83 89 96 
0 6 12 19 22 29 36 42 51 58 65 76 83 89 96 
0 6 12 19 22 29 36 42 52 58 65 76 83 89 96 
0 6 12 19 22 29 36 43 51 58 65 76 83 89 96 
0 6 12 19 22 29 36 43 51 59 65 76 83 89 96 
0 6 12 19 22 29 36 43 52 58 65 76 83 89 96 
0 6 12 19 24 29 36 42 50 51 58 64 82 89 96 
0 6 12 19 24 29 36 42 50 51 58 65 82 89 96 
0 6 12 19 24 29 36 42 51 58 64 76 82 89 96 
0 6 12 19 24 29 36 42 51 58 65 76 82 89 96 
0 6 12 19 24 29 36 42 51 58 65 76 83 89 96 
0 6 12 19 24 29 36 42 52 58 65 76 82 89 96 
0 6 13 19 24 29 36 43 52 58 65 76 83 89 96 
