0 1 5 8 21 25 29 38 42 54 58 67 76 80 89 
0 1 5 8 21 25 38 42 54 58 67 76 80 84 89 
0 1 5 8 21 25 38 42 54 58 67 76 80 85 89 
0 1 5 10 19 27 36 42 51 58 67 76 84 89 93 
0 1 5 10 19 27 36 42 51 58 67 76 85 89 93 
0 1 6 10 15 19 25 27 31 36 67 75 85 89 94 
0 1 6 10 15 19 25 27 32 36 67 75 85 89 94 
0 1 6 10 15 19 25 27 36 67 75 76 85 89 94 
0 1 6 10 15 19 27 31 36 40 51 67 75 89 93 
0 1 6 10 15 19 27 31 36 51 67 75 84 89 93 
0 1 6 10 15 19 27 31 36 51 67 75 85 89 93 
0 1 6 10 15 19 27 31 36 51 67 75 85 89 94 
0 1 6 10 15 19 27 31 36 52 67 75 85 89 94 
0 1 6 10 15 19 27 32 36 45 52 67 75 85 94 
0 1 6 10 15 19 27 32 36 51 67 75 85 89 93 
0 1 6 10 15 19 27 32 36 51 67 75 85 89 94 
0 1 6 10 15 19 27 32 36 52 67 75 85 89 94 
0 1 6 10 15 19 27 36 51 67 75 76 85 89 93 
0 1 6 10 15 19 27 36 51 67 75 76 85 89 94 
0 1 6 10 15 19 27 36 52 67 75 76 85 89 94 
0 1 6 10 15 25 27 31 36 63 67 75 85 89 94 
0 1 6 10 15 25 27 31 38 63 67 75 80 85 89 
0 1 6 10 15 25 27 31 63 67 75 80 85 89 94 
0 1 6 10 15 25 27 31 63 67 75 81 85 89 94 
0 1 6 10 15 25 27 36 63 67 75 76 85 89 94 
0 1 6 10 15 25 27 38 63 67 75 76 80 85 89 
0 1 6 10 15 25 27 63 67 75 76 80 85 89 94 
0 1 6 10 15 25 27 63 67 75 76 81 85 89 94 
0 1 6 10 19 25 27 36 42 58 67 76 85 89 94 
0 1 6 10 19 25 27 36 43 58 67 76 85 89 94 
0 1 6 10 19 25 27 36 58 67 75 76 85 89 94 
0 1 6 10 19 27 36 42 51 58 67 76 84 89 93 
0 1 6 10 19 27 36 42 51 58 67 76 85 89 93 
0 1 6 10 19 27 36 42 51 58 67 76 85 89 94 
0 1 6 10 19 27 36 42 52 58 67 76 85 89 94 
0 1 6 10 19 27 36 43 51 58 67 76 85 89 93 
0 1 6 10 19 27 36 43 51 58 67 76 85 89 94 
0 1 6 10 19 27 36 43 52 58 67 76 85 89 94 
0 1 6 10 19 27 36 51 58 67 75 76 85 89 93 
0 1 6 10 19 27 36 51 58 67 75 76 85 89 94 
0 1 6 10 19 27 36 52 58 67 75 76 85 89 94 
0 1 7 14 20 30 37 44 53 59 66 77 83 90 97 
0 1 7 14 20 30 37 44 53 59 66 77 84 90 97 
0 2 6 10 15 19 25 27 31 36 67 75 85 89 94 
0 2 6 10 15 19 25 27 36 43 67 76 85 89 94 
0 2 6 10 15 19 25 27 36 67 75 76 85 89 94 
0 2 6 10 15 19 27 31 36 51 67 75 85 89 94 
0 2 6 10 15 19 27 36 43 51 67 76 85 89 94 
0 2 6 10 15 19 27 36 43 52 67 76 85 89 94 
0 2 6 10 15 19 27 36 51 67 75 76 85 89 94 
0 2 6 10 15 19 27 36 52 67 75 76 85 89 94 
0 2 6 10 15 25 27 34 43 63 67 76 81 85 94 
0 2 6 10 15 25 27 36 63 67 75 76 85 89 94 
0 2 6 10 19 27 36 43 51 58 67 76 85 89 94 
0 2 6 10 19 27 36 43 52 58 67 76 85 89 94 
0 2 6 11 15 20 27 32 36 43 49 52 85 90 94 
0 2 6 11 15 23 32 43 52 63 68 81 85 90 94 
0 2 6 11 19 23 32 37 43 52 59 68 85 90 94 
0 2 6 11 19 23 37 43 52 59 68 76 85 90 94 
0 5 12 19 24 29 36 42 51 58 65 76 82 89 96 
0 6 12 19 24 29 36 42 51 58 65 76 82 89 96 
0 6 12 19 24 29 36 42 51 58 65 76 83 89 96 
0 6 12 19 24 29 36 42 52 58 65 76 82 89 96 
0 6 13 19 24 29 36 43 52 58 65 76 83 89 96 
