0 2 6 10 14 18 23 25 27 31 35 39 43 59 63 85 
0 2 6 10 14 18 23 25 27 31 35 39 43 63 76 85 
0 2 6 10 14 18 23 27 31 35 39 43 59 63 68 81 
0 2 6 10 14 18 23 27 31 35 39 43 59 63 81 85 
0 2 6 10 14 18 23 27 31 35 39 43 63 68 76 81 
0 2 6 10 14 18 23 27 31 35 39 47 59 77 81 85 
0 2 6 10 14 18 23 27 31 35 39 59 63 68 77 81 
0 2 6 10 14 18 23 27 31 35 39 59 63 77 81 85 
0 2 6 10 14 18 25 27 31 35 39 43 55 59 63 85 
0 2 6 10 14 18 27 31 35 39 43 47 55 59 81 85 
0 2 6 10 14 18 27 31 35 39 43 55 59 63 81 85 
0 2 6 10 14 18 27 31 35 39 55 59 63 77 81 85 
0 2 6 10 14 18 27 31 35 44 47 48 55 77 81 85 
0 2 6 10 14 18 27 31 35 47 48 55 59 77 81 85 
0 2 6 10 14 18 27 31 35 48 55 59 63 68 77 81 
0 2 6 10 14 18 27 31 35 48 55 59 63 77 81 85 
0 2 6 10 14 19 27 31 44 47 48 51 55 77 81 85 
0 2 6 10 14 19 27 31 47 48 51 55 59 77 81 85 
0 2 6 10 14 19 27 31 48 51 55 59 63 68 77 81 
0 2 6 10 14 27 31 35 39 43 51 55 59 63 81 85 
0 2 6 10 14 27 31 35 39 47 51 55 59 77 81 85 
0 2 6 10 14 27 31 35 39 51 55 59 63 77 81 85 
0 2 6 10 14 27 31 35 48 51 55 59 63 77 81 85 
0 2 6 10 27 31 35 47 48 51 55 59 75 77 81 85 
