0 1 5 8 12 16 20 25 43 52 59 63 67 74 90 95 
0 1 5 10 14 27 31 36 50 52 57 61 65 79 83 88 
0 1 5 10 14 27 31 36 50 52 57 61 65 79 84 88 
0 1 5 10 14 27 31 36 50 52 57 61 74 79 84 88 
0 1 5 10 14 27 32 36 50 52 57 61 74 79 84 88 
0 1 5 10 25 27 32 36 50 52 57 61 74 80 84 88 
0 1 5 10 25 28 32 36 50 52 57 74 80 84 88 95 
0 1 5 12 16 20 25 42 50 52 59 63 67 74 90 95 
0 1 5 12 16 20 25 43 50 52 59 63 67 74 90 95 
0 1 6 13 21 28 31 36 43 52 57 65 76 83 96 
0 1 6 13 21 28 31 36 43 52 65 76 83 91 96 
0 1 6 13 21 31 36 43 52 60 65 76 83 91 96 
0 1 6 13 21 36 43 47 52 57 60 65 76 83 96 
0 3 10 14 24 27 34 38 50 61 72 87 90 97 
