0 1 4 9 14 23 28 31 41 54 67 73 77 82 95 
0 1 4 9 14 23 28 41 46 54 67 73 77 82 95 
0 1 4 9 14 28 31 41 54 67 73 77 82 95 98 
0 1 4 9 14 28 41 46 54 59 67 73 77 82 98 
0 1 6 14 19 28 33 46 49 54 59 64 82 92 98 
0 1 6 14 19 28 33 46 49 54 59 73 82 92 98 
0 2 6 10 14 19 27 31 48 51 55 59 63 68 77 81 
0 2 6 10 14 27 31 35 48 51 55 59 63 77 81 85 
0 2 6 10 27 31 35 47 48 51 55 59 75 77 81 85 
0 2 6 13 19 27 34 45 49 54 59 65 75 81 92 98 
0 6 12 19 24 29 36 42 50 51 58 64 82 89 96 
0 6 12 19 24 29 36 42 50 51 58 65 82 89 96 
0 6 12 19 24 29 36 42 51 58 64 76 82 89 96 
0 6 12 19 24 29 36 42 51 58 65 76 82 89 96 
0 6 12 19 24 29 36 42 51 58 65 76 83 89 96 
0 6 12 19 24 29 36 42 52 58 65 76 82 89 96 
0 6 13 19 24 29 36 43 52 58 65 76 83 89 96 
