0 1 5 16 20 25 27 32 36 49 53 57 61 85 89 93 
0 2 13 17 23 25 27 32 43 52 56 61 83 88 92 
0 2 13 17 23 25 27 32 43 52 56 61 83 92 98 
0 2 13 17 23 25 27 32 43 52 57 61 83 88 92 
0 2 13 17 23 25 28 32 43 52 56 61 83 88 92 
0 2 13 17 25 27 32 43 57 61 78 82 93 97 
0 2 13 17 25 28 32 43 57 61 78 82 93 97 
0 2 13 17 27 32 43 47 57 61 78 82 93 97 
0 3 7 12 27 38 42 48 52 56 61 77 88 92 
0 3 7 12 27 38 42 48 52 56 67 77 88 92 
0 3 7 12 27 38 42 48 52 57 61 77 88 92 
0 3 7 12 27 38 42 48 57 61 77 88 92 97 
0 3 7 12 27 38 42 48 57 61 77 88 93 97 
