0 1 4 9 16 30 38 46 48 58 65 80 88 96 
0 1 4 9 16 31 38 46 48 58 65 81 88 96 
0 1 4 9 16 31 39 46 48 58 65 81 89 96 
0 1 8 15 28 31 36 43 48 57 64 72 87 93 
0 1 8 15 28 31 36 44 48 57 64 72 87 94 
0 1 8 15 28 35 43 48 57 64 72 78 85 93 
0 1 8 15 28 36 43 48 57 64 72 78 87 93 
0 1 8 15 28 36 44 48 57 64 72 78 87 94 
0 1 8 15 30 35 43 48 57 64 72 80 85 93 
0 1 8 15 30 37 44 48 57 64 72 80 94 98 
0 1 8 15 30 38 46 48 57 64 72 80 88 96 
0 1 8 15 31 38 46 48 57 64 72 81 88 96 
0 1 8 15 31 39 44 48 57 64 72 81 89 94 
0 1 8 15 31 39 46 48 57 64 72 81 89 96 
0 1 8 16 28 31 36 43 48 57 65 72 87 93 
0 1 8 16 28 35 43 48 57 65 72 78 85 93 
0 1 8 16 28 36 43 48 57 65 72 78 87 93 
0 2 5 10 18 25 31 39 48 59 67 81 89 97 
0 2 5 10 18 25 31 39 59 67 76 81 89 97 
0 2 5 10 25 31 39 48 59 64 67 81 89 97 
0 2 7 10 15 28 31 36 44 48 51 64 87 94 
0 2 7 10 15 31 36 44 48 51 64 81 87 94 
0 2 7 15 28 36 44 48 51 56 64 78 87 94 
0 2 7 15 31 39 44 48 51 56 64 81 89 94 
0 2 9 16 25 28 35 40 48 51 58 65 78 85 90 97 
0 2 10 15 25 28 35 40 48 51 59 64 78 85 90 97 
0 3 10 15 28 35 40 47 48 52 59 64 75 78 85 90 
0 4 9 16 25 28 35 40 48 53 58 65 78 85 90 97 
