0 1 5 11 14 18 29 33 39 65 73 78 86 87 90 94 
0 1 5 12 15 19 26 39 48 57 61 65 72 78 
0 1 5 12 15 19 26 39 48 57 61 65 73 77 
0 1 5 12 15 19 26 39 48 57 61 65 73 78 
0 1 5 12 15 19 26 39 57 61 65 72 78 94 
0 1 5 12 15 19 26 39 57 61 65 73 77 94 
0 1 5 12 15 19 26 39 57 61 66 72 78 94 
0 1 5 12 15 19 26 39 57 61 66 73 78 94 
0 1 5 12 19 39 46 48 57 61 65 72 78 85 
0 1 5 12 19 39 46 48 57 61 65 73 77 85 
0 1 5 12 19 39 46 48 57 61 65 73 78 85 
0 1 5 12 19 39 46 57 61 65 72 78 85 94 
0 1 5 12 19 39 46 57 61 65 73 77 85 94 
0 1 5 12 19 39 46 57 61 66 72 78 85 94 
0 1 5 12 19 39 46 57 61 66 73 78 85 94 
0 1 5 12 19 40 46 57 61 66 72 78 85 94 
0 1 5 12 28 39 46 48 61 65 72 78 85 89 
0 1 5 12 28 39 46 48 61 65 73 77 85 89 
0 1 5 12 28 39 46 48 61 65 73 78 85 89 
0 1 5 14 18 29 33 37 41 75 80 86 87 90 94 
0 1 7 12 15 19 26 35 39 49 57 61 73 96 
0 1 7 12 19 34 39 46 48 57 61 73 85 96 
0 1 7 12 19 35 39 46 48 57 61 73 85 96 
0 1 11 14 18 29 35 39 49 62 73 78 86 87 90 96 
0 1 12 15 19 26 35 39 48 57 61 73 78 96 
0 1 12 19 35 39 46 48 57 61 72 78 85 96 
0 1 12 19 35 39 46 48 57 61 73 78 85 96 
0 1 14 18 29 33 37 41 75 76 80 86 87 90 94 
0 3 7 11 14 21 24 26 39 59 63 73 96 98 
0 4 8 12 14 18 22 23 46 56 60 64 68 72 76 
0 4 8 12 14 18 22 23 46 56 60 64 68 72 97 
0 4 8 12 14 18 22 23 46 56 60 64 68 76 80 
0 4 8 12 14 18 22 46 56 60 64 68 72 76 93 
0 4 8 12 14 18 22 56 60 64 68 76 80 86 93 
