0 1 6 11 16 21 26 31 41 46 52 57 75 88 93 
0 1 6 11 16 21 26 33 41 52 57 67 75 81 88 
0 1 6 11 16 21 26 33 41 52 57 67 75 88 93 
0 1 6 11 16 21 26 41 46 52 57 67 75 81 88 
0 1 6 11 16 21 26 41 46 52 57 67 75 88 93 
0 1 6 11 16 21 28 31 46 52 57 62 75 88 93 
0 1 6 11 16 21 28 33 52 57 62 67 75 76 81 
0 1 6 11 16 21 28 33 52 57 62 67 75 76 93 
0 1 6 11 16 21 28 33 52 57 62 67 75 81 88 
0 1 6 11 16 21 28 33 52 57 62 67 75 88 93 
0 1 6 11 16 21 28 33 52 57 62 67 76 87 93 
0 1 6 11 16 21 28 33 52 62 67 76 87 93 96 
0 1 6 11 16 21 31 41 46 52 57 62 75 76 93 
0 1 6 11 16 21 31 41 46 52 57 62 75 88 93 
0 1 6 11 16 21 31 41 46 52 57 62 76 87 93 
0 1 6 11 16 21 33 41 52 57 62 67 75 81 88 
0 1 6 11 16 21 33 41 52 62 67 76 87 93 96 
0 1 6 11 16 28 31 46 52 57 62 75 76 83 93 
0 1 6 11 16 28 31 46 52 57 62 76 83 87 93 
0 1 6 11 21 26 31 41 46 57 65 75 78 88 93 
0 1 6 11 21 26 33 41 52 57 67 75 78 81 88 
0 3 7 12 30 39 46 48 52 56 61 80 89 96 
0 3 7 14 30 37 46 48 52 56 63 80 96 98 
0 5 9 14 22 32 41 48 54 58 63 73 82 91 
