0 1 5 8 12 17 34 46 51 55 60 67 79 90 95 
0 1 5 8 13 17 34 46 51 55 60 67 79 90 95 
0 1 5 8 13 17 34 46 51 56 60 67 79 90 95 
0 1 5 10 13 18 23 28 39 56 60 65 73 84 95 
0 1 5 10 17 23 27 39 44 60 65 73 83 88 95 
0 1 5 10 17 23 27 39 44 60 65 73 84 88 95 
0 1 5 10 17 23 27 39 44 60 65 74 83 88 95 
0 1 5 10 17 23 28 39 44 56 60 65 73 83 95 
0 1 5 10 17 23 28 39 44 56 60 65 73 84 95 
0 1 5 10 17 23 28 39 44 56 60 65 74 83 95 
0 1 5 10 17 23 28 39 44 56 61 65 73 83 95 
0 1 5 10 17 23 28 39 44 56 61 65 74 83 95 
0 1 5 10 17 23 28 39 44 60 65 73 83 88 95 
0 1 5 10 17 23 28 39 44 60 65 73 84 88 95 
0 1 5 10 17 23 28 39 44 60 65 74 83 88 95 
0 1 5 10 17 23 28 39 44 61 65 73 83 88 95 
0 1 5 10 17 23 28 39 44 61 65 73 84 88 95 
0 1 5 10 17 23 28 39 44 61 65 74 83 88 95 
0 1 5 10 18 23 28 39 44 56 60 65 73 84 95 
0 1 5 12 17 34 39 46 51 55 60 67 78 90 94 
0 1 5 12 17 34 39 46 51 55 60 67 78 90 95 
0 2 8 12 18 23 27 37 47 52 56 62 66 78 82 93 
0 3 8 12 24 27 32 36 50 59 72 84 88 97 
0 3 8 12 24 27 36 50 59 63 72 84 88 97 
0 3 12 16 24 27 36 40 50 59 63 72 79 88 
