0 1 6 11 16 28 33 38 54 59 73 78 83 88 
0 1 6 11 16 28 33 38 55 60 72 78 83 88 
0 1 6 11 16 28 33 46 54 59 73 78 83 88 
0 1 6 11 16 28 33 46 55 60 72 78 83 88 
0 1 6 11 16 28 33 46 55 60 72 79 84 89 
0 1 6 11 28 33 38 48 54 59 73 78 83 88 
0 1 6 11 28 33 38 48 55 60 72 78 83 88 
0 1 6 11 28 33 38 48 55 60 72 78 83 96 
0 1 6 11 28 33 38 49 55 60 72 79 84 89 
0 1 6 11 28 33 38 49 55 60 72 79 84 96 
0 1 6 11 28 38 41 48 54 67 73 78 83 95 
0 1 6 11 28 38 41 48 55 67 72 78 83 96 
0 1 6 18 28 33 46 48 54 59 73 78 83 88 
