0 1 8 13 23 27 32 37 57 62 72 77 82 98 
0 1 8 13 23 32 37 44 57 62 72 82 94 98 
0 1 8 13 27 32 37 48 57 62 72 77 82 98 
0 1 8 13 32 37 44 48 57 62 72 82 94 98 
0 1 8 13 32 37 44 48 58 62 72 82 94 98 
0 1 8 15 23 29 37 43 57 64 72 79 94 98 
0 1 8 15 23 29 37 44 57 64 72 79 94 98 
0 1 8 15 23 29 37 44 57 64 72 80 94 98 
0 1 8 15 23 30 37 44 57 64 72 79 94 98 
0 1 8 15 23 30 37 44 57 64 72 80 94 98 
0 1 8 15 27 37 46 48 57 64 72 77 96 98 
0 1 8 15 29 37 44 48 57 64 72 79 94 98 
0 1 8 15 30 37 44 48 57 64 72 80 94 98 
0 1 8 23 27 32 37 46 57 72 77 82 96 98 
0 1 8 27 32 37 46 48 57 72 77 82 96 98 
0 1 9 13 28 32 37 48 58 62 72 78 82 98 
0 1 11 25 32 37 42 48 60 72 82 92 96 98 
0 1 11 25 32 37 42 48 60 72 82 92 97 98 
0 1 11 32 37 42 46 48 60 72 82 92 96 98 
0 1 25 28 32 37 42 48 72 78 82 92 97 98 
0 2 8 12 16 27 31 37 48 51 57 61 65 77 81 98 
0 2 8 12 27 33 37 47 48 51 57 61 75 77 83 98 
0 2 9 14 28 33 38 48 51 58 63 78 83 88 
0 2 25 28 33 37 42 48 51 78 83 88 92 97 
0 2 25 28 33 37 42 48 51 78 83 92 97 98 
0 4 8 12 16 27 31 35 48 53 57 61 65 77 81 85 
0 4 8 12 22 27 31 35 48 53 57 61 73 77 81 85 
0 4 9 16 25 28 35 48 53 58 65 78 85 97 
