0 1 7 14 20 30 37 44 52 58 65 77 83 90 96 
0 1 7 14 20 30 37 44 52 59 65 77 83 90 96 
0 1 7 14 20 30 37 44 52 59 65 77 83 90 97 
0 1 7 14 20 30 37 44 52 59 66 77 83 90 96 
0 1 7 14 20 30 37 44 52 59 66 77 83 90 97 
0 1 7 14 20 30 37 44 52 59 66 77 84 90 97 
0 1 7 14 20 30 37 44 53 59 66 77 83 90 97 
0 1 7 14 20 30 37 44 53 59 66 77 84 90 97 
0 1 7 14 21 30 37 44 52 59 66 77 84 90 97 
0 5 12 19 24 29 36 42 50 51 58 65 82 89 96 
0 5 12 19 24 29 36 42 51 58 65 76 82 89 96 
0 6 12 19 24 29 36 42 50 51 58 65 82 89 96 
0 6 12 19 24 29 36 42 51 58 65 76 82 89 96 
0 6 12 19 24 29 36 42 51 58 65 76 83 89 96 
0 6 12 19 24 29 36 42 52 58 65 76 82 89 96 
0 6 13 19 24 29 36 43 52 58 65 76 83 89 96 
