0 1 8 15 30 37 44 48 57 64 72 80 94 98 
0 1 9 12 30 41 44 48 58 61 72 80 91 94 
0 1 12 30 33 41 44 48 61 72 80 83 91 94 
0 2 8 12 18 23 25 27 33 37 43 52 62 82 92 
0 2 8 12 18 23 25 27 33 37 52 62 66 82 92 
0 2 8 12 18 23 25 27 37 43 52 56 62 82 92 
0 2 8 12 18 23 25 27 37 52 56 62 66 82 92 
0 2 8 12 18 23 27 33 37 47 52 62 66 82 92 
0 2 8 12 18 23 27 37 43 47 52 56 62 82 92 
0 2 8 12 18 23 27 37 47 52 56 62 66 82 92 
0 2 8 12 18 23 27 37 47 52 56 62 66 82 93 
0 2 8 12 18 23 27 38 47 52 56 66 82 93 98 
0 2 8 12 18 23 27 38 47 52 56 66 83 93 98 
0 2 8 12 18 23 28 38 47 52 56 66 83 93 98 
0 2 8 18 23 25 27 37 43 52 56 62 82 88 92 
0 2 13 17 23 25 27 32 43 52 56 61 83 88 92 
0 2 13 17 23 25 27 32 43 52 56 61 83 92 98 
0 2 13 17 23 25 27 32 43 52 57 61 83 88 92 
0 2 13 17 23 25 28 32 43 52 56 61 83 88 92 
