0 1 4 8 13 29 41 51 63 67 80 85 89 92 99 
0 1 4 8 13 29 41 51 63 68 80 85 89 92 99 
0 1 5 10 17 23 29 34 39 46 60 65 78 90 95 
0 1 5 10 17 23 29 34 39 60 65 73 78 90 95 
0 1 5 10 17 23 29 34 39 60 65 74 78 90 95 
0 1 5 10 17 23 29 34 46 60 65 78 85 90 95 
0 1 5 10 17 23 34 39 44 60 65 73 78 83 95 
0 1 5 10 17 23 34 39 46 60 65 78 83 90 95 
0 1 5 10 17 23 34 39 60 65 73 78 83 90 95 
0 1 5 10 17 23 34 39 60 65 74 78 83 90 95 
0 1 5 12 17 23 29 34 39 46 55 60 78 90 95 
0 1 5 12 17 23 29 34 46 55 60 78 85 90 95 
0 1 5 12 17 29 34 39 46 55 60 67 78 90 95 
0 1 5 12 17 29 34 46 55 60 67 78 85 90 95 
0 1 5 12 17 29 34 46 55 60 67 85 90 95 99 
0 1 5 17 23 29 34 39 46 55 60 65 78 90 95 
0 1 5 17 23 29 34 46 55 60 65 78 85 90 95 
0 2 13 17 23 25 38 43 52 56 61 78 82 98 
0 2 13 17 23 25 38 43 52 57 61 78 82 98 
0 2 13 18 23 25 38 43 52 56 61 78 82 98 
0 3 8 12 17 28 33 37 42 51 67 75 77 93 
0 3 8 12 17 28 33 37 42 51 67 77 93 97 
