0 1 5 10 14 19 27 32 36 41 46 49 53 62 67 83 
0 1 5 10 14 19 27 32 36 41 46 49 53 62 83 92 
0 1 5 10 14 19 27 32 41 46 49 53 60 67 83 88 
0 1 5 10 14 19 27 32 41 46 49 53 60 83 88 92 
0 1 5 10 14 19 32 36 41 46 49 51 62 67 79 83 
0 1 5 10 14 19 32 36 41 46 49 51 62 79 83 92 
0 1 5 10 14 19 32 41 46 49 51 60 67 79 83 88 
0 1 5 10 14 27 32 41 46 49 53 60 67 83 88 95 
0 1 5 10 14 32 36 41 46 49 51 62 67 79 83 95 
0 1 5 10 14 32 41 46 49 51 60 67 79 83 88 95 
0 1 5 10 15 19 27 32 37 41 46 49 53 58 67 88 
0 1 5 10 15 19 27 32 37 46 49 53 58 65 88 93 
0 1 5 10 15 19 27 32 37 46 49 53 65 83 88 93 
0 1 5 10 15 19 27 32 41 46 49 53 60 67 83 88 
0 1 5 10 15 19 27 32 46 49 53 60 65 83 88 93 
0 1 5 10 15 19 32 37 41 46 49 51 58 67 79 88 
0 1 5 10 15 19 32 37 46 49 51 58 65 79 88 93 
0 1 5 10 15 19 32 41 46 49 51 60 67 79 83 88 
0 1 5 10 15 20 27 32 37 42 46 49 53 58 88 93 
0 1 5 10 15 20 27 32 37 46 49 53 58 65 88 93 
0 1 5 10 15 20 27 32 37 46 49 53 65 83 88 93 
0 1 5 10 15 20 27 32 46 49 53 60 65 83 88 93 
0 1 5 10 15 20 32 37 42 46 49 51 58 79 88 93 
0 1 5 10 15 20 32 37 46 49 51 58 65 79 88 93 
0 1 5 10 15 27 32 41 46 49 53 60 67 83 88 95 
0 1 5 10 15 32 37 42 46 49 51 58 67 79 88 95 
0 1 5 10 17 32 36 46 49 51 62 67 79 83 90 95 
0 1 5 10 17 32 37 46 49 51 58 62 67 79 90 95 
0 1 5 10 17 32 37 46 49 51 58 63 67 79 90 95 
0 1 5 10 17 32 37 46 49 51 62 67 79 83 90 95 
0 1 5 10 17 32 37 46 49 51 63 67 79 83 90 95 
0 1 5 11 19 27 32 38 46 49 53 57 64 85 92 
0 1 5 11 19 32 38 46 49 51 57 64 79 85 92 
0 1 5 12 17 32 39 46 49 51 57 67 79 85 90 95 
0 1 5 12 17 32 39 46 49 51 58 67 79 85 90 95 
0 1 5 12 17 32 39 46 49 51 58 67 79 87 90 95 
0 1 5 12 17 32 46 49 51 57 62 67 79 85 90 95 
0 1 5 12 17 32 46 49 51 58 62 67 79 85 90 95 
0 1 5 12 19 27 32 38 46 49 53 57 64 85 92 
0 1 5 12 19 27 32 38 46 49 53 58 64 85 92 
0 1 5 12 19 27 32 39 46 49 53 57 64 85 92 
0 1 5 12 19 27 32 39 46 49 53 57 65 85 92 
0 1 5 12 19 27 32 39 46 49 53 57 65 85 93 
0 1 5 12 19 27 32 39 46 49 53 58 64 85 92 
0 1 5 12 19 27 32 39 46 49 53 58 64 87 92 
0 1 5 12 19 27 32 39 46 49 53 58 65 85 92 
0 1 5 12 19 27 32 39 46 49 53 58 65 85 93 
0 1 5 12 19 27 32 39 46 49 53 58 65 87 92 
0 1 5 12 19 32 38 46 49 51 57 64 79 85 92 
0 1 5 12 19 32 38 46 49 51 58 64 79 85 92 
0 1 5 12 19 32 39 46 49 51 57 64 79 85 92 
0 1 5 12 19 32 39 46 49 51 57 65 79 85 92 
0 1 5 12 19 32 39 46 49 51 57 65 79 85 93 
0 1 5 12 19 32 39 46 49 51 58 64 79 85 92 
0 1 5 12 19 32 39 46 49 51 58 64 79 87 92 
0 1 5 12 19 32 39 46 49 51 58 65 79 85 92 
0 1 5 12 19 32 39 46 49 51 58 65 79 85 93 
0 1 5 12 19 32 39 46 49 51 58 65 79 87 92 
0 1 5 12 19 32 39 46 49 51 58 65 79 87 93 
0 1 5 12 19 32 41 46 49 51 57 62 67 79 85 90 
0 1 5 12 19 32 41 46 49 51 58 62 67 79 85 90 
0 1 5 12 20 27 32 39 46 49 53 57 65 85 93 
0 1 5 12 20 32 39 46 49 51 57 65 79 85 93 
0 1 5 12 20 32 39 46 49 51 58 65 79 85 93 
0 1 5 12 20 32 39 46 49 51 58 65 79 87 93 
0 1 5 12 32 41 46 49 51 57 62 67 79 85 90 95 
0 1 5 13 19 32 39 46 49 51 58 65 79 87 92 
0 1 5 13 19 32 39 46 49 51 58 65 79 87 93 
0 1 5 13 19 32 40 46 49 51 58 65 79 87 93 
0 1 5 14 19 32 36 41 46 49 51 57 62 67 79 85 
0 1 5 14 19 32 36 41 46 49 51 57 62 79 85 92 
0 1 5 17 32 36 46 49 51 57 62 67 79 85 90 95 
0 1 5 19 32 36 41 46 49 51 57 62 67 79 85 90 
0 1 5 32 36 41 46 49 51 57 62 67 79 85 90 95 
0 1 6 10 17 32 37 46 49 51 58 62 67 79 90 95 
0 1 6 10 17 37 46 49 51 56 62 67 79 84 90 95 
0 1 6 10 37 41 46 49 51 56 62 67 79 84 90 95 
0 1 6 11 17 23 28 37 44 56 63 73 79 84 90 95 
0 1 6 11 19 28 33 38 46 49 54 59 64 92 
0 1 6 11 19 28 33 38 46 49 54 64 84 92 
0 1 6 11 19 28 33 38 46 49 64 79 84 92 
0 1 6 11 19 28 33 38 46 54 64 73 84 92 
0 1 6 11 19 28 38 46 56 64 73 79 84 92 
0 1 6 11 19 33 38 46 49 51 59 64 79 92 
0 1 6 12 19 28 32 38 46 49 58 64 79 85 92 
0 1 6 12 19 28 32 39 46 49 58 64 79 85 92 
0 1 6 12 19 28 32 39 46 49 58 64 79 87 92 
0 1 6 12 19 28 32 39 46 49 58 65 79 85 92 
0 1 6 12 19 28 32 39 46 49 58 65 79 85 93 
0 1 6 12 19 28 32 39 46 49 58 65 79 87 92 
0 1 6 12 19 28 32 39 46 49 58 65 79 87 93 
0 1 6 12 19 28 33 39 46 49 54 58 64 87 92 
0 1 6 12 19 28 33 39 46 49 54 58 65 87 92 
0 1 6 12 19 28 33 39 46 49 54 58 65 87 93 
0 1 6 12 19 28 33 39 46 49 58 64 79 87 92 
0 1 6 12 19 28 33 39 46 49 58 65 79 87 92 
0 1 6 12 19 28 33 39 46 49 58 65 79 87 93 
0 1 6 12 19 28 33 39 46 58 64 73 79 87 92 
0 1 6 12 19 28 33 39 46 58 65 73 79 87 92 
0 1 6 12 19 28 33 39 46 58 65 73 79 87 93 
0 1 6 12 19 32 39 46 49 51 58 64 79 87 92 
0 1 6 12 19 32 39 46 49 51 58 65 79 85 93 
0 1 6 12 19 32 39 46 49 51 58 65 79 87 92 
0 1 6 12 19 32 39 46 49 51 58 65 79 87 93 
0 1 6 12 19 33 39 46 49 51 58 64 79 87 92 
0 1 6 12 19 33 39 46 49 51 58 65 79 87 92 
0 1 6 12 19 33 39 46 49 51 58 65 79 87 93 
0 1 6 12 20 25 28 33 39 54 58 65 73 87 93 
0 1 6 12 20 28 32 39 46 49 58 65 79 87 93 
0 1 6 12 20 28 33 39 46 49 54 58 65 87 93 
0 1 6 12 20 28 33 39 46 49 58 65 79 87 93 
0 1 6 13 19 28 32 39 46 49 58 65 79 87 92 
0 1 6 13 19 28 32 39 46 49 58 65 79 87 93 
0 1 6 13 19 28 33 39 46 49 54 58 65 87 92 
0 1 6 13 19 28 33 39 46 49 54 58 65 87 93 
0 1 6 13 19 28 33 39 46 49 54 59 65 87 92 
0 1 6 13 19 28 33 39 46 49 54 59 65 87 93 
0 1 6 13 19 28 33 39 46 49 58 65 79 87 92 
0 1 6 13 19 28 33 39 46 49 58 65 79 87 93 
0 1 6 13 19 28 33 39 46 49 59 65 79 87 92 
0 1 6 13 19 28 33 40 46 49 54 58 65 87 93 
0 1 6 13 20 25 28 33 40 54 58 65 73 87 93 
0 1 6 13 20 28 33 39 46 49 54 58 65 87 93 
0 1 6 14 19 28 33 41 46 49 54 59 92 98 
0 1 6 14 19 28 33 41 46 54 59 73 92 98 
0 1 6 14 19 28 33 46 49 54 59 64 92 98 
0 1 6 14 19 28 33 46 59 64 73 79 92 98 
0 1 7 11 19 27 33 38 46 49 53 59 64 80 92 
0 1 7 11 19 27 38 46 49 53 57 64 80 85 92 
0 1 7 12 19 27 34 38 46 49 53 64 80 85 92 
0 1 7 12 19 27 34 38 46 49 53 64 81 85 92 
0 1 7 12 19 27 34 39 46 49 53 60 64 80 92 
0 1 7 12 19 27 34 39 46 49 53 60 64 81 92 
0 1 7 12 19 27 34 39 46 49 53 60 65 80 92 
0 1 7 12 19 27 34 39 46 49 53 60 65 80 93 
0 1 7 12 19 27 34 39 46 49 53 60 65 81 92 
0 1 7 12 19 27 34 39 46 49 53 60 65 81 93 
0 1 7 12 19 27 34 39 46 49 53 64 80 85 92 
0 1 7 12 19 27 34 39 46 49 53 64 81 85 92 
0 1 7 12 19 27 34 39 46 49 53 65 80 85 92 
0 1 7 12 19 27 34 39 46 49 53 65 80 85 93 
0 1 7 12 19 27 34 39 46 49 53 65 81 85 92 
0 1 7 12 19 27 38 46 49 53 57 64 80 85 92 
0 1 7 12 19 27 39 46 49 53 57 64 80 85 92 
0 1 7 12 19 28 34 38 46 49 53 64 81 85 92 
0 1 7 12 19 28 34 39 46 49 53 60 64 81 92 
0 1 7 12 19 28 34 39 46 49 53 60 65 81 92 
0 1 7 12 20 27 34 39 46 49 53 60 65 80 93 
0 1 7 12 20 27 34 39 46 49 53 60 65 81 93 
0 1 7 13 19 27 33 39 46 49 53 59 65 80 87 92 
0 1 7 13 19 27 33 39 46 49 53 59 65 80 87 93 
0 1 7 13 19 27 33 40 46 49 53 59 65 80 87 93 
0 1 7 13 19 27 33 40 46 49 53 59 65 80 93 98 
0 1 7 13 19 27 34 40 46 49 53 59 65 80 93 98 
0 1 7 13 19 27 34 40 46 49 53 59 65 81 93 98 
0 1 7 13 19 28 34 40 46 49 53 59 65 81 93 98 
0 1 7 13 20 25 28 34 40 53 59 65 73 81 93 98 
0 1 7 13 20 25 28 34 40 53 59 66 73 81 93 98 
0 1 7 13 20 25 28 34 40 53 59 66 73 81 94 98 
0 1 7 13 20 27 33 40 46 49 53 59 65 80 93 98 
0 1 7 13 20 27 33 40 46 49 53 59 66 80 93 98 
0 1 7 13 20 27 34 40 46 49 53 59 65 80 93 98 
0 1 7 13 20 27 34 40 46 49 53 59 65 81 93 98 
0 1 7 13 20 27 34 40 46 49 53 59 66 80 93 98 
0 1 7 14 19 27 33 46 49 53 59 64 80 92 98 
0 1 7 14 19 27 34 46 49 53 59 64 80 92 98 
0 1 7 14 19 27 34 46 49 53 59 64 81 92 98 
0 1 7 14 19 27 34 46 49 53 60 64 80 92 98 
0 1 7 14 19 27 34 46 49 53 60 64 81 92 98 
0 1 7 14 19 28 34 46 49 53 59 64 81 92 98 
0 1 7 14 19 28 34 46 53 59 64 73 81 92 98 
0 1 7 14 19 28 34 46 53 60 64 73 81 92 98 
0 1 7 14 20 25 28 34 41 53 59 66 73 81 94 98 
0 1 7 15 19 27 34 46 49 53 60 65 80 88 93 
0 1 7 15 19 27 34 46 49 53 60 65 81 88 93 
0 1 7 15 19 28 34 46 49 53 60 65 81 88 93 
0 1 7 15 19 28 34 46 53 60 65 73 81 88 93 
0 1 7 15 20 25 28 34 42 53 60 73 81 88 93 
0 1 7 15 20 25 28 34 53 60 65 73 81 88 93 
0 1 7 15 20 27 34 46 49 53 60 65 81 88 93 
0 1 7 15 20 28 34 46 49 53 60 65 81 88 93 
0 1 7 15 20 28 34 46 53 60 65 73 81 88 93 
0 1 7 19 27 34 39 46 49 53 60 65 81 88 92 
0 1 7 19 27 34 39 46 49 53 60 65 81 88 93 
0 1 7 19 28 34 39 46 49 53 60 65 81 88 92 
0 1 7 19 28 34 39 46 49 53 60 65 81 88 93 
0 1 7 20 27 34 39 46 49 53 60 65 81 88 93 
0 1 7 20 28 34 39 46 49 53 60 65 81 88 93 
0 1 8 12 19 27 34 39 46 49 53 60 64 81 92 
0 1 8 12 19 27 34 39 46 49 53 60 65 81 92 
0 1 8 12 19 27 39 46 49 53 58 65 81 87 93 
0 1 8 12 19 28 39 46 49 53 58 65 81 87 93 
0 1 8 12 19 28 39 46 49 54 58 65 81 87 93 
0 1 8 12 19 28 39 46 53 58 65 73 81 87 93 
0 1 8 12 19 28 39 46 54 58 65 73 81 87 93 
0 1 8 12 20 25 28 39 53 58 65 73 81 87 93 
0 1 8 12 20 27 39 46 49 53 58 65 81 87 93 
0 1 8 12 20 28 39 46 49 53 58 65 81 87 93 
0 1 8 12 20 28 39 46 53 58 65 73 81 87 93 
0 1 8 12 20 28 39 46 54 58 65 73 81 87 93 
0 1 8 13 19 27 39 46 49 53 58 65 81 87 93 
0 1 8 13 19 28 39 46 49 53 58 65 81 87 93 
0 1 8 13 19 28 39 46 53 58 65 73 81 87 93 
0 1 8 13 19 28 39 46 54 58 65 73 81 87 93 
0 1 8 13 19 28 40 46 53 58 65 73 81 87 93 
0 1 8 13 20 28 39 46 53 58 65 73 81 87 93 
0 3 11 19 30 38 46 56 64 73 76 84 92 
