0 1 4 11 19 26 33 40 57 64 80 94 97 98 
0 1 4 11 19 26 33 44 57 64 80 90 97 98 
0 1 4 11 19 26 37 40 57 64 80 83 94 97 
0 1 4 11 19 26 37 44 57 64 80 83 90 97 
0 1 4 11 19 30 33 40 57 64 76 94 97 98 
0 1 4 11 19 30 37 40 57 64 76 83 94 97 
0 1 4 11 19 30 37 44 57 64 76 83 90 97 
0 1 4 12 19 26 33 40 57 64 80 94 97 98 
0 1 4 12 19 26 33 44 57 64 80 90 97 98 
0 1 4 12 19 26 37 40 57 64 80 83 94 97 
0 1 4 12 19 30 33 40 57 64 76 94 97 98 
0 1 4 12 19 30 33 40 57 65 76 94 97 98 
0 1 4 12 19 30 33 44 57 64 76 90 97 98 
0 1 4 12 19 30 37 40 57 64 76 83 94 97 
0 1 4 12 19 30 37 40 57 65 76 83 94 97 
0 1 4 12 19 30 37 44 57 64 76 83 90 97 
0 1 8 16 19 26 33 40 47 54 61 80 94 98 
0 1 8 16 19 26 33 41 44 54 61 75 80 98 
0 1 8 16 19 26 33 41 47 54 61 80 94 98 
0 1 8 16 19 26 33 44 54 61 75 80 90 98 
0 1 8 16 19 26 34 37 44 54 61 75 80 91 
0 1 8 16 19 26 34 37 47 54 61 80 91 94 
0 1 8 16 19 26 37 40 47 54 61 80 83 94 
0 1 8 16 19 26 37 44 54 61 75 80 83 91 
0 1 8 16 19 26 37 47 54 61 80 83 91 94 
0 1 8 16 19 30 33 40 47 54 61 76 94 98 
0 1 8 16 19 30 33 41 47 54 61 76 94 98 
0 1 8 16 19 30 37 40 47 54 61 76 83 94 
0 1 8 19 26 33 41 47 54 61 64 80 94 98 
0 1 8 19 26 34 37 44 54 61 64 75 80 91 
0 1 8 19 26 34 37 47 54 61 64 80 91 94 
0 1 8 19 26 37 40 47 54 61 64 80 83 94 
0 1 8 19 26 37 44 54 61 64 75 80 83 90 
0 1 8 19 26 37 44 54 61 64 80 83 90 97 
0 1 8 19 26 37 47 54 61 64 80 83 91 94 
0 2 5 12 19 30 38 45 58 65 75 76 84 91 
0 2 5 12 19 30 38 45 58 65 75 77 84 91 
0 3 11 19 22 26 34 42 56 64 80 88 96 
0 3 11 19 22 31 34 42 56 64 77 88 96 
0 3 11 19 22 31 39 42 56 64 77 85 96 
0 3 11 19 22 31 39 56 64 77 85 93 96 
0 3 11 19 22 31 42 56 64 77 85 88 96 
