0 1 5 10 16 20 37 41 49 53 57 67 85 89 93 
0 1 5 10 16 20 41 49 53 57 78 85 89 93 97 
0 1 5 11 15 19 32 36 42 46 62 66 75 80 88 
0 1 5 11 15 28 32 36 42 46 58 62 66 75 80 
0 1 5 11 28 32 36 42 54 58 62 66 75 80 87 
0 1 5 16 20 37 49 53 57 67 73 81 85 89 93 
0 1 6 10 16 20 33 37 41 53 57 63 67 85 89 
0 1 6 10 16 20 33 37 41 53 57 63 79 85 89 
0 1 6 10 16 20 37 41 49 53 57 67 85 89 93 
0 1 6 10 16 20 37 41 49 53 57 79 85 89 93 
0 1 6 16 20 37 49 53 57 67 73 81 85 89 93 
0 1 7 11 15 19 32 38 42 46 62 76 80 88 94 
0 1 7 11 15 19 32 38 42 46 62 76 80 88 95 
0 1 7 11 15 28 32 38 42 46 58 62 76 80 94 
0 1 7 11 28 32 38 42 54 58 62 76 80 87 94 
0 1 8 16 20 33 53 57 63 73 77 81 85 89 96 
0 2 6 10 15 21 27 33 42 46 50 57 75 79 90 
0 2 6 10 15 21 27 42 46 50 57 75 79 90 94 
0 2 6 10 15 21 27 42 46 50 58 75 79 90 94 
0 2 6 10 16 20 33 37 41 50 53 57 67 85 89 
0 2 6 10 16 20 33 37 41 50 53 57 79 85 89 
0 2 6 10 16 20 33 37 41 53 57 63 67 85 89 
0 2 6 10 16 20 33 37 41 53 57 63 79 85 89 
0 2 6 10 16 21 29 33 37 41 47 50 53 67 85 
0 2 6 10 16 21 29 33 37 41 47 50 53 79 85 
0 2 6 10 16 21 29 33 37 41 47 53 63 79 85 
0 2 6 10 16 21 29 33 41 47 50 53 75 79 85 
0 2 6 10 16 21 33 37 41 50 53 57 67 85 89 
0 2 6 10 16 21 33 37 41 53 57 63 67 85 89 
0 2 6 10 16 21 33 37 41 53 57 63 79 85 89 
0 2 6 10 16 29 33 37 41 47 50 53 59 79 85 
0 2 6 10 16 29 33 41 47 50 53 59 75 79 85 
0 2 6 10 17 21 29 33 37 41 47 50 53 67 85 
0 2 6 10 17 21 29 33 37 41 47 50 53 67 87 
0 2 6 10 17 21 29 33 37 41 47 50 53 79 85 
0 2 6 10 17 21 29 33 37 41 47 50 53 79 87 
0 2 6 10 17 21 29 33 37 41 47 53 63 67 85 
0 2 6 10 17 21 29 33 37 41 47 53 63 79 85 
0 2 6 10 17 21 29 33 37 42 47 50 53 79 87 
0 2 6 10 17 21 29 33 41 47 50 53 75 79 85 
0 2 6 10 17 21 29 33 41 47 50 53 75 79 87 
0 2 6 10 17 21 29 33 42 47 50 53 75 79 87 
0 2 6 10 17 21 29 37 41 47 50 53 79 87 94 
0 2 6 10 17 21 29 37 42 47 50 53 79 87 94 
0 2 6 10 17 21 33 37 41 47 50 53 79 87 90 
0 2 6 10 17 29 33 41 47 50 53 59 75 79 85 
0 2 6 10 21 27 33 37 41 50 53 57 67 85 89 
0 2 6 10 21 27 33 37 41 50 53 57 79 85 89 
0 2 6 10 21 27 33 37 41 50 53 57 79 85 90 
0 2 6 10 21 27 33 37 41 53 57 63 67 85 89 
0 2 6 10 21 27 33 37 41 53 57 63 79 85 89 
0 2 6 10 21 27 33 41 46 50 53 57 75 79 90 
0 2 6 10 21 27 37 41 46 50 53 57 79 90 94 
0 2 6 10 21 27 41 46 50 53 58 75 79 90 94 
0 2 10 16 21 29 34 41 47 53 64 78 85 97 
0 2 10 16 21 34 41 53 57 64 78 85 89 97 
0 2 10 17 21 29 34 41 47 53 64 78 85 97 
0 2 10 17 21 34 41 47 53 64 78 85 90 97 
0 2 10 17 21 34 41 47 53 64 78 87 90 97 
0 3 10 15 23 27 34 42 46 58 65 79 90 97 
0 3 10 15 23 27 35 42 46 58 65 79 90 97 
0 3 10 15 23 28 34 42 46 58 65 79 90 97 
0 3 10 15 23 28 34 42 46 58 65 79 91 97 
0 3 10 15 23 28 35 42 46 58 65 75 79 90 
0 3 10 15 23 28 35 42 46 58 65 75 79 91 
0 3 10 15 23 28 35 42 46 58 65 79 91 97 
0 4 8 16 31 35 53 57 61 73 77 81 85 89 
0 4 8 19 22 27 31 35 46 48 53 73 77 81 
0 4 8 19 22 27 31 46 48 53 73 77 81 96 
0 4 8 22 27 31 35 48 53 57 73 77 81 85 
0 4 10 16 29 35 41 47 48 53 59 65 75 79 85 91 
