0 1 5 10 17 21 35 39 44 52 57 68 76 92 98 
0 1 5 10 17 21 35 40 44 52 57 68 76 92 98 
0 1 5 10 17 23 35 39 44 52 57 68 76 92 98 
0 1 5 10 17 23 35 40 44 52 57 68 76 92 98 
0 1 5 10 21 28 35 39 44 52 57 68 76 92 98 
0 1 5 10 21 28 35 40 44 52 56 68 76 92 98 
0 1 5 10 21 28 35 40 44 52 57 68 76 92 98 
0 1 5 10 23 28 35 39 44 52 57 68 76 92 98 
0 1 5 16 21 30 34 39 46 52 63 67 75 82 98 
0 1 5 16 21 30 34 39 52 56 63 67 75 82 98 
0 1 5 16 21 30 35 39 46 51 63 67 75 82 98 
0 2 8 17 27 33 42 47 48 51 57 66 75 77 83 92 
0 4 9 16 20 22 34 39 43 50 51 56 67 87 91 
