0 1 4 11 19 26 33 40 57 64 80 94 97 98 
0 1 4 11 19 26 33 44 57 64 80 90 97 98 
0 1 4 11 19 26 37 40 57 64 80 83 94 97 
0 1 4 11 19 26 37 44 57 64 80 83 90 97 
0 1 4 11 19 27 35 43 57 64 81 89 97 
0 1 4 11 19 30 33 40 57 64 76 94 97 98 
0 1 4 11 19 30 33 44 57 64 76 90 97 98 
0 1 4 11 19 30 37 40 57 64 76 83 94 97 
0 1 4 12 19 26 33 40 57 64 80 94 97 98 
0 1 4 12 19 26 33 40 57 65 80 94 97 98 
0 1 4 12 19 26 33 44 57 64 80 90 97 98 
0 1 4 12 19 26 37 40 57 64 80 83 94 97 
0 1 4 12 19 26 37 44 57 64 80 83 90 97 
0 1 4 12 19 27 35 43 57 64 81 89 97 
0 1 4 12 19 27 35 43 57 65 81 89 97 
0 1 4 12 19 30 33 40 57 64 76 94 97 98 
0 1 4 12 19 30 33 44 57 64 76 90 97 98 
0 1 4 12 19 30 37 44 57 64 76 83 90 97 
0 1 4 12 20 27 35 43 57 65 81 89 97 
0 1 8 16 19 26 33 40 47 54 61 80 94 98 
0 1 8 16 19 26 33 41 44 54 61 75 80 98 
0 1 8 16 19 26 33 41 47 54 61 80 94 98 
0 1 8 16 19 26 33 44 54 61 75 80 90 98 
0 1 8 16 19 26 34 41 44 54 61 75 80 98 
0 1 8 16 19 26 34 41 47 54 61 80 94 98 
0 1 8 16 19 26 37 44 54 61 75 80 83 90 
0 1 8 16 19 26 37 44 54 61 75 80 83 91 
0 1 8 16 19 30 33 41 44 54 61 75 76 98 
0 1 8 16 19 30 33 44 54 61 75 76 90 98 
0 1 8 16 19 30 37 44 54 61 75 76 83 90 
0 1 8 19 30 33 41 44 54 61 64 75 76 98 
0 1 8 19 30 33 44 54 61 64 76 90 97 98 
0 1 8 19 30 37 40 47 54 61 64 76 83 94 
0 1 8 19 30 37 44 54 61 64 75 76 83 90 
0 1 8 19 30 41 44 54 61 64 75 76 84 98 
0 1 8 19 30 41 47 54 61 64 76 84 94 98 
0 2 5 12 19 27 34 41 58 65 75 81 88 95 
0 2 5 13 16 27 30 38 41 58 69 75 84 95 
0 2 5 13 16 27 30 41 44 58 69 75 84 98 
0 2 5 13 16 27 30 41 58 69 75 84 95 98 
0 2 5 16 19 27 38 41 58 61 75 81 84 95 
0 3 11 19 22 26 34 42 56 64 80 88 96 
