0 2 7 11 19 30 35 42 49 57 64 72 79 88 96 
0 2 7 11 19 30 42 49 59 64 72 79 83 88 96 
0 2 7 12 17 30 35 40 45 49 57 62 67 72 79 96 
0 2 7 12 17 30 35 40 45 49 57 67 72 79 89 96 
0 2 7 12 17 30 35 40 45 49 62 67 72 79 84 96 
0 2 7 12 17 35 40 45 49 55 62 67 72 79 84 96 
0 2 7 12 19 30 35 42 49 57 64 72 79 88 96 
0 2 7 12 19 30 35 42 49 57 64 72 79 89 96 
0 2 7 12 19 30 35 42 49 64 72 79 84 88 96 
0 2 7 12 19 30 35 42 49 64 72 79 84 89 96 
0 2 7 12 19 30 35 42 49 65 72 79 84 89 96 
0 2 7 12 19 30 35 43 49 65 72 79 84 89 96 
0 2 7 12 19 30 42 49 60 64 72 79 84 89 96 
0 2 7 12 19 30 42 49 60 65 72 79 84 89 96 
0 2 7 12 19 30 43 49 60 65 72 79 84 89 96 
0 2 7 12 19 35 42 49 55 64 72 79 84 88 96 
0 2 7 12 19 35 42 49 55 64 72 79 84 89 96 
0 2 7 12 19 35 42 49 55 65 72 79 84 89 96 
0 2 7 12 19 42 49 55 60 64 72 79 84 89 96 
0 2 7 12 19 42 49 55 60 65 72 79 84 89 96 
0 2 7 12 19 43 49 55 60 65 72 79 84 89 96 
0 2 7 12 20 30 35 43 49 65 72 79 84 89 96 
0 2 7 12 20 30 43 49 60 65 72 79 84 89 96 
0 2 7 12 20 43 49 55 60 65 72 79 84 89 96 
0 2 7 13 19 30 36 42 49 59 65 72 79 83 89 96 
0 2 7 13 19 30 36 43 49 59 65 72 79 83 89 96 
0 2 7 13 19 30 36 43 49 59 65 72 79 83 90 96 
0 2 7 13 19 30 37 43 49 59 65 72 79 83 90 96 
0 2 7 13 19 30 37 43 49 59 65 72 79 84 90 96 
0 2 7 13 19 37 43 49 55 59 65 72 79 84 90 96 
0 2 7 13 20 30 36 43 49 59 65 72 79 83 89 96 
0 2 7 13 20 30 36 43 49 59 65 72 79 83 90 96 
0 2 7 13 20 30 36 43 49 59 66 72 79 83 90 96 
0 2 7 13 20 30 37 43 49 59 65 72 79 83 90 96 
0 2 7 13 20 37 43 49 55 59 65 72 79 84 90 96 
0 2 7 13 20 37 43 49 55 59 66 72 79 84 90 96 
0 2 7 14 19 30 37 42 49 59 64 72 79 83 96 
0 2 7 14 19 30 37 42 49 59 64 72 79 84 96 
0 2 7 14 19 30 37 42 49 60 64 72 79 84 96 
0 2 7 14 19 37 42 49 55 59 64 72 79 84 96 
0 2 7 14 19 37 42 49 55 59 72 79 84 91 96 
0 2 7 14 19 37 42 49 55 60 64 72 79 84 96 
0 2 7 14 19 37 42 49 55 60 72 79 84 91 96 
0 2 7 14 19 37 49 55 59 67 72 79 84 91 96 
0 2 7 14 19 37 49 55 60 67 72 79 84 91 96 
0 2 7 14 19 38 42 49 55 60 72 79 84 91 96 
0 2 7 14 20 37 43 49 55 59 66 72 79 84 90 96 
0 2 7 14 20 37 43 49 55 60 66 72 79 84 90 96 
0 2 7 15 19 30 38 43 49 60 65 72 79 84 96 
0 2 7 15 19 38 43 49 55 60 65 72 79 84 96 
0 2 7 15 20 30 38 43 49 60 65 72 79 84 96 
0 2 7 15 20 38 43 49 55 60 65 72 79 84 96 
0 2 7 15 20 38 43 49 55 60 72 79 84 92 96 
0 2 7 19 37 42 49 55 59 64 72 79 84 88 96 
0 2 7 19 38 42 49 55 60 65 72 79 84 89 96 
0 2 7 19 38 43 49 55 60 65 72 79 84 89 96 
0 2 7 20 38 43 49 55 60 65 72 79 84 89 96 
0 2 8 13 19 32 36 42 49 54 65 72 79 85 89 96 
0 2 8 13 19 32 36 43 49 54 65 72 79 85 89 96 
0 2 8 13 19 32 36 43 49 54 65 72 79 85 90 96 
0 2 8 13 19 32 43 49 54 61 65 72 79 85 90 96 
0 2 8 13 20 32 36 43 49 54 65 72 79 85 89 96 
0 2 8 13 20 32 36 43 49 54 65 72 79 85 90 96 
0 2 8 13 20 32 36 43 49 54 66 72 79 85 90 96 
0 2 8 13 20 32 43 49 54 61 65 72 79 85 90 96 
0 2 8 13 20 32 43 49 54 61 66 72 79 85 90 96 
0 2 8 14 19 32 38 42 49 54 60 72 79 85 91 96 
0 2 8 15 19 32 38 43 49 54 60 65 72 79 85 96 
0 2 8 15 19 32 38 43 49 54 61 65 72 79 85 96 
0 2 8 15 20 32 38 43 49 54 60 65 72 79 85 96 
0 2 8 15 20 32 38 43 49 54 60 72 79 85 92 96 
0 2 8 15 20 32 38 43 49 54 61 65 72 79 85 96 
0 2 8 15 20 32 38 43 49 54 61 72 79 85 92 96 
0 2 8 15 20 32 39 43 49 54 61 72 79 85 92 96 
0 2 8 19 32 38 42 49 54 60 65 72 79 85 89 96 
0 2 8 19 32 38 43 49 54 60 65 72 79 85 89 96 
0 2 8 20 32 38 43 49 54 60 65 72 79 85 89 96 
0 2 9 13 19 32 37 43 49 54 59 65 72 79 90 96 
0 2 9 13 19 32 37 43 49 55 59 65 72 79 90 96 
0 2 9 13 19 32 43 49 54 61 65 72 79 85 90 96 
0 2 9 13 19 32 43 49 55 61 65 72 79 85 90 96 
0 2 9 13 20 32 37 43 49 54 59 65 72 79 90 96 
0 2 9 13 20 32 37 43 49 55 59 65 72 79 90 96 
0 2 9 13 20 32 43 49 54 61 65 72 79 85 90 96 
0 2 9 14 19 32 37 42 49 54 59 64 72 79 96 
0 2 9 14 19 32 37 42 49 54 59 72 79 91 96 
0 2 9 14 19 32 37 42 49 54 64 72 79 87 96 
0 2 9 14 19 32 37 42 49 54 72 79 87 91 96 
0 2 9 14 19 32 37 42 49 55 59 64 72 79 96 
0 2 9 14 19 32 37 42 49 55 59 72 79 91 96 
0 2 9 14 19 32 37 42 49 55 64 72 79 87 96 
0 2 9 14 19 32 37 42 49 55 72 79 87 91 96 
0 2 9 14 19 32 42 49 54 62 72 79 87 91 96 
0 2 9 14 19 32 42 49 55 62 72 79 87 91 96 
0 2 9 14 19 33 37 42 49 55 72 79 87 91 96 
0 2 9 15 20 32 38 43 49 54 61 72 79 85 92 96 
0 2 9 15 20 32 38 43 49 55 61 72 79 85 92 96 
0 2 9 15 20 32 39 43 49 54 61 72 79 85 92 96 
0 2 9 15 20 32 39 43 49 54 61 72 79 87 92 96 
0 2 9 15 20 32 39 43 49 55 61 72 79 85 92 96 
0 2 9 15 20 32 39 43 49 55 61 72 79 87 92 96 
0 2 9 15 20 33 39 43 49 55 61 72 79 87 92 96 
0 2 9 19 32 37 42 49 54 59 64 72 79 88 96 
0 2 10 14 19 33 38 42 49 55 60 72 79 91 96 
0 2 10 15 20 33 38 43 49 55 60 72 79 92 96 
0 2 10 15 20 33 38 43 49 55 72 79 92 96 98 
0 2 10 15 20 33 43 49 55 63 72 79 92 96 98 
0 2 14 19 32 37 42 49 54 59 72 79 83 91 96 
0 2 14 19 33 37 42 49 55 60 72 79 84 91 96 
0 4 8 13 19 24 27 43 56 61 65 76 80 85 90 96 
0 4 8 13 19 27 32 36 42 49 54 65 72 85 89 96 
0 4 8 13 19 27 32 36 43 49 54 65 72 85 89 96 
0 4 8 13 19 27 32 36 43 49 54 65 72 85 90 96 
0 4 8 13 19 27 32 43 49 54 61 65 72 85 90 96 
0 4 8 13 19 27 43 49 56 61 65 72 80 85 90 96 
0 4 8 13 20 24 27 43 56 61 65 76 80 85 90 96 
0 4 8 13 20 24 27 43 56 61 66 76 80 85 90 96 
0 4 8 13 20 27 32 36 43 49 54 65 72 85 89 96 
0 4 8 13 20 27 32 43 49 54 61 65 72 85 90 96 
0 4 8 13 20 27 32 43 49 54 61 66 72 85 90 96 
0 4 8 13 20 27 43 49 56 61 65 72 80 85 90 96 
0 4 8 13 20 27 43 49 56 61 66 72 80 85 90 96 
0 4 8 14 19 24 27 38 42 56 60 76 80 85 91 96 
0 4 8 14 19 27 32 38 42 49 54 60 72 85 91 96 
0 4 8 14 19 27 38 42 49 56 60 72 80 85 91 96 
0 4 8 15 19 24 27 38 43 56 61 65 76 80 85 96 
0 4 8 15 19 27 32 38 43 49 54 60 65 72 85 96 
0 4 8 15 19 27 38 43 49 56 60 65 72 80 85 96 
0 4 8 15 19 27 38 43 49 56 61 65 72 80 85 96 
0 4 8 15 20 24 27 38 43 56 61 76 80 85 92 96 
0 4 8 15 20 24 27 39 43 56 61 76 80 85 92 96 
0 4 8 15 20 27 38 43 49 56 60 65 72 80 85 96 
0 4 9 13 19 27 32 37 43 49 54 59 65 72 90 96 
0 4 9 13 19 27 32 43 49 54 61 65 72 85 90 96 
0 4 9 14 19 22 28 32 37 42 72 81 87 91 96 
0 4 9 14 19 22 28 32 37 67 72 81 87 91 96 
0 4 9 14 19 22 28 32 62 67 72 81 87 91 96 
0 4 9 14 19 22 28 57 62 67 72 81 87 91 96 
0 4 9 14 19 22 52 57 62 67 76 81 87 91 96 
0 4 9 14 19 24 27 32 37 67 76 81 87 91 96 
0 4 9 14 19 24 27 32 62 67 76 81 87 91 96 
0 4 9 14 19 24 52 57 62 67 76 81 87 91 96 
0 4 9 14 19 27 32 37 49 54 59 67 72 91 96 
0 4 9 14 20 22 28 44 57 62 66 72 81 87 91 97 
0 4 9 14 20 22 44 52 57 62 66 76 81 87 91 97 
0 4 9 14 20 28 32 37 43 49 66 72 81 87 90 96 
0 4 11 19 22 28 34 42 56 64 72 81 88 96 
0 4 11 19 22 28 34 42 57 64 72 81 88 96 
0 4 11 19 22 28 35 42 57 64 72 81 88 96 
0 4 11 19 22 34 42 52 56 64 76 81 88 96 
0 4 11 19 22 34 42 52 57 64 76 81 88 96 
0 4 11 19 22 35 42 52 57 64 76 81 88 96 
0 4 11 19 24 27 35 42 57 64 76 81 88 96 
0 4 11 19 24 34 42 52 57 64 76 81 88 96 
0 4 11 19 24 35 42 52 57 64 76 81 88 96 
0 4 11 19 27 35 42 49 57 64 72 81 88 96 
0 4 11 19 28 34 42 49 56 64 72 81 88 96 
0 4 11 19 28 34 42 49 57 64 72 81 88 96 
0 4 11 19 28 35 42 49 57 64 72 81 88 96 
0 4 12 19 22 28 35 42 57 64 72 81 89 96 
0 4 12 19 24 35 42 52 57 64 76 81 88 96 
0 4 12 19 24 35 42 52 57 64 76 81 89 96 
0 5 11 19 22 28 35 42 57 64 72 82 88 96 
0 5 11 19 24 29 35 42 51 57 64 76 82 88 96 
0 5 11 19 28 35 42 49 57 64 72 81 88 96 
0 5 11 19 28 35 42 49 57 64 72 82 88 96 
0 5 12 19 22 28 35 42 57 64 72 82 89 96 
0 5 12 19 22 28 35 42 57 65 72 82 89 96 
0 5 12 19 22 28 35 42 58 64 72 82 89 96 
0 5 12 19 22 28 35 42 58 65 72 82 89 96 
0 5 12 19 22 28 35 43 57 65 72 82 89 96 
0 5 12 19 22 28 36 42 58 64 72 82 89 96 
0 5 12 19 24 29 35 42 51 57 64 76 82 88 96 
0 5 12 19 24 29 35 42 51 57 64 76 82 89 96 
0 5 12 19 24 29 35 42 51 58 64 76 82 88 96 
0 5 12 19 24 29 35 42 51 58 64 76 82 89 96 
0 5 12 19 24 29 35 42 51 58 65 76 82 89 96 
0 5 12 19 24 29 35 43 51 58 65 76 82 89 96 
0 5 12 19 24 29 36 42 51 58 64 76 82 89 96 
0 5 12 19 24 29 36 42 51 58 65 76 82 89 96 
0 6 12 19 22 29 36 42 52 58 65 76 83 89 96 
0 6 12 19 22 29 36 43 52 58 65 76 83 89 96 
0 6 12 19 24 29 36 42 51 58 64 76 82 89 96 
0 6 12 19 24 29 36 42 51 58 65 76 82 89 96 
0 6 12 19 24 29 36 42 51 58 65 76 83 89 96 
0 6 12 19 24 29 36 42 52 58 65 76 82 89 96 
0 6 13 19 24 29 36 43 52 58 65 76 83 89 96 
