0 1 6 13 18 25 39 46 51 54 66 
0 1 6 13 18 25 39 46 55 63 
0 1 6 13 18 25 39 47 54 62 
0 1 6 13 18 25 39 47 55 62 
0 1 6 13 18 25 39 47 55 63 
0 1 6 13 18 25 41 46 55 63 
0 1 6 13 18 25 41 48 54 61 
0 1 6 13 18 25 41 48 54 62 
0 1 6 13 18 25 41 48 55 62 
0 1 6 13 18 25 41 49 54 61 
0 1 6 13 18 25 41 49 55 60 
0 1 6 13 18 25 41 49 55 63 
0 1 6 13 18 25 42 47 54 62 
0 1 6 13 18 25 42 47 55 62 
0 1 6 13 18 25 42 47 55 63 
0 1 6 13 18 25 42 49 54 61 
0 1 6 13 18 25 42 49 55 60 
0 1 6 13 18 25 42 49 55 63 
0 1 6 13 18 25 42 50 54 66 
0 1 6 13 18 25 42 50 55 60 
0 1 6 13 18 25 42 50 55 62 
0 1 6 13 18 26 39 46 55 63 
0 1 6 13 18 26 39 47 55 62 
0 1 6 13 18 26 39 47 55 63 
0 1 6 13 18 26 41 46 55 63 
0 1 6 13 18 26 41 48 54 61 
0 1 6 13 18 26 41 48 55 62 
0 1 6 13 18 26 41 49 54 61 
0 1 6 13 18 26 41 49 55 60 
0 1 6 13 18 26 41 49 55 63 
0 1 6 13 18 26 42 47 55 62 
0 1 6 13 18 26 42 47 55 63 
0 1 6 13 18 26 42 49 54 61 
0 1 6 13 18 26 42 49 55 60 
0 1 6 13 18 26 42 49 55 63 
0 1 6 13 18 26 42 50 54 66 
0 1 6 13 18 26 42 50 55 60 
0 1 6 13 20 25 39 46 51 54 66 
0 1 6 13 20 25 39 46 55 63 
0 1 6 13 20 25 39 47 54 62 
0 1 6 13 20 25 39 47 55 62 
0 1 6 13 20 25 39 47 55 63 
0 1 6 13 20 25 41 46 55 63 
0 1 6 13 20 25 41 48 54 61 
0 1 6 13 20 25 41 48 54 62 
0 1 6 13 20 25 41 48 55 62 
0 1 6 13 20 25 41 49 54 61 
0 1 6 13 20 25 41 49 55 63 
0 1 6 13 20 25 42 47 54 62 
0 1 6 13 20 25 42 47 55 63 
0 1 6 13 20 25 42 49 54 61 
0 1 6 13 20 25 42 50 54 62 
0 1 6 13 20 25 42 50 54 66 
0 1 6 13 20 28 41 48 54 61 
0 1 6 13 20 28 41 48 54 62 
0 1 6 13 20 28 41 48 55 62 
0 1 6 13 20 28 41 49 54 61 
0 1 6 13 20 28 41 49 55 60 
0 1 6 13 20 28 41 49 55 63 
0 1 6 13 20 28 42 47 54 62 
0 1 6 13 20 28 42 47 55 62 
0 1 6 13 20 28 42 47 55 63 
0 1 6 13 20 28 42 49 54 61 
0 1 6 13 20 28 42 49 55 60 
0 1 6 13 20 28 42 49 55 63 
0 1 6 13 20 28 42 50 54 62 
0 1 6 13 20 28 42 50 54 66 
0 1 6 13 20 28 42 50 55 60 
0 1 6 13 20 28 42 50 55 62 
0 1 6 13 21 26 41 48 54 61 
0 1 6 13 21 26 41 48 54 62 
0 1 6 13 21 26 41 48 55 62 
0 1 6 13 21 26 41 49 54 61 
0 1 6 13 21 26 41 49 55 60 
0 1 6 13 21 26 42 47 54 62 
0 1 6 13 21 26 42 47 55 62 
0 1 6 13 21 26 42 47 55 63 
0 1 6 13 21 26 42 49 54 61 
0 1 6 13 21 26 42 49 55 60 
0 1 6 13 21 26 42 49 55 63 
0 1 6 13 21 26 42 50 54 62 
0 1 6 13 21 26 42 50 55 60 
0 1 6 13 21 28 41 48 54 61 
0 1 6 13 21 28 41 48 54 62 
0 1 6 13 21 28 41 48 55 62 
0 1 6 13 21 28 41 49 55 60 
0 1 6 13 21 28 41 49 55 63 
0 1 6 13 21 28 42 47 55 62 
0 1 6 13 21 28 42 47 55 63 
0 1 6 14 19 26 41 46 55 63 
0 1 6 14 19 26 41 48 54 61 
0 1 6 14 19 26 41 48 54 62 
0 1 6 14 19 26 41 48 55 62 
0 1 6 14 19 26 41 49 54 61 
0 1 6 14 19 26 41 49 55 60 
0 1 6 14 19 26 41 49 55 63 
0 1 6 14 19 26 42 49 55 60 
0 1 6 14 19 26 42 49 55 63 
0 1 6 14 19 26 42 50 54 62 
0 1 6 14 19 26 42 50 54 66 
0 1 6 14 19 26 42 50 55 60 
0 1 6 14 19 26 42 50 55 62 
0 1 6 14 21 26 41 48 55 62 
0 1 6 14 21 26 41 49 55 60 
0 1 6 14 21 26 42 47 55 62 
0 1 6 14 21 26 42 49 55 60 
0 1 6 14 21 26 42 50 55 60 
0 1 6 14 21 26 42 50 55 62 
0 1 8 13 20 25 39 46 51 52 66 
0 1 8 13 20 25 39 47 54 62 
0 1 8 13 20 25 42 47 54 62 
0 1 8 13 20 25 42 49 52 60 
0 1 8 13 20 25 42 49 54 61 
0 1 8 13 21 26 39 47 55 62 
0 1 8 13 21 26 42 47 55 62 
0 1 9 17 25 39 46 55 63 
0 1 9 17 25 39 47 54 62 
0 1 9 17 25 39 47 55 62 
0 1 9 17 25 39 47 55 63 
0 1 9 17 25 41 48 54 61 
0 1 9 17 25 41 48 54 62 
0 1 9 17 25 41 48 55 62 
0 2 7 14 19 26 41 49 53 60 
0 2 7 14 19 26 42 49 53 60 
0 2 7 14 21 26 41 48 53 61 
0 2 7 14 21 26 41 49 53 60 
0 2 7 14 21 26 41 49 53 61 
0 2 7 14 21 26 42 49 53 61 
0 2 7 14 21 28 41 48 53 61 
0 2 7 14 21 28 41 48 54 61 
0 2 7 14 21 28 41 48 54 62 
0 2 7 14 21 28 41 49 53 61 
0 2 7 14 21 28 41 49 54 61 
0 2 7 14 21 28 42 49 54 61 
0 2 7 14 21 28 42 50 54 62 
0 2 7 16 20 28 41 49 53 61 
0 2 7 16 20 28 41 49 54 61 
0 2 7 16 20 28 42 47 54 62 
0 2 7 16 20 28 42 49 54 61 
0 2 7 16 20 28 42 50 54 62 
0 2 9 17 25 41 48 53 61 
0 2 9 17 25 41 48 54 61 
0 2 9 17 25 41 48 54 62 
0 2 9 17 25 41 49 54 61 
0 2 10 17 25 41 48 53 61 
0 2 10 17 25 41 48 54 61 
0 2 10 17 25 41 49 53 61 
0 3 8 16 20 28 42 49 53 61 
0 3 10 17 25 33 39 46 51 59 
0 3 10 17 25 33 39 46 57 64 
0 3 10 18 25 33 39 46 57 64 
0 3 10 18 25 33 39 46 59 63 
0 3 10 18 26 33 39 46 57 64 
0 3 11 18 25 33 39 46 57 64 
0 3 11 18 25 33 39 46 59 63 
0 3 11 18 25 33 39 47 59 63 
0 4 11 18 25 32 39 46 56 63 
0 4 11 18 25 32 39 46 56 64 
0 4 11 18 25 32 39 46 57 64 
0 4 11 18 25 32 39 47 56 63 
0 4 11 18 25 32 39 47 57 65 
0 4 11 18 26 32 39 46 56 63 
0 4 11 18 26 32 39 46 56 64 
0 4 11 18 26 32 39 47 57 65 
0 4 12 17 25 32 39 47 57 65 
0 5 10 17 25 33 39 46 51 59 
0 5 10 17 25 33 39 46 57 64 
0 5 10 18 25 33 39 46 57 64 
0 5 10 18 25 33 39 46 59 63 
0 5 12 15 19 26 41 48 55 62 
0 5 12 15 19 26 41 48 56 64 
