0 1 7 20 27 28 34 41 47 54 61 67 80 87 94 101 108 115 
0 1 7 20 27 28 34 41 47 54 66 73 74 80 93 100 107 114 
0 1 7 20 27 28 34 41 47 54 66 73 74 80 94 100 107 114 
0 1 7 20 27 28 34 41 47 54 66 73 74 80 94 101 107 114 
0 1 7 20 27 28 34 41 47 54 66 73 74 80 94 101 108 114 
0 1 7 20 27 28 34 41 47 54 66 74 80 88 93 100 107 113 
0 1 7 20 27 28 34 41 47 54 66 74 80 88 93 100 107 114 
0 1 7 20 27 28 34 41 47 54 66 74 80 88 94 100 107 113 
0 1 7 20 27 28 34 41 47 54 66 74 80 88 94 100 107 114 
0 1 7 20 27 28 34 41 47 54 67 73 74 80 93 100 107 114 
0 1 7 20 27 28 34 41 47 54 67 73 74 80 94 100 107 114 
0 1 7 20 27 28 34 41 47 54 67 73 80 87 93 100 107 114 
0 1 7 20 27 28 34 41 48 54 66 73 74 80 93 100 107 114 
0 1 7 20 27 28 34 41 48 54 66 73 74 80 94 100 107 114 
0 1 7 20 27 28 34 41 48 54 66 73 74 80 94 101 107 114 
0 1 7 20 27 28 34 41 48 54 66 73 74 80 94 101 108 114 
0 1 7 20 27 28 34 41 48 54 66 74 80 88 93 100 106 113 
0 1 7 20 27 28 34 41 48 54 66 74 80 88 93 100 107 113 
0 1 7 20 27 28 34 41 48 54 66 74 80 88 93 100 107 114 
0 1 7 20 27 28 34 41 48 54 66 74 80 88 94 100 107 114 
0 1 7 20 27 28 34 41 48 54 66 74 80 88 94 101 107 114 
0 1 7 20 27 28 34 41 48 54 67 73 74 80 93 100 107 114 
0 1 7 20 27 28 34 41 48 54 67 73 74 80 94 101 107 114 
0 1 7 20 27 28 34 41 48 54 67 73 74 80 94 101 108 114 
0 1 7 20 27 28 34 41 48 54 67 73 74 80 94 101 108 115 
0 1 7 20 27 28 35 41 48 54 61 68 81 87 94 101 108 115 
0 1 7 20 27 28 35 41 48 54 66 73 74 80 93 100 107 114 
0 1 7 20 27 28 35 41 48 54 66 73 74 80 94 101 107 114 
0 1 7 20 27 28 35 41 48 54 66 73 74 80 94 101 108 114 
0 1 7 20 27 28 35 41 48 54 66 74 80 88 93 100 107 114 
0 1 7 20 27 28 35 41 48 54 66 74 80 88 94 101 107 114 
0 1 7 20 27 28 35 41 48 54 67 73 74 80 94 101 107 114 
0 1 7 21 27 28 34 41 47 54 66 73 74 80 94 100 107 114 
0 1 7 21 27 28 34 41 47 54 66 73 74 80 94 101 107 114 
0 1 7 21 27 28 34 41 47 54 66 73 74 80 94 101 108 114 
0 1 7 21 27 28 34 41 47 54 66 74 80 88 94 100 107 114 
0 1 7 21 27 28 34 41 47 54 66 74 80 88 94 101 107 114 
0 1 7 21 27 28 34 41 47 54 67 73 74 80 94 101 107 114 
0 1 7 21 27 28 34 41 47 54 67 73 74 80 94 101 108 114 
0 1 7 21 27 28 34 41 48 54 66 73 74 80 94 101 108 114 
0 1 7 21 27 34 41 47 54 58 66 73 74 80 94 101 107 114 
0 1 7 21 27 34 41 47 54 58 66 73 74 80 94 101 108 114 
0 1 7 21 27 34 41 47 54 58 66 73 74 80 95 101 108 114 
0 1 7 21 27 34 41 47 54 58 66 74 80 88 94 101 107 114 
0 1 7 21 27 35 41 48 54 58 66 73 74 80 95 101 108 114 
0 1 7 21 27 35 41 48 54 58 66 74 80 88 94 101 107 114 
0 1 7 21 27 35 41 48 54 58 67 73 74 80 94 101 107 114 
0 1 7 21 27 35 41 48 54 58 67 73 74 80 94 101 108 114 
0 1 8 15 21 35 41 48 54 58 67 73 74 80 94 101 108 115 
0 1 8 15 21 35 41 48 55 58 67 73 80 87 95 101 108 115 
0 1 14 16 31 43 44 46 58 72 73 75 90 91 103 106 
