0 2 8 12 23 28 30 32 38 44 61 66 72 76 93 97 108 112 
0 2 8 12 23 28 30 32 38 44 61 66 72 76 93 98 108 112 
0 2 8 12 23 28 30 32 38 44 61 72 76 90 93 97 108 112 
0 2 8 12 23 28 30 32 38 44 62 66 72 76 93 97 108 112 
0 2 8 12 23 28 30 32 38 44 62 66 72 76 97 102 108 112 
0 2 8 12 23 28 30 32 44 47 61 66 72 76 93 97 108 112 
0 2 8 12 23 28 30 32 44 47 61 66 72 76 93 98 108 112 
0 2 8 12 23 28 30 32 44 47 61 72 76 90 93 97 108 112 
0 2 8 12 23 28 30 32 44 47 62 66 72 76 93 97 108 112 
0 2 8 12 23 28 30 32 44 47 62 66 72 76 93 98 108 112 
0 2 8 12 23 28 30 32 44 47 62 66 72 76 97 102 108 112 
0 2 8 12 23 28 30 32 44 47 62 66 72 76 98 102 108 112 
0 2 8 12 23 28 30 32 44 47 62 66 72 77 93 97 108 112 
0 2 8 12 23 28 30 32 44 47 62 66 72 77 93 98 108 112 
0 2 8 12 23 28 30 32 44 47 62 66 76 81 97 102 108 112 
0 2 8 12 23 28 30 32 44 47 62 66 76 81 98 102 108 112 
0 2 8 12 23 28 30 32 44 47 62 66 76 81 98 102 108 113 
0 2 8 12 23 28 30 32 44 47 62 66 77 81 93 97 108 112 
0 2 8 12 23 28 30 32 44 47 62 66 77 81 98 102 108 112 
0 2 8 12 23 28 30 32 44 47 62 66 77 81 98 102 108 113 
0 2 8 12 23 28 30 32 44 47 62 66 77 81 98 102 113 117 
0 2 8 12 23 28 30 32 44 47 62 72 76 90 93 97 108 112 
0 2 8 12 23 28 30 33 44 47 62 66 77 81 93 97 108 112 
0 2 8 12 23 28 30 33 44 47 62 66 77 81 98 102 108 112 
0 2 8 12 23 28 32 43 44 47 61 72 76 90 93 97 108 112 
0 2 8 12 23 28 32 43 44 47 62 66 72 76 93 97 108 112 
0 2 8 12 23 28 32 43 44 47 62 66 77 81 98 102 108 112 
0 2 14 17 32 43 44 47 58 61 72 76 90 92 103 107 
