0 1 4 8 20 25 30 33 40 45 63 75 80 88 92 96 108 113 
0 1 4 8 20 25 30 33 40 45 63 75 80 88 92 97 108 113 
0 1 4 8 20 25 30 33 40 45 64 71 75 88 92 96 108 113 
0 1 4 8 20 25 30 33 40 45 64 71 75 88 92 97 104 108 
0 1 4 8 20 25 30 33 40 45 64 71 75 88 92 97 104 109 
0 1 4 8 20 25 30 33 40 45 64 71 75 88 92 97 108 113 
0 1 4 8 20 25 30 33 40 45 64 71 75 88 92 97 109 113 
0 1 4 8 20 25 30 33 40 45 64 71 76 88 92 96 108 113 
0 1 4 8 20 25 30 33 40 45 64 71 76 88 92 97 104 108 
0 1 4 8 20 25 30 33 40 45 64 71 76 88 92 97 104 109 
0 1 4 8 20 25 30 33 40 45 64 71 76 88 92 97 108 113 
0 1 4 8 20 25 30 33 40 45 64 75 80 88 92 96 108 113 
0 1 4 8 20 25 30 33 40 45 64 76 80 88 92 96 108 113 
0 1 6 14 20 28 31 34 43 45 63 73 76 95 102 109 116 
0 1 8 12 24 32 49 56 57 59 63 68 75 80 96 100 112 117 
0 1 8 12 24 32 49 56 57 59 63 68 75 80 96 101 108 112 
0 1 8 12 24 32 49 56 57 59 63 68 75 80 96 101 108 113 
0 1 8 12 24 32 49 56 57 59 63 68 75 80 96 101 112 117 
0 1 8 12 24 32 49 56 57 59 63 68 75 80 96 101 113 117 
0 1 8 12 24 32 49 56 57 59 63 75 80 88 96 101 108 113 
0 1 8 12 24 32 49 56 57 59 64 68 75 80 96 101 108 113 
0 1 8 12 24 32 49 56 57 59 64 75 80 88 96 101 108 113 
0 1 8 12 24 33 40 45 56 59 63 68 75 80 96 100 112 117 
0 1 8 12 24 33 40 45 56 59 63 68 75 80 96 101 108 113 
0 1 8 12 24 33 40 45 56 59 63 68 75 80 96 101 112 117 
0 1 8 12 24 33 40 45 56 59 63 68 75 80 96 101 113 117 
0 1 8 12 24 33 40 45 56 59 63 75 80 88 96 101 108 113 
0 1 8 12 24 33 40 45 56 59 64 68 75 80 96 101 108 113 
0 1 8 12 24 33 40 45 56 59 64 71 75 88 96 101 108 113 
0 1 8 12 24 33 40 45 56 59 64 71 76 88 96 101 108 113 
0 1 8 12 24 33 40 45 56 59 64 75 80 88 96 101 108 113 
0 1 8 12 24 33 40 45 56 59 64 76 80 88 96 101 108 113 
0 1 8 12 24 33 40 56 57 59 63 68 75 80 96 100 112 117 
0 1 8 12 24 33 40 56 57 59 63 68 75 80 96 101 108 113 
0 1 8 12 24 33 40 56 57 59 63 68 75 80 96 101 112 117 
0 1 8 12 24 33 40 56 57 59 63 68 75 80 96 101 113 117 
0 1 8 12 24 33 40 56 57 59 64 68 75 80 96 101 108 113 
0 1 8 12 24 33 40 56 57 59 64 75 80 88 96 101 108 113 
0 1 8 12 24 33 40 56 57 59 64 76 80 88 96 101 108 113 
0 1 8 12 24 33 45 49 56 59 63 68 75 80 96 101 108 113 
0 1 8 12 24 33 45 49 56 59 63 68 75 80 96 101 112 117 
0 1 8 12 24 33 45 49 56 59 63 68 75 80 96 101 113 117 
0 1 8 12 24 33 49 56 57 59 63 68 75 80 96 101 108 113 
0 1 8 12 24 33 49 56 57 59 63 68 75 80 96 101 112 117 
0 1 8 12 24 33 49 56 57 59 63 68 75 80 96 101 113 117 
0 1 8 12 24 33 49 56 57 59 63 75 80 88 96 101 108 113 
0 1 8 12 24 33 49 56 57 59 64 68 75 80 96 101 108 113 
0 1 8 12 24 33 49 56 57 59 64 75 80 88 96 101 108 113 
0 1 8 14 20 24 33 45 49 56 63 68 75 80 96 101 108 113 
0 1 8 14 20 24 33 49 56 57 63 68 75 80 96 101 108 113 
0 1 8 14 20 24 33 49 56 57 64 75 80 88 96 101 108 113 
0 1 8 14 20 25 30 33 40 45 64 71 76 88 92 97 104 108 
0 1 8 14 20 25 30 33 40 45 64 71 76 88 92 97 104 109 
0 1 8 14 20 25 32 49 56 57 64 75 80 88 92 97 109 113 
0 1 8 14 20 25 33 40 45 56 63 68 75 80 96 101 108 113 
0 1 8 14 20 25 33 40 45 56 64 71 76 88 92 97 104 109 
0 1 8 14 20 25 33 40 45 56 64 75 80 88 96 101 108 113 
0 1 8 14 20 25 33 40 56 57 64 68 71 75 97 101 108 113 
0 3 10 17 24 35 42 49 56 65 72 79 89 91 98 105 112 
0 4 9 16 21 30 33 40 45 52 58 63 68 75 80 93 100 105 112 117 
