0 1 5 16 20 24 32 37 41 52 56 61 72 76 90 95 99 103 114 
0 1 5 16 20 24 32 37 41 52 56 68 72 76 90 95 99 103 114 
0 1 5 16 20 25 32 37 41 52 56 59 63 67 72 76 100 104 109 113 
0 1 11 16 20 32 37 41 52 56 68 72 76 90 91 95 99 110 114 
0 1 12 16 20 30 32 37 41 52 68 72 76 90 91 95 99 110 114 
0 1 12 16 20 30 33 37 48 52 68 72 76 90 91 95 99 110 114 
0 2 6 10 21 25 32 36 47 51 60 63 67 72 76 94 105 109 113 
0 2 6 10 21 25 32 44 47 51 59 63 67 71 82 100 104 109 113 
0 2 6 10 21 25 32 44 47 51 59 63 67 78 82 88 100 105 109 
0 2 6 10 21 25 32 44 47 51 59 63 67 78 82 100 104 109 113 
0 2 6 10 21 25 32 44 47 51 60 63 67 71 82 94 105 109 113 
0 2 6 10 21 25 32 44 47 51 60 63 67 72 76 94 105 109 113 
0 2 6 10 21 25 32 44 47 51 60 63 67 72 82 94 105 109 113 
0 2 6 10 21 25 32 44 47 51 60 63 67 78 82 88 94 105 109 
0 2 6 11 21 32 36 47 51 59 67 72 76 90 92 107 110 
0 2 7 18 22 28 32 43 44 47 61 72 76 90 98 102 107 
0 2 7 18 22 28 32 43 44 47 61 72 76 90 98 102 113 
0 2 7 18 22 28 32 43 44 47 61 72 76 90 98 103 107 
0 2 7 18 22 28 32 43 44 47 61 72 76 98 102 113 117 
0 2 7 18 22 28 32 43 44 47 67 71 76 98 102 113 117 
0 2 7 18 22 28 32 43 44 47 67 71 82 98 102 113 117 
0 2 7 18 22 28 32 43 44 47 67 72 76 98 102 113 117 
0 2 7 18 22 32 43 44 47 61 72 76 90 93 97 102 113 
0 2 7 18 22 32 43 44 47 61 72 76 93 97 102 113 117 
0 2 7 18 22 32 43 44 47 61 72 76 93 98 102 113 117 
0 2 7 18 22 32 43 44 47 62 66 71 82 93 97 108 112 
0 2 7 18 22 32 43 44 47 67 71 76 93 97 102 113 117 
0 2 7 18 22 32 43 44 47 67 71 76 93 97 108 113 117 
0 2 7 18 22 32 43 44 47 67 71 76 93 98 102 113 117 
0 2 7 18 22 32 43 44 47 67 71 82 93 97 102 113 117 
0 2 7 18 22 32 43 44 47 67 72 76 93 97 102 113 117 
0 2 7 18 22 32 43 44 47 67 72 76 93 97 108 112 117 
0 2 7 18 23 28 32 43 44 47 61 72 76 90 98 102 107 
0 2 14 17 32 43 44 47 58 61 72 76 90 92 103 107 
0 2 14 17 32 43 44 47 58 67 71 76 93 97 108 112 117 
0 2 14 18 22 32 43 44 47 67 71 76 93 97 102 113 117 
0 3 7 12 23 28 32 44 47 52 62 66 71 82 92 103 107 112 
0 3 7 12 23 28 32 44 47 52 62 66 71 82 92 103 108 112 
0 3 7 12 23 28 32 44 47 52 62 67 71 82 92 103 107 112 
0 3 7 12 23 28 32 44 47 52 62 67 71 82 92 103 108 112 
0 3 7 12 23 28 32 44 48 52 62 66 71 82 92 103 108 112 
0 3 7 12 23 32 44 47 52 58 62 66 71 82 92 103 107 112 
0 3 7 12 23 32 44 47 52 58 62 66 71 82 92 103 108 112 
0 3 8 12 23 28 32 44 47 52 62 66 71 82 92 103 108 112 
0 3 8 12 23 32 44 48 52 58 62 67 71 82 92 103 108 112 
