0 1 4 19 24 27 41 46 51 59 62 67 72 77 82 101 106 111 
0 1 4 19 24 27 41 46 51 59 65 73 77 82 101 106 111 116 
0 1 4 19 24 27 41 46 51 59 67 72 77 82 101 106 111 116 
0 1 4 19 24 27 41 46 51 59 72 73 77 82 101 106 111 116 
0 1 4 19 24 27 41 46 51 62 65 77 82 88 96 99 102 
0 1 4 19 24 27 41 46 51 62 67 72 77 82 96 101 106 111 
0 1 4 19 24 27 41 46 51 67 72 77 82 96 101 106 111 116 
0 1 4 19 24 27 41 46 51 72 73 77 82 96 101 106 111 116 
0 1 6 11 16 21 26 33 38 44 48 64 69 82 88 98 103 108 
0 1 6 11 16 21 26 33 38 44 48 64 69 87 88 98 103 108 
0 1 6 11 16 21 26 33 38 44 48 64 69 87 98 103 108 113 
0 1 6 11 16 21 26 33 38 44 48 65 70 73 75 98 103 108 
0 1 6 11 16 21 26 33 38 44 48 65 70 73 75 99 104 109 
0 1 6 11 16 21 26 33 38 44 48 65 70 73 82 98 103 108 
0 1 6 11 16 21 26 33 38 44 48 65 70 75 98 103 108 113 
0 1 6 11 16 21 26 33 38 44 48 65 70 75 99 104 109 114 
0 1 6 11 16 21 33 38 44 48 64 69 87 88 93 98 103 108 
0 1 6 11 16 21 33 38 44 48 64 69 87 88 93 98 103 115 
0 1 6 11 16 21 33 38 44 48 64 69 87 93 98 103 108 113 
0 1 6 11 16 21 33 38 44 48 65 70 73 75 93 98 103 108 
0 1 6 11 16 21 33 38 44 48 65 70 73 75 93 98 103 116 
0 1 6 11 16 21 33 38 44 48 65 70 75 93 98 103 113 116 
0 1 6 11 16 21 33 38 44 56 64 69 87 88 93 98 103 108 
0 1 6 11 16 21 33 38 44 56 64 69 87 88 93 98 103 115 
0 1 6 11 16 21 33 38 44 56 64 69 87 93 98 103 108 113 
0 1 6 11 16 21 33 38 44 56 64 77 87 88 93 98 103 115 
0 1 6 11 16 21 33 38 44 56 65 70 73 75 93 98 103 108 
0 1 6 11 16 21 33 38 44 56 65 70 73 75 93 98 103 116 
0 1 6 11 16 21 33 38 44 56 65 70 73 75 94 99 104 109 
0 1 6 11 16 21 33 38 44 56 65 70 73 75 94 99 104 116 
0 1 6 11 16 21 33 38 44 56 65 70 75 93 98 103 108 113 
0 1 6 11 16 21 33 38 44 56 65 70 75 93 98 103 113 116 
0 1 6 11 16 26 33 38 44 48 59 65 70 73 75 99 104 109 
0 1 6 11 16 26 33 38 44 48 59 65 70 75 99 104 109 114 
0 1 6 11 16 26 33 38 48 51 59 65 70 73 75 99 104 109 
0 1 6 11 16 26 33 38 48 51 59 65 70 73 82 99 104 109 
0 1 6 11 16 33 38 44 48 58 64 69 87 88 93 98 103 108 
0 1 6 11 16 33 38 44 48 58 64 69 87 93 98 103 108 113 
0 1 6 11 16 33 38 44 48 58 65 70 73 75 93 98 103 108 
0 1 6 11 16 33 38 44 48 58 65 70 73 75 93 98 103 116 
0 1 6 11 16 33 38 44 48 58 65 70 73 75 93 98 108 111 
0 1 6 11 16 33 38 44 48 58 65 70 73 75 93 98 111 116 
0 1 6 11 16 33 38 44 48 58 65 70 75 93 98 103 108 113 
0 1 6 11 16 33 38 44 48 58 65 70 75 93 98 103 113 116 
0 1 6 11 16 33 38 44 48 59 65 70 73 75 94 99 104 109 
0 1 6 11 16 33 38 44 48 59 65 70 73 75 94 99 104 116 
0 1 6 11 16 33 38 44 48 59 65 70 73 75 94 99 111 116 
0 1 6 11 16 33 38 48 51 58 64 69 82 88 93 98 103 108 
0 1 6 11 16 33 38 48 51 58 64 69 82 88 93 98 103 115 
0 1 6 11 16 33 38 48 51 58 65 70 73 75 93 98 108 111 
0 1 6 11 16 33 38 48 51 58 65 70 73 75 93 98 111 116 
0 1 6 11 16 33 38 48 51 58 65 70 73 82 93 98 103 108 
0 1 6 11 16 33 38 48 51 58 65 70 73 82 93 98 103 116 
0 1 6 11 16 33 38 48 51 58 65 70 73 82 93 98 108 111 
0 1 6 11 16 33 38 48 51 58 65 70 75 93 98 103 108 113 
0 1 6 11 16 33 38 48 51 58 65 70 75 93 98 103 113 116 
0 1 6 11 16 33 38 48 51 59 65 70 73 75 94 99 104 116 
0 1 6 11 16 33 38 48 51 59 65 70 73 75 94 99 111 116 
0 1 6 11 16 33 38 51 56 58 64 69 87 88 93 98 103 108 
0 1 6 11 16 33 38 51 56 58 64 69 87 88 93 98 103 115 
0 1 6 11 16 33 38 51 56 58 64 69 87 88 93 98 110 115 
0 1 6 11 16 33 38 51 56 58 64 69 87 93 98 103 108 113 
0 1 6 11 16 33 38 51 56 58 65 70 73 75 93 98 111 116 
0 1 6 11 16 33 38 51 56 58 65 70 75 93 98 103 108 113 
0 1 6 11 16 33 38 51 56 59 65 70 73 75 94 99 111 116 
0 1 6 11 23 26 33 38 44 48 59 64 69 87 107 110 113 
0 1 6 11 23 33 38 44 56 58 64 69 87 88 93 98 103 108 
0 1 6 11 23 33 38 51 56 58 64 69 87 88 93 98 103 108 
0 1 6 11 23 33 38 51 56 58 64 69 87 88 93 98 103 115 
0 1 6 19 24 33 38 44 56 59 64 69 87 102 107 112 
0 2 7 12 17 22 40 45 50 65 73 77 82 94 99 104 116 
0 2 7 12 17 40 45 50 59 65 73 77 82 94 99 104 116 
0 2 7 12 17 40 45 50 59 65 73 77 82 94 99 111 116 
0 2 11 15 32 41 43 45 58 61 70 87 90 92 101 105 
0 10 14 16 46 49 52 63 73 81 84 90 94 97 100 
