0 1 5 9 16 20 24 31 37 41 45 62 66 70 80 98 106 115 
0 1 5 9 16 20 24 31 37 41 45 62 66 80 86 98 106 115 
0 1 5 9 16 20 24 31 37 41 45 62 66 80 87 98 106 115 
0 1 5 9 16 20 24 31 37 41 45 62 66 81 86 98 106 115 
0 1 5 9 16 20 24 31 37 41 45 62 70 80 98 106 112 115 
0 1 5 9 16 20 24 31 37 41 45 62 80 86 98 106 112 115 
0 1 5 9 16 20 24 31 37 41 45 62 80 87 98 106 112 115 
0 1 5 9 16 20 24 31 37 41 46 62 66 81 86 98 106 115 
0 1 5 9 16 20 24 37 41 45 62 66 70 76 80 98 106 115 
0 1 5 9 16 20 24 37 41 45 62 66 76 80 86 98 106 115 
0 1 5 9 16 20 24 37 41 45 62 66 76 80 87 98 106 115 
0 1 5 9 16 20 24 37 41 45 62 66 76 81 86 98 106 115 
0 1 5 9 16 20 24 37 41 45 62 70 76 80 98 106 112 115 
0 1 5 9 16 20 24 37 41 45 62 76 80 86 98 106 112 115 
0 1 5 9 16 24 31 37 41 45 62 66 70 80 91 98 106 115 
0 1 5 9 16 24 31 37 41 45 62 70 80 91 98 106 112 115 
0 1 5 9 16 24 31 37 45 54 62 66 70 80 91 98 106 115 
0 1 5 9 16 24 31 37 45 54 62 70 80 91 98 106 112 115 
0 1 5 9 20 24 31 35 41 45 50 62 66 70 98 101 106 115 
0 1 5 9 20 24 31 35 41 45 50 62 66 70 101 106 110 115 
0 1 5 9 20 24 31 37 41 45 62 66 70 80 98 101 106 115 
0 1 5 9 20 24 31 37 41 45 62 66 80 86 98 101 106 115 
0 1 5 9 20 24 31 37 41 45 62 66 80 87 98 101 106 115 
0 1 5 9 20 24 31 37 41 45 62 66 80 87 101 106 110 115 
0 1 5 9 20 24 31 37 41 45 62 66 81 86 98 101 106 115 
0 1 5 9 20 24 31 41 45 49 62 66 70 80 98 101 106 115 
0 1 5 9 20 24 31 41 45 49 62 66 70 80 101 106 110 115 
0 1 5 9 20 24 31 41 45 50 62 66 70 80 98 101 106 115 
0 1 5 9 20 24 31 41 45 50 62 66 70 80 101 106 110 115 
0 1 5 9 20 24 31 41 45 50 62 66 70 81 98 101 106 115 
0 1 5 9 20 24 31 41 45 50 62 66 81 86 98 101 106 115 
0 1 5 9 20 24 35 41 45 50 62 66 70 76 98 101 106 115 
0 1 5 9 20 24 41 45 50 62 66 70 76 81 98 101 106 115 
0 1 5 9 20 24 41 45 50 62 66 76 81 86 98 101 106 115 
0 1 5 9 24 31 37 45 54 66 70 74 80 91 101 106 110 115 
0 1 5 9 24 31 45 49 54 66 70 74 80 91 101 106 110 115 
0 1 6 11 16 21 32 37 42 43 63 80 86 107 112 115 
0 1 6 11 16 21 32 37 43 63 80 86 97 107 112 115 
