0 1 4 10 17 24 30 35 55 65 72 79 86 90 97 103 110 
0 1 8 15 22 33 40 47 54 59 64 71 77 87 95 109 115 
0 1 8 15 22 33 40 47 54 59 64 71 78 87 95 109 115 
0 1 9 15 22 33 40 47 54 59 64 71 77 87 95 109 115 
0 2 5 11 21 25 36 41 45 55 60 64 69 78 89 98 105 114 
0 2 6 11 15 20 29 31 36 40 59 64 71 80 95 104 109 113 
0 2 6 11 15 20 29 31 36 40 59 64 71 80 95 104 109 114 
0 2 6 11 15 20 29 31 36 40 59 64 71 80 95 105 109 114 
0 2 6 11 15 20 29 31 36 40 59 64 80 85 95 104 109 113 
0 2 6 11 15 20 29 31 36 40 59 64 80 85 95 104 109 114 
0 2 6 11 15 20 29 31 36 40 64 71 80 95 100 104 109 114 
0 2 6 11 15 20 29 31 36 40 64 71 80 95 100 105 109 114 
0 2 6 11 15 20 29 31 36 40 64 80 85 95 100 104 109 114 
0 2 6 11 15 20 29 31 40 47 59 64 71 80 95 104 109 113 
0 2 6 11 15 20 29 31 40 47 59 64 71 80 95 104 109 114 
0 2 6 11 15 20 29 31 40 47 59 64 71 80 95 105 109 114 
0 2 6 11 15 20 29 31 40 47 64 71 80 95 100 104 109 114 
0 2 6 11 15 20 29 31 40 47 64 71 80 95 100 105 109 114 
0 2 6 11 15 20 31 36 40 45 59 64 68 71 95 104 109 113 
0 2 6 11 15 20 31 36 40 45 59 64 68 85 95 104 109 113 
0 2 6 11 15 29 31 40 47 59 64 71 80 91 95 105 109 114 
0 2 6 11 15 29 31 40 47 64 71 80 91 95 100 105 109 114 
0 2 6 11 16 20 25 29 31 36 40 60 64 80 100 105 109 114 
0 2 6 11 16 20 25 29 31 36 40 64 71 80 100 105 109 114 
0 2 6 11 16 20 25 29 31 36 40 64 80 85 93 100 109 114 
0 2 6 11 16 20 25 29 31 36 40 64 80 85 100 104 109 114 
0 2 6 11 16 20 25 29 31 36 40 64 80 85 100 105 109 114 
0 2 6 11 16 20 25 29 31 40 47 64 71 80 100 105 109 114 
0 2 6 11 16 20 25 31 36 40 45 60 64 69 93 100 109 114 
0 2 6 11 16 20 25 31 36 40 45 60 64 80 100 105 109 114 
0 2 6 11 16 20 25 31 36 40 45 64 68 85 93 100 109 114 
0 2 6 11 16 20 25 31 36 40 45 64 69 85 93 100 109 114 
0 2 6 11 16 20 25 31 36 40 45 64 71 80 100 105 109 114 
0 2 6 11 16 20 25 31 36 40 45 64 80 85 93 100 109 114 
0 2 6 11 16 20 25 31 36 40 45 64 80 85 100 104 109 114 
0 2 6 11 16 20 25 31 36 40 45 64 80 85 100 105 109 114 
0 2 6 11 16 20 29 31 36 40 64 71 80 95 100 104 109 114 
0 2 6 11 16 20 29 31 36 40 64 71 80 95 100 105 109 114 
0 2 6 11 16 20 29 31 36 40 64 71 80 96 100 105 109 114 
0 2 6 11 16 20 29 31 36 40 64 80 85 95 100 104 109 114 
0 2 6 11 16 20 29 31 40 47 64 71 80 95 100 104 109 114 
0 2 6 11 16 20 29 31 40 47 64 71 80 95 100 105 109 114 
0 2 6 11 16 20 29 31 40 47 64 71 80 96 100 105 109 114 
0 2 6 11 16 20 31 36 40 45 64 71 80 95 100 104 109 114 
0 2 6 11 16 20 31 36 40 45 64 71 80 95 100 105 109 114 
0 2 6 11 16 20 31 36 40 45 64 71 80 96 100 105 109 114 
0 2 6 11 16 20 31 36 40 45 64 80 85 95 100 104 109 114 
0 2 6 11 16 25 29 31 36 40 64 71 80 91 100 105 109 114 
0 2 6 11 16 25 29 31 36 40 64 80 85 91 100 105 109 114 
0 2 6 11 16 25 29 31 40 47 64 71 80 91 100 105 109 114 
0 2 6 11 16 29 31 36 40 64 71 80 91 95 100 105 109 114 
0 2 6 11 16 29 31 36 40 64 71 80 91 96 100 105 109 114 
0 2 6 11 16 29 31 40 47 64 71 80 91 95 100 105 109 114 
0 2 6 11 16 29 31 40 47 64 71 80 91 96 100 105 109 114 
0 2 6 11 20 29 31 36 40 58 64 71 80 95 100 104 109 114 
0 2 6 11 20 29 31 36 40 58 64 71 80 95 100 105 109 114 
0 2 6 11 20 29 31 36 40 58 64 80 85 95 100 104 109 114 
0 2 6 11 20 29 31 36 52 58 64 80 85 95 100 104 109 114 
0 2 6 11 20 29 31 40 47 58 64 71 80 95 100 104 109 114 
0 2 6 11 20 29 31 40 47 58 64 71 80 95 100 105 109 114 
0 2 6 11 20 29 31 47 52 58 64 71 80 95 100 104 109 114 
0 2 6 11 20 29 31 47 52 58 64 71 80 95 100 105 109 114 
0 2 6 11 20 31 36 40 45 58 64 80 85 95 100 104 109 114 
0 2 6 11 20 31 36 45 52 58 64 80 85 95 100 104 109 114 
0 2 6 11 20 31 36 45 52 58 68 71 75 95 100 104 109 113 
0 2 6 11 20 31 36 45 52 58 68 75 85 95 100 104 109 113 
0 2 7 11 16 20 25 31 36 40 45 64 68 85 93 100 109 114 
0 2 7 11 16 20 25 31 36 40 45 64 69 85 93 100 109 114 
0 2 7 11 16 20 25 31 36 40 45 64 71 80 100 105 109 114 
0 2 7 11 16 20 25 31 36 40 45 64 80 85 100 105 109 114 
0 2 7 11 16 20 25 31 36 45 52 60 64 69 93 100 109 114 
0 2 7 11 16 20 25 31 36 45 52 60 64 69 100 105 109 114 
0 2 7 11 16 20 25 31 36 45 52 60 64 80 100 105 109 114 
0 2 7 11 16 20 25 31 36 45 52 60 69 75 93 100 109 114 
0 2 7 11 16 20 25 31 36 45 52 60 69 75 100 105 109 114 
0 2 7 11 16 20 25 31 36 45 52 60 69 76 93 100 109 114 
0 2 7 11 16 20 25 31 36 45 52 60 69 76 100 105 109 114 
0 2 7 11 16 20 25 31 36 45 52 60 75 80 100 105 109 114 
0 2 7 11 16 20 25 31 36 45 52 60 76 80 100 105 109 114 
0 2 7 11 16 20 25 31 36 45 52 64 68 85 93 100 109 114 
0 2 7 11 16 20 25 31 36 45 52 64 69 85 93 100 109 114 
0 2 7 11 16 20 25 31 36 45 52 64 71 80 100 105 109 114 
0 2 7 11 16 20 25 31 36 45 52 64 80 85 93 100 109 114 
0 2 7 11 16 20 25 31 36 45 52 68 75 85 93 100 109 114 
0 2 7 11 16 20 25 31 36 45 52 68 76 85 93 100 109 114 
0 2 7 11 16 20 25 31 36 45 52 69 75 85 93 100 109 114 
0 2 7 11 16 20 25 31 36 45 52 71 75 80 100 105 109 114 
0 2 7 11 16 20 25 31 36 45 52 71 76 80 100 105 109 114 
0 2 7 11 16 20 31 36 45 52 64 71 80 95 100 105 109 114 
0 2 7 11 16 20 31 36 45 52 64 71 80 96 100 105 109 114 
0 2 7 11 16 20 31 36 45 52 71 75 80 95 100 105 109 114 
0 2 7 11 16 21 25 31 36 41 45 60 64 69 89 98 105 114 
0 2 7 11 16 21 25 31 36 41 45 60 64 69 89 105 109 114 
0 2 7 11 16 21 25 31 36 41 45 60 64 80 89 98 105 114 
0 2 7 11 16 21 25 31 36 41 45 60 64 80 100 105 109 114 
0 2 7 11 16 21 25 31 36 41 45 64 71 80 89 105 109 114 
0 2 7 11 16 21 25 31 36 41 45 64 71 80 100 105 109 114 
0 2 7 11 16 21 25 31 36 45 52 60 69 75 100 105 109 114 
0 2 7 11 16 21 25 31 36 45 52 60 69 76 100 105 109 114 
0 2 7 11 16 21 25 31 36 45 52 60 75 80 100 105 109 114 
0 2 7 11 16 21 25 31 36 45 52 64 71 80 89 105 109 114 
0 2 7 11 16 21 25 31 36 45 52 64 71 80 100 105 109 114 
0 2 7 11 16 21 25 31 36 45 52 71 75 80 100 105 109 114 
0 2 7 11 16 21 31 36 45 52 64 71 80 89 95 105 109 114 
0 2 7 11 16 21 31 36 45 52 64 71 80 89 96 105 109 114 
0 2 7 11 16 21 31 36 45 52 64 71 80 95 100 105 109 114 
0 2 7 11 16 25 31 36 45 52 64 71 80 91 100 105 109 114 
0 2 8 15 22 33 40 47 54 59 64 71 77 87 95 109 115 
0 2 8 15 22 33 40 47 54 59 64 71 78 87 95 109 115 
0 2 8 16 22 33 40 47 54 59 64 71 77 87 95 109 115 
0 2 9 15 22 33 40 47 54 59 64 71 77 87 95 109 115 
0 2 9 15 22 33 40 47 54 59 64 71 78 87 95 109 115 
0 2 9 15 23 33 40 47 54 59 64 71 77 87 95 109 115 
0 2 9 16 22 33 40 47 54 59 64 71 77 87 95 109 115 
0 2 9 16 22 33 40 47 54 59 64 71 78 87 95 109 115 
0 2 9 16 23 33 40 47 54 59 64 71 78 87 95 109 115 
