0 1 4 14 19 24 40 45 50 59 62 65 75 80 102 106 111 
0 1 4 14 19 24 40 45 50 59 62 75 80 87 98 102 111 
0 1 4 14 19 24 40 45 50 59 62 75 80 87 102 106 111 
0 1 4 14 19 24 40 45 50 59 65 70 75 80 102 106 111 
0 1 4 14 19 24 40 45 50 59 70 75 80 87 102 106 111 
0 1 4 14 19 24 40 45 50 60 65 70 75 80 96 102 106 
0 1 4 14 19 24 40 45 50 65 70 75 80 96 102 106 111 
0 1 6 11 16 21 32 37 42 43 47 62 67 72 98 103 108 
0 1 6 11 16 21 32 37 43 47 62 67 72 87 93 98 103 
0 1 6 11 16 21 32 37 43 55 62 67 72 87 93 98 103 
0 1 6 11 16 21 32 37 43 55 62 67 72 93 98 103 108 
0 1 6 11 16 32 37 43 47 59 62 67 72 87 93 98 103 
0 1 6 11 16 32 37 43 47 59 62 67 72 93 98 103 108 
0 1 6 11 16 32 37 47 50 59 62 67 80 87 93 98 103 
0 1 6 11 16 32 37 50 55 59 62 67 72 87 93 98 111 
0 1 6 18 23 32 37 43 55 62 67 72 99 101 104 109 
0 1 6 18 23 32 37 43 55 63 68 73 99 101 104 109 
0 1 6 18 23 32 37 43 55 63 68 73 100 101 105 110 
0 1 6 18 23 32 37 50 55 62 67 72 99 101 104 109 
0 1 13 18 23 32 37 50 55 62 67 72 94 99 104 109 
0 1 13 18 23 32 37 50 55 63 68 73 86 95 100 105 
0 3 7 16 20 36 40 49 53 59 68 72 81 85 92 102 105 114 
