0 1 7 11 17 23 31 37 53 56 62 68 72 79 88 92 99 105 
0 1 7 11 17 23 31 37 53 56 62 72 79 88 92 99 105 109 
0 1 7 11 17 23 31 37 54 56 62 73 79 88 93 99 105 109 
0 1 7 11 17 23 37 49 53 56 62 68 72 79 88 92 99 105 
0 1 7 11 17 24 31 37 44 53 63 72 79 88 92 99 105 109 
0 1 7 11 18 24 31 38 44 54 63 73 79 87 93 99 105 109 
0 2 9 15 22 33 40 47 53 59 64 70 77 87 95 109 115 
0 2 9 15 22 33 40 47 53 59 64 70 77 88 95 109 115 
0 2 9 15 22 33 40 47 54 59 64 70 77 87 95 109 115 
0 2 9 15 22 33 40 47 54 59 64 70 77 88 95 109 115 
0 2 9 15 22 33 40 47 54 59 64 70 78 87 95 109 115 
0 2 9 15 22 33 40 47 54 59 64 71 77 87 95 109 115 
0 2 9 15 22 33 40 47 54 59 64 71 78 87 95 109 115 
0 2 9 15 22 33 40 47 54 64 71 77 87 89 95 109 115 
0 2 9 15 23 33 40 47 54 59 64 71 77 87 95 109 115 
0 2 9 16 22 33 40 47 54 59 64 70 77 87 95 109 115 
0 2 9 16 22 33 40 47 54 59 64 71 77 87 95 109 115 
0 2 9 16 22 33 40 47 54 59 64 71 78 87 95 109 115 
0 2 9 16 23 33 40 47 54 59 64 71 78 87 95 109 115 
0 3 7 11 15 19 31 35 39 81 86 102 105 109 113 
0 3 7 16 20 36 40 49 53 59 68 72 81 85 92 102 105 114 
0 3 8 16 19 24 30 38 51 54 64 72 80 88 91 99 107 
0 3 8 16 24 26 30 35 38 51 64 72 80 88 91 99 107 
0 5 8 13 16 21 26 35 51 56 59 61 69 77 96 104 112 
0 5 8 13 21 29 35 40 51 56 59 61 69 77 96 104 112 
