0 1 4 8 20 25 29 32 39 44 61 66 73 78 91 96 103 108 
0 1 4 8 20 25 29 32 39 44 61 66 73 78 91 96 108 113 
0 1 5 18 22 29 31 35 39 42 52 60 64 68 72 89 106 115 
0 1 5 18 22 29 31 35 39 42 52 60 64 68 72 98 106 115 
0 1 5 18 22 29 31 35 39 42 52 60 68 72 89 106 114 115 
0 1 5 18 22 29 31 35 39 42 52 64 68 72 98 106 110 115 
0 1 6 13 18 25 32 44 48 61 66 73 78 89 96 102 108 113 
0 1 6 13 18 32 44 48 59 62 73 78 85 88 91 94 
0 1 8 13 20 25 29 32 39 44 61 66 73 78 91 96 103 108 
0 1 8 13 20 25 29 32 39 44 61 66 73 78 91 96 108 113 
0 1 8 13 20 25 29 32 39 44 61 66 73 78 96 102 108 113 
0 1 8 13 20 25 29 32 39 44 61 68 73 88 91 96 103 108 
0 1 8 13 20 25 29 32 39 44 61 73 78 88 91 96 103 108 
0 1 8 13 20 25 31 38 55 56 61 68 73 88 91 96 103 108 
0 1 8 13 20 25 31 39 55 56 61 68 73 88 91 96 103 108 
0 1 8 13 20 25 32 39 44 55 61 66 73 78 91 96 103 108 
0 1 8 13 20 25 32 39 44 55 61 66 73 78 96 102 108 113 
0 1 8 13 20 25 32 39 44 55 61 68 73 88 91 96 103 108 
0 4 11 19 29 34 41 42 48 63 70 77 92 100 107 114 
