0 1 5 10 15 24 34 41 46 55 59 64 73 78 85 95 109 113 
0 1 5 10 15 24 34 41 46 55 59 64 73 78 85 95 109 114 
0 1 5 10 15 24 34 41 46 55 59 64 73 78 95 109 113 115 
0 1 5 10 15 24 34 41 46 55 59 64 73 78 95 109 114 115 
0 1 5 10 15 24 34 41 46 55 59 64 74 78 95 109 114 115 
0 1 5 10 15 24 34 41 46 55 64 73 78 85 95 104 109 113 
0 1 5 10 15 24 34 41 46 55 64 73 78 85 95 104 109 114 
0 1 5 10 15 24 36 41 46 50 55 64 73 85 95 104 109 113 
0 1 5 10 15 24 41 46 50 55 59 64 73 78 85 95 109 113 
0 1 5 10 15 24 41 46 50 55 59 64 73 78 85 95 109 114 
0 1 5 10 15 24 41 46 50 55 64 73 78 85 95 104 109 113 
0 1 5 10 15 24 41 46 50 55 64 73 78 85 95 104 109 114 
0 1 5 10 15 36 41 46 50 55 64 73 85 95 99 104 109 113 
0 1 5 10 15 41 46 50 55 59 64 73 78 85 95 99 109 113 
0 1 5 10 15 41 46 50 55 64 73 78 85 95 99 104 109 113 
0 1 5 10 24 34 41 46 55 64 73 78 85 90 95 104 109 113 
0 1 5 10 24 41 46 50 55 64 73 78 85 90 95 104 109 113 
0 1 5 10 36 41 46 50 55 64 73 85 90 95 99 104 109 113 
0 1 5 10 36 41 46 50 55 73 80 85 90 95 99 104 109 113 
0 1 5 12 24 33 41 46 52 61 73 80 90 95 102 109 113 
0 1 5 12 24 33 41 46 52 61 73 80 90 95 109 113 115 
0 1 5 12 24 34 41 46 52 61 73 80 90 95 102 109 113 
0 1 5 12 24 34 41 46 52 61 73 80 90 95 102 109 114 
0 1 5 12 24 34 41 46 52 61 73 80 90 95 109 113 115 
0 1 5 12 24 34 41 46 52 61 73 80 90 95 109 114 115 
0 1 5 12 24 34 41 46 52 62 73 80 90 95 109 113 115 
0 1 5 12 24 34 41 46 52 62 73 80 90 95 109 114 115 
0 1 5 12 24 34 41 46 53 61 73 80 90 95 102 109 113 
0 1 5 12 24 34 41 46 53 61 73 80 90 95 102 109 114 
0 1 5 12 24 34 41 46 53 61 73 80 90 95 109 113 115 
0 1 5 12 24 34 41 46 53 61 73 80 90 95 109 114 115 
0 1 5 12 24 34 41 46 53 61 74 80 90 95 109 114 115 
0 1 5 12 24 34 41 46 53 62 73 80 90 95 109 113 115 
0 1 5 12 24 34 41 46 53 62 73 80 90 95 109 114 115 
0 1 5 12 24 34 41 46 53 62 73 81 90 95 109 113 115 
0 1 5 12 24 34 41 46 53 62 73 81 90 95 109 114 115 
0 1 5 12 24 34 41 46 53 62 74 80 90 95 109 114 115 
0 1 5 12 24 34 41 46 53 62 74 81 90 95 109 114 115 
0 1 5 13 24 34 41 46 53 61 73 80 90 95 109 113 115 
0 1 5 13 24 34 41 46 53 61 73 80 90 95 109 114 115 
0 1 5 13 24 34 41 46 53 61 74 80 90 95 109 114 115 
0 1 5 13 24 34 41 46 53 62 73 80 90 95 109 113 115 
0 1 5 13 24 34 41 46 53 62 73 80 90 95 109 114 115 
0 1 5 13 24 34 41 46 53 62 73 80 91 95 109 113 115 
0 1 5 13 24 34 41 46 53 62 73 80 91 95 109 114 115 
0 1 5 13 24 34 41 46 53 62 73 81 90 95 109 113 115 
0 1 5 13 24 34 41 46 53 62 73 81 90 95 109 114 115 
0 1 5 13 24 34 41 46 53 62 73 81 91 95 109 113 115 
0 1 5 13 24 34 41 46 53 62 74 80 90 95 109 114 115 
0 1 5 13 24 34 41 46 53 62 74 80 91 95 109 114 115 
0 1 5 15 36 41 42 46 50 55 64 73 85 95 99 104 109 113 
0 1 6 10 15 24 34 41 46 55 59 64 73 78 85 95 109 113 
0 1 6 10 15 24 34 41 46 55 64 73 78 85 95 104 109 113 
0 1 6 12 24 34 41 46 52 61 73 80 90 95 109 113 115 
0 1 6 12 24 34 41 46 52 61 73 80 90 95 109 114 115 
0 1 6 12 24 34 41 46 52 62 73 80 90 95 109 113 115 
0 1 6 12 24 34 41 46 52 62 73 80 90 95 109 114 115 
0 1 6 12 24 34 41 46 53 61 73 80 90 95 109 113 115 
0 1 6 12 24 34 41 46 53 61 73 80 90 95 109 114 115 
0 1 6 12 24 34 41 46 53 61 74 80 90 95 109 114 115 
0 1 6 12 24 34 41 46 53 62 73 80 90 95 109 113 115 
0 1 6 12 24 34 41 46 53 62 73 80 90 95 109 114 115 
0 1 6 12 24 34 41 46 53 62 74 80 90 95 109 114 115 
0 1 6 12 25 34 41 46 53 62 73 80 90 95 109 114 115 
0 1 6 13 24 34 41 46 53 61 73 80 90 95 109 113 115 
0 1 6 13 24 34 41 46 53 61 73 80 90 95 109 114 115 
0 1 6 13 24 34 41 46 53 62 73 80 90 95 109 113 115 
0 1 6 13 24 34 41 46 53 62 73 80 90 95 109 114 115 
0 1 6 13 24 34 41 46 53 62 73 80 91 95 109 113 115 
