0 1 4 9 12 17 22 32 43 64 69 74 82 88 89 97 107 115 
0 1 4 9 12 17 22 32 43 64 69 74 82 88 97 107 112 115 
0 1 4 9 12 17 22 32 64 69 74 77 82 88 89 97 107 115 
0 1 4 9 12 17 22 34 43 55 64 74 82 88 89 97 107 115 
0 1 4 9 12 17 22 34 43 55 64 74 82 88 97 107 112 115 
0 1 4 9 12 17 22 34 55 64 74 77 82 88 89 97 107 115 
0 1 4 9 12 17 22 43 55 64 69 74 82 88 89 97 107 115 
0 1 4 9 12 17 22 43 55 64 69 74 82 88 97 107 112 115 
0 1 4 9 12 22 32 43 53 64 69 74 82 88 89 97 107 115 
0 1 4 9 12 22 32 43 53 64 69 74 82 88 97 107 112 115 
0 1 4 12 15 22 32 43 45 53 64 69 74 85 88 89 107 115 
0 1 4 12 15 22 32 45 53 64 69 74 77 85 88 89 107 115 
0 1 4 12 17 22 32 43 45 64 69 74 82 88 89 97 107 115 
0 1 4 12 17 22 32 43 45 64 69 74 85 88 89 97 107 115 
0 1 4 12 17 22 32 45 64 69 74 77 85 88 89 97 107 115 
0 1 4 12 17 22 32 45 64 69 74 77 85 89 92 97 107 115 
0 1 4 12 17 22 34 43 45 55 64 74 82 88 89 97 107 115 
0 1 4 12 17 22 34 43 45 55 64 74 85 88 89 97 107 115 
0 1 4 12 17 22 34 45 55 64 74 77 85 89 92 97 107 115 
0 1 4 12 17 22 43 45 55 64 69 74 85 88 89 97 107 115 
0 1 4 12 17 22 45 55 64 69 74 77 85 88 89 97 107 115 
0 1 4 12 17 22 45 55 64 69 74 77 85 89 92 97 107 115 
0 1 4 12 22 32 43 45 53 64 69 74 85 88 89 97 107 115 
0 1 4 12 22 32 45 53 64 69 74 77 85 88 89 97 107 115 
0 1 4 12 22 32 45 53 64 69 74 77 85 89 92 97 107 115 
0 1 4 15 22 32 45 48 53 64 69 74 77 85 89 92 107 115 
0 1 4 17 22 32 45 48 64 69 74 77 85 89 92 97 107 115 
0 1 4 17 22 45 48 55 64 69 74 77 85 89 92 97 107 115 
0 1 12 17 22 32 43 45 58 64 69 74 85 88 89 97 107 115 
0 2 5 10 15 20 23 30 35 48 56 67 75 80 85 90 100 108 
0 2 5 10 15 20 23 30 35 48 56 67 75 80 85 100 108 113 
0 2 5 10 15 20 23 30 35 48 56 67 75 80 90 95 100 108 
0 2 5 10 15 20 23 30 35 48 56 67 75 80 95 100 108 113 
0 2 5 10 15 20 23 30 35 48 56 67 75 87 90 95 100 108 
0 2 5 10 15 20 23 30 35 48 56 67 75 87 95 100 108 113 
0 2 5 10 15 20 23 30 35 48 67 75 78 87 90 95 100 108 
0 2 5 10 15 20 23 35 48 53 56 64 67 75 80 85 108 113 
0 2 5 10 15 20 23 35 48 53 56 64 67 75 80 95 108 113 
0 2 5 10 15 20 23 35 48 53 56 67 75 80 85 90 100 108 
0 2 5 10 15 20 23 35 48 53 56 67 75 80 85 100 108 113 
0 2 5 10 15 20 23 35 48 53 56 67 75 80 90 95 100 108 
0 2 5 10 15 20 23 35 48 53 56 67 75 80 95 100 108 113 
0 2 5 10 15 20 23 35 48 53 56 67 75 87 90 95 100 108 
0 2 5 10 15 20 30 35 48 56 67 75 80 85 90 100 105 108 
0 2 5 10 15 20 30 35 48 56 67 75 80 85 100 105 108 113 
0 2 5 10 15 20 30 35 48 56 67 75 80 90 95 100 105 108 
0 2 5 10 15 20 30 35 48 56 67 75 80 95 100 105 108 113 
0 2 5 10 15 20 30 35 48 56 67 75 87 90 95 100 105 108 
0 2 5 10 15 20 30 35 48 56 67 75 87 95 100 105 108 113 
0 2 5 10 15 20 30 35 48 67 75 78 87 90 95 100 105 108 
0 2 5 10 15 20 32 35 48 53 56 64 75 80 85 105 108 113 
0 2 5 10 15 20 32 35 48 53 56 64 75 80 95 105 108 113 
0 2 5 10 15 20 32 35 48 53 56 75 80 85 100 105 108 113 
0 2 5 10 15 20 35 48 53 56 64 67 75 80 95 105 108 113 
0 2 5 10 15 20 35 48 53 56 64 67 75 87 95 105 108 113 
0 2 5 10 15 20 35 48 53 56 67 75 80 85 90 100 105 108 
0 2 5 10 15 20 35 48 53 56 67 75 80 85 100 105 108 113 
0 2 5 10 15 20 35 48 53 56 67 75 80 90 95 100 105 108 
0 2 5 10 15 20 35 48 53 56 67 75 80 95 100 105 108 113 
0 2 5 10 15 20 35 48 53 56 67 75 87 90 95 100 105 108 
0 2 5 10 15 20 35 48 53 56 67 75 87 95 100 105 108 113 
0 2 5 10 15 23 29 30 35 48 56 67 75 80 85 90 100 108 
0 2 5 10 15 23 29 30 35 48 56 67 75 80 85 100 108 113 
0 2 5 10 15 23 29 30 35 48 56 67 75 80 95 100 108 113 
0 2 5 10 15 23 29 30 35 48 56 67 75 87 90 95 100 108 
0 2 5 10 15 23 29 30 35 48 56 67 75 87 95 100 108 113 
0 2 5 10 15 23 29 30 35 48 56 75 80 85 90 100 103 108 
0 2 5 10 15 23 29 30 35 48 56 75 80 85 100 103 108 113 
0 2 5 10 15 23 29 30 35 48 56 75 80 90 95 100 103 108 
0 2 5 10 15 23 29 30 35 48 56 75 80 95 100 103 108 113 
0 2 5 10 15 23 29 30 35 48 56 75 87 90 95 100 103 108 
0 2 5 10 15 23 29 30 35 48 56 75 87 95 100 103 108 113 
0 2 5 10 15 23 29 30 35 48 67 75 78 87 90 95 100 108 
0 2 5 10 15 23 29 30 35 48 75 78 87 90 95 100 103 108 
0 2 5 10 15 23 29 30 48 56 67 70 75 87 90 95 100 108 
0 2 5 10 15 23 29 30 48 56 67 70 75 87 95 100 108 113 
0 2 5 10 15 23 29 30 48 56 70 75 87 90 95 100 103 108 
0 2 5 10 15 23 29 30 48 56 70 75 87 95 100 103 108 113 
0 2 5 10 15 23 29 30 48 67 70 75 78 87 90 95 100 108 
0 2 5 10 15 23 29 35 48 53 56 67 75 80 85 90 100 108 
0 2 5 10 15 23 29 35 48 53 56 67 75 80 85 100 108 113 
0 2 5 10 15 23 29 35 48 53 56 67 75 80 90 95 100 108 
0 2 5 10 15 23 29 35 48 53 56 67 75 80 95 100 108 113 
0 2 5 10 15 23 29 35 48 53 56 67 75 87 95 100 108 113 
0 2 5 10 15 23 29 48 53 56 67 70 75 80 85 90 100 108 
0 2 5 10 15 23 29 48 53 56 67 70 75 80 85 100 108 113 
0 2 5 10 15 23 29 48 53 56 67 70 75 80 90 95 100 108 
0 2 5 10 15 23 29 48 53 56 67 70 75 80 95 100 108 113 
0 2 5 10 15 23 29 48 53 56 67 70 75 87 90 95 100 108 
0 2 5 10 15 23 29 48 53 56 67 70 75 87 95 100 108 113 
0 2 5 10 15 29 30 35 48 56 67 75 87 90 95 100 105 108 
0 2 5 10 15 29 30 35 48 56 67 75 87 95 100 105 108 113 
0 2 5 10 15 29 30 35 48 67 75 78 87 90 95 100 105 108 
0 2 5 10 15 29 35 48 53 56 67 75 80 85 100 105 108 113 
0 2 5 10 15 29 35 48 53 56 67 75 80 95 100 105 108 113 
0 2 5 10 15 29 35 48 53 56 67 75 87 95 100 105 108 113 
0 2 5 12 15 20 23 35 53 56 67 75 80 85 92 100 108 113 
0 2 5 15 20 23 35 48 53 56 64 67 75 80 92 95 108 113 
0 2 5 15 20 23 35 48 53 56 67 75 80 85 92 100 108 113 
0 2 5 15 20 23 35 48 53 56 67 75 80 92 95 100 108 113 
0 2 5 15 20 32 35 48 53 56 64 75 80 85 92 105 108 113 
0 2 5 15 20 32 35 48 53 56 64 75 80 92 95 105 108 113 
0 2 5 15 20 32 35 48 53 56 75 80 85 92 100 105 108 113 
0 2 5 15 20 32 35 48 53 56 75 80 92 95 100 105 108 113 
0 2 5 15 20 35 48 53 56 67 75 80 85 92 100 105 108 113 
0 2 5 15 20 35 48 53 56 67 75 80 92 95 100 105 108 113 
0 2 5 15 23 29 35 48 53 56 67 75 80 85 92 100 108 113 
0 2 5 15 23 29 35 48 53 56 67 75 80 92 95 100 108 113 
0 2 5 15 29 35 48 53 56 67 75 80 85 92 100 105 108 113 
0 2 5 15 29 35 48 53 56 67 75 80 92 95 100 105 108 113 
0 2 7 10 15 20 23 30 35 40 48 67 72 80 85 100 101 113 
0 2 7 10 15 20 23 30 35 40 48 67 72 80 95 100 101 113 
0 2 7 10 15 20 23 30 35 40 48 67 80 85 100 101 108 113 
0 2 7 10 15 20 23 30 35 40 48 67 80 95 100 101 108 113 
0 2 7 10 15 20 23 30 35 48 67 72 75 80 85 100 101 113 
0 2 7 10 15 20 23 30 35 48 67 75 80 85 100 101 108 113 
0 2 7 10 15 20 23 30 35 48 67 75 80 95 100 101 108 113 
0 2 7 10 15 20 23 35 40 48 53 64 67 72 80 85 101 113 
0 2 7 10 15 20 23 35 40 48 53 64 67 72 80 85 110 113 
0 2 7 10 15 20 23 35 40 48 53 64 67 72 80 95 101 113 
0 2 7 10 15 20 23 35 40 48 53 64 67 72 80 95 110 113 
0 2 7 10 15 20 23 35 40 48 53 64 67 80 85 101 108 113 
0 2 7 10 15 20 23 35 40 48 53 64 67 80 95 101 108 113 
0 2 7 10 15 20 23 35 40 48 53 67 72 80 85 100 101 113 
0 2 7 10 15 20 23 35 40 48 53 67 72 80 85 100 110 113 
0 2 7 10 15 20 23 35 40 48 53 67 72 80 95 100 101 113 
0 2 7 10 15 20 23 35 40 48 53 67 72 80 95 100 110 113 
0 2 7 10 15 20 23 35 40 48 53 67 80 85 100 101 108 113 
0 2 7 10 15 20 23 35 40 48 53 67 80 95 100 101 108 113 
0 2 7 10 15 20 23 35 48 53 64 67 72 75 80 85 101 113 
0 2 7 10 15 20 23 35 48 53 64 67 72 75 80 95 101 113 
0 2 7 10 15 20 23 35 48 53 64 67 75 80 85 101 108 113 
0 2 7 10 15 20 23 35 48 53 64 67 75 80 95 101 108 113 
0 2 7 10 15 20 23 35 48 53 67 72 75 80 85 100 101 113 
0 2 7 10 15 20 23 35 48 53 67 72 75 80 95 100 101 113 
0 2 7 10 15 20 23 35 48 53 67 75 80 85 100 101 108 113 
0 2 7 10 15 20 23 35 48 53 67 75 80 95 100 101 108 113 
0 2 7 10 15 20 27 30 40 48 67 72 80 85 100 101 105 113 
0 2 7 10 15 20 27 30 48 67 72 75 80 85 100 101 105 113 
0 2 7 10 15 20 27 40 48 53 64 67 72 80 85 101 105 113 
0 2 7 10 15 20 27 40 48 53 67 72 80 85 100 101 105 113 
0 2 7 10 15 20 27 40 48 53 67 72 80 85 100 105 110 113 
0 2 7 10 15 20 27 48 53 64 67 72 75 80 85 101 105 113 
0 2 7 10 15 20 30 35 40 48 67 72 80 85 100 101 105 113 
0 2 7 10 15 20 30 35 40 48 67 72 80 95 100 101 105 113 
0 2 7 10 15 20 30 35 40 48 67 80 85 100 101 105 108 113 
0 2 7 10 15 20 30 35 40 48 67 80 95 100 101 105 108 113 
0 2 7 10 15 20 35 40 48 53 64 67 72 80 85 101 105 113 
0 2 7 10 15 20 35 40 48 53 64 67 72 80 95 101 105 113 
0 2 7 10 15 20 35 40 48 53 64 67 72 80 95 105 110 113 
0 2 7 10 15 20 35 40 48 53 64 67 80 85 101 105 108 113 
0 2 7 10 15 20 35 40 48 53 64 67 80 95 101 105 108 113 
0 2 7 10 15 20 35 40 48 53 67 72 80 85 100 101 105 113 
0 2 7 10 15 20 35 40 48 53 67 72 80 85 100 105 110 113 
0 2 7 10 15 20 35 40 48 53 67 72 80 95 100 101 105 113 
0 2 7 10 15 20 35 40 48 53 67 72 80 95 100 105 110 113 
0 2 7 10 15 20 35 40 48 53 67 80 95 100 101 105 108 113 
0 2 7 10 15 20 35 48 53 64 67 72 75 80 95 101 105 113 
0 2 7 10 15 20 35 48 53 64 67 75 80 85 101 105 108 113 
0 2 7 10 15 20 35 48 53 64 67 75 80 95 101 105 108 113 
0 2 7 10 15 20 35 48 53 67 72 75 80 85 100 101 105 113 
0 2 7 10 15 20 35 48 53 67 72 75 80 95 100 101 105 113 
0 2 7 10 15 20 35 48 53 67 75 80 95 100 101 105 108 113 
0 2 7 10 15 23 29 30 35 40 48 67 72 80 85 100 101 113 
0 2 7 10 20 23 35 40 48 53 64 67 80 85 97 101 108 113 
0 2 7 10 20 23 35 40 48 53 67 72 80 85 97 100 101 113 
0 2 7 10 20 23 35 40 48 53 67 72 80 85 97 100 110 113 
0 2 7 10 20 23 35 40 48 53 67 80 85 97 100 101 108 113 
0 2 7 10 20 23 35 48 53 64 67 75 80 85 97 101 108 113 
0 2 7 10 20 35 40 48 53 64 67 80 85 97 101 105 108 113 
0 2 7 10 20 35 40 48 53 67 72 80 85 97 100 101 105 113 
0 2 7 10 20 35 48 53 64 67 75 80 85 97 101 105 108 113 
0 2 7 10 23 29 35 40 48 53 67 80 85 97 100 101 108 113 
0 2 7 10 23 29 40 48 53 67 70 80 85 97 100 101 108 113 
0 2 7 12 15 20 30 35 40 45 67 72 77 85 92 100 101 105 
0 2 7 12 15 20 35 40 45 53 64 67 72 77 85 92 101 105 
0 2 7 12 15 20 35 40 45 53 67 72 77 85 92 100 101 105 
0 2 7 12 15 20 35 40 45 53 67 72 77 85 92 100 105 110 
0 2 7 12 15 23 29 30 35 40 45 67 72 77 85 92 100 101 
0 2 7 12 15 23 29 30 35 40 45 67 72 85 92 100 101 113 
0 2 7 12 15 23 29 35 40 45 53 67 72 85 92 100 101 113 
0 2 7 12 15 23 29 35 40 53 67 72 80 85 92 100 101 113 
0 2 7 12 15 29 30 35 40 45 67 72 85 92 100 101 105 113 
0 2 7 12 15 29 35 40 53 67 72 80 85 92 100 101 105 113 
0 2 7 15 20 35 40 48 53 67 72 80 85 92 100 101 105 113 
