0 2 5 12 22 32 37 44 54 59 68 73 78 88 93 98 105 110 
0 2 6 9 14 19 29 34 39 44 63 75 80 86 90 100 110 113 
0 2 6 9 14 19 29 34 39 44 63 75 80 86 100 105 110 113 
0 2 7 12 19 24 32 37 44 49 54 59 63 68 73 88 105 110 
0 2 7 12 19 24 32 37 44 49 54 59 63 68 73 100 105 110 
0 2 7 12 19 24 32 39 44 49 59 63 68 73 80 88 95 105 
0 2 7 12 19 24 32 39 44 49 59 63 68 73 80 95 100 105 
0 2 7 12 19 24 32 39 44 49 59 63 68 73 80 100 105 110 
0 2 7 12 19 24 32 39 44 49 59 63 68 80 86 100 105 110 
0 3 7 11 15 19 23 27 31 35 39 62 66 73 102 105 109 113 
0 3 7 11 15 19 23 27 31 35 39 62 66 86 102 105 109 113 
0 3 7 11 15 19 23 27 31 35 39 62 73 81 102 105 109 113 
0 3 7 11 15 19 23 27 31 35 39 62 81 86 102 105 109 113 
0 3 7 11 15 19 23 31 35 39 56 62 81 86 102 105 109 113 
0 3 7 11 15 19 23 31 35 39 56 66 77 86 102 105 109 113 
0 3 7 11 15 31 39 50 56 58 77 81 86 93 97 105 109 113 
