0 1 5 15 20 34 38 42 49 53 60 66 70 81 88 89 100 104 
0 1 5 15 20 34 38 42 49 53 60 66 70 81 89 100 104 114 
0 1 5 15 20 34 38 42 49 53 60 66 71 81 88 89 100 104 
0 1 5 15 20 34 38 42 49 53 66 70 81 88 89 100 104 110 
0 1 5 15 20 34 38 42 49 53 66 70 81 89 100 104 110 114 
0 1 5 16 20 34 38 42 49 53 60 66 70 81 88 89 100 104 
0 1 5 16 20 34 38 42 49 53 60 66 70 81 88 90 100 104 
0 1 5 16 20 34 38 42 49 53 60 66 70 81 90 100 104 114 
0 1 5 16 20 34 38 42 49 53 66 70 81 88 89 100 104 110 
0 1 5 16 20 34 38 42 49 53 66 70 81 89 100 104 110 114 
0 1 7 14 20 34 40 47 53 58 66 72 79 85 92 99 105 112 
0 2 8 12 23 28 31 43 46 58 63 70 74 85 92 97 103 107 
0 2 8 12 23 28 31 43 46 58 63 74 78 85 92 97 103 107 
0 2 8 12 23 28 31 43 46 58 63 74 78 85 92 97 107 112 
0 2 8 12 23 28 31 43 46 58 63 74 78 85 93 97 107 112 
0 2 8 12 23 28 31 43 46 58 63 74 78 85 93 97 108 112 
0 2 8 12 23 28 31 43 46 58 63 74 78 85 97 102 107 112 
0 2 8 12 23 28 31 43 46 58 64 68 74 79 93 97 108 112 
0 2 8 12 23 28 31 43 46 58 64 70 74 85 93 97 108 112 
0 2 8 12 23 28 31 43 46 58 64 74 78 85 93 97 108 112 
0 2 8 12 23 28 31 43 46 58 64 74 79 85 93 97 108 112 
0 2 8 12 23 29 31 37 43 58 63 70 74 85 92 97 103 107 
0 2 8 12 23 29 31 43 46 58 63 70 74 85 92 97 103 107 
0 2 8 12 23 29 31 43 46 58 63 74 78 85 92 97 103 107 
0 2 8 12 23 29 31 43 46 58 63 74 78 85 92 97 107 112 
0 2 8 12 23 29 31 43 46 58 63 74 78 85 93 97 107 112 
0 2 8 12 23 29 31 43 46 58 63 74 78 85 93 97 108 112 
0 2 8 12 23 29 31 43 46 58 63 74 78 85 97 102 107 112 
0 2 8 12 23 29 31 43 46 58 64 68 74 79 93 97 108 112 
0 2 8 12 23 29 31 43 46 58 64 68 74 79 97 102 108 112 
0 2 8 12 23 29 31 43 46 58 64 70 74 85 93 97 108 112 
0 2 8 12 23 29 31 43 46 58 64 74 78 85 93 97 108 112 
0 2 8 12 23 29 31 43 46 58 64 74 79 85 93 97 108 112 
0 2 8 13 19 23 28 31 43 46 60 64 74 79 93 97 108 112 
0 2 8 13 19 23 28 31 43 46 63 70 74 85 93 97 103 107 
0 2 8 13 19 23 28 31 43 46 63 70 74 85 93 97 103 108 
0 2 8 13 19 23 28 31 43 46 64 68 74 79 93 97 108 112 
0 2 8 13 19 23 28 31 43 46 64 70 74 85 93 97 103 108 
0 2 8 13 19 23 28 31 43 46 64 70 74 85 93 97 104 108 
0 2 8 13 19 23 28 31 43 46 64 74 79 85 93 97 108 112 
0 2 8 13 19 23 28 31 43 46 70 74 85 93 97 103 108 114 
0 2 8 13 23 28 31 43 46 58 63 74 78 85 93 97 107 112 
0 2 8 13 23 28 31 43 46 58 63 74 78 85 93 97 108 112 
0 2 8 13 23 28 31 43 46 58 64 74 78 85 93 97 108 112 
0 2 8 13 23 28 31 43 46 58 64 74 79 85 93 97 108 112 
0 2 8 13 23 28 31 43 46 63 74 78 85 93 97 101 108 112 
0 2 8 13 23 28 31 43 46 64 74 78 85 93 97 101 108 112 
0 2 8 13 23 28 31 43 46 64 74 79 85 93 97 101 108 112 
0 2 9 13 23 28 31 43 46 63 74 78 85 93 97 101 108 112 
0 2 9 13 23 28 31 43 46 64 74 78 85 93 97 101 108 112 
0 2 9 13 24 28 31 43 46 63 74 78 85 93 97 101 108 112 
