0 1 6 9 14 19 24 50 55 62 70 75 80 87 106 111 
0 1 6 11 16 24 32 37 43 59 62 67 72 77 93 98 
0 1 6 11 16 24 32 37 43 59 62 67 72 87 93 98 
0 1 6 11 16 32 37 43 59 62 67 72 87 93 98 103 
0 1 7 11 17 23 31 37 53 56 59 62 72 79 88 92 99 105 
0 1 7 11 17 23 31 37 53 56 62 72 79 88 92 99 105 109 
0 1 7 11 17 23 31 37 54 56 62 73 79 88 93 99 105 109 
0 1 7 11 17 23 37 53 56 59 62 68 72 79 88 92 99 105 
0 1 7 11 17 24 31 37 44 53 63 72 79 88 92 99 105 109 
0 1 7 11 18 24 31 38 44 54 63 73 79 87 93 99 105 109 
0 3 7 11 15 19 31 35 39 81 86 102 105 109 113 
0 3 7 16 20 36 40 49 53 59 68 72 81 85 92 102 105 114 
0 4 11 17 23 28 33 39 45 51 59 60 66 72 78 94 100 107 113 
