0 1 5 9 12 29 32 47 51 67 71 76 81 89 93 106 111 115 
0 1 5 9 13 18 31 35 55 71 75 80 88 93 97 102 106 110 
0 1 5 9 13 31 35 51 55 71 75 80 88 93 97 102 106 110 
0 1 5 9 14 18 23 31 35 39 44 60 80 88 97 102 106 110 
0 1 5 9 14 18 23 31 35 40 44 49 60 69 88 97 106 111 
0 1 5 9 14 18 23 31 35 40 44 60 69 80 88 97 106 110 
0 1 5 9 14 18 23 31 35 40 44 60 69 80 88 97 106 111 
0 1 5 9 14 18 23 31 35 40 44 60 80 88 97 102 106 110 
0 1 5 9 14 18 23 31 35 40 44 60 80 88 97 102 106 111 
0 1 5 9 14 18 23 31 35 40 44 60 80 88 97 106 110 115 
0 1 5 9 14 18 23 31 35 40 44 60 80 88 97 106 111 115 
0 1 5 9 14 18 23 31 35 40 49 60 69 76 88 97 106 111 
0 1 5 9 14 18 23 31 35 40 60 69 76 80 88 97 106 111 
0 1 5 9 14 18 23 31 35 40 60 76 80 88 97 102 106 111 
0 1 5 9 14 18 23 31 35 44 60 71 80 88 97 102 106 110 
0 1 5 9 14 18 23 31 35 44 60 71 80 88 97 102 106 111 
0 1 5 9 14 18 23 31 35 44 71 80 88 93 97 102 106 111 
0 1 5 9 14 18 23 31 35 60 71 76 80 88 97 102 106 111 
0 1 5 9 14 18 23 31 36 40 44 60 65 80 88 106 110 115 
0 1 5 9 14 18 23 31 36 40 44 60 65 80 88 106 111 115 
0 1 5 9 14 18 23 31 36 40 60 76 80 88 97 106 111 115 
0 1 5 9 14 18 23 31 40 44 60 67 80 88 97 106 110 115 
0 1 5 9 14 18 23 31 40 44 60 67 80 88 97 106 111 115 
0 1 5 9 14 18 23 31 40 60 67 76 80 88 97 106 111 115 
0 1 5 9 14 19 23 31 35 40 44 60 80 88 97 106 110 115 
0 1 5 9 14 19 23 31 35 40 49 60 69 76 88 97 106 111 
0 1 5 9 14 19 23 31 36 40 44 49 60 65 88 106 111 115 
0 1 5 9 14 19 23 31 36 40 44 49 60 88 97 106 111 115 
0 1 5 9 14 19 23 31 36 40 44 60 65 80 88 106 110 115 
0 1 5 9 14 19 23 31 36 40 44 60 65 80 88 106 111 115 
0 1 5 9 14 19 23 31 36 40 44 60 65 81 88 106 111 115 
0 1 5 9 14 19 23 31 36 40 44 60 80 88 97 106 110 115 
0 1 5 9 14 19 23 31 36 40 44 60 80 88 97 106 111 115 
0 1 5 9 14 19 23 31 36 40 44 60 81 88 97 106 111 115 
0 1 5 9 14 19 23 31 36 40 49 60 76 88 97 106 111 115 
0 1 5 9 14 19 23 31 36 40 60 76 80 88 97 106 111 115 
0 1 5 9 14 19 23 31 36 40 60 76 81 88 97 106 111 115 
0 1 5 9 14 19 23 31 40 44 49 60 67 88 97 106 111 115 
0 1 5 9 14 19 23 31 40 44 60 67 80 88 97 106 110 115 
0 1 5 9 14 19 23 31 40 44 60 67 80 88 97 106 111 115 
0 1 5 9 14 19 23 31 40 44 60 67 81 88 97 106 111 115 
0 1 5 9 14 19 23 31 40 44 60 67 81 89 97 106 111 115 
0 1 5 9 14 19 23 31 40 49 60 67 76 88 97 106 111 115 
0 1 5 9 14 19 23 31 40 60 67 76 80 88 97 106 111 115 
0 1 5 9 14 19 23 31 40 60 67 76 81 88 97 106 111 115 
0 1 5 9 14 19 23 31 40 60 67 76 81 89 97 106 111 115 
0 1 5 9 14 23 31 35 40 44 51 60 80 88 97 106 110 115 
0 1 5 9 14 23 31 35 44 51 60 71 80 88 97 102 106 110 
0 1 5 9 14 23 31 35 44 51 60 71 80 88 97 106 110 115 
0 1 5 9 14 23 31 36 40 44 51 60 65 80 88 106 110 115 
0 1 5 9 14 23 31 36 40 44 51 60 65 80 88 106 111 115 
0 1 5 9 14 23 31 36 40 44 51 60 80 88 97 106 110 115 
0 1 5 9 14 23 31 36 40 44 51 60 80 88 97 106 111 115 
0 1 5 9 14 23 31 36 40 51 60 76 80 88 97 106 111 115 
0 1 5 9 14 23 31 36 44 51 60 65 71 80 88 106 110 115 
0 1 5 9 14 23 31 36 44 51 60 65 71 80 88 106 111 115 
0 1 5 9 14 23 31 36 44 51 60 71 80 88 97 106 110 115 
0 1 5 9 14 23 31 36 44 51 60 71 80 88 97 106 111 115 
0 1 5 9 14 23 31 36 44 51 65 71 80 88 93 106 110 115 
0 1 5 9 14 23 31 36 44 51 65 71 80 88 93 106 111 115 
0 1 5 9 14 23 31 36 44 51 71 80 88 93 97 106 110 115 
0 1 5 9 14 23 31 36 44 51 71 80 88 93 97 106 111 115 
0 1 5 9 14 23 31 36 51 60 71 76 80 88 97 106 111 115 
0 1 5 9 14 23 31 36 51 71 76 80 88 93 97 106 111 115 
0 1 5 9 14 23 31 40 44 51 59 60 67 80 97 106 110 115 
0 1 5 9 14 23 31 40 44 51 59 60 67 80 97 106 111 115 
0 1 5 9 14 23 31 40 44 51 60 67 80 88 97 106 110 115 
0 1 5 9 14 23 31 40 44 51 60 67 80 88 97 106 111 115 
0 1 5 9 14 23 31 40 44 51 60 67 80 89 97 106 110 115 
0 1 5 9 14 23 31 40 44 51 60 67 80 89 97 106 111 115 
0 1 5 9 14 23 31 40 44 51 60 67 81 89 97 106 111 115 
0 1 5 9 14 23 31 40 51 59 60 67 76 80 97 106 111 115 
0 1 5 9 14 23 31 40 51 60 67 76 80 88 97 106 111 115 
0 1 5 9 14 23 31 40 51 60 67 76 80 89 97 106 111 115 
0 1 5 9 14 23 31 40 51 60 67 76 81 89 97 106 111 115 
0 1 5 9 14 23 31 44 51 59 60 67 71 80 97 106 110 115 
0 1 5 9 14 23 31 44 51 59 60 67 71 80 97 106 111 115 
0 1 5 9 14 23 31 44 51 59 67 71 80 93 97 106 110 115 
0 1 5 9 14 23 31 44 51 59 67 71 80 93 97 106 111 115 
0 1 5 9 14 23 31 44 51 60 67 71 80 88 97 106 110 115 
0 1 5 9 14 23 31 44 51 60 67 71 80 88 97 106 111 115 
0 1 5 9 14 23 31 44 51 60 67 71 80 89 97 106 110 115 
0 1 5 9 14 23 31 44 51 60 67 71 80 89 97 106 111 115 
0 1 5 9 14 23 31 44 51 60 67 71 81 89 97 106 111 115 
0 1 5 9 14 23 31 44 51 67 71 80 88 93 97 106 110 115 
0 1 5 9 14 23 31 44 51 67 71 80 88 93 97 106 111 115 
0 1 5 9 14 23 31 44 51 67 71 80 89 93 97 106 110 115 
0 1 5 9 14 23 31 44 51 67 71 80 89 93 97 106 111 115 
0 1 5 9 14 23 31 44 51 67 71 81 89 93 97 106 111 115 
0 1 5 9 14 23 31 51 59 60 67 71 76 80 97 106 111 115 
0 1 5 9 14 23 31 51 59 67 71 76 80 93 97 106 111 115 
0 1 5 9 14 23 31 51 60 67 71 76 80 88 97 106 111 115 
0 1 5 9 14 23 31 51 60 67 71 76 80 89 97 106 111 115 
0 1 5 9 14 23 31 51 67 71 76 80 88 93 97 106 111 115 
0 1 5 9 14 23 31 51 67 71 76 80 89 93 97 106 111 115 
0 1 5 9 14 25 31 36 51 55 71 76 80 88 93 97 106 115 
0 1 5 9 14 25 31 51 55 59 67 71 76 80 93 97 106 115 
0 1 5 9 14 25 31 51 55 67 71 76 80 88 93 97 106 115 
0 1 5 9 14 25 31 51 55 67 71 76 80 89 93 97 106 115 
0 1 5 9 14 29 31 36 51 71 76 80 88 93 97 106 111 115 
0 1 5 9 14 29 31 51 67 71 76 80 88 93 97 106 111 115 
0 1 5 9 14 31 36 44 51 55 65 71 80 88 93 106 110 115 
0 1 5 9 14 31 36 44 51 55 71 80 88 93 97 106 110 115 
0 1 5 9 14 31 36 51 55 71 75 80 88 93 97 106 110 115 
0 1 5 9 14 31 36 51 55 71 76 80 88 93 97 106 110 115 
0 1 5 9 14 31 36 51 55 71 76 80 88 93 97 106 111 115 
0 1 5 9 14 31 44 51 55 59 67 71 80 93 97 106 110 115 
0 1 5 9 14 31 44 51 55 67 71 80 88 93 97 106 110 115 
0 1 5 9 14 31 44 51 55 67 71 80 89 93 97 106 110 115 
0 1 5 9 14 31 51 55 59 67 71 76 80 93 97 106 110 115 
0 1 5 9 14 31 51 55 59 67 71 76 80 93 97 106 111 115 
0 1 5 9 14 31 51 55 67 71 76 80 88 93 97 106 110 115 
0 1 5 9 14 31 51 55 67 71 76 80 88 93 97 106 111 115 
0 1 5 9 14 31 51 55 67 71 76 80 89 93 97 106 110 115 
0 1 5 9 14 31 51 55 67 71 76 80 89 93 97 106 111 115 
0 1 5 9 16 25 31 46 51 55 59 67 71 76 80 93 97 106 
0 1 5 9 16 25 31 46 51 55 67 71 76 80 88 93 97 106 
0 1 5 9 16 31 46 51 55 67 71 75 89 93 97 106 110 113 
0 1 5 9 19 23 31 40 44 47 60 67 81 89 97 106 111 115 
0 1 5 9 23 31 40 44 47 51 60 67 81 89 97 106 111 115 
0 1 5 9 25 31 46 51 55 59 67 71 76 80 93 97 106 115 
0 1 5 9 25 31 46 51 55 67 71 76 80 88 93 97 106 115 
0 1 5 9 25 31 47 51 55 59 67 71 76 80 93 97 106 115 
0 1 5 9 25 31 47 51 55 67 71 76 80 88 93 97 106 115 
0 1 5 10 14 18 23 31 40 60 67 76 80 88 97 106 111 115 
0 1 5 10 14 18 23 31 40 61 67 76 80 88 97 106 111 115 
0 1 5 10 14 18 23 31 40 67 76 80 88 93 97 106 111 115 
0 1 5 10 14 18 25 31 35 40 55 69 76 80 88 93 97 106 
0 1 5 10 14 18 25 31 40 55 67 76 80 88 93 97 106 115 
0 1 5 10 14 18 31 40 55 67 76 80 88 93 97 106 111 115 
0 1 5 10 14 19 23 31 36 40 45 49 61 65 74 88 111 115 
0 1 5 10 14 19 23 31 36 40 45 49 61 65 88 106 111 115 
0 1 5 10 14 19 23 31 36 40 45 49 65 74 88 93 111 115 
0 1 5 10 14 19 23 31 36 40 45 61 65 74 80 88 111 115 
0 1 5 10 14 19 23 31 36 40 45 61 65 80 88 106 111 115 
0 1 5 10 14 19 23 31 36 40 45 65 74 80 88 93 111 115 
0 1 5 10 14 19 23 31 36 40 45 65 80 88 93 106 111 115 
0 1 5 10 14 19 23 31 36 40 49 61 65 76 88 106 111 115 
0 1 5 10 14 19 23 31 36 40 49 65 76 88 93 106 111 115 
0 1 5 10 14 19 25 29 36 40 63 76 80 88 93 98 107 115 
0 1 5 10 14 19 25 31 40 55 67 76 80 88 93 97 106 115 
0 1 5 10 14 19 29 32 36 49 72 76 88 93 98 107 111 115 
0 1 5 10 14 19 29 36 40 49 63 76 88 93 98 107 111 115 
0 1 5 10 14 23 31 36 44 51 65 71 80 88 93 106 111 115 
0 1 5 10 14 23 31 36 44 51 65 72 80 88 93 106 111 115 
0 1 5 10 14 23 31 36 45 51 65 71 80 88 93 106 111 115 
0 1 5 10 19 23 32 40 47 61 67 76 81 89 98 106 111 115 
0 1 5 10 19 25 29 40 47 63 67 76 80 88 93 98 107 115 
