0 2 7 15 20 35 40 48 53 67 72 80 85 92 100 101 105 113 
0 3 7 11 15 27 31 35 39 56 61 66 70 87 89 93 97 112 
0 3 7 11 15 27 31 35 39 56 61 66 70 89 93 97 106 112 
0 3 7 11 15 27 31 35 39 56 62 66 70 87 89 93 97 112 
0 3 7 11 15 27 31 35 39 56 62 66 70 87 89 93 97 115 
0 3 7 11 15 27 31 35 39 56 62 66 70 89 93 97 106 112 
0 3 7 11 15 27 35 39 56 61 66 70 78 89 93 97 106 112 
0 3 7 11 15 27 35 39 56 62 66 70 78 89 93 97 106 112 
0 3 7 11 15 27 35 39 56 62 66 70 78 89 93 97 106 115 
0 3 7 11 15 27 35 39 56 62 66 70 78 89 93 98 106 112 
0 3 7 11 15 27 35 39 56 62 66 70 78 89 93 98 106 115 
0 3 7 11 16 24 27 31 35 39 56 62 66 70 89 98 106 115 
0 3 7 11 16 24 27 35 39 56 62 66 70 78 89 98 106 115 
0 3 7 11 16 24 27 35 39 56 62 70 78 89 98 106 114 115 
0 3 7 11 16 27 31 35 39 56 62 66 70 86 89 94 98 115 
0 3 7 11 16 27 31 35 39 56 62 66 70 89 93 98 106 112 
0 3 7 11 16 27 31 35 39 56 62 66 70 89 93 98 106 115 
0 3 7 11 16 27 31 35 39 56 62 66 70 89 94 98 106 115 
0 3 7 11 16 27 35 39 56 62 66 70 78 89 93 98 106 112 
0 3 7 11 16 27 35 39 56 62 66 70 78 89 93 98 106 115 
0 3 7 11 16 27 35 39 56 62 66 70 78 89 94 98 106 115 
0 3 7 11 27 31 35 39 42 54 61 66 70 87 89 93 97 112 
0 3 7 11 27 31 35 39 42 54 62 66 70 86 89 93 98 112 
0 3 7 11 27 31 35 39 42 54 62 66 70 86 89 93 98 115 
0 3 7 11 27 31 35 39 42 54 62 66 70 86 89 94 98 115 
0 3 7 11 27 31 35 39 42 54 62 66 70 87 89 93 98 112 
0 3 7 11 27 31 35 39 42 54 62 66 70 87 89 93 98 115 
0 3 7 11 27 31 35 39 42 54 62 66 70 87 89 93 108 112 
0 3 7 11 27 31 35 39 42 54 62 66 70 87 89 93 108 115 
0 3 7 11 27 31 35 39 42 54 62 66 70 89 93 98 106 112 
0 3 7 11 27 31 35 39 42 54 62 66 70 89 93 98 106 115 
0 3 7 11 27 35 39 42 56 62 66 70 78 89 93 98 106 112 
0 3 7 11 27 35 39 42 56 62 66 70 78 89 93 98 106 115 
0 3 7 12 16 20 27 31 35 39 56 62 66 70 94 98 106 115 
0 3 7 12 16 27 31 35 39 56 62 66 70 89 94 98 106 115 
0 3 7 12 16 27 31 35 39 56 62 66 70 90 94 98 106 115 
0 3 7 12 20 27 31 35 39 42 54 62 66 70 86 94 98 115 
0 3 7 12 27 31 35 39 42 54 62 66 70 86 89 94 98 115 
0 3 7 12 27 31 35 39 42 54 62 66 70 86 90 94 98 115 
0 3 7 15 22 27 35 39 56 61 66 70 78 89 93 97 106 112 
0 3 7 15 22 27 35 39 56 62 66 70 78 89 93 97 106 112 
0 3 7 16 22 27 31 35 39 56 62 66 70 89 93 98 106 112 
0 3 7 16 22 27 31 35 39 56 62 66 70 89 94 98 106 115 
0 3 7 16 22 27 31 35 50 56 62 66 70 89 93 98 106 112 
0 3 7 16 22 27 31 35 50 56 62 66 70 89 94 98 106 112 
0 3 7 16 22 27 31 35 50 56 62 66 70 89 94 98 106 115 
0 3 7 16 22 27 35 50 56 62 66 70 78 89 93 98 106 112 
0 3 7 22 27 31 35 39 42 54 62 66 70 86 89 94 98 115 
0 5 8 13 21 26 35 40 56 59 61 69 77 96 104 112 
0 5 8 13 21 26 35 51 56 59 61 69 77 96 104 112 
0 5 8 13 21 35 48 51 56 59 61 69 77 96 104 112 
0 5 8 13 26 35 40 56 59 61 69 77 91 96 104 112 
