0 1 4 7 22 25 43 45 61 64 79 82 99 105 115 
0 1 4 8 12 24 31 36 43 52 60 69 78 92 101 103 108 112 
0 1 4 8 12 29 31 36 52 60 69 78 92 96 101 103 108 112 
0 1 4 8 12 29 31 36 52 69 73 78 92 96 101 103 107 112 
0 1 4 8 12 29 31 36 52 69 73 78 92 96 101 103 108 112 
0 1 4 8 12 31 36 43 52 60 69 78 92 96 101 103 108 112 
0 1 8 12 17 24 31 35 43 51 60 64 69 92 101 103 108 112 
0 1 8 12 17 24 31 35 43 51 60 69 78 92 101 103 108 112 
0 1 8 12 17 24 31 36 43 51 60 69 78 92 101 103 108 112 
0 1 8 12 17 24 31 36 43 52 60 69 78 92 101 103 108 112 
0 1 8 12 17 29 31 35 51 62 69 73 78 92 96 101 103 112 
0 1 8 12 17 29 31 35 51 64 69 73 92 96 101 103 107 112 
0 1 8 12 17 29 31 35 51 69 73 77 92 96 101 103 107 112 
0 1 8 12 17 29 31 35 51 69 73 78 92 96 101 103 107 112 
0 1 8 12 17 29 31 35 51 69 73 78 92 96 101 103 108 112 
0 1 8 12 17 29 31 35 51 69 74 78 86 92 96 101 108 112 
0 1 8 12 17 29 31 35 51 69 74 78 86 92 96 102 108 112 
0 1 8 12 17 29 31 35 51 69 74 78 92 96 101 103 108 112 
0 1 8 12 17 29 31 36 51 60 69 78 92 96 101 103 108 112 
0 1 8 12 17 29 31 36 51 62 69 73 78 92 96 101 103 112 
0 1 8 12 17 29 31 36 51 69 73 78 92 96 101 103 107 112 
0 1 8 12 17 29 31 36 51 69 73 78 92 96 101 103 108 112 
0 1 8 12 17 29 31 36 51 69 74 78 86 92 96 101 108 112 
0 1 8 12 17 29 31 36 51 69 74 78 86 92 96 102 108 112 
0 1 8 12 17 29 31 36 52 60 69 78 92 96 101 103 108 112 
0 1 8 12 17 29 31 36 52 62 69 73 78 92 96 101 103 112 
0 1 8 12 17 29 31 36 52 69 73 78 92 96 101 103 107 112 
0 1 8 12 17 29 31 36 52 69 73 78 92 96 101 103 108 112 
0 1 8 12 17 31 36 43 51 60 69 78 92 96 101 103 108 112 
0 1 8 12 17 31 36 43 52 60 69 78 92 96 101 103 108 112 
0 1 8 13 17 24 29 31 35 51 64 69 74 86 92 102 108 112 
0 1 9 17 20 28 30 38 49 66 69 77 86 95 98 101 106 
0 2 5 9 13 24 32 52 56 59 65 69 74 80 93 99 104 108 
0 2 8 13 17 24 29 31 36 51 69 74 78 86 92 102 108 112 
0 2 8 13 17 24 29 31 36 52 69 74 78 86 92 102 108 112 
0 2 8 13 17 24 29 32 36 51 65 69 74 86 92 102 108 112 
0 2 8 13 17 24 29 32 36 51 69 74 78 86 92 102 108 112 
0 2 8 13 17 24 29 32 36 52 65 69 74 86 92 102 108 112 
0 2 8 13 17 24 29 32 36 52 69 74 78 86 92 102 108 112 
0 2 8 13 17 24 29 36 45 51 69 74 78 86 92 102 108 112 
0 2 8 13 17 24 29 36 45 52 69 74 78 86 92 102 108 112 
0 2 8 13 17 29 31 36 51 69 74 78 86 92 96 102 108 112 
0 2 8 13 17 29 31 36 51 69 74 78 86 92 97 102 108 112 
0 2 8 13 17 29 31 36 52 69 74 78 86 92 96 102 108 112 
0 2 8 13 17 29 31 36 52 69 74 78 86 92 97 102 108 112 
0 2 8 13 17 29 32 36 51 69 74 78 86 92 96 102 108 112 
0 2 8 13 17 29 32 36 51 69 74 78 86 92 97 102 108 112 
0 2 8 13 17 29 32 36 52 69 74 78 86 92 96 102 108 112 
0 2 8 13 17 29 36 45 51 62 69 74 78 86 92 96 102 112 
0 2 8 13 17 29 36 45 51 69 74 78 86 92 96 102 108 112 
0 2 8 13 17 29 36 45 51 69 74 78 86 92 97 102 108 112 
0 2 8 13 18 24 29 31 36 52 59 69 74 78 86 92 108 112 
0 2 8 13 18 24 29 32 36 52 59 65 69 74 86 92 99 108 
0 2 8 13 18 24 29 32 36 52 59 65 69 74 86 92 108 112 
0 2 8 13 18 24 32 36 52 56 65 69 74 86 92 102 108 112 
0 2 8 13 18 29 31 36 52 59 69 74 78 86 92 96 108 112 
0 2 8 13 18 29 31 36 52 59 69 74 78 86 92 97 108 112 
0 2 8 13 18 29 31 36 52 59 69 74 78 86 92 97 108 113 
0 2 8 13 18 29 32 36 52 59 65 69 74 86 92 97 108 113 
0 2 8 13 18 29 32 36 52 59 69 74 78 86 92 96 108 112 
0 2 8 13 18 29 32 36 52 59 69 74 78 86 92 97 108 112 
0 2 8 13 18 29 32 36 52 59 69 74 78 86 92 97 108 113 
0 2 8 13 18 29 32 36 52 59 69 74 79 86 92 97 108 113 
0 2 8 13 18 29 36 45 52 59 69 74 78 86 92 96 108 112 
0 2 8 13 18 29 36 45 52 59 69 74 78 86 92 97 108 112 
0 2 8 13 18 29 36 45 52 59 69 74 78 86 92 97 108 113 
0 2 9 13 18 25 32 36 52 56 59 65 69 74 93 104 108 113 
0 2 9 13 18 25 32 36 52 56 59 65 69 74 93 104 109 113 
0 2 9 13 18 25 32 36 52 56 59 65 70 74 93 104 108 113 
0 2 9 13 18 25 32 36 52 56 59 65 70 74 93 104 109 113 
0 2 9 13 18 28 32 36 52 59 65 69 74 86 92 97 108 113 
0 2 9 13 18 28 32 36 52 59 65 69 74 86 93 97 108 113 
0 2 9 13 18 28 32 36 52 59 65 69 74 93 97 104 108 113 
0 2 9 13 18 28 32 36 52 59 65 70 74 93 97 104 108 113 
0 2 9 13 18 28 32 36 52 59 69 74 78 86 92 97 108 112 
0 2 9 13 18 28 32 36 52 59 69 74 78 86 92 97 108 113 
0 2 9 13 18 28 32 36 52 59 69 74 78 86 93 97 108 112 
0 2 9 13 18 28 32 36 52 59 69 74 78 86 93 97 108 113 
0 2 9 13 18 29 32 36 52 59 65 69 74 86 92 97 108 113 
0 2 9 13 18 29 32 36 52 59 65 69 74 86 93 97 108 113 
0 2 9 13 18 29 32 36 52 59 65 69 74 93 97 104 108 113 
0 2 9 13 18 29 32 36 52 59 65 70 74 93 97 104 108 113 
0 2 9 13 18 29 32 36 52 59 69 74 78 86 92 97 108 112 
0 2 9 13 18 29 32 36 52 59 69 74 78 86 92 97 108 113 
0 2 9 13 18 29 32 36 52 59 69 74 78 86 93 97 108 112 
0 2 9 13 18 32 36 52 56 59 65 69 74 86 92 97 108 113 
0 2 9 13 18 32 36 52 56 59 65 69 74 86 93 97 108 113 
0 2 13 18 22 29 32 36 52 59 65 69 74 86 92 97 108 113 
0 3 8 12 19 23 31 43 46 51 60 64 69 80 98 101 103 107 
0 3 8 12 19 23 31 43 47 51 60 64 69 80 98 101 103 107 
0 3 8 12 24 31 43 47 51 60 64 69 80 92 101 103 108 112 
0 3 8 13 24 31 43 47 51 60 64 69 80 92 101 103 108 112 
0 3 8 13 24 31 47 51 56 60 64 69 80 92 101 103 108 112 
0 3 8 19 23 27 31 43 47 51 60 64 69 80 98 101 103 107 
0 3 8 19 24 27 31 38 43 47 60 64 69 80 98 101 103 107 
0 3 8 19 24 27 31 38 43 47 60 64 69 80 98 101 103 108 
0 3 8 19 24 27 31 38 43 47 60 64 69 80 99 101 103 107 
0 3 8 19 24 27 31 38 43 47 60 64 69 80 99 101 103 108 
0 4 8 12 24 31 43 47 51 60 64 69 80 92 101 103 108 112 
0 4 8 13 24 29 31 36 47 52 59 65 69 74 92 103 108 112 
