0 1 4 7 18 23 30 47 56 66 71 82 95 100 107 112 
0 1 4 13 18 29 38 43 47 52 58 61 66 70 75 80 95 109 
0 1 4 13 18 29 38 43 47 52 58 61 66 71 75 80 95 109 
0 1 4 13 29 38 43 47 52 58 61 66 70 75 80 95 104 109 
0 1 4 16 29 38 52 56 58 61 66 71 76 80 95 100 105 109 
0 1 4 18 29 38 43 47 52 58 61 66 71 75 80 95 100 109 
0 1 4 18 29 38 47 52 56 58 61 66 71 75 80 95 100 109 
0 2 6 10 15 20 25 31 35 44 49 70 85 95 99 104 109 114 
0 2 6 10 15 20 25 31 35 44 70 80 85 95 99 104 109 114 
0 2 6 10 15 20 25 31 35 49 70 75 85 95 99 104 109 114 
0 2 6 10 15 20 25 31 35 70 75 80 85 95 99 104 109 114 
0 2 6 10 15 25 31 35 49 52 70 75 85 95 99 104 109 114 
0 2 6 10 17 21 25 31 35 46 50 70 74 85 95 99 110 114 
0 2 6 11 15 20 25 31 35 40 44 49 68 85 95 104 109 114 
0 2 6 11 15 20 25 31 35 40 44 68 80 85 95 104 109 114 
0 2 6 11 15 20 25 31 35 40 45 49 68 73 85 95 109 114 
0 2 6 11 15 20 25 31 35 40 45 49 68 85 95 104 109 114 
0 2 6 11 15 20 25 31 35 40 45 68 80 85 95 104 109 114 
0 2 6 11 15 20 25 31 35 40 49 68 75 85 95 104 109 114 
0 2 6 11 15 20 25 31 35 40 49 75 85 95 99 104 109 114 
0 2 6 11 15 20 25 31 35 40 49 75 85 95 100 104 109 114 
0 2 6 11 15 20 25 31 35 40 68 75 80 85 95 104 109 114 
0 2 6 11 15 20 25 31 35 40 75 80 85 95 99 104 109 114 
0 2 6 11 15 20 25 31 35 40 75 80 85 95 100 104 109 114 
0 2 6 11 15 20 25 31 35 49 70 75 85 95 99 104 109 114 
0 2 6 11 15 20 25 31 35 70 75 80 85 95 99 104 109 114 
0 2 6 11 15 20 25 31 36 40 49 64 75 85 100 104 109 114 
0 2 6 11 15 20 25 31 36 40 49 75 85 95 100 104 109 114 
0 2 6 11 15 20 25 31 36 40 64 75 80 85 100 104 109 114 
0 2 6 11 15 20 25 31 40 49 66 75 85 95 100 104 109 114 
0 2 6 11 15 20 25 31 40 49 66 75 91 95 100 104 109 114 
0 2 6 11 15 20 25 31 40 66 75 80 85 95 100 104 109 114 
0 2 6 11 15 20 25 31 40 66 75 80 91 95 100 104 109 114 
0 2 6 11 15 20 29 31 40 66 75 80 91 95 100 104 109 114 
0 2 6 11 15 25 31 35 40 49 52 68 75 85 95 104 109 114 
0 2 6 11 15 25 31 35 40 49 52 75 85 95 99 104 109 114 
0 2 6 11 15 25 31 35 40 49 52 75 85 95 100 104 109 114 
0 2 6 11 15 25 31 35 40 52 68 75 80 85 95 104 109 114 
0 2 6 11 15 25 31 35 40 52 75 80 85 95 99 104 109 114 
0 2 6 11 15 25 31 35 40 52 75 80 85 95 100 104 109 114 
0 2 6 11 15 25 31 35 49 52 70 75 85 95 99 104 109 114 
0 2 6 11 15 25 31 35 52 70 75 80 85 95 99 104 109 114 
0 2 6 11 15 25 31 36 40 49 52 64 75 85 100 104 109 114 
0 2 6 11 15 25 31 40 49 52 66 75 85 95 100 104 109 114 
0 2 6 11 15 25 31 40 49 52 66 75 91 95 100 104 109 114 
0 2 6 11 15 25 31 40 52 66 75 80 85 95 100 104 109 114 
0 2 6 11 15 25 31 40 52 66 75 80 91 95 100 104 109 114 
0 2 6 11 15 29 31 40 52 58 66 75 80 91 95 100 104 109 
0 2 6 11 15 29 31 40 52 66 75 80 91 95 100 104 109 114 
0 2 6 11 16 20 25 31 35 40 45 49 68 73 85 95 109 114 
0 2 6 11 16 20 25 31 35 40 45 49 73 85 95 100 109 114 
0 2 6 11 16 20 25 31 35 40 45 50 68 73 85 95 109 114 
0 2 6 11 16 20 25 31 35 40 45 50 73 85 95 100 109 114 
0 2 6 11 16 20 25 31 35 40 45 68 73 80 85 95 109 114 
0 2 6 11 16 20 25 31 35 40 45 68 80 85 95 104 109 114 
0 2 6 11 16 20 25 31 35 40 45 73 80 85 95 100 109 114 
0 2 6 11 16 20 25 31 35 40 45 80 85 95 100 104 109 114 
0 2 6 11 16 20 25 31 36 40 45 49 64 73 85 100 109 114 
0 2 6 11 16 20 25 31 36 40 45 49 73 85 95 100 109 114 
0 2 6 11 16 20 25 31 36 40 45 50 64 73 85 100 109 114 
0 2 6 11 16 20 25 31 36 40 45 50 73 85 95 100 109 114 
0 2 6 11 16 20 25 31 36 40 45 64 73 80 85 100 109 114 
0 2 6 11 16 20 25 31 36 40 45 64 80 85 100 104 109 114 
0 2 6 11 16 20 25 31 36 40 45 64 80 85 100 105 109 114 
0 2 6 11 16 20 25 31 36 40 45 73 80 85 95 100 109 114 
0 2 6 11 16 20 25 31 36 40 45 80 85 95 100 104 109 114 
0 2 6 11 16 20 25 31 36 40 45 80 85 95 100 105 109 114 
0 2 6 11 16 20 25 31 36 40 64 75 80 85 100 104 109 114 
0 2 6 11 16 20 25 31 36 40 75 80 85 95 100 104 109 114 
0 2 6 11 16 20 25 31 36 45 71 80 85 95 100 105 109 114 
0 2 6 11 16 20 25 31 40 45 66 80 85 95 100 104 109 114 
0 2 6 11 16 20 25 31 40 45 66 80 85 95 100 105 109 114 
0 2 6 11 16 20 25 31 40 45 66 80 91 95 100 104 109 114 
0 2 6 11 16 20 25 31 40 45 66 80 91 95 100 105 109 114 
0 2 6 11 16 20 25 31 40 66 75 80 85 95 100 104 109 114 
0 2 6 11 16 20 25 31 40 66 75 80 91 95 100 104 109 114 
0 2 6 11 16 20 25 31 45 66 71 80 85 95 100 105 109 114 
0 2 6 11 16 20 25 31 45 66 71 80 91 95 100 105 109 114 
0 2 6 11 16 20 29 31 40 45 66 80 91 95 100 104 109 114 
0 2 6 11 16 20 29 31 40 45 66 80 91 95 100 105 109 114 
0 2 6 11 16 20 29 31 40 66 75 80 91 95 100 104 109 114 
0 2 6 11 16 20 29 31 45 66 71 80 91 95 100 105 109 114 
0 2 6 11 16 21 25 31 35 40 45 50 68 73 78 85 95 114 
0 2 6 11 16 21 25 31 35 40 45 50 68 73 85 95 109 114 
0 2 6 11 16 21 25 31 35 40 45 50 68 78 85 95 105 114 
0 2 6 11 16 21 25 31 35 40 45 50 73 78 85 95 100 114 
0 2 6 11 16 21 25 31 35 40 45 50 73 85 95 100 109 114 
0 2 6 11 16 21 25 31 35 40 45 50 78 85 95 100 105 114 
0 2 6 11 16 21 25 31 36 40 45 50 64 73 78 85 100 114 
0 2 6 11 16 21 25 31 36 40 45 50 64 73 85 100 109 114 
0 2 6 11 16 21 25 31 36 40 45 50 64 78 85 100 105 114 
0 2 6 11 16 21 25 31 36 40 45 50 64 85 100 105 109 114 
0 2 6 11 16 21 25 31 36 40 45 50 73 78 85 95 100 114 
0 2 6 11 16 21 25 31 36 40 45 50 73 85 95 100 109 114 
0 2 6 11 16 21 25 31 36 40 45 50 78 85 95 100 105 114 
0 2 6 11 16 21 25 31 36 40 45 50 85 95 100 105 109 114 
0 2 6 11 16 21 25 31 36 40 45 64 80 85 100 105 109 114 
0 2 6 11 16 21 25 31 40 45 50 66 78 85 95 100 105 114 
0 2 6 11 16 21 25 31 40 45 50 66 78 91 95 100 105 114 
0 2 6 11 16 21 25 31 40 45 50 66 91 95 100 105 109 114 
0 2 6 11 16 21 25 31 40 45 50 66 91 95 100 105 110 114 
0 2 6 11 16 21 25 31 40 45 66 80 91 95 100 105 109 114 
0 2 6 11 16 21 25 31 40 50 66 76 91 95 100 105 110 114 
0 2 6 11 16 21 25 31 45 50 66 71 91 95 100 105 109 114 
0 2 6 11 16 21 25 31 45 50 66 71 91 95 100 105 110 114 
0 2 6 11 16 21 25 31 45 66 71 80 91 95 100 105 109 114 
0 2 6 11 16 21 29 31 40 45 66 80 91 95 100 105 109 114 
0 2 6 11 16 21 29 31 45 66 71 80 91 95 100 105 109 114 
0 2 6 11 16 25 31 36 40 45 52 64 80 85 100 105 109 114 
0 2 6 11 16 25 31 36 40 45 52 80 85 95 100 105 109 114 
0 2 6 11 16 25 31 36 40 52 64 75 80 85 100 104 109 114 
0 2 6 11 16 25 31 36 40 52 64 75 80 85 100 105 109 114 
0 2 6 11 16 25 31 36 40 52 75 80 85 95 100 104 109 114 
0 2 6 11 16 25 31 36 40 52 75 80 85 95 100 105 109 114 
0 2 6 11 16 25 31 36 45 52 71 80 85 95 100 105 109 114 
0 2 6 11 16 25 31 40 45 52 66 80 85 95 100 105 109 114 
0 2 6 11 16 25 31 40 45 52 66 80 91 95 100 105 109 114 
0 2 6 11 16 25 31 40 52 66 75 80 85 95 100 104 109 114 
0 2 6 11 16 25 31 40 52 66 75 80 85 95 100 105 109 114 
0 2 6 11 16 25 31 45 52 66 71 80 85 95 100 105 109 114 
0 2 6 11 16 25 31 45 52 66 71 80 91 95 100 105 109 114 
0 2 6 11 16 29 31 40 45 52 58 66 80 91 95 100 105 109 
0 2 6 11 16 29 31 40 45 52 66 80 91 95 100 105 109 114 
0 2 6 11 16 29 31 45 52 58 66 71 80 91 95 100 105 109 
0 2 6 11 16 29 31 45 52 66 71 80 91 95 100 105 109 114 
0 2 7 11 16 20 25 31 36 40 45 49 64 73 85 100 109 114 
0 2 7 11 16 20 25 31 36 40 45 49 64 73 91 100 109 114 
0 2 7 11 16 20 25 31 36 40 45 50 64 73 85 100 109 114 
0 2 7 11 16 20 25 31 36 40 45 50 64 73 91 100 109 114 
0 2 7 11 16 20 25 31 36 40 45 64 73 80 85 100 109 114 
0 2 7 11 16 20 25 31 36 40 45 64 73 80 91 100 109 114 
0 2 7 11 16 20 25 31 36 40 45 64 80 85 100 105 109 114 
0 2 7 11 16 20 25 31 36 45 60 64 71 80 100 105 109 114 
0 2 7 11 16 20 25 31 36 45 60 71 80 95 100 105 109 114 
0 2 7 11 16 20 25 31 36 45 60 71 80 96 100 105 109 114 
0 2 7 11 16 20 25 31 36 45 64 71 80 91 100 105 109 114 
0 2 7 11 16 20 25 31 36 45 71 80 91 95 100 105 109 114 
0 2 7 11 16 20 25 31 36 45 71 80 91 96 100 105 109 114 
0 2 7 11 16 20 25 31 45 66 71 80 91 95 100 105 109 114 
0 2 7 11 16 20 28 31 36 45 64 71 80 91 100 105 109 114 
0 2 7 11 16 20 29 31 36 45 64 71 80 91 100 105 109 114 
0 2 7 11 16 20 29 31 36 45 71 80 91 95 100 105 109 114 
0 2 7 11 16 20 29 31 45 66 71 80 91 95 100 105 109 114 
0 2 7 11 16 21 25 31 36 40 45 50 64 73 78 91 100 114 
0 2 7 11 16 21 25 31 36 40 45 50 64 73 91 100 109 114 
0 2 7 11 16 21 25 31 36 40 45 50 64 78 91 100 105 114 
0 2 7 11 16 21 25 31 36 40 45 50 64 91 100 105 109 114 
0 2 7 11 16 21 25 31 36 41 45 50 60 64 69 78 105 114 
0 2 7 11 16 21 25 31 36 41 45 50 60 64 69 105 109 114 
0 2 7 11 16 21 25 31 36 41 45 50 60 64 78 100 105 114 
0 2 7 11 16 21 25 31 36 41 45 50 64 69 78 91 105 114 
0 2 7 11 16 21 25 31 36 41 45 60 64 80 100 105 109 114 
0 2 7 11 16 21 25 31 36 41 45 64 69 80 91 105 109 114 
0 2 7 11 16 21 25 31 36 41 45 64 80 91 100 105 109 114 
0 2 7 11 16 21 25 31 36 45 50 60 71 95 100 105 109 114 
0 2 7 11 16 21 25 31 36 45 50 64 71 91 100 105 109 114 
0 2 7 11 16 21 25 31 36 45 50 71 91 95 100 105 109 114 
0 2 7 11 16 21 25 31 36 45 60 71 80 95 100 105 109 114 
0 2 7 11 16 21 25 31 36 45 64 71 80 91 100 105 109 114 
0 2 7 11 16 21 25 31 36 45 71 80 91 95 100 105 109 114 
0 2 7 11 16 21 25 31 45 50 66 71 91 95 100 105 109 114 
0 2 7 11 16 21 29 31 36 45 64 71 80 91 100 105 109 114 
0 2 7 11 16 25 31 36 45 52 64 71 80 91 100 105 109 114 
0 3 8 13 18 23 28 32 37 43 47 52 60 65 70 75 80 101 
0 3 8 13 18 23 28 32 37 43 47 52 60 65 70 80 101 107 
0 3 8 13 18 23 28 32 37 43 47 52 60 65 75 80 101 115 
0 3 8 13 18 23 28 32 37 43 47 52 60 65 80 101 107 115 
0 3 8 13 18 23 28 32 37 43 47 52 60 70 75 80 97 101 
0 3 8 13 18 23 28 32 37 43 47 52 60 70 80 97 101 107 
0 3 8 13 18 23 28 32 37 47 52 70 73 92 97 101 107 112 
