0 1 5 16 20 24 31 36 40 51 55 65 69 74 94 98 109 113 
0 1 5 16 20 24 31 36 40 51 55 65 70 74 94 98 109 113 
0 1 5 16 20 24 31 36 40 51 55 70 74 85 94 98 103 114 
0 1 5 16 20 24 31 36 40 51 55 70 74 85 94 98 109 113 
0 1 5 16 20 24 31 36 40 51 55 70 74 85 94 98 109 114 
0 1 5 16 20 24 31 36 40 51 55 70 74 85 94 99 103 114 
0 1 5 16 20 25 31 36 40 51 55 59 70 74 85 99 103 114 
0 1 5 16 20 25 31 36 40 51 55 70 74 85 94 99 103 114 
0 1 5 16 20 25 31 36 40 51 55 70 74 85 95 99 103 114 
0 1 5 16 20 25 31 36 40 51 55 70 74 85 95 99 110 114 
0 1 5 16 20 31 36 40 51 55 65 69 74 90 94 98 109 113 
0 1 5 16 20 31 36 40 51 55 65 69 74 90 94 105 109 113 
0 1 5 16 20 31 36 40 51 55 70 74 85 90 94 98 109 113 
0 1 5 16 20 31 36 40 51 55 70 74 85 90 94 98 109 114 
0 1 5 16 20 31 36 40 51 55 70 74 85 90 94 99 103 114 
0 1 5 16 20 31 36 40 51 55 70 74 85 90 94 99 109 114 
0 1 11 16 20 31 36 40 51 55 65 69 74 90 94 98 109 113 
0 1 11 16 20 31 36 40 51 55 65 69 74 90 94 105 109 113 
0 1 11 16 20 31 36 40 51 55 65 70 74 90 94 98 109 113 
0 1 11 16 20 31 36 40 51 55 65 70 74 90 94 105 109 113 
0 1 11 16 20 31 36 40 51 55 65 70 74 90 94 105 109 114 
0 1 11 16 20 31 36 40 51 55 66 70 74 90 94 99 110 114 
0 1 11 16 20 31 36 40 51 55 66 70 74 90 94 105 109 114 
0 1 11 16 20 31 36 40 51 55 66 70 74 90 94 105 110 114 
0 1 11 16 20 31 36 40 51 55 66 70 74 90 95 99 110 114 
0 1 11 16 20 31 36 40 51 55 70 74 85 90 94 98 109 113 
0 1 11 16 20 31 36 40 51 55 70 74 85 90 94 98 109 114 
0 1 11 16 20 31 36 40 51 55 70 74 85 90 94 99 103 114 
0 1 11 16 20 31 36 40 51 55 70 74 85 90 94 99 109 114 
0 1 11 16 20 31 36 40 51 55 70 74 85 90 94 99 110 114 
0 1 11 16 20 31 36 40 51 55 70 74 85 90 94 105 109 114 
0 1 11 16 20 31 36 40 51 55 70 74 85 90 95 99 110 114 
0 1 12 16 20 29 31 36 40 51 65 69 74 90 94 98 109 113 
0 1 12 16 20 29 31 36 40 51 65 69 74 90 94 105 109 113 
0 1 12 16 20 29 31 36 40 51 65 70 74 90 94 98 109 113 
0 1 12 16 20 29 31 36 40 51 65 70 74 90 94 105 109 113 
0 1 12 16 20 29 31 36 40 51 66 70 74 90 94 99 110 114 
0 1 12 16 20 29 31 36 40 51 66 70 74 90 94 105 109 114 
0 1 12 16 20 29 31 36 40 51 66 70 74 90 94 105 110 114 
0 1 12 16 20 29 31 36 40 51 66 70 74 90 95 99 110 114 
0 1 12 16 20 29 31 36 40 51 70 74 85 90 94 98 109 113 
0 1 12 16 20 29 31 36 40 51 70 74 85 90 94 98 109 114 
0 1 12 16 20 29 31 36 40 51 70 74 85 90 94 99 103 114 
0 1 12 16 20 29 31 36 40 51 70 74 85 90 94 99 109 114 
0 1 12 16 20 29 31 36 40 51 70 74 85 90 94 99 110 114 
0 1 12 16 20 29 31 36 40 51 70 74 85 90 94 105 109 114 
0 1 12 16 20 29 31 36 40 51 70 74 85 90 95 99 110 114 
0 1 12 16 20 29 31 36 47 51 61 65 70 74 90 94 105 109 
0 1 12 16 20 29 31 36 47 51 65 69 74 90 94 98 109 113 
0 1 12 16 20 29 31 36 47 51 65 69 74 90 94 105 109 113 
0 1 12 16 20 29 31 36 47 51 65 70 74 90 94 98 109 113 
0 1 12 16 20 29 31 36 47 51 65 70 74 90 94 105 109 113 
0 1 12 16 20 29 31 36 47 51 65 70 74 90 94 105 109 114 
0 1 12 16 20 29 31 36 47 51 70 74 85 90 94 98 109 113 
0 1 12 16 20 29 31 36 47 51 70 74 85 90 94 98 109 114 
0 1 12 16 20 29 31 36 47 51 70 74 85 90 94 99 103 114 
0 1 12 16 20 29 31 36 47 51 70 74 85 90 94 99 109 114 
0 1 12 16 20 29 31 36 47 51 70 74 85 90 94 99 110 114 
0 1 12 16 20 29 31 36 47 51 70 74 85 90 94 105 109 114 
0 1 12 16 20 29 31 36 47 51 70 74 85 90 95 99 110 114 
0 1 12 16 20 29 32 36 47 51 61 65 70 74 90 94 105 109 
0 1 12 16 20 29 32 36 47 51 65 69 74 90 94 98 109 113 
0 1 12 16 20 29 32 36 47 51 65 69 74 90 94 105 109 113 
0 1 12 16 20 29 32 36 47 51 65 70 74 90 94 98 109 113 
0 1 12 16 20 29 32 36 47 51 65 70 74 90 94 105 109 113 
0 1 12 16 20 29 32 36 47 51 65 70 74 90 94 105 109 114 
0 1 12 16 20 29 32 36 47 51 66 70 74 90 94 99 110 114 
0 1 12 16 20 29 32 36 47 51 66 70 74 90 94 105 109 114 
0 1 12 16 20 29 32 36 47 51 66 70 74 90 94 105 110 114 
0 1 12 16 20 29 32 36 47 51 66 70 74 90 95 99 110 114 
0 1 12 16 20 29 32 36 47 51 70 74 85 90 94 98 109 113 
0 1 12 16 20 29 32 36 47 51 70 74 85 90 94 98 109 114 
0 1 12 16 20 29 32 36 47 51 70 74 85 90 94 99 103 114 
0 1 12 16 20 29 32 36 47 51 70 74 85 90 94 99 109 114 
0 1 12 16 20 29 32 36 47 51 70 74 85 90 94 99 110 114 
0 1 12 16 20 29 32 36 47 51 70 74 85 90 94 105 109 114 
0 1 12 16 20 29 32 36 47 51 70 74 85 90 95 99 110 114 
0 1 12 16 20 31 36 40 51 55 65 69 74 90 94 98 109 113 
0 1 12 16 20 31 36 40 51 55 65 70 74 90 94 98 109 113 
0 1 12 16 20 31 36 40 51 55 65 70 74 90 94 105 109 113 
0 1 12 16 20 31 36 40 51 55 70 74 85 90 94 98 109 113 
0 1 12 16 20 31 36 40 51 55 70 74 85 90 94 98 109 114 
0 1 12 16 20 31 36 40 51 55 70 74 85 90 94 99 103 114 
0 1 12 16 20 31 36 40 51 55 70 74 85 90 94 99 109 114 
0 1 12 16 20 31 36 40 51 55 70 74 85 90 94 99 110 114 
0 1 12 16 20 31 36 40 51 55 70 74 85 90 94 105 109 114 
0 1 12 16 20 31 36 40 51 55 70 74 85 90 95 99 110 114 
0 1 12 16 21 25 29 31 36 40 51 70 74 85 95 99 110 114 
0 1 12 16 21 29 31 36 40 51 70 74 85 90 95 99 110 114 
0 1 12 16 21 29 31 36 40 51 70 74 85 91 95 99 110 114 
0 1 12 16 21 31 36 40 51 55 70 74 85 90 95 99 110 114 
0 1 12 16 21 31 36 40 51 55 70 74 85 91 95 99 110 114 
0 1 12 16 29 31 36 40 51 58 70 74 85 90 94 105 109 114 
0 1 12 16 29 31 36 40 51 58 70 74 85 90 95 99 110 114 
0 1 12 16 29 31 36 47 51 58 65 69 74 90 94 105 109 113 
0 1 12 16 29 32 36 47 51 58 65 69 74 90 94 105 109 113 
0 1 12 16 29 32 36 47 51 58 70 74 85 90 94 105 109 114 
0 1 12 16 29 32 36 47 51 58 70 74 85 90 95 99 110 114 
0 2 6 10 21 25 31 35 46 50 59 70 74 85 99 103 114 
0 2 6 10 21 25 31 35 46 50 70 74 85 95 99 103 114 
0 2 6 10 21 25 31 43 46 50 59 60 64 69 80 99 103 108 
0 2 6 10 21 25 31 43 46 50 59 60 64 69 80 99 104 108 
0 2 6 10 21 25 31 43 46 50 59 60 65 69 80 99 104 108 
0 2 6 10 21 25 31 43 46 50 59 70 74 85 99 103 114 
0 2 6 10 21 25 31 43 46 50 60 64 69 80 89 93 104 108 
0 2 6 10 21 25 31 43 46 50 60 64 69 80 89 99 104 108 
0 2 6 10 21 25 31 43 46 50 60 64 69 80 89 100 104 108 
0 2 6 10 21 25 31 43 46 50 60 65 69 80 89 93 104 108 
0 2 6 10 21 25 31 43 46 50 60 65 69 80 89 99 104 108 
0 2 6 10 21 25 31 43 46 50 60 65 69 80 89 100 104 108 
0 2 6 10 21 25 31 43 46 50 60 65 69 80 89 100 104 109 
0 2 6 10 21 25 31 43 46 50 70 74 85 95 99 110 114 
0 2 6 10 21 31 42 43 46 50 60 64 69 80 89 100 104 108 
0 2 6 10 21 31 42 43 46 50 60 65 69 80 89 100 104 108 
0 2 6 10 21 31 42 43 46 50 60 65 69 80 89 100 104 109 
0 2 6 10 21 31 42 43 46 50 61 65 69 80 89 100 104 109 
0 2 6 10 21 31 42 43 46 50 61 65 69 80 89 100 105 109 
0 2 6 10 21 31 42 43 46 50 61 65 70 80 89 100 104 109 
0 2 6 10 21 31 42 43 46 50 61 65 70 80 89 100 105 109 
0 2 6 10 21 31 42 43 46 50 61 65 70 81 89 100 104 109 
0 2 6 10 21 31 42 43 46 50 61 65 76 80 89 100 104 109 
0 2 6 10 21 31 42 43 46 50 61 65 76 80 89 100 105 109 
0 2 6 11 15 31 35 42 46 50 65 69 74 89 93 104 108 113 
0 2 6 11 15 31 35 42 46 50 65 69 74 89 93 104 109 113 
0 2 6 11 15 31 35 42 46 50 65 70 74 89 93 104 108 113 
0 2 6 11 15 31 35 42 46 50 65 70 74 89 93 104 109 113 
0 2 6 11 15 31 42 43 46 50 60 64 69 80 89 93 104 108 
0 2 6 11 15 31 42 43 46 50 60 65 69 80 89 93 104 108 
0 2 6 11 15 31 42 43 46 50 60 65 69 80 89 100 104 109 
0 2 6 11 15 31 42 43 46 50 61 65 69 80 89 100 104 109 
0 2 6 11 15 31 42 43 46 50 61 65 69 80 89 100 105 109 
0 2 6 11 15 31 42 43 46 50 61 65 70 80 89 100 104 109 
0 2 6 11 15 31 42 43 46 50 61 65 70 80 89 100 105 109 
0 2 6 11 15 31 42 43 46 50 61 65 76 80 89 100 104 109 
0 2 6 11 15 31 42 43 46 50 65 69 74 89 93 104 109 113 
0 2 6 11 15 31 42 43 46 50 65 69 80 89 93 104 108 113 
0 2 6 11 15 31 42 43 46 50 65 69 80 89 93 104 109 113 
0 2 6 11 15 31 42 43 46 50 65 69 80 89 100 104 109 113 
0 2 6 11 15 31 42 43 46 50 65 70 74 89 93 104 109 113 
0 2 6 11 21 31 35 46 50 59 70 74 85 91 99 109 114 
0 2 6 11 21 31 42 43 46 50 60 64 69 80 89 100 104 108 
0 2 6 11 21 31 42 43 46 50 60 65 69 80 89 100 104 108 
0 2 6 11 21 31 42 43 46 50 60 65 69 80 89 100 104 109 
0 2 6 11 21 31 42 43 46 50 61 65 69 80 89 100 104 109 
0 2 6 11 21 31 42 43 46 50 61 65 69 80 89 100 105 109 
0 2 6 11 21 31 42 43 46 50 61 65 70 80 89 100 104 109 
0 2 6 11 21 31 43 46 50 59 70 74 85 91 99 109 114 
0 2 6 11 22 31 42 43 46 50 60 65 69 80 89 100 104 108 
0 2 6 11 22 31 42 43 46 50 60 65 69 80 89 100 104 109 
0 2 6 11 22 31 42 43 46 50 61 65 69 80 89 100 104 109 
0 2 6 11 22 31 42 43 46 50 61 65 69 80 96 100 105 109 
0 2 6 17 22 28 37 42 43 46 61 65 76 80 87 96 100 105 
0 2 6 17 22 28 37 42 43 46 61 65 76 80 88 96 100 104 
0 2 6 17 22 28 37 42 43 46 61 65 76 80 88 96 100 105 
0 2 6 17 22 28 38 42 43 46 61 65 76 80 87 96 100 105 
0 2 6 17 22 28 38 42 43 46 61 65 76 80 88 96 100 105 
0 2 7 11 22 28 31 42 43 46 61 65 69 80 89 100 105 109 
0 2 7 11 22 28 31 42 43 46 61 65 69 80 96 100 105 109 
0 2 7 11 22 28 31 42 43 46 61 65 70 80 89 100 105 109 
0 2 7 11 22 28 31 42 43 46 61 65 76 80 96 100 105 109 
0 2 7 11 22 28 38 42 43 46 61 65 76 80 89 100 105 109 
0 2 7 11 22 31 42 43 46 50 61 65 69 80 89 100 105 109 
0 2 7 11 22 31 42 43 46 51 61 65 70 80 90 100 105 109 
