0 1 5 10 17 22 32 39 42 44 48 64 80 85 107 115 
0 1 5 10 17 22 32 39 44 48 58 64 80 85 107 115 
0 1 5 10 17 22 38 42 48 56 64 80 85 97 102 106 
0 1 5 10 17 22 38 42 48 56 64 80 85 97 106 115 
0 1 5 10 17 22 39 42 48 55 56 64 80 85 97 115 
0 1 5 10 17 22 39 42 48 56 64 80 85 97 106 115 
0 1 5 12 17 24 28 34 41 46 52 61 73 80 90 95 114 115 
0 1 5 12 17 24 28 34 41 46 53 61 73 80 90 95 114 115 
0 1 5 12 17 24 28 34 46 52 61 73 80 90 95 106 114 115 
0 1 5 12 17 24 34 41 46 52 61 73 80 90 95 109 114 115 
0 1 5 12 17 24 34 41 46 53 61 73 80 90 95 109 114 115 
0 1 5 12 17 24 34 41 46 53 62 73 80 90 95 109 114 115 
0 1 5 13 17 24 34 41 46 53 62 73 80 90 95 109 114 115 
0 1 6 12 17 24 34 41 46 53 61 73 80 90 95 109 114 115 
0 1 6 12 17 24 34 41 46 53 62 73 80 90 95 109 114 115 
