0 1 5 9 13 18 22 31 35 42 63 67 71 76 81 85 89 94 
0 1 5 9 13 18 22 31 35 42 63 67 72 76 81 85 89 94 
0 1 5 9 13 18 22 31 35 42 63 67 72 76 81 85 90 94 
0 1 5 9 13 18 22 31 35 42 63 67 72 76 81 85 94 109 
0 1 5 9 13 18 22 31 35 42 63 67 76 81 85 89 94 111 
0 1 5 9 13 18 22 31 35 42 63 68 72 76 81 85 90 94 
0 1 5 9 13 18 22 31 35 42 63 72 76 81 85 90 94 107 
0 1 5 9 13 18 22 31 36 42 63 67 72 76 81 85 89 94 
0 1 5 9 13 18 22 31 36 42 63 67 72 76 81 85 90 94 
0 1 5 9 13 18 22 31 36 42 63 67 72 76 81 85 94 109 
0 1 5 9 13 18 22 31 36 42 63 67 72 77 81 85 89 94 
0 1 5 9 13 18 22 31 36 42 63 67 72 77 81 85 90 94 
0 1 5 9 13 18 22 31 36 42 63 67 72 77 81 85 94 109 
0 1 5 9 13 18 22 31 36 42 63 68 72 76 81 85 90 94 
0 1 5 9 13 18 22 31 36 42 63 68 72 77 81 85 90 94 
0 1 5 9 13 18 22 31 36 42 63 72 76 81 85 90 94 107 
0 1 5 9 13 18 22 31 36 42 63 72 77 81 85 90 94 107 
0 1 5 9 13 18 22 31 36 58 63 68 72 76 81 85 90 94 
0 1 5 9 13 18 22 31 36 58 63 68 72 77 81 85 90 94 
0 1 5 9 13 18 22 31 36 58 64 68 72 76 81 85 90 94 
0 1 5 9 13 18 22 31 36 58 64 68 72 77 81 85 90 94 
0 1 5 9 13 18 22 31 36 58 68 72 76 81 85 90 94 103 
0 1 5 9 13 18 22 31 36 58 68 72 77 81 85 90 94 103 
0 1 5 9 13 18 22 31 36 63 68 72 76 81 85 90 94 105 
0 1 5 9 13 18 22 31 36 63 68 72 77 81 85 90 94 105 
0 1 5 9 13 18 22 31 38 42 55 63 67 72 81 85 90 114 
0 1 5 9 13 18 22 31 38 42 55 63 67 72 81 85 109 114 
0 1 5 9 13 18 22 31 38 42 55 63 68 72 81 85 90 114 
0 1 5 9 13 18 22 31 38 42 55 63 72 81 85 90 107 114 
0 1 5 9 13 18 22 31 38 55 58 63 68 72 81 85 90 114 
0 1 5 9 13 18 22 31 38 55 58 64 68 72 81 85 90 114 
0 1 5 9 13 18 22 31 38 55 58 68 72 81 85 90 103 114 
0 1 5 9 13 18 22 31 38 55 63 68 72 81 85 90 105 114 
0 1 5 9 13 18 22 31 42 55 63 67 72 76 81 85 89 94 
0 1 5 9 13 18 22 31 42 55 63 67 72 76 81 85 90 94 
0 1 5 9 13 18 22 31 42 55 63 67 72 76 81 85 90 113 
0 1 5 9 13 18 22 31 42 55 63 67 72 76 81 85 94 109 
0 1 5 9 13 18 22 31 42 55 63 67 72 76 81 85 109 113 
0 1 5 9 13 18 22 31 42 55 63 67 72 76 81 85 109 114 
0 1 5 9 13 18 22 31 42 55 63 67 72 77 81 85 90 114 
0 1 5 9 13 18 22 31 42 55 63 67 72 77 81 85 109 114 
0 1 5 9 13 18 22 31 42 55 63 68 72 76 81 85 90 94 
0 1 5 9 13 18 22 31 42 55 63 68 72 76 81 85 90 113 
0 1 5 9 13 18 22 31 42 55 63 68 72 76 81 85 90 114 
0 1 5 9 13 18 22 31 42 55 63 72 76 81 85 90 94 107 
0 1 5 9 13 18 22 31 42 55 63 72 76 81 85 90 107 113 
0 1 5 9 13 18 22 31 42 55 63 72 76 81 85 90 107 114 
0 1 5 9 13 18 22 31 42 55 63 72 77 81 85 90 107 114 
0 1 5 9 13 18 22 31 55 58 63 68 72 76 81 85 90 94 
0 1 5 9 13 18 22 31 55 58 63 68 72 76 81 85 90 113 
0 1 5 9 13 18 22 31 55 58 63 68 72 76 81 85 90 114 
0 1 5 9 13 18 22 31 55 58 64 68 72 76 81 85 90 113 
0 1 5 9 13 18 22 31 55 58 64 68 72 76 81 85 90 114 
0 1 5 9 13 18 22 31 55 58 68 72 76 81 85 90 94 103 
0 1 5 9 13 18 22 31 55 58 68 72 76 81 85 90 103 113 
0 1 5 9 13 18 22 31 55 58 68 72 76 81 85 90 103 114 
0 1 5 9 13 18 22 31 55 63 68 72 76 81 85 90 94 105 
0 1 5 9 13 18 22 31 55 63 68 72 76 81 85 90 105 113 
0 1 5 9 13 18 22 31 55 63 68 72 76 81 85 90 105 114 
0 1 5 9 13 18 22 33 42 50 55 63 67 76 81 85 109 113 
0 1 5 9 13 18 22 35 42 50 63 67 71 76 81 85 94 109 
0 1 5 9 13 18 22 35 42 50 63 67 72 76 81 85 94 109 
0 1 5 9 13 18 22 35 42 51 63 67 72 76 81 85 94 109 
0 1 5 9 13 18 22 35 42 51 63 68 72 76 81 85 94 109 
0 1 5 9 13 18 22 35 51 58 63 68 72 76 81 85 94 109 
0 1 5 9 13 18 22 35 51 58 64 68 72 76 81 85 94 109 
0 1 5 9 13 18 22 35 51 58 68 72 76 81 85 94 103 109 
0 1 5 9 13 18 22 35 51 63 68 72 76 81 85 94 105 109 
0 1 5 9 13 18 22 36 42 50 63 67 72 76 81 85 94 109 
0 1 5 9 13 18 22 36 42 50 63 67 72 77 81 85 94 109 
0 1 5 9 13 18 22 36 42 51 63 67 72 76 81 85 94 109 
0 1 5 9 13 18 22 36 42 51 63 67 72 77 81 85 94 109 
0 1 5 9 13 18 22 36 42 51 63 68 72 76 81 85 94 109 
0 1 5 9 13 18 22 36 42 51 63 68 72 77 81 85 94 109 
0 1 5 9 13 18 22 36 51 58 63 68 72 76 81 85 94 109 
0 1 5 9 13 18 22 36 51 58 63 68 72 77 81 85 94 109 
0 1 5 9 13 18 22 36 51 58 64 68 72 76 81 85 94 109 
0 1 5 9 13 18 22 36 51 58 64 68 72 77 81 85 94 109 
0 1 5 9 13 18 22 36 51 58 68 72 76 81 85 94 103 109 
0 1 5 9 13 18 22 36 51 58 68 72 77 81 85 94 103 109 
0 1 5 9 13 18 22 36 51 63 68 72 76 81 85 94 105 109 
0 1 5 9 13 18 22 36 51 63 68 72 77 81 85 94 105 109 
0 1 5 9 13 18 22 38 42 50 55 63 67 72 81 85 109 114 
0 1 5 9 13 18 22 38 42 51 55 63 67 72 81 85 109 114 
0 1 5 9 13 18 22 38 42 51 55 63 68 72 81 85 109 114 
0 1 5 9 13 18 22 38 51 55 58 63 68 72 81 85 109 114 
0 1 5 9 13 18 22 38 51 55 58 64 68 72 81 85 109 114 
0 1 5 9 13 18 22 38 51 55 58 68 72 81 85 103 109 114 
0 1 5 9 13 18 22 38 51 55 63 68 72 81 85 105 109 114 
0 1 5 9 13 18 22 42 50 55 63 67 71 76 81 85 109 113 
0 1 5 9 13 18 22 42 50 55 63 67 72 76 81 85 94 109 
0 1 5 9 13 18 22 42 50 55 63 67 72 76 81 85 109 113 
0 1 5 9 13 18 22 42 50 55 63 67 72 77 81 85 109 114 
0 1 5 9 13 18 22 42 51 55 63 67 72 76 81 85 94 109 
0 1 5 9 13 18 22 42 51 55 63 67 72 76 81 85 109 113 
0 1 5 9 13 18 22 42 51 55 63 67 72 77 81 85 109 114 
0 1 5 9 13 18 22 42 51 55 63 68 72 76 81 85 94 109 
0 1 5 9 13 18 22 42 51 55 63 68 72 76 81 85 109 113 
0 1 5 9 13 18 22 42 51 55 63 68 72 76 81 85 109 114 
0 1 5 9 13 18 22 42 51 55 63 68 72 77 81 85 109 114 
0 1 5 9 13 18 22 51 55 58 63 68 72 76 81 85 94 109 
0 1 5 9 13 18 22 51 55 58 63 68 72 76 81 85 109 113 
0 1 5 9 13 18 22 51 55 58 63 68 72 76 81 85 109 114 
0 1 5 9 13 18 22 51 55 58 63 68 72 77 81 85 109 114 
0 1 5 9 13 18 22 51 55 58 64 68 72 76 81 85 94 109 
0 1 5 9 13 18 22 51 55 58 64 68 72 76 81 85 109 113 
0 1 5 9 13 18 22 51 55 58 64 68 72 76 81 85 109 114 
0 1 5 9 13 18 22 51 55 58 64 68 72 77 81 85 109 114 
0 1 5 9 13 18 22 51 55 58 68 72 76 81 85 94 103 109 
0 1 5 9 13 18 22 51 55 58 68 72 76 81 85 103 109 113 
0 1 5 9 13 18 22 51 55 58 68 72 76 81 85 103 109 114 
0 1 5 9 13 18 22 51 55 58 68 72 77 81 85 103 109 114 
0 1 5 9 13 18 22 51 55 63 68 72 76 81 85 105 109 113 
0 1 5 9 13 18 22 51 55 63 68 72 76 81 85 105 109 114 
0 1 5 9 13 18 23 31 38 55 58 64 68 72 81 85 90 114 
0 1 5 9 13 18 23 35 51 58 64 68 72 76 81 85 94 109 
0 1 5 9 13 18 23 36 51 58 64 68 72 76 81 85 94 109 
0 1 5 9 13 18 23 36 51 58 64 68 72 77 81 85 94 109 
0 1 5 9 13 18 23 36 51 58 64 68 72 77 81 94 99 109 
0 1 5 9 13 18 23 38 51 55 58 64 68 72 81 85 109 114 
0 1 5 9 13 18 23 51 55 58 64 68 72 76 81 85 94 109 
0 1 5 9 13 18 23 51 55 58 64 68 72 76 81 85 109 113 
0 1 5 9 13 18 23 51 55 58 64 68 72 77 81 85 109 114 
0 1 5 9 13 18 23 51 55 58 64 68 72 77 81 99 109 114 
0 1 5 9 13 18 31 35 42 43 63 67 71 76 85 89 94 102 
0 1 5 9 13 18 31 35 42 43 63 67 72 76 85 89 94 102 
0 1 5 9 13 18 31 35 42 43 63 67 72 76 85 90 94 102 
0 1 5 9 13 18 31 35 42 43 63 67 72 76 85 94 102 109 
0 1 5 9 13 18 31 35 42 43 63 67 76 85 89 94 102 111 
0 1 5 9 13 18 31 35 42 43 63 68 72 76 85 90 94 102 
0 1 5 9 13 18 31 35 42 43 63 72 76 85 90 94 102 107 
0 1 5 9 13 18 31 35 43 58 63 68 72 76 85 90 94 102 
0 1 5 9 13 18 31 35 43 58 64 68 72 76 85 90 94 102 
0 1 5 9 13 18 31 35 43 63 68 72 76 85 90 94 102 105 
0 1 5 9 13 18 31 35 56 58 64 68 72 76 85 90 94 102 
0 1 5 9 13 18 31 36 42 43 63 67 72 76 85 89 94 102 
0 1 5 9 13 18 31 36 42 43 63 67 72 76 85 90 94 102 
0 1 5 9 13 18 31 36 42 43 63 67 72 76 85 94 102 109 
0 1 5 9 13 18 31 36 42 43 63 67 72 77 85 89 94 102 
0 1 5 9 13 18 31 36 42 43 63 67 72 77 85 90 94 102 
0 1 5 9 13 18 31 36 42 43 63 67 72 77 85 94 102 109 
0 1 5 9 13 18 31 36 42 43 63 68 72 76 85 90 94 102 
0 1 5 9 13 18 31 36 42 43 63 68 72 77 85 90 94 102 
0 1 5 9 13 18 31 36 42 43 63 72 76 85 90 94 102 107 
0 1 5 9 13 18 31 36 42 43 63 72 77 85 90 94 102 107 
0 1 5 9 13 18 31 36 43 58 63 68 72 76 85 90 94 102 
0 1 5 9 13 18 31 36 43 58 63 68 72 77 85 90 94 102 
0 1 5 9 13 18 31 36 43 58 64 68 72 76 85 90 94 102 
0 1 5 9 13 18 31 36 43 58 64 68 72 77 85 90 94 102 
0 1 5 9 13 18 31 36 43 63 68 72 76 85 90 94 102 105 
0 1 5 9 13 18 31 36 43 63 68 72 77 85 90 94 102 105 
0 1 5 9 13 18 31 36 56 58 64 68 72 76 85 90 94 102 
0 1 5 9 13 18 31 36 56 58 64 68 72 77 85 90 94 102 
0 1 5 9 13 18 31 38 42 43 55 63 67 72 85 89 102 114 
0 1 5 9 13 18 31 38 42 43 55 63 67 72 85 90 102 114 
0 1 5 9 13 18 31 38 42 43 55 63 67 72 85 102 109 114 
0 1 5 9 13 18 31 38 42 43 55 63 68 72 85 90 102 114 
0 1 5 9 13 18 31 38 42 43 55 63 72 85 90 102 107 114 
0 1 5 9 13 18 31 38 43 55 58 63 68 72 85 90 102 114 
0 1 5 9 13 18 31 38 43 55 58 64 68 72 85 90 102 114 
0 1 5 9 13 18 31 38 43 55 63 68 72 85 90 102 105 114 
0 1 5 9 13 18 31 38 55 56 58 64 68 72 85 90 102 114 
0 1 5 9 13 18 31 38 55 58 64 68 72 81 85 90 102 114 
0 1 5 9 13 18 31 42 43 55 63 67 71 76 85 89 102 113 
0 1 5 9 13 18 31 42 43 55 63 67 72 76 85 89 94 102 
0 1 5 9 13 18 31 42 43 55 63 67 72 76 85 89 102 113 
0 1 5 9 13 18 31 42 43 55 63 67 72 76 85 89 102 114 
0 1 5 9 13 18 31 42 43 55 63 67 72 76 85 90 94 102 
0 1 5 9 13 18 31 42 43 55 63 67 72 76 85 90 102 113 
0 1 5 9 13 18 31 42 43 55 63 67 72 76 85 90 102 114 
0 1 5 9 13 18 31 42 43 55 63 67 72 76 85 94 102 109 
0 1 5 9 13 18 31 42 43 55 63 67 72 76 85 102 109 113 
0 1 5 9 13 18 31 42 43 55 63 67 72 76 85 102 109 114 
0 1 5 9 13 18 31 42 43 55 63 67 72 77 85 89 102 114 
0 1 5 9 13 18 31 42 43 55 63 67 72 77 85 90 102 114 
0 1 5 9 13 18 31 42 43 55 63 67 72 77 85 102 109 114 
0 1 5 9 13 18 31 42 43 55 63 68 72 76 85 90 94 102 
0 1 5 9 13 18 31 42 43 55 63 68 72 76 85 90 102 113 
0 1 5 9 13 18 31 42 43 55 63 68 72 76 85 90 102 114 
0 1 5 9 13 18 31 42 43 55 63 68 72 77 85 90 102 114 
0 1 5 9 13 18 31 42 43 55 63 72 76 85 90 94 102 107 
0 1 5 9 13 18 31 42 43 55 63 72 76 85 90 102 107 113 
0 1 5 9 13 18 31 42 43 55 63 72 76 85 90 102 107 114 
0 1 5 9 13 18 31 42 43 55 63 72 77 85 90 102 107 114 
0 1 5 9 13 18 31 43 55 58 63 68 72 76 85 90 94 102 
0 1 5 9 13 18 31 43 55 58 63 68 72 76 85 90 102 113 
0 1 5 9 13 18 31 43 55 58 63 68 72 76 85 90 102 114 
0 1 5 9 13 18 31 43 55 58 63 68 72 77 85 90 102 114 
0 1 5 9 13 18 31 43 55 58 64 68 72 76 85 90 94 102 
0 1 5 9 13 18 31 43 55 58 64 68 72 76 85 90 102 113 
0 1 5 9 13 18 31 43 55 58 64 68 72 76 85 90 102 114 
0 1 5 9 13 18 31 43 55 58 64 68 72 77 85 90 102 114 
0 1 5 9 13 18 31 43 55 63 68 72 76 85 90 102 105 113 
0 1 5 9 13 18 31 43 55 63 68 72 76 85 90 102 105 114 
0 1 5 9 13 18 31 55 56 58 64 68 72 76 85 90 94 102 
0 1 5 9 13 18 31 55 56 58 64 68 72 76 85 90 102 113 
0 1 5 9 13 18 31 55 56 58 64 68 72 76 85 90 102 114 
0 1 5 9 13 18 31 55 56 58 64 68 72 77 85 90 102 114 
0 1 5 9 13 18 33 42 43 50 55 63 67 76 85 102 109 113 
0 1 5 9 13 18 35 42 43 50 63 67 71 76 85 94 102 109 
0 1 5 9 13 18 35 42 43 50 63 67 72 76 85 94 102 109 
0 1 5 9 13 18 35 42 43 51 63 67 72 76 85 94 102 109 
0 1 5 9 13 18 35 42 43 51 63 68 72 76 85 94 102 109 
0 1 5 9 13 18 35 43 51 58 63 68 72 76 85 94 102 109 
0 1 5 9 13 18 35 43 51 58 64 68 72 76 85 94 102 109 
0 1 5 9 13 18 35 43 51 63 68 72 76 85 94 102 105 109 
0 1 5 9 13 18 35 51 56 58 64 68 72 76 85 94 102 109 
0 1 5 9 13 18 35 51 58 64 68 72 76 81 85 94 102 109 
0 1 5 9 13 18 36 42 43 50 63 67 72 76 85 94 102 109 
0 1 5 9 13 18 36 42 43 50 63 67 72 77 85 94 102 109 
0 1 5 9 13 18 36 42 43 51 63 67 72 76 85 94 102 109 
0 1 5 9 13 18 36 42 43 51 63 67 72 77 85 94 102 109 
0 1 5 9 13 18 36 42 43 51 63 68 72 76 85 94 102 109 
0 1 5 9 13 18 36 42 43 51 63 68 72 77 85 94 102 109 
0 1 5 9 13 18 36 43 51 58 63 68 72 76 85 94 102 109 
0 1 5 9 13 18 36 43 51 58 63 68 72 77 85 94 102 109 
0 1 5 9 13 18 36 43 51 58 64 68 72 76 85 94 102 109 
0 1 5 9 13 18 36 43 51 58 64 68 72 77 85 94 102 109 
0 1 5 9 13 18 36 43 51 63 68 72 76 85 94 102 105 109 
0 1 5 9 13 18 36 43 51 63 68 72 77 85 94 102 105 109 
0 1 5 9 13 18 36 51 56 58 64 68 72 77 85 94 102 109 
0 1 5 9 13 18 36 51 58 64 68 72 76 81 85 94 102 109 
0 1 5 9 13 18 36 51 58 64 68 72 77 81 85 94 102 109 
0 1 5 9 13 18 38 42 43 51 55 63 68 72 85 102 109 114 
0 1 5 9 13 18 38 43 51 55 58 63 68 72 85 102 109 114 
0 1 5 9 13 18 38 43 51 55 58 64 68 72 85 102 109 114 
0 1 5 9 13 18 38 51 55 56 58 64 68 72 85 102 109 114 
0 1 5 9 13 18 38 51 55 58 64 68 72 81 85 102 109 114 
0 1 5 9 13 18 42 43 50 55 63 67 71 76 85 102 109 113 
0 1 5 9 13 18 42 43 50 55 63 67 72 76 85 94 102 109 
0 1 5 9 13 18 42 43 50 55 63 67 72 76 85 102 109 113 
0 1 5 9 13 18 42 43 50 55 63 67 72 76 85 102 109 114 
0 1 5 9 13 18 42 43 50 55 63 67 72 77 85 102 109 114 
0 1 5 9 13 18 42 43 51 55 63 67 72 76 85 94 102 109 
0 1 5 9 13 18 42 43 51 55 63 67 72 76 85 102 109 113 
0 1 5 9 13 18 42 43 51 55 63 67 72 76 85 102 109 114 
0 1 5 9 13 18 42 43 51 55 63 68 72 76 85 94 102 109 
0 1 5 9 13 18 42 43 51 55 63 68 72 76 85 102 109 113 
0 1 5 9 13 18 42 43 51 55 63 68 72 76 85 102 109 114 
0 1 5 9 13 18 42 43 51 55 63 68 72 77 85 102 109 114 
0 1 5 9 13 18 43 51 55 58 63 68 72 76 85 94 102 109 
0 1 5 9 13 18 43 51 55 58 63 68 72 76 85 102 109 113 
0 1 5 9 13 18 43 51 55 58 63 68 72 76 85 102 109 114 
0 1 5 9 13 18 43 51 55 58 63 68 72 77 85 102 109 114 
0 1 5 9 13 18 43 51 55 58 64 68 72 77 85 102 109 114 
0 1 5 9 13 18 51 55 56 58 64 68 72 77 85 102 109 114 
0 1 5 9 13 18 51 55 58 64 68 72 76 81 85 94 102 109 
0 1 5 9 13 18 51 55 58 64 68 72 77 81 85 102 109 114 
0 1 5 9 13 22 31 38 42 55 63 67 71 81 85 89 96 113 
0 1 5 9 13 22 31 38 42 55 63 67 72 81 85 89 96 113 
0 1 5 9 13 22 31 38 42 55 63 67 72 81 85 90 96 113 
0 1 5 9 13 22 31 38 42 55 63 67 72 81 85 96 109 113 
0 1 5 9 13 22 31 38 42 55 63 68 72 81 85 90 96 113 
0 1 5 9 13 22 31 38 42 55 63 68 72 81 85 90 96 114 
0 1 5 9 13 22 31 38 42 55 63 68 72 81 85 90 97 114 
0 1 5 9 13 22 31 38 42 55 63 72 81 85 90 96 107 113 
0 1 5 9 13 22 31 38 42 55 63 72 81 85 90 96 107 114 
0 1 5 9 13 22 31 38 42 55 63 72 81 85 90 97 107 114 
0 1 5 9 13 22 31 38 55 58 63 68 72 81 85 90 96 113 
0 1 5 9 13 22 31 38 55 58 63 68 72 81 85 90 96 114 
0 1 5 9 13 22 31 38 55 58 63 68 72 81 85 90 97 114 
0 1 5 9 13 22 31 38 55 58 64 68 72 81 85 90 96 113 
0 1 5 9 13 22 31 38 55 58 64 68 72 81 85 90 96 114 
0 1 5 9 13 22 31 38 55 58 64 68 72 81 85 90 97 114 
0 1 5 9 13 22 31 38 55 58 68 72 81 85 90 96 103 113 
0 1 5 9 13 22 31 38 55 58 68 72 81 85 90 96 103 114 
0 1 5 9 13 22 31 38 55 58 68 72 81 85 90 97 103 114 
0 1 5 9 13 22 33 38 42 50 55 63 67 81 85 96 109 113 
0 1 5 9 13 22 38 42 50 55 63 67 71 81 85 96 109 113 
0 1 5 9 13 22 38 42 50 55 63 67 72 81 85 96 109 113 
0 1 5 9 13 22 38 42 51 55 63 67 72 81 85 96 109 113 
0 1 5 9 13 22 38 42 51 55 63 68 72 81 85 96 109 113 
0 1 5 9 13 22 38 42 51 55 63 68 72 81 85 96 109 114 
0 1 5 9 13 22 38 42 51 55 63 68 72 81 85 97 109 114 
0 1 5 9 13 22 38 51 55 58 63 68 72 81 85 96 109 113 
0 1 5 9 13 22 38 51 55 58 63 68 72 81 85 96 109 114 
0 1 5 9 13 22 38 51 55 58 63 68 72 81 85 97 109 114 
0 1 5 9 13 22 38 51 55 58 64 68 72 81 85 96 109 113 
0 1 5 9 13 22 38 51 55 58 64 68 72 81 85 96 109 114 
0 1 5 9 13 22 38 51 55 58 64 68 72 81 85 97 109 114 
0 1 5 9 13 22 38 51 55 58 68 72 81 85 96 103 109 113 
0 1 5 9 13 22 38 51 55 58 68 72 81 85 96 103 109 114 
0 1 5 9 13 22 38 51 55 58 68 72 81 85 97 103 109 114 
0 1 5 9 13 23 31 38 55 58 64 68 72 81 85 90 96 113 
0 1 5 9 13 23 31 38 55 58 64 68 72 81 85 90 96 114 
0 1 5 9 13 23 31 38 55 58 64 68 72 81 85 90 97 114 
0 1 5 9 13 23 38 51 55 58 64 68 72 81 85 96 109 113 
0 1 5 9 13 23 38 51 55 58 64 68 72 81 85 96 109 114 
0 1 5 9 13 23 38 51 55 58 64 68 72 81 85 97 109 114 
0 1 5 9 13 31 38 42 43 55 63 67 71 85 89 96 102 113 
0 1 5 9 13 31 38 42 43 55 63 67 72 85 89 96 102 113 
0 1 5 9 13 31 38 42 43 55 63 67 72 85 89 96 102 114 
0 1 5 9 13 31 38 42 43 55 63 67 72 85 89 97 102 114 
0 1 5 9 13 31 38 42 43 55 63 67 72 85 90 96 102 113 
0 1 5 9 13 31 38 42 43 55 63 67 72 85 90 96 102 114 
0 1 5 9 13 31 38 42 43 55 63 67 72 85 96 102 109 113 
0 1 5 9 13 31 38 42 43 55 63 68 72 85 90 96 102 113 
0 1 5 9 13 31 38 42 43 55 63 68 72 85 90 96 102 114 
0 1 5 9 13 31 38 42 43 55 63 68 72 85 90 97 102 114 
0 1 5 9 13 31 38 42 43 55 63 72 85 90 96 102 107 113 
0 1 5 9 13 31 38 42 43 55 63 72 85 90 96 102 107 114 
0 1 5 9 13 31 38 42 43 55 63 72 85 90 97 102 107 114 
0 1 5 9 13 31 38 43 55 58 63 68 72 85 90 96 102 113 
0 1 5 9 13 31 38 43 55 58 63 68 72 85 90 96 102 114 
0 1 5 9 13 31 38 43 55 58 63 68 72 85 90 97 102 114 
0 1 5 9 13 31 38 43 55 58 64 68 72 85 90 96 102 113 
0 1 5 9 13 31 38 43 55 58 64 68 72 85 90 96 102 114 
0 1 5 9 13 31 38 43 55 58 64 68 72 85 90 97 102 114 
0 1 5 9 13 31 38 55 56 58 64 68 72 79 90 97 102 114 
0 1 5 9 13 31 38 55 56 58 64 68 72 85 90 96 102 113 
0 1 5 9 13 31 38 55 56 58 64 68 72 85 90 96 102 114 
0 1 5 9 13 31 38 55 56 58 64 68 72 85 90 97 102 114 
0 1 5 9 13 31 38 55 58 64 68 72 81 85 90 96 102 113 
0 1 5 9 13 31 38 55 58 64 68 72 81 85 90 96 102 114 
0 1 5 9 13 31 38 55 58 64 68 72 81 85 90 97 102 114 
0 1 5 9 13 33 38 42 43 50 55 63 67 85 96 102 109 113 
0 1 5 9 13 38 42 43 50 55 63 67 71 85 96 102 109 113 
0 1 5 9 13 38 42 43 50 55 63 67 72 85 96 102 109 113 
0 1 5 9 13 38 42 43 51 55 63 67 72 85 96 102 109 113 
0 1 5 9 13 38 42 43 51 55 63 68 72 85 96 102 109 113 
0 1 5 9 13 38 42 43 51 55 63 68 72 85 96 102 109 114 
0 1 5 9 13 38 42 43 51 55 63 68 72 85 97 102 109 114 
0 1 5 9 13 38 43 51 55 58 63 68 72 85 96 102 109 113 
0 1 5 9 13 38 43 51 55 58 63 68 72 85 96 102 109 114 
0 1 5 9 13 38 43 51 55 58 63 68 72 85 97 102 109 114 
0 1 5 9 13 38 43 51 55 58 64 68 72 85 96 102 109 113 
0 1 5 9 13 38 43 51 55 58 64 68 72 85 96 102 109 114 
0 1 5 9 13 38 43 51 55 58 64 68 72 85 97 102 109 114 
0 1 5 9 13 38 51 55 56 58 64 68 72 79 97 102 109 114 
0 1 5 9 13 38 51 55 56 58 64 68 72 85 96 102 109 113 
0 1 5 9 13 38 51 55 56 58 64 68 72 85 96 102 109 114 
0 1 5 9 13 38 51 55 56 58 64 68 72 85 97 102 109 114 
0 1 5 9 13 38 51 55 58 64 68 72 81 85 96 102 109 113 
0 1 5 9 13 38 51 55 58 64 68 72 81 85 96 102 109 114 
0 1 5 9 13 38 51 55 58 64 68 72 81 85 97 102 109 114 
0 1 5 9 14 18 22 31 36 58 63 68 72 76 81 85 90 94 
0 1 5 9 14 18 22 31 36 58 68 72 76 81 85 90 94 103 
0 1 5 9 14 18 22 31 36 63 68 72 76 81 85 90 94 105 
0 1 5 9 14 18 22 31 38 55 58 63 68 72 81 85 90 114 
0 1 5 9 14 18 22 31 38 55 58 64 68 72 81 85 90 114 
0 1 5 9 14 18 22 31 38 55 58 68 72 81 85 90 103 114 
0 1 5 9 14 18 22 31 38 55 63 68 72 81 85 90 105 114 
0 1 5 9 14 18 22 32 36 58 63 68 72 76 81 85 90 94 
0 1 5 9 14 18 22 32 36 58 63 68 72 77 81 85 90 95 
0 1 5 9 14 18 22 32 36 58 63 68 72 77 81 85 90 114 
0 1 5 9 14 18 22 32 36 58 63 68 77 81 85 90 95 112 
0 1 5 9 14 18 22 32 36 58 64 68 72 77 81 85 90 95 
0 1 5 9 14 18 22 32 36 58 64 68 72 77 81 85 90 114 
0 1 5 9 14 18 22 32 36 58 64 68 77 81 85 90 95 112 
0 1 5 9 14 18 22 32 36 58 68 72 76 81 85 90 94 103 
0 1 5 9 14 18 22 32 36 58 68 72 77 81 85 90 94 103 
0 1 5 9 14 18 22 32 36 58 68 72 77 81 85 90 95 103 
0 1 5 9 14 18 22 32 36 58 68 72 77 81 85 90 103 114 
0 1 5 9 14 18 22 32 36 58 68 77 81 85 90 95 103 112 
0 1 5 9 14 18 22 32 36 63 68 72 76 81 85 90 94 105 
0 1 5 9 14 18 22 32 36 63 68 72 77 81 85 90 94 105 
0 1 5 9 14 18 22 32 36 63 68 72 77 81 85 90 95 105 
0 1 5 9 14 18 22 32 36 63 68 72 77 81 85 90 105 114 
0 1 5 9 14 18 22 32 36 63 68 77 81 85 90 95 105 112 
0 1 5 9 14 18 22 32 38 55 58 63 68 72 81 85 90 114 
0 1 5 9 14 18 22 32 38 55 58 64 68 72 81 85 90 114 
0 1 5 9 14 18 22 32 38 55 58 68 72 81 85 90 103 114 
0 1 5 9 14 18 22 32 38 55 63 68 72 81 85 90 105 114 
0 1 5 9 14 18 22 32 55 58 63 68 72 77 81 85 90 114 
0 1 5 9 14 18 22 32 55 58 64 68 72 77 81 85 90 114 
0 1 5 9 14 18 22 32 55 58 68 72 76 81 85 90 103 114 
0 1 5 9 14 18 22 32 55 58 68 72 77 81 85 90 103 114 
0 1 5 9 14 18 22 32 55 63 68 72 76 81 85 90 105 114 
0 1 5 9 14 18 22 32 55 63 68 72 77 81 85 90 105 114 
0 1 5 9 14 18 22 36 51 58 63 68 72 76 81 85 94 109 
0 1 5 9 14 18 22 36 51 58 63 68 72 76 81 85 94 110 
0 1 5 9 14 18 22 36 51 58 63 68 72 77 81 85 90 95 
0 1 5 9 14 18 22 36 51 58 63 68 72 77 81 85 90 114 
0 1 5 9 14 18 22 36 51 58 63 68 72 77 81 85 94 109 
0 1 5 9 14 18 22 36 51 58 63 68 72 77 81 85 94 110 
0 1 5 9 14 18 22 36 51 58 63 68 72 77 81 85 95 109 
0 1 5 9 14 18 22 36 51 58 63 68 72 77 81 85 95 110 
0 1 5 9 14 18 22 36 51 58 64 68 72 77 81 85 90 114 
0 1 5 9 14 18 22 36 51 58 64 68 72 77 81 85 94 109 
0 1 5 9 14 18 22 36 51 58 64 68 72 77 81 85 94 110 
0 1 5 9 14 18 22 36 51 58 64 68 72 77 81 85 95 109 
0 1 5 9 14 18 22 36 51 58 68 72 76 81 85 90 94 103 
0 1 5 9 14 18 22 36 51 58 68 72 76 81 85 94 103 109 
0 1 5 9 14 18 22 36 51 58 68 72 76 81 85 94 103 110 
0 1 5 9 14 18 22 36 51 58 68 72 77 81 85 90 95 103 
0 1 5 9 14 18 22 36 51 58 68 72 77 81 85 90 103 114 
0 1 5 9 14 18 22 36 51 58 68 72 77 81 85 94 103 109 
0 1 5 9 14 18 22 36 51 58 68 72 77 81 85 94 103 110 
0 1 5 9 14 18 22 36 51 58 68 72 77 81 85 95 103 109 
0 1 5 9 14 18 22 36 51 58 68 72 77 81 85 95 103 110 
0 1 5 9 14 18 22 36 51 63 68 72 76 81 85 90 94 105 
0 1 5 9 14 18 22 36 51 63 68 72 76 81 85 94 105 109 
0 1 5 9 14 18 22 36 51 63 68 72 76 81 85 94 105 110 
0 1 5 9 14 18 22 36 51 63 68 72 77 81 85 90 94 105 
0 1 5 9 14 18 22 36 51 63 68 72 77 81 85 90 95 105 
0 1 5 9 14 18 22 36 51 63 68 72 77 81 85 90 105 114 
0 1 5 9 14 18 22 36 51 63 68 72 77 81 85 94 105 109 
0 1 5 9 14 18 22 36 51 63 68 72 77 81 85 94 105 110 
0 1 5 9 14 18 22 36 51 63 68 72 77 81 85 95 105 109 
0 1 5 9 14 18 22 36 51 63 68 72 77 81 85 95 105 110 
0 1 5 9 14 18 22 38 51 55 58 63 68 72 81 85 90 114 
0 1 5 9 14 18 22 38 51 55 58 64 68 72 81 85 90 114 
0 1 5 9 14 18 22 38 51 55 58 68 72 81 85 90 103 114 
0 1 5 9 14 18 22 51 55 58 63 68 72 77 81 85 90 114 
0 1 5 9 14 18 23 31 38 55 58 64 68 72 81 85 90 114 
0 1 5 9 14 18 23 32 36 58 64 68 77 81 85 90 95 112 
0 1 5 9 14 18 23 32 36 58 64 68 77 81 90 95 99 112 
0 1 5 9 14 18 23 38 51 55 58 64 68 72 81 85 109 114 
0 1 5 9 14 18 31 36 42 43 63 67 72 76 85 90 94 102 
0 1 5 9 14 18 31 36 42 43 63 67 72 77 85 90 94 102 
0 1 5 9 14 18 31 36 42 43 63 67 72 77 85 90 95 102 
0 1 5 9 14 18 31 36 42 43 63 68 72 76 85 90 94 102 
0 1 5 9 14 18 31 36 42 43 63 68 72 77 85 90 94 102 
0 1 5 9 14 18 31 36 42 43 63 68 72 77 85 90 95 102 
0 1 5 9 14 18 31 36 42 43 63 68 72 77 85 90 102 114 
0 1 5 9 14 18 31 36 42 43 63 72 76 85 90 94 102 107 
0 1 5 9 14 18 31 36 42 43 63 72 77 85 90 94 102 107 
0 1 5 9 14 18 31 36 42 43 63 72 77 85 90 95 102 107 
0 1 5 9 14 18 31 36 42 43 63 72 77 85 90 102 107 114 
0 1 5 9 14 18 31 36 43 58 63 68 72 76 85 90 94 102 
0 1 5 9 14 18 31 36 43 58 63 68 72 77 85 90 94 102 
0 1 5 9 14 18 31 36 43 58 63 68 72 77 85 90 95 102 
0 1 5 9 14 18 31 36 43 58 63 68 72 77 85 90 102 114 
0 1 5 9 14 18 31 36 43 58 64 68 72 77 85 90 94 102 
0 1 5 9 14 18 31 36 43 58 64 68 72 77 85 90 95 102 
0 1 5 9 14 18 31 36 43 58 64 68 72 77 85 90 102 114 
0 1 5 9 14 18 31 36 43 63 68 72 76 85 90 94 102 105 
0 1 5 9 14 18 31 36 43 63 68 72 77 85 90 94 102 105 
0 1 5 9 14 18 31 36 43 63 68 72 77 85 90 95 102 105 
0 1 5 9 14 18 31 36 43 63 68 72 77 85 90 102 105 114 
0 1 5 9 14 18 31 36 56 58 64 68 72 77 85 90 94 102 
0 1 5 9 14 18 31 36 56 58 64 68 72 77 85 90 95 102 
0 1 5 9 14 18 31 36 56 58 64 68 72 77 85 90 102 114 
0 1 5 9 14 18 31 38 42 43 55 63 68 72 85 90 102 114 
0 1 5 9 14 18 31 38 42 43 55 63 72 85 90 102 107 114 
0 1 5 9 14 18 31 38 43 55 58 63 68 72 85 90 102 114 
0 1 5 9 14 18 31 38 43 55 58 64 68 72 85 90 102 114 
0 1 5 9 14 18 31 38 43 55 63 68 72 85 90 102 105 114 
0 1 5 9 14 18 31 38 55 56 58 64 68 72 85 90 102 114 
0 1 5 9 14 18 31 38 55 58 64 68 72 81 85 90 102 114 
0 1 5 9 14 18 31 42 43 55 63 68 72 76 85 90 102 114 
0 1 5 9 14 18 31 42 43 55 63 68 72 77 85 90 102 114 
0 1 5 9 14 18 31 42 43 55 63 72 76 85 90 102 107 114 
0 1 5 9 14 18 31 42 43 55 63 72 77 85 90 102 107 114 
0 1 5 9 14 18 31 43 55 58 63 68 72 76 85 90 102 114 
0 1 5 9 14 18 31 43 55 58 63 68 72 77 85 90 102 114 
0 1 5 9 14 18 31 43 55 58 64 68 72 77 85 90 102 114 
0 1 5 9 14 18 31 43 55 63 68 72 76 85 90 102 105 114 
0 1 5 9 14 18 31 43 55 63 68 72 77 85 90 102 105 114 
0 1 5 9 14 18 31 55 56 58 64 68 72 77 85 90 102 114 
0 1 5 9 14 18 32 36 42 43 63 68 72 76 85 90 94 102 
0 1 5 9 14 18 32 36 42 43 63 68 72 77 85 90 94 102 
0 1 5 9 14 18 32 36 42 43 63 68 72 77 85 90 95 102 
0 1 5 9 14 18 32 36 42 43 63 68 72 77 85 90 102 114 
0 1 5 9 14 18 32 36 42 43 63 68 73 77 85 90 95 102 
0 1 5 9 14 18 32 36 42 43 63 68 77 85 90 95 102 112 
0 1 5 9 14 18 32 36 43 58 63 68 72 76 85 90 94 102 
0 1 5 9 14 18 32 36 43 58 63 68 72 77 85 90 94 102 
0 1 5 9 14 18 32 36 43 58 63 68 72 77 85 90 95 102 
0 1 5 9 14 18 32 36 43 58 63 68 72 77 85 90 102 114 
0 1 5 9 14 18 32 36 43 58 63 68 73 77 85 90 95 102 
0 1 5 9 14 18 32 36 43 58 63 68 77 85 90 95 102 112 
0 1 5 9 14 18 32 36 43 58 64 68 72 77 85 90 94 102 
0 1 5 9 14 18 32 36 43 58 64 68 72 77 85 90 95 102 
0 1 5 9 14 18 32 36 43 58 64 68 72 77 85 90 102 114 
0 1 5 9 14 18 32 36 43 58 64 68 73 77 85 90 95 102 
0 1 5 9 14 18 32 36 43 58 64 68 77 85 90 95 102 112 
0 1 5 9 14 18 32 36 43 63 68 72 76 85 90 94 102 105 
0 1 5 9 14 18 32 36 43 63 68 72 77 85 90 94 102 105 
0 1 5 9 14 18 32 36 43 63 68 72 77 85 90 95 102 105 
0 1 5 9 14 18 32 36 43 63 68 72 77 85 90 102 105 114 
0 1 5 9 14 18 32 36 43 63 68 73 77 85 90 95 102 105 
0 1 5 9 14 18 32 36 43 63 68 77 85 90 95 102 105 112 
0 1 5 9 14 18 32 36 56 58 60 64 68 77 90 95 102 112 
0 1 5 9 14 18 32 36 56 58 64 68 72 77 85 90 94 102 
0 1 5 9 14 18 32 36 56 58 64 68 72 77 85 90 95 102 
0 1 5 9 14 18 32 36 56 58 64 68 72 77 85 90 102 114 
0 1 5 9 14 18 32 36 56 58 64 68 73 77 85 90 95 102 
0 1 5 9 14 18 32 36 56 58 64 68 77 85 90 95 102 112 
0 1 5 9 14 18 32 36 58 64 68 77 81 85 90 95 102 112 
0 1 5 9 14 18 32 38 42 43 55 63 68 72 85 90 102 114 
0 1 5 9 14 18 32 38 43 55 58 63 68 72 85 90 102 114 
0 1 5 9 14 18 32 38 43 55 58 64 68 72 85 90 102 114 
0 1 5 9 14 18 32 38 43 55 63 68 72 85 90 102 105 114 
0 1 5 9 14 18 32 38 55 56 58 64 68 72 85 90 102 114 
0 1 5 9 14 18 32 38 55 58 64 68 72 81 85 90 102 114 
0 1 5 9 14 18 32 42 43 55 63 68 72 76 85 90 102 114 
0 1 5 9 14 18 32 42 43 55 63 68 72 77 85 90 102 114 
0 1 5 9 14 18 32 43 55 58 63 68 72 76 85 90 102 114 
0 1 5 9 14 18 32 43 55 58 63 68 72 77 85 90 102 114 
0 1 5 9 14 18 32 43 55 58 64 68 72 77 85 90 102 114 
0 1 5 9 14 18 32 43 55 63 68 72 76 85 90 102 105 114 
0 1 5 9 14 18 32 43 55 63 68 72 77 85 90 102 105 114 
0 1 5 9 14 18 32 55 56 58 64 68 72 77 85 90 102 114 
0 1 5 9 14 18 36 42 43 51 63 67 72 76 85 94 102 109 
0 1 5 9 14 18 36 42 43 51 63 67 72 77 85 94 102 109 
0 1 5 9 14 18 36 42 43 51 63 67 72 77 85 95 102 109 
0 1 5 9 14 18 36 42 43 51 63 68 72 76 85 90 94 102 
0 1 5 9 14 18 36 42 43 51 63 68 72 76 85 94 102 109 
0 1 5 9 14 18 36 42 43 51 63 68 72 76 85 94 102 110 
0 1 5 9 14 18 36 42 43 51 63 68 72 77 85 90 94 102 
0 1 5 9 14 18 36 42 43 51 63 68 72 77 85 90 95 102 
0 1 5 9 14 18 36 42 43 51 63 68 72 77 85 90 102 114 
0 1 5 9 14 18 36 42 43 51 63 68 72 77 85 94 102 109 
0 1 5 9 14 18 36 42 43 51 63 68 72 77 85 94 102 110 
0 1 5 9 14 18 36 42 43 51 63 68 72 77 85 95 102 109 
0 1 5 9 14 18 36 42 43 51 63 68 72 77 85 95 102 110 
0 1 5 9 14 18 36 42 43 51 63 68 72 77 85 102 109 114 
0 1 5 9 14 18 36 42 43 51 63 68 73 77 85 95 102 110 
0 1 5 9 14 18 36 43 51 58 63 68 72 76 85 90 94 102 
0 1 5 9 14 18 36 43 51 58 63 68 72 76 85 94 102 109 
0 1 5 9 14 18 36 43 51 58 63 68 72 77 85 90 94 102 
0 1 5 9 14 18 36 43 51 58 63 68 72 77 85 90 95 102 
0 1 5 9 14 18 36 43 51 58 63 68 72 77 85 90 102 114 
0 1 5 9 14 18 36 43 51 58 63 68 72 77 85 94 102 109 
0 1 5 9 14 18 36 43 51 58 63 68 72 77 85 94 102 110 
0 1 5 9 14 18 36 43 51 58 63 68 72 77 85 95 102 109 
0 1 5 9 14 18 36 43 51 58 63 68 72 77 85 95 102 110 
0 1 5 9 14 18 36 43 51 58 63 68 72 77 85 102 109 114 
0 1 5 9 14 18 36 43 51 58 63 68 73 77 85 95 102 110 
0 1 5 9 14 18 36 43 51 58 64 68 72 77 85 90 94 102 
0 1 5 9 14 18 36 43 51 58 64 68 72 77 85 90 95 102 
0 1 5 9 14 18 36 43 51 58 64 68 72 77 85 90 102 114 
0 1 5 9 14 18 36 43 51 58 64 68 72 77 85 94 102 109 
0 1 5 9 14 18 36 43 51 58 64 68 72 77 85 94 102 110 
0 1 5 9 14 18 36 43 51 58 64 68 72 77 85 95 102 109 
0 1 5 9 14 18 36 43 51 58 64 68 72 77 85 95 102 110 
0 1 5 9 14 18 36 43 51 58 64 68 72 77 85 102 109 114 
0 1 5 9 14 18 36 43 51 58 64 68 73 77 85 95 102 110 
0 1 5 9 14 18 36 43 51 63 68 72 76 85 90 94 102 105 
0 1 5 9 14 18 36 43 51 63 68 72 77 85 90 94 102 105 
0 1 5 9 14 18 36 43 51 63 68 72 77 85 90 95 102 105 
0 1 5 9 14 18 36 43 51 63 68 72 77 85 90 102 105 114 
0 1 5 9 14 18 36 43 51 63 68 72 77 85 94 102 105 109 
0 1 5 9 14 18 36 43 51 63 68 72 77 85 94 102 105 110 
0 1 5 9 14 18 36 43 51 63 68 72 77 85 95 102 105 109 
0 1 5 9 14 18 36 43 51 63 68 72 77 85 95 102 105 110 
0 1 5 9 14 18 36 43 51 63 68 73 77 85 95 102 105 110 
0 1 5 9 14 18 36 51 56 58 64 68 72 77 85 90 94 102 
0 1 5 9 14 18 36 51 56 58 64 68 72 77 85 90 95 102 
0 1 5 9 14 18 36 51 56 58 64 68 72 77 85 90 102 114 
0 1 5 9 14 18 36 51 56 58 64 68 72 77 85 94 102 109 
0 1 5 9 14 18 36 51 56 58 64 68 72 77 85 94 102 110 
0 1 5 9 14 18 36 51 56 58 64 68 72 77 85 95 102 109 
0 1 5 9 14 18 36 51 56 58 64 68 72 77 85 95 102 110 
0 1 5 9 14 18 36 51 56 58 64 68 72 77 85 102 109 114 
0 1 5 9 14 18 36 51 56 58 64 68 73 77 85 95 102 110 
0 1 5 9 14 18 38 42 43 51 55 63 68 72 85 90 102 114 
0 1 5 9 14 18 38 42 43 51 55 63 68 72 85 102 109 114 
0 1 5 9 14 18 38 43 51 55 58 63 68 72 85 90 102 114 
0 1 5 9 14 18 38 43 51 55 58 63 68 72 85 102 109 114 
0 1 5 9 14 18 38 43 51 55 58 64 68 72 85 102 109 114 
0 1 5 9 14 18 38 43 51 55 63 68 72 85 90 102 105 114 
0 1 5 9 14 18 38 51 55 56 58 64 68 72 85 102 109 114 
0 1 5 9 14 18 38 51 55 58 64 68 72 81 85 102 109 114 
0 1 5 9 14 18 42 43 51 55 63 68 72 77 85 102 109 114 
0 1 5 9 14 18 43 51 55 58 63 68 72 77 85 102 109 114 
0 1 5 9 14 19 32 36 56 58 60 64 68 77 90 95 102 112 
0 1 5 9 14 22 31 38 42 55 63 72 81 85 90 96 107 114 
0 1 5 9 14 22 31 38 42 55 63 72 81 85 90 97 107 114 
0 1 5 9 14 22 31 38 55 58 64 68 72 81 85 90 96 114 
0 1 5 9 14 22 31 38 55 58 64 68 72 81 85 90 97 114 
0 1 5 9 14 22 31 38 55 58 68 72 81 85 90 96 103 114 
0 1 5 9 14 22 31 38 55 58 68 72 81 85 90 97 103 114 
0 1 5 9 14 22 32 38 55 58 64 68 72 81 85 90 96 114 
0 1 5 9 14 22 32 38 55 58 64 68 72 81 85 90 97 114 
0 1 5 9 14 22 32 38 55 58 68 72 81 85 90 96 103 114 
0 1 5 9 14 22 32 38 55 58 68 72 81 85 90 97 103 114 
0 1 5 9 14 22 38 51 55 58 64 68 72 81 85 90 96 114 
0 1 5 9 14 22 38 51 55 58 64 68 72 81 85 90 97 114 
0 1 5 9 14 22 38 51 55 58 64 68 72 81 85 96 109 114 
0 1 5 9 14 22 38 51 55 58 64 68 72 81 85 96 110 114 
0 1 5 9 14 22 38 51 55 58 64 68 72 81 85 97 109 114 
0 1 5 9 14 22 38 51 55 58 64 68 72 81 85 97 110 114 
0 1 5 9 14 22 38 51 55 58 68 72 81 85 90 96 103 114 
0 1 5 9 14 22 38 51 55 58 68 72 81 85 90 97 103 114 
0 1 5 9 14 22 38 51 55 58 68 72 81 85 96 103 109 114 
0 1 5 9 14 22 38 51 55 58 68 72 81 85 96 103 110 114 
0 1 5 9 14 22 38 51 55 58 68 72 81 85 97 103 109 114 
0 1 5 9 14 22 38 51 55 58 68 72 81 85 97 103 110 114 
0 1 5 9 14 23 31 38 55 58 64 68 72 81 85 90 96 114 
0 1 5 9 14 23 31 38 55 58 64 68 72 81 85 90 97 114 
0 1 5 9 14 23 32 38 55 58 64 68 72 81 85 90 96 114 
0 1 5 9 14 23 32 38 55 58 64 68 72 81 85 90 97 114 
0 1 5 9 14 23 38 51 55 58 64 68 72 81 85 90 96 114 
0 1 5 9 14 23 38 51 55 58 64 68 72 81 85 90 97 114 
0 1 5 9 14 23 38 51 55 58 64 68 72 81 85 96 109 114 
0 1 5 9 14 23 38 51 55 58 64 68 72 81 85 96 110 114 
0 1 5 9 14 23 38 51 55 58 64 68 72 81 85 97 109 114 
0 1 5 9 14 23 38 51 55 58 64 68 72 81 85 97 110 114 
0 1 5 9 14 31 38 42 43 55 63 68 72 85 90 96 102 114 
0 1 5 9 14 31 38 42 43 55 63 68 72 85 90 97 102 114 
0 1 5 9 14 31 38 42 43 55 63 72 85 90 96 102 107 114 
0 1 5 9 14 31 38 42 43 55 63 72 85 90 97 102 107 114 
0 1 5 9 14 31 38 43 55 58 63 68 72 85 90 96 102 114 
0 1 5 9 14 31 38 43 55 58 63 68 72 85 90 97 102 114 
0 1 5 9 14 31 38 43 55 58 64 68 72 85 90 96 102 114 
0 1 5 9 14 31 38 43 55 63 68 72 85 90 96 102 105 114 
0 1 5 9 14 31 38 43 55 63 68 72 85 90 97 102 105 114 
0 1 5 9 14 31 38 55 56 58 64 68 72 85 90 96 102 114 
0 1 5 9 14 31 38 55 58 64 68 72 81 85 90 96 102 114 
0 1 5 9 14 32 38 42 43 55 63 68 72 85 90 96 102 114 
0 1 5 9 14 32 38 43 55 58 63 68 72 85 90 96 102 114 
0 1 5 9 14 32 38 43 55 63 68 72 85 90 96 102 105 114 
0 1 5 9 15 22 31 38 42 52 63 67 74 81 85 89 96 111 
0 1 5 9 15 22 31 38 42 53 63 67 74 81 85 89 96 111 
0 1 5 9 15 22 31 38 42 53 63 67 74 81 85 90 96 111 
0 1 5 9 15 22 31 38 42 53 63 68 74 81 85 90 96 111 
0 1 5 9 15 22 31 38 42 53 63 74 81 85 90 96 107 111 
0 1 5 9 15 22 31 38 53 58 63 68 74 81 85 90 96 111 
0 1 5 9 15 22 31 38 53 58 64 68 74 81 85 90 96 111 
0 1 5 9 15 22 31 38 53 58 68 74 81 85 90 96 103 111 
0 1 5 9 15 22 31 38 53 63 68 74 81 85 90 96 105 111 
0 1 5 9 15 22 33 38 42 50 63 67 74 81 85 91 96 109 
0 1 5 9 15 22 33 38 42 50 63 67 74 81 85 92 96 109 
0 1 5 9 15 22 33 38 42 51 63 67 74 81 85 92 96 109 
0 1 5 9 15 22 33 38 42 51 63 68 74 81 85 92 96 109 
0 1 5 9 15 22 33 38 51 58 63 68 74 81 85 92 96 109 
0 1 5 9 15 22 33 38 51 58 64 68 74 81 85 92 96 109 
0 1 5 9 15 22 33 38 51 58 68 74 81 85 92 96 103 109 
0 1 5 9 15 22 33 38 51 63 68 74 81 85 92 96 105 109 
0 1 5 9 15 23 31 38 53 58 64 68 74 81 85 90 96 111 
0 1 5 9 15 23 33 38 51 58 64 68 74 81 85 92 96 109 
0 1 5 9 15 31 38 42 43 52 63 67 74 85 89 96 102 111 
0 1 5 9 15 31 38 42 43 53 63 67 74 85 89 96 102 111 
0 1 5 9 15 31 38 42 43 53 63 67 74 85 90 96 102 111 
0 1 5 9 15 31 38 42 43 53 63 68 74 85 90 96 102 111 
0 1 5 9 15 31 38 42 43 53 63 74 85 90 96 102 107 111 
0 1 5 9 15 31 38 43 53 58 63 68 74 85 90 96 102 111 
0 1 5 9 15 31 38 43 53 58 64 68 74 85 90 96 102 111 
0 1 5 9 15 31 38 43 53 63 68 74 85 90 96 102 105 111 
0 1 5 9 15 31 38 53 56 58 64 68 74 85 90 96 102 111 
0 1 5 9 15 31 38 53 58 64 68 74 81 85 90 96 102 111 
0 1 5 9 15 33 38 42 43 50 63 67 74 85 91 96 102 109 
0 1 5 9 15 33 38 42 43 50 63 67 74 85 92 96 102 109 
0 1 5 9 15 33 38 42 43 51 63 67 74 85 92 96 102 109 
0 1 5 9 15 33 38 42 43 51 63 68 74 85 92 96 102 109 
0 1 5 9 15 33 38 43 51 58 63 68 74 85 92 96 102 109 
0 1 5 9 15 33 38 43 51 58 64 68 74 85 92 96 102 109 
0 1 5 9 15 33 38 43 51 63 68 74 85 92 96 102 105 109 
0 1 5 9 15 33 38 51 56 58 64 68 74 85 92 96 102 109 
0 1 5 9 15 33 38 51 58 64 68 74 81 85 92 96 102 109 
0 1 5 9 16 22 31 38 42 53 63 67 74 81 85 90 96 111 
0 1 5 9 16 22 31 38 42 53 63 67 74 81 85 90 96 112 
0 1 5 9 16 22 31 38 42 53 63 67 74 81 85 90 97 111 
0 1 5 9 16 22 31 38 42 53 63 67 74 81 85 90 97 112 
0 1 5 9 16 22 31 38 42 53 63 68 74 81 85 90 96 111 
0 1 5 9 16 22 31 38 42 53 63 68 74 81 85 90 96 112 
0 1 5 9 16 22 31 38 42 53 63 68 74 81 85 90 97 111 
0 1 5 9 16 22 31 38 42 53 63 68 74 81 85 90 97 112 
0 1 5 9 16 22 31 38 42 53 63 74 81 85 90 96 107 111 
0 1 5 9 16 22 31 38 42 53 63 74 81 85 90 96 107 112 
0 1 5 9 16 22 31 38 42 53 63 74 81 85 90 97 107 111 
0 1 5 9 16 22 31 38 42 53 63 74 81 85 90 97 107 112 
0 1 5 9 16 22 31 38 53 58 63 68 74 81 85 90 96 111 
0 1 5 9 16 22 31 38 53 58 63 68 74 81 85 90 96 112 
0 1 5 9 16 22 31 38 53 58 63 68 74 81 85 90 97 111 
0 1 5 9 16 22 31 38 53 58 68 74 81 85 90 96 103 111 
0 1 5 9 16 22 31 38 53 58 68 74 81 85 90 96 103 112 
0 1 5 9 16 22 31 38 53 58 68 74 81 85 90 97 103 111 
0 1 5 9 16 22 31 38 53 58 68 74 81 85 90 97 103 112 
0 1 5 9 16 22 32 38 42 53 63 68 74 81 85 90 96 112 
0 1 5 9 16 22 32 38 42 53 63 68 74 81 85 90 97 112 
0 1 5 9 16 22 32 38 42 53 63 68 75 81 85 90 97 112 
0 1 5 9 16 22 32 38 42 54 63 68 75 81 85 90 97 112 
0 1 5 9 16 22 32 38 53 58 63 68 74 81 85 90 96 112 
0 1 5 9 16 22 32 38 53 58 63 68 74 81 85 90 97 112 
0 1 5 9 16 22 32 38 53 58 63 68 75 81 85 90 97 112 
0 1 5 9 16 22 32 38 53 58 64 68 74 81 85 90 96 112 
0 1 5 9 16 22 32 38 53 58 64 68 74 81 85 90 97 112 
0 1 5 9 16 22 32 38 53 58 64 68 75 81 85 90 97 112 
0 1 5 9 16 22 32 38 53 58 68 74 81 85 90 96 103 112 
0 1 5 9 16 22 32 38 53 58 68 74 81 85 90 97 103 112 
0 1 5 9 16 22 32 38 53 58 68 75 81 85 90 97 103 112 
0 1 5 9 16 22 32 38 53 63 68 74 81 85 90 96 105 112 
0 1 5 9 16 22 32 38 53 63 68 74 81 85 90 97 105 112 
0 1 5 9 16 22 32 38 53 63 68 75 81 85 90 97 105 112 
0 1 5 9 16 22 32 38 54 58 63 68 75 81 85 90 97 112 
0 1 5 9 16 22 32 38 54 58 64 68 75 81 85 90 97 112 
0 1 5 9 16 22 32 38 54 58 68 75 81 85 90 97 103 112 
0 1 5 9 16 22 32 38 54 63 68 75 81 85 90 97 105 112 
0 1 5 9 16 22 33 38 42 50 63 67 74 81 85 92 96 109 
0 1 5 9 16 22 33 38 42 50 63 67 74 81 85 92 97 109 
0 1 5 9 16 22 33 38 42 51 63 67 74 81 85 92 96 109 
0 1 5 9 16 22 33 38 42 51 63 67 74 81 85 92 97 109 
0 1 5 9 16 22 33 38 42 51 63 68 74 81 85 92 96 109 
0 1 5 9 16 22 33 38 42 51 63 68 74 81 85 92 97 109 
0 1 5 9 16 22 33 38 51 58 63 68 74 81 85 92 96 109 
0 1 5 9 16 22 33 38 51 58 63 68 74 81 85 92 97 109 
0 1 5 9 16 22 33 38 51 58 64 68 74 81 85 92 96 109 
0 1 5 9 16 22 33 38 51 58 64 68 74 81 85 92 97 109 
0 1 5 9 16 22 33 38 51 58 68 74 81 85 92 96 103 109 
0 1 5 9 16 22 33 38 51 58 68 74 81 85 92 97 103 109 
0 1 5 9 16 22 33 38 51 63 68 74 81 85 92 96 105 109 
0 1 5 9 16 22 33 38 51 63 68 74 81 85 92 97 105 109 
0 1 5 9 16 22 34 38 42 51 63 67 74 81 85 92 96 109 
0 1 5 9 16 22 34 38 42 51 63 67 74 81 85 92 97 109 
0 1 5 9 16 22 34 38 42 51 63 67 75 81 85 92 97 109 
0 1 5 9 16 22 34 38 42 51 63 68 74 81 85 92 96 109 
0 1 5 9 16 22 34 38 42 51 63 68 74 81 85 92 96 110 
0 1 5 9 16 22 34 38 42 51 63 68 74 81 85 92 97 109 
0 1 5 9 16 22 34 38 42 51 63 68 74 81 85 92 97 110 
0 1 5 9 16 22 34 38 42 51 63 68 75 81 85 92 97 109 
0 1 5 9 16 22 34 38 42 51 63 68 75 81 85 92 97 110 
0 1 5 9 16 22 34 38 42 51 63 68 75 81 85 93 97 110 
0 1 5 9 16 22 34 38 51 58 63 68 74 81 85 92 96 109 
0 1 5 9 16 22 34 38 51 58 63 68 74 81 85 92 96 110 
0 1 5 9 16 22 34 38 51 58 63 68 74 81 85 92 97 109 
0 1 5 9 16 22 34 38 51 58 63 68 74 81 85 92 97 110 
0 1 5 9 16 22 34 38 51 58 63 68 75 81 85 92 97 109 
0 1 5 9 16 22 34 38 51 58 63 68 75 81 85 92 97 110 
0 1 5 9 16 22 34 38 51 58 63 68 75 81 85 93 97 110 
0 1 5 9 16 22 34 38 51 58 64 68 74 81 85 92 96 109 
0 1 5 9 16 22 34 38 51 58 64 68 74 81 85 92 96 110 
0 1 5 9 16 22 34 38 51 58 64 68 74 81 85 92 97 109 
0 1 5 9 16 22 34 38 51 58 64 68 74 81 85 92 97 110 
0 1 5 9 16 22 34 38 51 58 64 68 75 81 85 92 97 109 
0 1 5 9 16 22 34 38 51 58 64 68 75 81 85 92 97 110 
0 1 5 9 16 22 34 38 51 58 64 68 75 81 85 93 97 110 
0 1 5 9 16 22 34 38 51 58 64 68 81 85 92 97 109 114 
0 1 5 9 16 22 34 38 51 58 64 68 81 85 92 97 110 114 
0 1 5 9 16 22 34 38 51 58 68 74 81 85 92 96 103 109 
0 1 5 9 16 22 34 38 51 58 68 74 81 85 92 96 103 110 
0 1 5 9 16 22 34 38 51 58 68 74 81 85 92 97 103 109 
0 1 5 9 16 22 34 38 51 58 68 74 81 85 92 97 103 110 
0 1 5 9 16 22 34 38 51 58 68 75 81 85 92 97 103 109 
0 1 5 9 16 22 34 38 51 58 68 75 81 85 92 97 103 110 
0 1 5 9 16 22 34 38 51 58 68 75 81 85 93 97 103 110 
0 1 5 9 16 22 34 38 51 58 68 81 85 92 97 103 109 114 
0 1 5 9 16 22 34 38 51 58 68 81 85 92 97 103 110 114 
0 1 5 9 16 22 34 38 51 63 68 74 81 85 92 96 105 109 
0 1 5 9 16 22 34 38 51 63 68 74 81 85 92 96 105 110 
0 1 5 9 16 22 34 38 51 63 68 74 81 85 92 97 105 109 
0 1 5 9 16 22 34 38 51 63 68 74 81 85 92 97 105 110 
0 1 5 9 16 22 34 38 51 63 68 75 81 85 92 97 105 109 
0 1 5 9 16 22 34 38 51 63 68 75 81 85 92 97 105 110 
0 1 5 9 16 22 34 38 51 63 68 75 81 85 93 97 105 110 
0 1 5 9 16 23 32 38 53 58 64 68 74 81 85 90 96 112 
0 1 5 9 16 23 32 38 53 58 64 68 74 81 85 90 97 112 
0 1 5 9 16 23 33 38 51 58 64 68 74 81 85 92 96 109 
0 1 5 9 16 23 33 38 51 58 64 68 74 81 85 92 97 109 
0 1 5 9 16 23 34 38 51 58 60 64 68 81 92 97 109 114 
0 1 5 9 16 23 34 38 51 58 60 64 68 81 92 97 110 114 
0 1 5 9 16 23 34 38 51 58 64 68 74 81 85 92 96 109 
0 1 5 9 16 23 34 38 51 58 64 68 74 81 85 92 96 110 
0 1 5 9 16 23 34 38 51 58 64 68 74 81 85 92 97 109 
0 1 5 9 16 23 34 38 51 58 64 68 74 81 85 92 97 110 
0 1 5 9 16 23 34 38 51 58 64 68 75 81 85 92 97 109 
0 1 5 9 16 23 34 38 51 58 64 68 75 81 85 92 97 110 
0 1 5 9 16 23 34 38 51 58 64 68 75 81 85 93 97 110 
0 1 5 9 16 23 34 38 51 58 64 68 81 85 92 97 109 114 
0 1 5 9 16 23 34 38 51 58 64 68 81 85 92 97 110 114 
0 1 5 9 16 31 38 42 43 53 63 67 74 85 89 96 102 111 
0 1 5 9 16 31 38 42 43 53 63 67 74 85 89 97 102 111 
0 1 5 9 16 31 38 42 43 53 63 67 74 85 90 96 102 111 
0 1 5 9 16 31 38 42 43 53 63 68 74 85 90 96 102 111 
0 1 5 9 16 31 38 42 43 53 63 68 74 85 90 96 102 112 
0 1 5 9 16 31 38 42 43 53 63 68 74 85 90 97 102 111 
0 1 5 9 16 31 38 42 43 53 63 68 74 85 90 97 102 112 
0 1 5 9 16 31 38 42 43 53 63 68 75 85 90 97 102 112 
0 1 5 9 16 31 38 42 43 53 63 74 85 90 96 102 107 111 
0 1 5 9 16 31 38 42 43 53 63 74 85 90 96 102 107 112 
0 1 5 9 16 31 38 42 43 53 63 74 85 90 97 102 107 111 
0 1 5 9 16 31 38 42 43 53 63 74 85 90 97 102 107 112 
0 1 5 9 16 31 38 42 43 53 63 75 85 90 97 102 107 112 
0 1 5 9 16 31 38 43 53 58 63 68 74 85 90 96 102 111 
0 1 5 9 16 31 38 43 53 58 63 68 74 85 90 96 102 112 
0 1 5 9 16 31 38 43 53 58 63 68 74 85 90 97 102 111 
0 1 5 9 16 31 38 43 53 58 63 68 74 85 90 97 102 112 
0 1 5 9 16 31 38 43 53 58 63 68 75 85 90 97 102 112 
0 1 5 9 16 31 38 43 53 58 64 68 74 85 90 96 102 111 
0 1 5 9 16 31 38 43 53 58 64 68 74 85 90 96 102 112 
0 1 5 9 16 31 38 43 53 63 68 74 85 90 96 102 105 111 
0 1 5 9 16 31 38 43 53 63 68 74 85 90 96 102 105 112 
0 1 5 9 16 31 38 53 56 58 64 68 74 85 90 96 102 111 
0 1 5 9 16 31 38 53 56 58 64 68 74 85 90 96 102 112 
0 1 5 9 16 32 38 42 43 53 63 68 74 85 90 96 102 112 
0 1 5 9 16 32 38 43 53 58 63 68 74 85 90 96 102 112 
0 1 5 9 16 32 38 43 53 63 68 74 85 90 96 102 105 112 
0 1 5 9 16 33 38 42 43 50 63 67 74 85 92 96 102 109 
0 1 5 9 16 33 38 42 43 50 63 67 74 85 92 97 102 109 
0 1 5 9 16 33 38 42 43 51 63 67 74 85 92 96 102 109 
0 1 5 9 16 33 38 42 43 51 63 67 74 85 92 97 102 109 
0 1 5 9 16 33 38 42 43 51 63 68 74 85 92 96 102 109 
0 1 5 9 16 33 38 42 43 51 63 68 74 85 92 97 102 109 
0 1 5 9 16 33 38 43 51 58 63 68 74 85 92 96 102 109 
0 1 5 9 16 33 38 43 51 58 63 68 74 85 92 97 102 109 
0 1 5 9 16 33 38 43 51 58 64 68 74 85 92 96 102 109 
0 1 5 9 16 33 38 43 51 58 64 68 74 85 92 97 102 109 
0 1 5 9 16 33 38 43 51 63 68 74 85 92 96 102 105 109 
0 1 5 9 16 33 38 51 56 58 64 68 74 79 92 97 102 109 
0 1 5 9 16 33 38 51 56 58 64 68 74 85 92 96 102 109 
0 1 5 9 16 33 38 51 56 58 64 68 74 85 92 97 102 109 
0 1 5 9 16 33 38 51 58 64 68 74 81 85 92 96 102 109 
0 1 5 9 16 33 38 51 58 64 68 74 81 85 92 97 102 109 
0 1 5 9 16 34 38 42 43 51 63 67 74 85 92 96 102 109 
0 1 5 9 16 34 38 42 43 51 63 67 74 85 92 97 102 109 
0 1 5 9 16 34 38 42 43 51 63 67 75 85 92 97 102 109 
0 1 5 9 16 34 38 42 43 51 63 68 74 85 92 96 102 109 
0 1 5 9 16 34 38 42 43 51 63 68 74 85 92 96 102 110 
0 1 5 9 16 34 38 42 43 51 63 68 74 85 92 97 102 109 
0 1 5 9 16 34 38 42 43 51 63 68 74 85 92 97 102 110 
0 1 5 9 16 34 38 42 43 51 63 68 75 85 92 97 102 109 
0 1 5 9 16 34 38 43 51 58 63 68 74 85 92 96 102 109 
0 1 5 9 16 34 38 43 51 58 63 68 74 85 92 96 102 110 
0 1 5 9 16 34 38 43 51 58 63 68 74 85 92 97 102 109 
0 1 5 9 16 34 38 43 51 58 64 68 74 85 92 96 102 109 
0 1 5 9 16 34 38 43 51 58 64 68 85 92 97 102 109 114 
0 1 5 9 16 34 38 43 51 58 64 68 85 92 97 102 110 114 
0 1 5 9 16 34 38 51 56 58 64 68 74 79 92 97 102 109 
0 1 5 9 16 34 38 51 56 58 64 68 74 79 92 97 102 110 
0 1 5 9 16 34 38 51 56 58 64 68 74 85 92 96 102 109 
0 1 5 9 16 34 38 51 56 58 64 68 74 85 92 96 102 110 
0 1 5 9 16 34 38 51 56 58 64 68 74 85 92 97 102 109 
0 1 5 9 16 34 38 51 56 58 64 68 74 85 92 97 102 110 
0 1 5 9 16 34 38 51 56 58 64 68 75 79 92 97 102 109 
0 1 5 9 16 34 38 51 56 58 64 68 75 79 92 97 102 110 
0 1 5 9 16 34 38 51 56 58 64 68 75 79 93 97 102 110 
0 1 5 9 16 34 38 51 56 58 64 68 75 85 92 97 102 109 
0 1 5 9 16 34 38 51 56 58 64 68 75 85 92 97 102 110 
0 1 5 9 16 34 38 51 56 58 64 68 75 85 93 97 102 110 
0 1 5 9 16 34 38 51 56 58 64 68 79 92 97 102 109 114 
0 1 5 9 16 34 38 51 56 58 64 68 79 92 97 102 110 114 
0 1 5 9 16 34 38 51 56 58 64 68 85 92 97 102 109 114 
0 1 5 9 16 34 38 51 56 58 64 68 85 92 97 102 110 114 
0 1 5 9 16 34 38 51 58 64 68 74 81 85 92 96 102 109 
0 1 5 9 16 34 38 51 58 64 68 74 81 85 92 96 102 110 
0 1 5 9 16 34 38 51 58 64 68 74 81 85 92 97 102 109 
0 1 5 9 16 34 38 51 58 64 68 74 81 85 92 97 102 110 
0 1 5 9 16 34 38 51 58 64 68 75 81 85 92 97 102 109 
0 1 5 9 16 34 38 51 58 64 68 75 81 85 92 97 102 110 
0 1 5 9 16 34 38 51 58 64 68 81 85 92 97 102 109 114 
0 1 5 9 16 34 38 51 58 64 68 81 85 92 97 102 110 114 
0 1 5 9 18 22 32 36 42 53 63 68 76 81 85 90 94 112 
0 1 5 9 18 22 32 36 42 53 63 68 77 81 85 90 94 112 
0 1 5 9 18 22 32 36 42 53 63 68 77 81 85 90 95 112 
0 1 5 9 18 22 32 36 42 54 63 68 77 81 85 90 95 112 
0 1 5 9 18 22 32 36 53 58 63 68 77 81 85 90 95 112 
0 1 5 9 18 22 32 36 53 58 64 68 77 81 85 90 95 112 
0 1 5 9 18 22 32 36 53 63 68 76 81 85 90 94 105 112 
0 1 5 9 18 22 32 36 53 63 68 77 81 85 90 94 105 112 
0 1 5 9 18 22 32 36 53 63 68 77 81 85 90 95 105 112 
0 1 5 9 18 22 32 36 54 58 63 68 77 81 85 90 95 112 
0 1 5 9 18 22 32 36 54 58 64 68 77 81 85 90 95 112 
0 1 5 9 18 22 32 36 54 63 68 77 81 85 90 95 105 112 
0 1 5 9 18 22 33 38 51 55 58 64 68 81 85 92 109 114 
0 1 5 9 18 22 33 38 51 55 58 68 81 85 92 103 109 114 
0 1 5 9 18 22 33 51 55 58 63 68 76 81 85 92 109 113 
0 1 5 9 18 22 33 51 55 58 64 68 76 81 85 92 109 113 
0 1 5 9 18 22 33 51 55 58 64 68 76 81 85 92 109 114 
0 1 5 9 18 22 33 51 55 58 68 76 81 85 92 103 109 113 
0 1 5 9 18 22 33 51 55 58 68 76 81 85 92 103 109 114 
0 1 5 9 18 22 33 51 55 63 68 76 81 85 92 105 109 113 
0 1 5 9 18 22 34 38 51 55 58 64 68 81 85 92 109 114 
0 1 5 9 18 22 34 38 51 55 58 68 81 85 92 103 109 114 
0 1 5 9 18 22 34 51 55 58 64 68 76 81 85 92 109 114 
0 1 5 9 18 22 34 51 55 58 68 76 81 85 92 103 109 114 
0 1 5 9 18 22 38 51 55 58 64 68 72 81 85 92 109 114 
0 1 5 9 18 22 38 51 55 58 68 72 81 85 92 103 109 114 
0 1 5 9 18 22 51 55 58 68 72 76 81 85 92 103 109 114 
0 1 5 9 18 23 33 38 51 55 58 64 68 81 85 92 109 114 
0 1 5 9 18 23 33 51 55 58 64 68 76 81 85 92 109 113 
0 1 5 9 18 23 33 51 55 58 64 68 76 81 85 92 109 114 
0 1 5 9 18 23 34 38 51 55 58 64 68 81 85 92 109 114 
0 1 5 9 18 23 34 51 55 58 64 68 76 81 85 92 109 114 
0 1 5 9 18 23 38 51 55 58 64 68 72 81 85 92 109 114 
0 1 5 9 22 33 38 42 50 55 63 67 81 85 91 96 109 113 
0 1 5 9 22 33 38 42 50 55 63 67 81 85 92 96 109 113 
0 1 5 9 22 33 38 42 51 55 63 67 81 85 92 96 109 113 
0 1 5 9 22 33 38 42 51 55 63 68 74 81 85 92 96 109 
0 1 5 9 22 33 38 42 51 55 63 68 81 85 92 96 109 113 
0 1 5 9 22 33 38 51 55 58 63 68 74 81 85 92 96 109 
0 1 5 9 22 33 38 51 55 58 63 68 81 85 92 96 109 113 
0 1 5 9 22 33 38 51 55 58 64 68 74 81 85 92 96 109 
0 1 5 9 22 33 38 51 55 58 64 68 81 85 92 96 109 113 
0 1 5 9 22 33 38 51 55 58 64 68 81 85 92 96 109 114 
0 1 5 9 22 33 38 51 55 58 64 68 81 85 92 97 109 114 
0 1 5 9 22 33 38 51 55 58 68 74 81 85 92 96 103 109 
0 1 5 9 22 33 38 51 55 58 68 81 85 92 96 103 109 113 
0 1 5 9 22 33 38 51 55 58 68 81 85 92 96 103 109 114 
0 1 5 9 22 33 38 51 55 58 68 81 85 92 97 103 109 114 
0 1 5 9 22 33 38 51 55 63 68 74 81 85 92 96 105 109 
0 1 5 9 22 33 38 51 55 63 68 81 85 92 96 105 109 113 
0 1 5 9 22 34 38 51 55 58 64 68 81 85 92 96 109 114 
0 1 5 9 22 34 38 51 55 58 64 68 81 85 92 96 110 114 
0 1 5 9 22 34 38 51 55 58 64 68 81 85 92 97 109 114 
0 1 5 9 22 34 38 51 55 58 64 68 81 85 92 97 110 114 
0 1 5 9 22 34 38 51 55 58 68 81 85 92 96 103 109 114 
0 1 5 9 22 34 38 51 55 58 68 81 85 92 97 103 109 114 
0 1 5 9 22 38 51 55 58 64 68 72 81 85 92 96 109 114 
0 1 5 9 22 38 51 55 58 64 68 72 81 85 92 97 109 114 
0 1 5 9 22 38 51 55 58 68 72 81 85 92 96 103 109 114 
0 1 5 9 22 38 51 55 58 68 72 81 85 92 97 103 109 114 
0 1 5 9 23 33 38 51 55 58 64 68 74 81 85 92 96 109 
0 1 5 9 23 33 38 51 55 58 64 68 81 85 92 96 109 113 
0 1 5 9 23 33 38 51 55 58 64 68 81 85 92 96 109 114 
0 1 5 9 23 33 38 51 55 58 64 68 81 85 92 97 109 114 
0 1 5 9 23 34 38 51 55 58 64 68 81 85 92 96 109 114 
0 1 5 9 23 34 38 51 55 58 64 68 81 85 92 96 110 114 
0 1 5 9 23 34 38 51 55 58 64 68 81 85 92 97 109 114 
0 1 5 9 23 38 51 55 58 64 68 72 81 85 92 96 109 114 
0 1 5 9 23 38 51 55 58 64 68 72 81 85 92 97 109 114 
0 1 5 10 14 18 29 32 43 58 63 68 72 77 85 90 102 114 
0 1 5 10 14 18 29 32 43 58 63 68 73 77 85 90 102 114 
0 1 5 10 14 18 29 32 43 58 63 68 73 77 85 91 102 114 
0 1 5 10 14 18 29 32 43 58 64 68 73 77 85 90 102 114 
0 1 5 10 14 18 29 32 43 58 64 68 73 77 85 91 102 114 
0 1 5 10 14 18 29 32 56 58 64 68 73 77 85 90 102 114 
0 1 5 10 14 18 29 32 56 58 64 68 73 77 85 91 102 114 
0 1 5 10 14 18 32 43 55 58 63 68 72 76 85 90 102 114 
0 1 5 10 14 18 32 43 55 58 63 68 72 77 85 90 102 114 
0 1 5 10 14 22 32 38 55 58 68 72 81 85 90 96 103 114 
0 1 5 10 14 22 32 38 55 58 68 72 81 85 90 97 103 114 
0 1 5 10 14 22 38 51 55 58 68 72 81 85 96 103 110 114 
0 1 5 10 14 22 38 51 55 58 68 72 81 85 97 103 110 114 
0 1 5 10 14 23 38 51 55 58 64 68 72 81 85 96 110 114 
0 1 5 10 14 23 38 51 55 58 64 68 72 81 85 97 110 114 
0 1 5 10 14 38 43 51 55 58 64 68 72 85 96 102 110 114 
0 1 5 10 14 38 51 55 58 64 68 72 81 85 96 102 110 114 
0 1 5 10 14 38 51 55 58 64 68 72 81 85 97 102 110 114 
0 1 5 10 16 22 32 38 53 58 63 68 74 81 85 90 96 112 
0 1 5 10 16 22 32 38 53 58 63 68 74 81 85 90 97 112 
0 1 5 10 16 22 32 38 53 58 63 68 75 81 85 90 97 112 
0 1 5 10 16 22 32 38 53 58 64 68 74 81 85 90 96 112 
0 1 5 10 16 22 32 38 53 58 64 68 74 81 85 90 97 112 
0 1 5 10 16 22 32 38 53 58 68 74 81 85 90 96 103 112 
0 1 5 10 16 22 32 38 53 58 68 74 81 85 90 97 103 112 
0 1 5 10 16 22 32 38 53 58 68 75 81 85 90 97 103 112 
0 1 5 10 16 22 32 38 54 58 63 68 75 81 85 90 97 112 
0 1 5 10 16 22 32 38 54 58 63 68 75 81 85 91 97 112 
0 1 5 10 16 22 32 38 54 58 64 68 75 81 85 91 97 112 
0 1 5 10 16 22 32 38 54 58 68 75 81 85 90 97 103 112 
0 1 5 10 16 22 32 38 54 58 68 75 81 85 91 97 103 112 
0 1 5 10 16 22 34 38 51 58 63 68 74 81 85 92 96 110 
0 1 5 10 16 22 34 38 51 58 63 68 74 81 85 92 97 110 
0 1 5 10 16 22 34 38 51 58 63 68 75 81 85 92 97 110 
0 1 5 10 16 22 34 38 51 58 63 68 75 81 85 93 97 110 
0 1 5 10 16 22 34 38 51 58 64 68 74 81 85 92 96 110 
0 1 5 10 16 22 34 38 51 58 64 68 74 81 85 92 97 110 
0 1 5 10 16 22 34 38 51 58 64 68 75 81 85 92 97 110 
0 1 5 10 16 22 34 38 51 58 64 68 75 81 85 93 97 110 
0 1 5 10 16 22 34 38 51 58 68 74 81 85 92 96 103 110 
0 1 5 10 16 22 34 38 51 58 68 74 81 85 92 97 103 110 
0 1 5 10 16 22 34 38 51 58 68 75 81 85 92 97 103 110 
0 1 5 10 16 22 34 38 51 58 68 75 81 85 93 97 103 110 
0 1 5 10 16 22 34 38 52 58 63 68 75 81 85 93 97 110 
0 1 5 10 16 22 34 38 52 58 64 68 75 81 85 93 97 110 
0 1 5 10 16 22 34 38 52 58 68 75 81 85 93 97 103 110 
0 1 5 10 16 23 32 38 54 58 64 68 75 81 85 91 97 112 
0 1 5 10 16 23 34 38 51 58 64 68 74 81 85 92 96 110 
0 1 5 10 16 23 34 38 51 58 64 68 74 81 85 92 97 110 
0 1 5 10 16 23 34 38 51 58 64 68 75 81 85 92 97 110 
0 1 5 10 16 23 34 38 51 58 64 68 75 81 85 93 97 110 
0 1 5 10 16 23 34 38 52 58 64 68 75 81 85 93 97 110 
0 1 5 10 16 32 38 43 53 58 63 68 74 85 90 96 102 112 
0 1 5 10 16 32 38 43 53 58 63 68 74 85 90 97 102 112 
0 1 5 10 16 32 38 43 53 58 63 68 75 85 90 97 102 112 
0 1 5 10 16 32 38 43 53 58 64 68 74 85 90 96 102 112 
0 1 5 10 16 32 38 43 53 58 64 68 74 85 90 97 102 112 
0 1 5 10 16 32 38 43 53 58 64 68 75 85 90 97 102 112 
0 1 5 10 16 32 38 43 54 58 63 68 75 85 90 97 102 112 
0 1 5 10 16 32 38 43 54 58 63 68 75 85 91 97 102 112 
0 1 5 10 16 32 38 43 54 58 64 68 75 85 90 97 102 112 
0 1 5 10 16 32 38 43 54 58 64 68 75 85 91 97 102 112 
0 1 5 10 16 32 38 53 56 58 64 68 74 79 90 97 102 112 
0 1 5 10 16 32 38 53 56 58 64 68 74 85 90 96 102 112 
0 1 5 10 16 32 38 53 56 58 64 68 74 85 90 97 102 112 
0 1 5 10 16 32 38 53 56 58 64 68 75 79 90 97 102 112 
0 1 5 10 16 32 38 53 56 58 64 68 75 85 90 97 102 112 
0 1 5 10 16 32 38 53 58 64 68 74 81 85 90 96 102 112 
0 1 5 10 16 32 38 53 58 64 68 74 81 85 90 97 102 112 
0 1 5 10 16 32 38 53 58 64 68 75 81 85 90 97 102 112 
0 1 5 10 16 32 38 54 56 58 64 68 75 79 90 97 102 112 
0 1 5 10 16 32 38 54 56 58 64 68 75 79 91 97 102 112 
0 1 5 10 16 32 38 54 58 64 68 75 81 85 90 97 102 112 
0 1 5 10 16 32 38 54 58 64 68 75 81 85 91 97 102 112 
0 1 5 10 16 34 38 51 56 58 64 68 74 79 92 97 102 110 
0 1 5 10 16 34 38 51 56 58 64 68 74 85 92 96 102 110 
0 1 5 10 16 34 38 51 56 58 64 68 74 85 92 97 102 110 
0 1 5 10 16 34 38 51 56 58 64 68 75 79 92 97 102 110 
0 1 5 10 16 34 38 51 56 58 64 68 75 85 92 97 102 110 
0 1 5 10 16 34 38 51 56 58 64 68 79 92 97 102 110 114 
0 1 5 10 16 34 38 51 58 64 68 74 81 85 92 96 102 110 
0 1 5 10 16 34 38 51 58 64 68 74 81 85 92 97 102 110 
0 1 5 10 18 32 36 43 54 58 63 68 77 85 90 95 102 112 
0 1 5 10 18 32 36 43 54 58 63 68 77 85 91 95 102 112 
0 1 5 10 18 32 36 43 54 58 64 68 77 85 90 95 102 112 
0 1 5 11 15 22 33 38 42 48 63 69 74 81 85 91 96 107 
0 1 5 11 15 22 33 38 42 48 63 69 74 81 85 92 96 107 
0 1 5 11 15 22 33 38 42 48 63 69 74 81 85 96 107 111 
0 1 5 11 15 22 33 38 42 48 63 70 74 81 85 92 96 107 
0 1 5 11 15 22 33 38 42 49 63 70 74 81 85 92 96 107 
0 1 5 11 15 22 33 38 49 58 63 70 74 81 85 92 96 107 
0 1 5 11 15 22 33 38 49 58 64 70 74 81 85 92 96 107 
0 1 5 11 15 22 33 38 49 58 70 74 81 85 92 96 103 107 
0 1 5 11 15 22 38 42 48 52 63 69 74 81 85 96 107 111 
0 1 5 11 15 22 38 42 48 53 63 69 74 81 85 96 107 111 
0 1 5 11 15 22 38 42 48 53 63 70 74 81 85 96 107 111 
0 1 5 11 15 22 38 42 49 53 63 70 74 81 85 96 107 111 
0 1 5 11 15 23 33 38 49 58 64 70 74 81 85 92 96 107 
0 1 5 11 15 33 38 42 43 48 63 69 74 85 91 96 102 107 
0 1 5 11 15 33 38 42 43 48 63 69 74 85 92 96 102 107 
0 1 5 11 15 33 38 42 43 48 63 69 74 85 96 102 107 111 
0 1 5 11 15 33 38 42 43 48 63 70 74 85 92 96 102 107 
0 1 5 11 15 33 38 42 43 49 63 70 74 85 92 96 102 107 
0 1 5 11 16 22 33 38 42 48 63 69 74 81 85 92 96 107 
0 1 5 11 16 22 33 38 42 48 63 69 74 81 85 92 97 107 
0 1 5 11 16 22 33 38 42 48 63 70 74 81 85 92 96 107 
0 1 5 11 16 22 33 38 42 48 63 70 74 81 85 92 97 107 
0 1 5 11 16 22 33 38 42 49 63 70 74 81 85 92 96 107 
0 1 5 11 16 22 33 38 42 49 63 70 74 81 85 92 97 107 
0 1 5 11 16 22 33 38 49 58 63 70 74 81 85 92 96 107 
0 1 5 11 16 22 33 38 49 58 63 70 74 81 85 92 97 107 
0 1 5 11 16 22 33 38 49 58 64 70 74 81 85 92 96 107 
0 1 5 11 16 22 33 38 49 58 64 70 74 81 85 92 97 107 
0 1 5 11 16 22 33 38 49 58 70 74 81 85 92 96 103 107 
0 1 5 11 16 22 33 38 49 58 70 74 81 85 92 97 103 107 
0 1 5 11 16 22 34 38 42 48 63 70 74 81 85 92 96 107 
0 1 5 11 16 22 34 38 42 48 63 70 74 81 85 92 97 107 
0 1 5 11 16 22 34 38 42 48 63 70 75 81 85 92 97 107 
0 1 5 11 16 22 34 38 42 49 63 70 74 81 85 92 96 107 
0 1 5 11 16 22 34 38 42 49 63 70 74 81 85 92 97 107 
0 1 5 11 16 22 34 38 42 49 63 70 75 81 85 92 97 107 
0 1 5 11 16 22 34 38 49 58 63 70 74 81 85 92 96 107 
0 1 5 11 16 22 34 38 49 58 63 70 74 81 85 92 97 107 
0 1 5 11 16 22 34 38 49 58 63 70 75 81 85 92 97 107 
0 1 5 11 16 22 34 38 49 58 64 70 74 81 85 92 97 107 
0 1 5 11 16 22 34 38 49 58 64 70 75 81 85 92 97 107 
0 1 5 11 16 22 34 38 49 58 70 74 81 85 92 96 103 107 
0 1 5 11 16 22 34 38 49 58 70 74 81 85 92 97 103 107 
0 1 5 11 16 22 34 38 49 58 70 81 85 92 97 103 107 114 
0 1 5 11 16 22 38 42 48 53 63 70 74 81 85 92 96 107 
0 1 5 11 16 22 38 42 48 53 63 70 74 81 85 92 97 107 
0 1 5 11 16 22 38 42 49 53 63 70 74 81 85 92 96 107 
0 1 5 11 16 22 38 49 53 58 63 70 74 81 85 92 97 107 
0 1 5 11 16 22 38 49 53 58 63 70 74 81 85 96 107 111 
0 1 5 11 16 22 38 49 53 58 63 70 74 81 85 96 107 112 
0 1 5 11 16 22 38 49 53 58 63 70 74 81 85 97 107 111 
0 1 5 11 16 22 38 49 53 58 63 70 74 81 85 97 107 112 
0 1 5 11 16 22 38 49 53 58 63 70 75 81 85 97 107 112 
0 1 5 11 16 22 38 49 53 58 64 70 74 81 85 92 97 107 
0 1 5 11 16 22 38 49 53 58 64 70 74 81 85 96 107 111 
0 1 5 11 16 22 38 49 53 58 64 70 74 81 85 96 107 112 
0 1 5 11 16 22 38 49 53 58 64 70 74 81 85 97 107 111 
0 1 5 11 16 22 38 49 53 58 70 74 81 85 92 96 103 107 
0 1 5 11 16 23 33 38 49 58 64 70 74 81 85 92 97 107 
0 1 5 11 16 23 34 38 49 58 60 64 70 81 92 97 107 114 
0 1 5 11 16 23 34 38 49 58 64 70 74 81 85 92 97 107 
0 1 5 11 16 23 34 38 49 58 64 70 81 85 92 97 107 114 
0 1 5 11 16 23 38 49 53 58 64 70 74 81 85 92 97 107 
0 1 5 11 16 23 38 49 53 58 64 70 74 81 85 96 107 111 
0 1 5 11 16 33 38 49 56 58 64 70 74 79 92 97 102 107 
0 1 5 11 16 33 38 49 56 58 64 70 74 85 92 96 102 107 
0 1 5 11 16 33 38 49 58 64 70 74 81 85 92 96 102 107 
0 1 5 11 16 33 38 49 58 64 70 74 81 85 92 97 102 107 
0 1 5 11 16 34 38 49 56 58 60 64 70 92 97 102 107 114 
0 1 5 11 16 34 38 49 56 58 64 70 74 79 92 97 102 107 
0 1 5 11 16 34 38 49 56 58 64 70 79 92 97 102 107 114 
0 1 5 11 16 34 38 49 58 64 70 74 81 85 92 96 102 107 
0 1 5 11 16 34 38 49 58 64 70 74 81 85 92 97 102 107 
0 1 5 11 16 34 38 49 58 64 70 81 85 92 97 102 107 114 
0 1 5 11 16 38 42 43 49 53 63 70 74 85 92 96 102 107 
0 1 5 11 16 38 42 43 49 53 63 70 74 85 92 97 102 107 
0 1 5 11 16 38 42 43 49 53 63 70 74 85 96 102 107 111 
0 1 5 11 16 38 43 49 53 58 63 70 74 85 92 96 102 107 
0 1 5 11 16 38 43 49 53 58 63 70 74 85 92 97 102 107 
0 1 5 11 16 38 49 53 56 58 64 70 74 79 92 97 102 107 
0 1 5 11 16 38 49 53 58 64 70 74 81 85 92 96 102 107 
0 1 5 11 18 22 34 38 49 55 58 70 81 85 92 103 107 114 
0 1 5 11 18 23 34 38 49 55 58 64 70 81 85 92 107 114 
0 1 5 11 18 29 34 42 43 48 63 70 77 85 92 102 107 114 
0 1 5 11 18 29 34 42 43 49 63 70 77 85 92 102 107 114 
0 1 5 11 18 29 34 43 49 58 63 70 77 85 92 102 107 114 
0 1 5 11 18 29 34 43 49 58 64 70 77 85 92 102 107 114 
0 1 5 11 18 29 34 49 56 58 60 64 70 77 92 102 107 114 
0 1 5 11 18 29 34 49 56 58 64 70 77 85 92 102 107 114 
0 1 5 11 18 33 38 43 49 55 58 64 70 85 92 102 107 114 
0 1 5 11 18 33 38 49 55 56 58 64 70 85 92 102 107 114 
0 1 5 11 18 33 42 43 48 55 63 69 76 85 91 102 107 113 
0 1 5 11 18 33 42 43 48 55 63 69 76 85 92 102 107 113 
0 1 5 11 18 33 42 43 48 55 63 69 77 85 92 102 107 114 
0 1 5 11 18 33 42 43 48 55 63 70 76 85 92 102 107 113 
0 1 5 11 18 33 42 43 48 55 63 70 76 85 92 102 107 114 
0 1 5 11 18 33 42 43 48 55 63 70 77 85 92 102 107 114 
0 1 5 11 18 33 42 43 49 55 63 70 76 85 92 102 107 113 
0 1 5 11 18 33 42 43 49 55 63 70 76 85 92 102 107 114 
0 1 5 11 18 33 42 43 49 55 63 70 77 85 92 102 107 114 
0 1 5 11 18 33 43 49 55 58 63 70 76 85 92 102 107 113 
0 1 5 11 18 33 43 49 55 58 63 70 76 85 92 102 107 114 
0 1 5 11 18 33 43 49 55 58 63 70 77 85 92 102 107 114 
0 1 5 11 18 33 43 49 55 58 64 70 76 85 92 102 107 113 
0 1 5 11 18 33 43 49 55 58 64 70 76 85 92 102 107 114 
0 1 5 11 18 33 43 49 55 58 64 70 77 85 92 102 107 114 
0 1 5 11 18 33 49 55 56 58 64 70 76 85 92 102 107 113 
0 1 5 11 18 33 49 55 56 58 64 70 76 85 92 102 107 114 
0 1 5 11 18 33 49 55 56 58 64 70 77 85 92 102 107 114 
0 1 5 11 18 34 38 49 55 58 64 70 81 85 92 102 107 114 
0 1 5 11 18 34 42 43 48 55 63 70 76 85 92 102 107 114 
0 1 5 11 18 34 42 43 48 55 63 70 77 85 92 102 107 114 
0 1 5 11 18 34 42 43 49 55 63 70 76 85 92 102 107 114 
0 1 5 11 18 34 42 43 49 55 63 70 77 85 92 102 107 114 
0 1 5 11 18 34 43 49 55 58 63 70 76 85 92 102 107 114 
0 1 5 11 18 34 43 49 55 58 63 70 77 85 92 102 107 114 
0 1 5 11 18 34 43 49 55 58 64 70 76 85 92 102 107 114 
0 1 5 11 18 34 43 49 55 58 64 70 77 85 92 102 107 114 
0 1 5 11 18 34 49 55 56 58 64 70 76 85 92 102 107 114 
0 1 5 11 18 34 49 55 56 58 64 70 77 85 92 102 107 114 
0 1 5 11 18 35 42 43 48 52 63 69 76 85 94 102 107 111 
0 1 5 11 18 35 42 43 48 53 63 69 76 85 94 102 107 111 
0 1 5 11 18 35 42 43 48 53 63 70 76 85 94 102 107 111 
0 1 5 11 18 35 42 43 49 53 63 70 76 85 94 102 107 111 
0 1 5 11 18 35 43 49 53 58 63 70 76 85 94 102 107 111 
0 1 5 11 18 35 43 49 53 58 64 70 76 85 94 102 107 111 
0 1 5 11 18 35 49 53 56 58 64 70 76 85 94 102 107 111 
0 1 5 11 18 36 42 43 48 53 63 69 76 85 94 102 107 111 
0 1 5 11 18 36 42 43 48 53 63 70 76 85 94 102 107 111 
0 1 5 11 18 36 42 43 48 53 63 70 76 85 94 102 107 112 
0 1 5 11 18 36 42 43 48 53 63 70 77 85 94 102 107 112 
0 1 5 11 18 36 42 43 48 53 63 70 77 85 95 102 107 112 
0 1 5 11 18 36 42 43 49 53 63 70 76 85 94 102 107 111 
0 1 5 11 18 36 42 43 49 53 63 70 76 85 94 102 107 112 
0 1 5 11 18 36 42 43 49 53 63 70 77 85 94 102 107 112 
0 1 5 11 18 36 42 43 49 53 63 70 77 85 95 102 107 112 
0 1 5 11 18 36 43 49 53 58 63 70 76 85 94 102 107 112 
0 1 5 11 18 36 43 49 53 58 63 70 77 85 94 102 107 112 
0 1 5 11 18 36 43 49 53 58 63 70 77 85 95 102 107 112 
0 1 5 11 18 36 43 49 53 58 64 70 76 85 94 102 107 112 
0 1 5 11 18 36 43 49 53 58 64 70 77 85 94 102 107 112 
0 1 5 11 18 36 43 49 53 58 64 70 77 85 95 102 107 112 
0 1 5 11 18 36 49 53 56 58 64 70 76 85 94 102 107 112 
0 1 5 11 18 36 49 53 56 58 64 70 77 85 94 102 107 112 
0 1 5 11 33 38 42 43 49 55 63 70 74 85 92 96 102 107 
0 1 5 11 33 38 43 49 55 58 63 70 74 85 92 96 102 107 
0 1 5 11 33 38 43 49 55 58 64 70 85 92 96 102 107 113 
0 1 5 11 33 38 43 49 55 58 64 70 85 92 96 102 107 114 
0 1 5 11 33 38 49 55 56 58 64 70 85 92 96 102 107 113 
0 1 5 12 16 34 38 49 56 58 64 70 79 92 97 102 108 114 
0 1 5 12 18 29 34 42 43 49 63 70 77 85 92 102 107 114 
0 1 5 12 18 29 34 42 43 49 63 70 77 85 93 102 107 114 
0 1 5 12 18 29 34 43 49 58 63 70 77 85 92 102 107 114 
0 1 5 12 18 29 34 43 49 58 64 70 77 85 92 102 107 114 
0 1 5 12 18 29 34 43 49 58 64 70 77 85 93 102 107 114 
0 1 5 12 18 29 34 49 56 58 60 64 71 77 93 102 108 114 
0 1 5 12 18 29 34 49 56 58 64 70 77 85 92 102 107 114 
0 1 5 12 18 32 36 43 49 54 58 63 77 85 95 102 108 112 
0 1 5 12 18 32 36 43 49 54 58 64 77 85 95 102 108 112 
0 1 5 12 18 32 36 49 54 56 58 60 64 77 95 102 108 112 
0 1 5 12 18 32 36 49 54 56 58 64 77 85 95 102 108 112 
0 1 5 12 18 34 43 49 55 58 64 70 76 85 92 102 107 114 
0 1 5 12 18 34 43 49 55 58 64 70 77 85 92 102 107 114 
0 1 5 12 18 34 49 55 56 58 64 70 76 85 92 102 107 114 
0 1 5 12 18 36 42 43 49 53 63 70 76 85 94 102 107 112 
0 1 5 12 18 36 42 43 49 53 63 70 77 85 94 102 107 112 
0 1 5 12 18 36 42 43 49 53 63 70 77 85 95 102 107 112 
0 1 5 12 18 36 42 43 49 54 63 70 77 85 95 102 107 112 
0 1 5 12 18 36 43 49 53 58 63 70 76 85 94 102 107 112 
0 1 5 12 18 36 43 49 53 58 63 70 76 85 94 102 108 112 
0 1 5 12 18 36 43 49 53 58 63 70 77 85 94 102 107 112 
0 1 5 12 18 36 43 49 53 58 63 70 77 85 94 102 108 112 
0 1 5 12 18 36 43 49 53 58 63 70 77 85 95 102 107 112 
0 1 5 12 18 36 43 49 53 58 64 70 76 85 94 102 107 112 
0 1 5 12 18 36 43 49 53 58 64 70 77 85 94 102 107 112 
0 1 5 12 18 36 43 49 54 58 63 70 77 85 95 102 107 112 
0 1 5 12 18 36 43 49 54 58 63 70 77 85 95 102 108 112 
0 1 5 12 18 36 43 49 54 58 63 71 77 85 95 102 108 112 
0 1 5 12 18 36 43 49 54 58 64 70 77 85 95 102 107 112 
0 1 5 12 18 36 43 49 54 58 64 70 77 85 95 102 108 112 
0 1 5 12 18 36 43 49 54 58 64 71 77 85 95 102 108 112 
0 1 5 12 18 36 49 54 56 58 64 70 77 85 95 102 107 112 
0 1 5 12 18 36 49 54 56 58 64 70 77 85 95 102 108 112 
0 1 5 12 18 36 49 54 56 58 64 71 77 85 95 102 108 112 
0 1 5 12 19 32 36 49 54 56 58 60 64 77 95 102 108 112 
0 1 5 12 19 32 37 49 54 56 58 60 64 77 95 102 108 112 
0 1 5 13 18 31 35 42 43 48 63 71 76 85 89 94 102 107 
0 1 5 13 18 31 35 42 43 48 63 72 76 85 89 94 102 107 
0 1 5 13 18 31 35 42 43 48 63 72 76 85 90 94 102 107 
0 1 5 13 18 31 35 42 43 49 63 72 76 85 90 94 102 107 
0 1 5 13 18 31 35 43 49 58 63 72 76 85 90 94 102 107 
0 1 5 13 18 31 35 43 49 58 64 72 76 85 90 94 102 107 
0 1 5 13 18 31 35 49 56 58 64 72 76 85 90 94 102 107 
0 1 5 13 18 31 36 42 43 48 63 72 76 85 89 94 102 107 
0 1 5 13 18 31 36 42 43 48 63 72 76 85 90 94 102 107 
0 1 5 13 18 31 36 42 43 48 63 72 77 85 89 94 102 107 
0 1 5 13 18 31 36 42 43 48 63 72 77 85 90 94 102 107 
0 1 5 13 18 31 36 42 43 49 63 72 76 85 90 94 102 107 
0 1 5 13 18 31 36 42 43 49 63 72 77 85 90 94 102 107 
0 1 5 13 18 31 36 43 49 58 63 72 76 85 90 94 102 107 
0 1 5 13 18 31 36 43 49 58 63 72 77 85 90 94 102 107 
0 1 5 13 18 31 36 43 49 58 64 72 76 85 90 94 102 107 
0 1 5 13 18 31 36 43 49 58 64 72 77 85 90 94 102 107 
0 1 5 13 18 31 36 49 56 58 64 72 76 85 90 94 102 107 
0 1 5 13 18 31 36 49 56 58 64 72 77 85 90 94 102 107 
0 1 5 13 18 31 38 43 49 55 58 64 72 85 90 102 107 114 
0 1 5 13 18 31 38 49 55 56 58 64 72 85 90 102 107 114 
0 1 5 13 18 31 42 43 48 55 63 72 76 85 89 94 102 107 
0 1 5 13 18 31 42 43 48 55 63 72 76 85 90 94 102 107 
0 1 5 13 18 31 42 43 48 55 63 72 76 85 90 102 107 113 
0 1 5 13 18 31 42 43 48 55 63 72 76 85 90 102 107 114 
0 1 5 13 18 31 42 43 49 55 63 72 76 85 90 94 102 107 
0 1 5 13 18 31 42 43 49 55 63 72 76 85 90 102 107 113 
0 1 5 13 18 31 42 43 49 55 63 72 76 85 90 102 107 114 
0 1 5 13 18 31 43 49 55 58 63 72 76 85 90 94 102 107 
0 1 5 13 18 31 43 49 55 58 63 72 76 85 90 102 107 113 
0 1 5 13 18 31 43 49 55 58 63 72 76 85 90 102 107 114 
0 1 5 13 18 31 43 49 55 58 64 72 76 85 90 94 102 107 
0 1 5 13 18 31 43 49 55 58 64 72 76 85 90 102 107 113 
0 1 5 13 18 31 43 49 55 58 64 72 76 85 90 102 107 114 
0 1 5 13 18 31 49 55 56 58 64 72 76 85 90 94 102 107 
0 1 5 13 18 31 49 55 56 58 64 72 76 85 90 102 107 113 
0 1 5 13 18 31 49 55 56 58 64 72 76 85 90 102 107 114 
0 1 5 13 31 38 43 49 55 58 64 72 85 90 96 102 107 113 
0 1 5 13 31 38 43 49 55 58 64 72 85 90 96 102 107 114 
0 1 5 13 31 38 49 55 56 58 64 72 85 90 96 102 107 113 
0 1 5 13 31 38 49 55 56 58 64 72 85 90 96 102 107 114 
0 1 5 14 18 29 32 42 43 49 63 72 77 85 90 102 107 114 
0 1 5 14 18 29 32 42 43 49 63 73 77 85 90 102 107 114 
0 1 5 14 18 29 32 43 49 58 63 68 72 77 85 90 102 114 
0 1 5 14 18 29 32 43 49 58 63 68 73 77 85 90 102 114 
0 1 5 14 18 29 32 43 49 58 63 72 77 85 90 102 107 114 
0 1 5 14 18 29 32 43 49 58 63 72 77 85 90 102 108 114 
0 1 5 14 18 29 32 43 49 58 63 73 77 85 90 102 107 114 
0 1 5 14 18 29 32 43 49 58 63 73 77 85 90 102 108 114 
0 1 5 14 18 29 32 43 49 58 63 73 77 85 91 102 108 114 
0 1 5 14 18 29 32 43 49 58 64 72 77 85 90 102 107 114 
0 1 5 14 18 29 32 43 49 58 64 72 77 85 90 102 108 114 
0 1 5 14 18 29 32 43 49 58 64 73 77 85 90 102 107 114 
0 1 5 14 18 29 32 43 49 58 64 73 77 85 90 102 108 114 
0 1 5 14 18 29 32 43 49 58 64 73 77 85 91 102 108 114 
0 1 5 14 18 29 32 49 56 58 60 64 73 77 90 102 107 114 
0 1 5 14 18 29 32 49 56 58 60 64 73 77 90 102 108 114 
0 1 5 14 18 29 32 49 56 58 60 64 73 77 91 102 108 114 
0 1 5 14 18 29 32 49 56 58 64 72 77 85 90 102 107 114 
0 1 5 14 18 29 32 49 56 58 64 72 77 85 90 102 108 114 
0 1 5 14 18 29 32 49 56 58 64 73 77 85 90 102 107 114 
0 1 5 14 18 29 32 49 56 58 64 73 77 85 90 102 108 114 
0 1 5 14 18 29 32 49 56 58 64 73 77 85 91 102 108 114 
0 1 5 14 18 31 36 42 43 48 63 72 76 85 90 94 102 107 
0 1 5 14 18 31 36 42 43 49 63 72 76 85 90 94 102 107 
0 1 5 14 18 31 36 43 49 58 63 72 76 85 90 94 102 107 
0 1 5 14 18 31 38 43 49 55 58 64 72 85 90 102 107 114 
0 1 5 14 18 31 38 49 55 56 58 64 72 85 90 102 107 114 
0 1 5 14 18 32 36 42 43 49 63 72 76 85 90 94 102 107 
0 1 5 14 18 32 36 42 43 49 63 72 77 85 90 94 102 107 
0 1 5 14 18 32 36 42 43 49 63 72 77 85 90 95 102 107 
0 1 5 14 18 32 36 42 43 49 63 72 77 85 90 102 107 114 
0 1 5 14 18 32 36 42 43 49 63 73 77 85 90 95 102 107 
0 1 5 14 18 32 36 42 43 49 63 77 85 90 95 102 107 112 
0 1 5 14 18 32 36 43 49 58 63 68 72 77 85 90 95 102 
0 1 5 14 18 32 36 43 49 58 63 68 72 77 85 90 102 114 
0 1 5 14 18 32 36 43 49 58 63 68 73 77 85 90 95 102 
0 1 5 14 18 32 36 43 49 58 63 68 77 85 90 95 102 112 
0 1 5 14 18 32 36 43 49 58 63 72 76 85 90 94 102 107 
0 1 5 14 18 32 36 43 49 58 63 72 76 85 90 94 102 108 
0 1 5 14 18 32 36 43 49 58 63 72 77 85 90 94 102 107 
0 1 5 14 18 32 36 43 49 58 63 72 77 85 90 94 102 108 
0 1 5 14 18 32 36 43 49 58 63 72 77 85 90 95 102 107 
0 1 5 14 18 32 36 43 49 58 63 72 77 85 90 95 102 108 
0 1 5 14 18 32 36 43 49 58 63 72 77 85 90 102 107 114 
0 1 5 14 18 32 36 43 49 58 63 72 77 85 90 102 108 114 
0 1 5 14 18 32 36 43 49 58 63 73 77 85 90 95 102 107 
0 1 5 14 18 32 36 43 49 58 63 73 77 85 90 95 102 108 
0 1 5 14 18 32 36 43 49 58 63 73 77 85 91 95 102 108 
0 1 5 14 18 32 36 43 49 58 63 77 85 90 95 102 107 112 
0 1 5 14 18 32 36 43 49 58 63 77 85 90 95 102 108 112 
0 1 5 14 18 32 36 43 49 58 64 68 77 85 90 95 102 112 
0 1 5 14 18 32 36 43 49 58 64 72 77 85 90 95 102 107 
0 1 5 14 18 32 36 43 49 58 64 72 77 85 90 95 102 108 
0 1 5 14 18 32 36 43 49 58 64 72 77 85 90 102 107 114 
0 1 5 14 18 32 36 43 49 58 64 72 77 85 90 102 108 114 
0 1 5 14 18 32 36 43 49 58 64 73 77 85 90 95 102 107 
0 1 5 14 18 32 36 43 49 58 64 73 77 85 90 95 102 108 
0 1 5 14 18 32 36 43 49 58 64 73 77 85 91 95 102 108 
0 1 5 14 18 32 36 43 49 58 64 77 85 90 95 102 107 112 
0 1 5 14 18 32 36 43 49 58 64 77 85 90 95 102 108 112 
0 1 5 14 18 32 36 49 56 58 64 72 77 85 90 95 102 107 
0 1 5 14 18 32 36 49 56 58 64 72 77 85 90 95 102 108 
0 1 5 14 18 32 36 49 56 58 64 72 77 85 90 102 107 114 
0 1 5 14 18 32 36 49 56 58 64 73 77 85 90 95 102 107 
0 1 5 14 18 32 36 49 56 58 64 73 77 85 90 95 102 108 
0 1 5 14 18 32 36 49 56 58 64 73 77 85 91 95 102 108 
0 1 5 14 18 32 36 49 56 58 64 77 85 90 95 102 107 112 
0 1 5 14 18 32 36 49 56 58 64 77 85 90 95 102 108 112 
0 1 5 14 18 32 42 43 49 55 63 72 77 85 90 102 107 114 
0 1 5 14 18 32 43 49 55 58 63 68 72 76 85 90 102 114 
0 1 5 14 18 32 43 49 55 58 63 68 72 77 85 90 102 114 
0 1 5 14 18 32 43 49 55 58 63 72 76 85 90 102 107 114 
0 1 5 14 18 32 43 49 55 58 63 72 76 85 90 102 108 114 
0 1 5 14 18 32 43 49 55 58 63 72 77 85 90 102 107 114 
0 1 5 14 18 32 43 49 55 58 63 72 77 85 90 102 108 114 
0 1 5 14 22 32 38 49 55 58 72 81 85 90 96 103 108 114 
0 1 5 14 31 38 43 49 55 58 64 72 85 90 96 102 107 114 
0 1 5 14 31 38 49 55 56 58 64 72 85 90 96 102 107 114 
0 1 5 14 32 38 43 49 55 58 64 72 85 90 96 102 107 114 
0 1 5 14 32 38 43 49 55 58 64 72 85 90 96 102 108 114 
0 1 5 14 32 38 49 55 56 58 64 72 85 90 96 102 107 114 
0 1 5 14 32 38 49 55 56 58 64 72 85 90 96 102 108 114 
0 1 5 18 32 36 42 43 49 53 63 76 85 90 94 102 107 112 
0 1 5 18 32 36 42 43 49 53 63 77 85 90 94 102 107 112 
0 1 5 18 32 36 42 43 49 53 63 77 85 90 95 102 107 112 
0 1 5 18 32 36 42 43 49 54 63 77 85 90 95 102 107 112 
0 1 5 18 32 36 43 49 54 58 63 68 77 85 90 95 102 112 
0 1 5 18 32 36 43 49 54 58 63 77 85 90 95 102 107 112 
0 1 5 18 32 36 43 49 54 58 63 77 85 90 95 102 108 112 
0 1 5 18 32 36 43 49 54 58 63 77 85 91 95 102 108 112 
0 1 5 18 32 36 43 49 54 58 64 77 85 91 95 102 108 112 
0 1 5 18 32 36 49 54 56 58 64 77 85 91 95 102 108 112 
0 2 7 12 17 34 39 44 49 61 70 75 93 98 103 107 
0 2 7 12 17 39 44 49 54 61 70 75 98 103 107 112 
0 2 7 12 19 29 34 44 49 61 70 78 88 93 103 107 
0 2 7 12 19 37 44 49 54 61 70 78 95 103 107 112 
0 2 7 12 29 34 39 44 49 61 70 88 93 98 103 107 
0 2 7 13 19 31 37 44 49 55 61 72 78 90 96 103 107 113 
0 2 7 13 20 31 37 44 49 55 61 72 78 90 96 103 107 113 
0 2 7 13 20 31 38 44 49 55 61 72 78 90 96 103 107 113 
0 2 7 13 20 31 38 44 49 55 61 72 78 90 96 103 107 114 
0 2 7 14 19 29 32 44 49 61 73 78 88 90 103 107 
0 2 7 14 20 31 38 44 49 55 61 72 78 90 96 103 107 114 
0 2 7 14 20 32 38 44 49 55 61 72 78 90 96 103 107 114 
0 2 7 14 29 32 39 44 49 61 73 88 90 98 103 107 
0 2 7 17 32 39 44 49 54 61 75 90 98 103 107 112 
0 2 9 13 17 31 40 42 44 54 61 67 71 76 89 98 103 113 
0 2 9 13 17 31 40 42 44 55 61 67 71 76 89 98 103 113 
0 2 9 13 19 31 37 42 44 54 60 67 71 77 89 95 113 115 
0 2 9 13 19 31 37 42 44 54 60 67 71 78 89 95 113 115 
0 2 9 13 19 31 37 42 44 54 60 67 71 78 89 96 113 115 
0 2 9 13 19 31 37 42 44 54 61 67 71 78 89 95 103 113 
0 2 9 13 19 31 37 42 44 54 61 67 71 78 89 95 113 115 
0 2 9 13 19 31 37 42 44 54 61 67 71 78 89 96 103 113 
0 2 9 13 19 31 37 42 44 54 61 67 71 78 89 96 113 115 
0 2 9 13 19 31 37 42 44 55 60 67 71 78 89 96 113 115 
0 2 9 13 19 31 37 42 44 55 60 67 72 78 89 96 113 115 
0 2 9 13 19 31 37 42 44 55 60 67 72 78 90 96 113 115 
0 2 9 13 19 31 37 42 44 55 60 67 72 78 96 109 113 115 
0 2 9 13 19 31 37 42 44 55 60 68 72 78 90 96 113 115 
0 2 9 13 19 31 37 42 44 55 61 67 71 78 89 96 103 113 
0 2 9 13 19 31 37 42 44 55 61 67 71 78 89 96 113 115 
0 2 9 13 19 31 37 42 44 55 61 67 72 78 89 96 103 113 
0 2 9 13 19 31 37 42 44 55 61 67 72 78 89 96 113 115 
0 2 9 13 19 31 37 42 44 55 61 67 72 78 90 96 103 113 
0 2 9 13 19 31 37 42 44 55 61 67 72 78 90 96 113 115 
0 2 9 13 19 31 37 42 44 55 61 67 72 78 96 103 109 113 
0 2 9 13 19 31 37 42 44 55 61 67 72 78 96 109 113 115 
0 2 9 13 19 31 37 42 44 55 61 68 72 78 90 96 103 113 
0 2 9 13 19 31 37 42 44 55 61 68 72 78 90 96 113 115 
0 2 9 13 19 33 37 42 44 50 55 61 67 78 96 109 113 115 
0 2 9 13 19 37 42 44 50 55 61 67 71 78 96 103 109 113 
0 2 9 13 19 37 42 44 50 55 61 67 71 78 96 109 113 115 
0 2 9 13 19 37 42 44 50 55 61 67 72 78 96 103 109 113 
0 2 9 13 19 37 42 44 50 55 61 67 72 78 96 109 113 115 
0 2 9 13 19 37 42 44 51 55 61 67 72 78 96 109 113 115 
0 2 9 13 20 31 37 42 44 55 61 67 72 78 89 96 113 115 
0 2 9 13 20 31 37 42 44 55 61 67 72 78 90 96 113 115 
0 2 9 13 20 31 37 42 44 55 61 67 72 78 96 109 113 115 
0 2 9 13 20 31 37 42 44 55 61 68 72 78 90 96 113 115 
0 2 9 13 20 31 38 42 44 55 61 67 72 78 89 96 103 113 
0 2 9 13 20 31 38 42 44 55 61 67 72 78 89 96 103 114 
0 2 9 13 20 31 38 42 44 55 61 67 72 78 89 96 113 115 
0 2 9 13 20 31 38 42 44 55 61 67 72 78 89 96 114 115 
0 2 9 13 20 31 38 42 44 55 61 67 72 78 90 96 103 113 
0 2 9 13 20 31 38 42 44 55 61 67 72 78 90 96 103 114 
0 2 9 13 20 31 38 42 44 55 61 67 72 78 90 96 114 115 
0 2 9 13 20 31 38 42 44 55 61 67 72 78 96 109 113 115 
0 2 9 13 20 38 42 44 50 55 61 67 72 78 96 103 109 114 
0 2 9 13 20 38 42 44 50 55 61 67 72 78 96 109 114 115 
0 2 9 13 20 38 42 44 51 55 61 67 72 78 96 103 109 114 
0 2 9 13 20 38 42 44 51 55 61 67 72 78 96 109 114 115 
0 2 9 14 19 29 31 42 44 60 67 72 77 90 114 115 
0 2 9 14 19 29 31 42 44 60 68 72 77 90 114 115 
0 2 9 14 19 29 32 42 44 60 68 72 77 90 114 115 
0 2 9 14 19 29 32 42 44 61 68 73 78 88 90 103 
0 2 9 14 19 29 42 44 51 60 67 72 77 109 114 115 
0 2 9 14 19 29 42 44 51 60 68 72 77 109 114 115 
0 2 9 14 19 29 42 44 51 60 68 72 77 110 114 115 
0 2 9 14 19 29 42 44 51 60 68 73 77 110 114 115 
0 2 9 14 19 29 42 44 51 61 68 73 78 88 103 110 
0 2 9 14 19 36 42 44 51 60 67 72 77 95 109 115 
0 2 9 14 19 36 42 44 51 60 68 72 77 95 109 115 
0 2 9 14 19 36 42 44 51 60 68 72 77 95 110 115 
0 2 9 14 19 37 42 44 51 61 68 73 78 95 103 110 
0 2 9 14 20 31 38 42 44 55 61 67 72 78 90 96 114 115 
0 2 9 14 20 31 38 42 44 55 61 68 72 78 90 96 114 115 
0 2 9 14 20 32 38 42 44 55 61 68 72 78 90 96 103 114 
0 2 9 14 20 32 38 42 44 55 61 68 72 78 90 96 114 115 
0 2 9 14 20 38 42 44 51 55 61 67 72 78 96 103 109 114 
0 2 9 14 29 31 39 42 44 60 67 72 90 97 114 115 
0 2 9 14 29 31 39 42 44 60 68 72 90 97 114 115 
0 2 9 14 29 32 39 42 44 60 68 73 90 97 114 115 
0 2 9 15 29 33 39 42 44 50 61 67 73 88 91 98 103 109 
0 2 9 16 31 39 42 44 53 60 67 75 90 97 112 115 
0 2 9 16 31 39 42 44 53 60 68 75 90 97 112 115 
0 2 9 16 32 39 42 44 53 60 68 75 90 97 112 115 
0 2 9 16 32 39 42 44 54 60 68 75 90 97 112 115 
0 2 9 17 32 39 42 44 54 61 68 75 90 98 103 112 
0 2 11 16 28 34 40 42 44 48 61 70 74 87 92 98 107 115 
0 2 11 16 28 40 42 44 48 53 61 70 74 87 92 98 107 115 
0 2 11 16 28 40 42 44 48 53 61 70 74 87 98 107 112 115 
0 2 11 16 34 39 42 44 48 60 70 75 92 97 107 115 
0 2 11 16 34 39 42 44 49 60 70 75 92 97 107 115 
0 2 11 16 39 42 44 48 53 60 70 75 97 107 112 115 
0 2 11 16 39 42 44 49 53 60 70 75 97 107 112 115 
0 2 11 29 34 39 42 44 48 60 70 92 97 107 114 115 
0 2 11 29 34 39 42 44 49 60 70 92 97 107 114 115 
0 2 12 16 34 39 42 44 49 60 70 75 92 97 107 115 
0 2 12 16 34 39 42 44 49 60 70 75 93 97 107 115 
0 2 12 16 34 39 42 44 49 60 70 75 97 107 112 115 
0 2 12 17 32 39 44 49 54 58 61 75 98 103 108 112 
0 2 12 17 34 39 42 44 49 61 70 75 93 98 103 107 
0 2 12 17 34 39 42 44 49 61 70 75 93 98 107 115 
0 2 12 28 35 39 44 49 58 61 71 88 93 98 103 108 
0 2 12 28 35 40 44 49 58 61 71 88 93 98 103 108 
0 2 12 29 34 39 42 44 49 60 70 92 97 107 114 115 
0 2 12 29 34 39 42 44 49 60 70 93 97 107 114 115 
0 2 12 29 34 39 42 44 49 61 70 88 93 98 103 107 
0 2 12 29 34 39 42 44 49 61 70 88 93 98 107 115 
0 3 7 12 16 20 27 34 44 49 61 70 75 79 87 93 103 107 
0 3 9 13 17 31 40 42 44 54 61 67 71 76 89 98 103 113 
0 3 12 16 27 40 42 44 49 53 61 70 75 87 99 103 107 112 
0 3 12 16 27 40 42 44 49 54 61 70 75 87 99 103 107 112 
0 3 12 17 27 32 41 45 49 54 58 62 75 86 99 103 108 112 
0 4 9 14 19 31 36 41 42 63 67 72 77 90 95 100 
0 4 9 14 19 31 36 41 42 63 68 72 77 90 95 100 
0 4 9 14 19 32 36 41 42 63 68 72 77 90 95 100 
0 4 9 14 19 32 37 41 42 63 68 73 78 90 95 100 
0 4 9 14 19 32 37 41 42 63 68 73 86 90 95 100 
0 4 9 14 19 32 37 42 43 63 68 73 78 90 95 100 
0 4 9 14 26 32 37 41 42 63 68 73 86 90 95 100 
0 4 9 14 26 32 37 42 43 63 68 73 86 90 95 100 
0 4 9 14 27 31 36 41 42 63 67 72 86 90 95 100 
0 4 9 14 27 31 36 41 42 63 68 72 86 90 95 100 
0 4 9 14 27 32 36 41 42 63 68 73 86 90 95 100 
0 4 9 14 27 32 36 41 42 63 68 86 90 95 100 112 
0 4 11 19 29 34 41 42 48 63 70 77 92 100 107 114 
