0 1 6 13 18 25 39 46 53 61 
0 1 6 13 18 25 39 46 54 61 
0 1 6 13 18 25 39 46 54 62 
0 1 6 13 18 25 39 47 54 61 
0 1 6 13 18 25 39 47 54 62 
0 1 6 13 18 25 39 47 55 62 
0 1 6 13 18 25 41 46 53 61 
0 1 6 13 18 25 41 46 54 61 
0 1 6 13 18 25 41 46 54 62 
0 1 6 13 18 25 41 48 53 61 
0 1 6 13 18 25 41 48 55 62 
0 1 6 13 18 25 41 48 56 61 
0 1 6 13 18 25 41 50 54 61 
0 1 6 13 18 25 41 50 56 61 
0 1 6 13 18 25 41 50 57 62 
0 1 6 13 18 25 42 47 54 61 
0 1 6 13 18 25 42 47 55 62 
0 1 6 13 18 25 42 50 54 61 
0 1 6 13 18 25 42 50 56 61 
0 1 6 13 18 25 42 50 57 62 
0 1 6 13 18 25 42 55 62 65 
0 1 6 13 18 25 42 57 62 65 
0 1 6 13 18 26 39 46 53 61 
0 1 6 13 18 26 39 46 54 61 
0 1 6 13 18 26 39 47 54 61 
0 1 6 13 18 26 39 47 55 62 
0 1 6 13 18 26 41 46 53 61 
0 1 6 13 18 26 41 46 54 61 
0 1 6 13 18 26 41 48 53 61 
0 1 6 13 18 26 41 48 55 62 
0 1 6 13 18 26 41 48 56 61 
0 1 6 13 18 26 41 50 56 61 
0 1 6 13 18 26 41 50 57 62 
0 1 6 13 18 26 42 47 55 62 
0 1 6 13 18 26 42 50 56 61 
0 1 6 13 18 26 42 50 57 62 
0 1 6 13 18 26 42 55 62 65 
0 1 6 13 20 25 39 46 53 61 
0 1 6 13 20 25 39 46 54 61 
0 1 6 13 20 25 39 46 54 62 
0 1 6 13 20 25 39 47 54 61 
0 1 6 13 20 25 39 47 54 62 
0 1 6 13 20 25 39 47 55 62 
0 1 6 13 20 25 41 46 53 61 
0 1 6 13 20 25 41 46 54 61 
0 1 6 13 20 25 41 46 54 62 
0 1 6 13 20 25 41 48 53 61 
0 1 6 13 20 25 41 48 55 62 
0 1 6 13 20 25 41 50 54 62 
0 1 6 13 20 25 41 50 57 62 
0 1 6 13 20 25 42 47 54 62 
0 1 6 13 20 25 42 47 55 62 
0 1 6 13 20 25 42 50 54 62 
0 1 6 13 20 25 42 55 62 65 
0 1 6 13 20 28 41 48 55 62 
0 1 6 13 20 28 41 48 56 61 
0 1 6 13 20 28 41 50 54 61 
0 1 6 13 20 28 41 50 54 62 
0 1 6 13 20 28 41 50 56 61 
0 1 6 13 20 28 41 50 57 62 
0 1 6 13 20 28 42 47 54 62 
0 1 6 13 20 28 42 47 55 62 
0 1 6 13 20 28 42 50 54 61 
0 1 6 13 20 28 42 50 54 62 
0 1 6 13 20 28 42 50 56 61 
0 1 6 13 21 26 41 48 53 61 
0 1 6 13 21 26 41 48 55 62 
0 1 6 13 21 26 41 48 56 61 
0 1 6 13 21 26 41 50 56 61 
0 1 6 13 21 26 42 47 54 62 
0 1 6 13 21 26 42 50 54 62 
0 1 6 13 21 26 42 50 56 61 
0 1 6 13 21 28 41 48 55 62 
0 1 6 13 21 28 41 50 54 62 
0 1 6 13 21 28 41 50 56 61 
0 1 6 14 19 26 41 46 53 61 
0 1 6 14 19 26 41 46 54 61 
0 1 6 14 19 26 41 46 54 62 
0 1 6 14 19 26 41 48 53 61 
0 1 6 14 19 26 41 48 55 62 
0 1 6 14 19 26 41 48 56 61 
0 1 6 14 19 26 41 50 54 61 
0 1 6 14 19 26 41 50 54 62 
0 1 6 14 19 26 41 50 56 61 
0 1 6 14 19 26 41 50 57 62 
0 1 6 14 19 26 42 50 54 61 
0 1 6 14 19 26 42 50 56 61 
0 1 6 14 21 26 41 46 53 61 
0 1 6 14 21 26 41 48 53 61 
0 1 6 14 21 26 41 48 56 61 
0 1 6 14 21 26 41 50 56 61 
0 1 8 13 20 25 39 46 54 62 
0 1 8 13 20 25 39 47 54 62 
0 1 8 13 20 25 39 47 55 62 
0 1 8 13 20 25 42 47 54 62 
0 1 8 13 20 25 42 47 55 62 
0 1 8 13 20 25 42 55 62 65 
0 1 8 13 20 25 42 57 62 65 
0 1 8 13 20 25 42 57 64 65 
0 1 9 17 25 39 46 53 61 
0 1 9 17 25 39 46 54 61 
0 1 9 17 25 39 46 54 62 
0 1 9 17 25 39 47 54 61 
0 1 9 17 25 39 47 54 62 
0 1 9 17 25 39 47 55 62 
0 1 9 17 25 41 46 53 61 
0 1 9 17 25 41 46 54 61 
0 1 9 17 25 41 46 54 62 
0 1 9 17 25 41 48 55 62 
0 1 9 17 25 41 50 54 62 
0 2 7 14 19 26 39 46 51 58 63 
0 2 7 14 19 26 41 48 56 63 
0 2 7 14 19 26 41 50 56 63 
0 2 7 14 21 26 41 48 55 63 
0 2 7 14 21 26 41 48 56 63 
0 2 7 14 21 28 41 48 55 62 
0 2 7 14 21 28 41 48 55 63 
0 2 7 14 21 28 41 48 56 63 
0 2 7 16 20 28 41 46 54 62 
0 2 7 16 20 28 41 50 54 62 
0 2 7 16 20 28 41 50 57 62 
0 2 7 16 20 28 42 47 55 62 
0 2 7 16 20 28 42 50 54 62 
0 2 9 17 25 34 41 50 57 
0 2 9 17 25 39 47 54 62 
0 2 9 17 25 39 47 55 62 
0 2 9 17 25 39 47 55 63 
0 2 9 17 25 41 48 55 62 
0 2 9 17 25 41 48 55 63 
0 2 9 17 25 41 50 54 62 
0 2 10 17 25 39 47 55 62 
0 2 10 17 25 41 48 55 62 
0 2 10 17 25 41 48 55 63 
0 2 10 17 25 41 48 56 63 
0 2 10 17 25 41 50 56 63 
0 3 8 16 20 28 42 55 63 65 
0 3 8 16 20 28 42 58 63 65 
0 3 10 17 25 41 48 55 63 
0 3 10 17 25 41 48 56 63 
0 3 10 18 25 41 48 56 63 
0 4 11 18 25 33 39 46 53 60 
0 4 11 18 26 33 39 46 53 60 
0 4 12 17 25 33 39 46 51 59 
0 4 12 17 25 33 39 47 52 59 
