0 1 6 11 16 20 23 32 42 51 56 62 74 78 93 101 106 115 120 125 
0 1 6 11 16 20 25 30 39 44 51 58 69 78 79 83 88 103 108 115 
0 1 6 11 16 20 25 30 39 44 58 69 78 79 83 88 98 103 108 115 
0 1 6 11 16 20 25 32 39 44 51 56 62 69 74 78 83 88 93 115 
0 1 6 11 16 20 25 32 39 44 51 62 69 74 78 83 88 93 103 115 
0 1 6 11 16 20 25 32 39 51 56 62 69 74 78 83 88 93 115 125 
0 1 6 11 16 20 25 32 39 51 62 69 74 78 83 88 93 103 115 125 
0 1 6 11 16 20 25 32 44 51 56 62 69 74 78 83 88 93 115 120 
0 1 6 11 16 20 25 32 44 51 56 62 69 74 78 88 93 101 115 120 
0 1 6 11 16 20 25 32 44 51 62 69 74 78 83 88 93 103 115 120 
0 1 6 11 16 20 25 32 51 56 62 69 74 78 83 88 93 115 120 125 
0 1 6 11 16 20 25 32 51 62 69 74 78 83 93 103 106 115 120 125 
0 1 6 11 16 20 25 39 44 51 56 62 69 74 78 79 83 88 108 115 
0 1 6 11 16 20 25 39 44 51 56 62 69 74 78 83 88 93 108 115 
0 1 6 11 16 20 25 39 44 51 58 62 69 78 79 83 88 103 108 115 
0 1 6 11 16 20 25 39 44 51 58 62 69 78 83 88 93 103 108 115 
0 1 6 11 16 20 25 39 44 51 62 69 74 78 79 83 88 103 108 115 
0 1 6 11 16 20 25 39 44 51 62 69 74 78 83 88 93 103 108 115 
0 1 6 11 16 20 25 39 44 56 62 69 74 78 79 83 88 98 108 115 
0 1 6 11 16 20 25 39 44 58 62 69 78 79 83 88 98 103 108 115 
0 1 6 11 16 20 25 39 44 62 69 74 78 79 83 88 98 103 108 115 
0 1 6 11 16 20 25 39 51 62 69 74 78 79 83 88 103 108 115 125 
0 1 6 11 16 20 25 39 56 62 69 74 78 79 83 88 98 108 115 125 
0 1 6 11 16 20 25 39 62 69 74 78 79 83 88 98 103 108 115 125 
0 1 6 11 16 20 25 44 51 56 62 69 74 78 79 88 101 108 115 120 
0 1 6 11 16 20 25 44 51 56 62 69 74 78 83 88 93 108 115 120 
0 1 6 11 16 20 25 44 51 56 62 69 74 78 88 93 101 108 115 120 
0 1 6 11 16 20 25 44 51 62 69 74 78 79 83 88 103 108 115 120 
0 1 6 11 16 20 25 44 56 62 69 74 78 79 88 98 101 108 115 120 
0 1 6 11 16 20 25 44 62 69 74 78 79 83 88 98 103 108 115 120 
0 1 6 11 16 20 25 51 56 62 69 74 78 79 88 101 108 115 120 125 
0 1 6 11 16 20 25 51 56 62 69 74 78 88 93 101 108 115 120 125 
0 1 6 11 16 20 25 56 62 69 74 78 79 88 98 101 108 115 120 125 
0 1 6 11 16 20 25 62 69 74 78 79 83 88 98 103 108 115 120 125 
0 1 6 11 16 25 37 44 51 56 62 65 69 74 79 88 101 108 115 120 
0 1 6 11 16 25 37 44 51 56 62 65 69 74 83 88 93 108 115 120 
0 1 6 11 16 25 37 44 51 56 62 65 69 74 88 93 101 108 115 120 
0 1 6 11 16 25 37 44 51 56 62 69 74 78 88 93 101 108 115 120 
0 1 6 11 25 29 37 44 51 56 62 69 74 78 79 88 101 108 115 120 
0 1 8 16 22 30 36 44 51 58 71 78 79 85 100 108 115 122 
0 1 8 16 22 30 36 44 51 58 71 78 79 85 101 108 115 122 
0 1 8 16 22 30 36 44 51 58 71 78 79 86 101 108 115 122 
0 1 8 16 22 30 37 44 51 58 71 78 79 85 100 108 115 122 
0 1 8 16 22 30 37 44 51 58 71 78 79 85 101 108 115 122 
0 1 8 16 22 30 37 44 51 58 71 78 79 86 101 108 115 122 
0 1 8 16 22 36 44 51 58 62 71 78 79 85 100 108 115 122 
0 1 8 16 22 36 44 51 58 62 71 78 79 85 101 108 115 122 
0 1 8 16 22 36 44 51 58 62 71 78 85 93 100 108 115 122 
0 1 8 16 22 37 44 51 58 62 71 78 79 85 100 108 115 122 
0 1 8 16 22 37 44 51 58 62 71 78 79 85 101 108 115 122 
0 1 8 16 22 37 44 51 58 62 71 78 79 86 101 108 115 122 
0 1 8 16 22 37 44 51 58 62 71 78 85 93 101 108 115 122 
0 1 8 16 23 30 37 44 51 58 71 78 79 85 100 108 115 122 
0 1 8 16 23 37 44 51 58 62 65 72 86 93 101 108 115 122 
0 1 8 16 23 37 44 51 58 62 71 78 79 86 101 108 115 122 
0 1 8 16 23 37 44 51 58 62 71 78 86 93 101 108 115 122 
0 3 11 18 26 37 44 52 60 70 77 85 95 97 105 112 120 
0 3 11 18 26 37 45 52 60 70 77 85 95 97 105 112 120 
