0 1 5 9 20 24 28 34 39 50 54 67 79 82 94 103 107 112 123 
0 1 5 9 20 24 28 34 39 50 54 67 79 82 94 103 108 112 123 
0 1 5 9 20 24 28 34 39 50 54 67 79 82 95 103 107 112 123 
0 1 5 9 20 24 28 34 39 50 54 67 79 82 95 103 108 112 123 
0 1 5 9 20 24 28 34 39 50 54 73 77 82 95 103 107 112 123 
0 1 5 9 20 24 28 34 39 50 54 73 77 82 95 103 107 118 122 
0 1 5 9 20 24 28 34 39 50 54 73 77 82 95 103 107 118 123 
0 1 5 9 20 24 28 34 39 50 54 73 77 82 95 103 108 112 123 
0 1 5 9 20 24 28 34 39 50 54 73 79 82 95 103 107 112 123 
0 1 5 9 20 24 28 34 39 50 54 73 79 82 95 103 107 118 122 
0 1 5 9 20 24 28 34 39 50 54 73 79 82 95 103 108 112 123 
0 1 5 9 20 24 28 34 45 49 54 67 79 82 94 103 107 112 123 
0 1 5 9 20 24 28 34 45 49 54 67 79 82 94 103 108 112 123 
0 1 5 9 20 24 28 34 45 49 54 67 79 82 95 103 107 112 123 
0 1 5 9 20 24 28 34 45 49 54 67 79 82 95 103 108 112 123 
0 1 5 9 20 24 28 34 45 49 54 68 72 77 88 103 107 118 122 
0 1 5 9 20 24 28 34 45 49 54 68 73 77 88 103 107 118 122 
0 1 5 9 20 24 28 34 45 49 54 73 77 82 95 103 107 112 123 
0 1 5 9 20 24 28 34 45 49 54 73 77 82 95 103 107 118 122 
0 1 5 9 20 24 28 34 45 49 54 73 77 82 95 103 108 112 123 
0 1 5 9 20 24 28 34 45 49 54 73 77 88 95 103 107 112 123 
0 1 5 9 20 24 28 34 45 49 54 73 77 88 95 103 107 118 122 
0 1 5 9 20 24 28 34 45 49 54 73 79 82 95 103 107 112 123 
0 1 5 9 20 24 28 34 45 49 54 73 79 82 95 103 107 118 122 
0 1 5 9 20 24 28 34 45 50 54 67 79 82 94 103 107 112 123 
0 1 5 9 20 24 28 34 45 50 54 67 79 82 94 103 108 112 123 
0 1 5 9 20 24 28 34 45 50 54 67 79 82 95 103 107 112 123 
0 1 5 9 20 24 28 34 45 50 54 68 72 77 88 103 107 118 122 
0 1 5 9 20 24 28 34 45 50 54 68 73 77 88 103 107 118 122 
0 1 5 9 20 24 28 34 45 50 54 73 77 82 95 103 107 112 123 
0 1 5 9 20 24 28 34 45 50 54 73 77 82 95 103 107 118 122 
0 1 5 9 20 24 28 34 45 50 54 73 77 88 95 103 107 118 122 
0 1 5 9 20 24 28 34 45 50 54 73 79 82 95 103 107 118 122 
0 1 5 9 20 24 28 35 39 50 54 67 79 82 94 103 107 112 123 
0 1 5 9 20 24 28 35 39 50 54 67 79 82 94 103 108 112 123 
0 1 5 9 20 24 28 35 39 50 54 73 77 82 95 103 107 118 122 
0 1 5 9 20 24 30 34 39 50 54 67 79 82 94 97 108 112 117 
0 1 5 9 20 24 30 34 39 50 54 67 79 82 94 97 108 112 123 
0 1 5 9 20 24 30 34 39 50 54 67 79 82 94 97 108 113 117 
0 1 5 9 20 24 30 34 39 50 54 67 79 82 94 103 108 112 123 
0 1 5 9 20 24 30 34 39 50 54 67 79 82 94 104 108 112 123 
0 1 5 9 20 24 30 34 39 50 54 67 79 82 94 104 108 113 117 
0 1 5 9 20 24 30 34 39 50 54 67 79 82 94 104 108 113 123 
0 1 5 9 20 24 30 34 39 50 54 67 79 82 94 104 108 113 124 
0 1 5 9 20 24 30 34 39 50 54 67 79 82 94 104 108 119 123 
0 1 5 9 20 24 30 34 39 50 54 67 79 82 94 104 109 113 124 
0 1 5 9 20 24 30 34 39 50 54 67 79 82 95 97 108 112 123 
0 1 5 9 20 24 30 34 39 50 54 67 79 82 95 103 108 112 123 
0 1 5 9 20 24 30 34 39 50 54 67 79 82 95 104 108 112 123 
0 1 5 9 20 24 30 34 39 50 54 69 73 79 82 104 108 119 123 
0 1 5 9 20 24 30 34 39 50 54 73 77 82 95 97 108 112 123 
0 1 5 9 20 24 30 34 39 50 54 73 77 82 95 103 108 112 123 
0 1 5 9 20 24 30 34 39 50 54 73 77 82 95 104 108 112 123 
0 1 5 9 20 24 30 34 39 50 54 73 77 82 95 104 108 119 123 
0 1 5 9 20 24 30 34 39 50 54 73 79 82 94 104 108 119 123 
0 1 5 9 20 24 30 34 39 50 54 73 79 82 95 97 108 112 123 
0 1 5 9 20 24 30 34 39 50 54 73 79 82 95 103 108 112 123 
0 1 5 9 20 24 30 34 39 50 54 73 79 82 95 104 108 112 123 
0 1 5 9 20 24 30 34 39 50 54 73 79 82 95 104 108 119 123 
0 1 5 9 20 24 30 34 39 50 54 74 79 82 94 104 108 119 123 
0 1 5 9 20 24 30 34 39 50 54 74 79 82 94 104 108 119 124 
0 1 5 9 20 24 30 34 39 50 54 74 79 82 94 104 109 113 124 
0 1 5 9 20 24 30 34 45 49 54 67 79 82 94 97 108 112 117 
0 1 5 9 20 24 30 34 45 49 54 67 79 82 94 97 108 112 123 
0 1 5 9 20 24 30 34 45 49 54 67 79 82 94 97 108 113 117 
0 1 5 9 20 24 30 34 45 49 54 67 79 82 94 103 108 112 123 
0 1 5 9 20 24 30 34 45 49 54 67 79 82 94 104 108 112 123 
0 1 5 9 20 24 30 34 45 49 54 67 79 82 94 104 108 113 117 
0 1 5 9 20 24 30 34 45 49 54 67 79 82 94 104 108 113 123 
0 1 5 9 20 24 30 34 45 49 54 67 79 82 94 104 108 113 124 
0 1 5 9 20 24 30 34 45 49 54 67 79 82 94 104 108 119 123 
0 1 5 9 20 24 30 34 45 49 54 67 79 82 94 104 109 113 124 
0 1 5 9 20 24 30 34 45 49 54 67 79 82 95 97 108 112 123 
0 1 5 9 20 24 30 34 45 49 54 67 79 82 95 103 108 112 123 
0 1 5 9 20 24 30 34 45 49 54 67 79 82 95 104 108 112 123 
0 1 5 9 20 24 30 34 45 49 54 69 73 77 88 104 108 119 123 
0 1 5 9 20 24 30 34 45 49 54 69 73 79 82 104 108 119 123 
0 1 5 9 20 24 30 34 45 49 54 69 73 79 88 104 108 119 123 
0 1 5 9 20 24 30 34 45 49 54 69 73 84 88 104 108 119 123 
0 1 5 9 20 24 30 34 45 49 54 69 74 79 89 104 108 119 123 
0 1 5 9 20 24 30 34 45 49 54 73 77 82 95 97 108 112 123 
0 1 5 9 20 24 30 34 45 49 54 73 77 82 95 103 108 112 123 
0 1 5 9 20 24 30 34 45 49 54 73 77 82 95 104 108 112 123 
0 1 5 9 20 24 30 34 45 49 54 73 77 88 95 97 108 112 123 
0 1 5 9 20 24 30 34 45 49 54 73 77 88 95 103 108 112 123 
0 1 5 9 20 24 30 34 45 49 54 73 77 88 95 104 108 112 123 
0 1 5 9 20 24 30 34 45 49 54 73 77 88 95 104 108 119 123 
0 1 5 9 20 24 30 34 45 49 54 73 79 82 94 104 108 119 123 
0 1 5 9 20 24 30 34 45 49 54 73 79 82 95 97 108 112 123 
0 1 5 9 20 24 30 34 45 49 54 73 79 82 95 103 108 112 123 
0 1 5 9 20 24 30 34 45 49 54 73 79 82 95 104 108 112 123 
0 1 5 9 20 24 30 34 45 49 54 73 79 82 95 104 108 119 123 
0 1 5 9 20 24 30 34 45 49 54 74 79 82 94 104 108 113 124 
0 1 5 9 20 24 30 34 45 49 54 74 79 82 94 104 108 119 123 
0 1 5 9 20 24 30 34 45 49 54 74 79 82 94 104 108 119 124 
0 1 5 9 20 24 30 34 45 49 54 74 79 82 94 104 109 113 124 
0 1 5 9 20 24 30 34 45 49 54 74 79 89 94 104 108 113 124 
0 1 5 9 20 24 30 34 45 49 54 74 79 89 94 104 108 119 124 
0 1 5 9 20 24 30 34 45 49 54 74 79 89 94 104 109 113 124 
0 1 5 9 20 24 30 34 45 50 54 67 79 82 94 97 108 112 117 
0 1 5 9 20 24 30 34 45 50 54 67 79 82 94 97 108 112 123 
0 1 5 9 20 24 30 34 45 50 54 67 79 82 94 97 108 113 117 
0 1 5 9 20 24 30 34 45 50 54 67 79 82 94 103 108 112 123 
0 1 5 9 20 24 30 34 45 50 54 67 79 82 94 104 108 112 123 
0 1 5 9 20 24 30 34 45 50 54 67 79 82 94 104 108 113 117 
0 1 5 9 20 24 30 34 45 50 54 67 79 82 94 104 108 113 123 
0 1 5 9 20 24 30 34 45 50 54 67 79 82 94 104 108 113 124 
0 1 5 9 20 24 30 34 45 50 54 67 79 82 94 104 108 119 123 
0 1 5 9 20 24 30 34 45 50 54 67 79 82 94 104 109 113 124 
0 1 5 9 20 24 30 34 45 50 54 67 79 82 95 97 108 112 123 
0 1 5 9 20 24 30 34 45 50 54 67 79 82 95 103 108 112 123 
0 1 5 9 20 24 30 34 45 50 54 73 77 82 95 97 108 112 123 
0 1 5 9 20 24 30 34 45 50 54 73 77 82 95 103 108 112 123 
0 1 5 9 20 24 30 34 45 50 54 73 77 82 95 104 108 112 123 
0 1 5 9 20 24 30 34 45 50 54 73 77 88 95 97 108 112 123 
0 1 5 9 20 24 30 34 45 50 54 73 77 88 95 103 108 112 123 
0 1 5 9 20 24 30 34 45 50 54 73 77 88 95 104 108 112 123 
0 1 5 9 20 24 30 34 45 50 54 73 77 88 95 104 108 119 123 
0 1 5 9 20 24 30 34 45 50 54 73 79 82 94 104 108 119 123 
0 1 5 9 20 24 30 34 45 50 54 73 79 82 95 97 108 112 123 
0 1 5 9 20 24 30 34 45 50 54 73 79 82 95 103 108 112 123 
0 1 5 9 20 24 30 34 45 50 54 73 79 82 95 104 108 112 123 
0 1 5 9 20 24 30 34 45 50 54 73 79 82 95 104 108 119 123 
0 1 5 9 20 24 30 34 45 50 54 74 79 82 94 104 109 113 124 
0 1 5 9 20 24 30 34 45 50 54 74 79 89 94 104 109 113 124 
0 1 5 9 20 24 30 35 39 50 54 67 79 82 94 97 108 112 117 
0 1 5 9 20 24 30 35 39 50 54 67 79 82 94 97 108 112 123 
0 1 5 9 20 24 30 35 39 50 54 67 79 82 94 97 108 113 117 
0 1 5 9 20 24 30 35 39 50 54 67 79 82 94 103 108 112 123 
0 1 5 9 20 24 30 35 39 50 54 67 79 82 94 104 108 112 123 
0 1 5 9 20 24 30 35 39 50 54 67 79 82 94 104 108 113 117 
0 1 5 9 20 24 30 35 39 50 54 67 79 82 94 104 108 113 123 
0 1 5 9 20 24 30 35 39 50 54 67 79 82 94 104 108 113 124 
0 1 5 9 20 24 30 35 39 50 54 67 79 82 94 104 108 119 123 
0 1 5 9 20 24 30 35 39 50 54 67 79 82 95 97 108 112 123 
0 1 5 9 20 24 30 35 39 50 54 67 79 82 95 103 108 112 123 
0 1 5 9 20 24 30 35 39 50 54 69 73 79 82 104 108 119 123 
0 1 5 9 20 24 30 35 39 50 54 69 73 79 89 104 108 119 123 
0 1 5 9 20 24 30 35 39 50 54 69 74 79 89 104 108 119 123 
0 1 5 9 20 24 30 35 39 50 54 73 77 82 95 97 108 112 123 
0 1 5 9 20 24 30 35 39 50 54 73 77 82 95 103 108 112 123 
0 1 5 9 20 24 30 35 39 50 54 73 77 82 95 104 108 112 123 
0 1 5 9 20 24 30 35 39 50 54 73 79 82 94 104 108 119 123 
0 1 5 9 20 24 30 35 39 50 54 73 79 82 95 97 108 112 123 
0 1 5 9 20 24 30 35 39 50 54 73 79 82 95 103 108 112 123 
0 1 5 9 20 24 30 35 39 50 54 73 79 82 95 104 108 112 123 
0 1 5 9 20 24 30 35 39 50 54 73 79 82 95 104 108 119 123 
0 1 5 9 20 24 30 35 39 50 54 74 79 82 94 104 108 113 124 
0 1 5 9 20 24 30 35 39 50 54 74 79 82 94 104 108 119 123 
0 1 5 9 20 24 30 35 39 50 54 74 79 82 94 104 109 113 124 
0 1 5 9 20 24 30 35 39 50 54 74 79 83 94 104 108 113 124 
0 1 5 9 20 24 30 35 39 50 54 74 79 83 94 104 108 119 123 
0 1 5 9 20 24 30 35 39 50 54 74 79 83 94 104 108 119 124 
0 1 5 9 20 24 30 35 39 50 54 74 79 83 94 104 109 113 124 
0 1 5 9 20 24 30 35 39 50 54 74 79 89 94 104 108 113 124 
0 1 5 9 20 24 30 35 39 50 54 74 79 89 94 104 108 119 123 
0 1 5 9 20 24 30 35 39 50 54 74 79 89 94 104 108 119 124 
0 1 5 9 20 24 30 35 39 50 54 74 79 89 94 104 109 113 124 
0 1 5 9 20 24 30 35 45 50 54 74 79 89 94 104 109 113 124 
0 1 5 9 20 24 30 41 45 50 54 74 79 89 94 104 109 113 124 
0 1 5 9 20 24 34 39 50 54 67 79 82 94 99 103 108 112 123 
0 1 5 9 20 24 34 39 50 54 67 79 82 94 99 103 108 119 123 
0 1 5 9 20 24 34 39 50 54 67 79 82 94 99 104 108 119 123 
0 1 5 9 20 24 34 39 50 54 67 79 82 95 99 103 108 112 123 
0 1 5 9 20 24 34 39 50 54 69 73 79 82 99 103 108 119 123 
0 1 5 9 20 24 34 39 50 54 69 73 79 82 99 103 114 118 123 
0 1 5 9 20 24 34 39 50 54 69 73 79 82 99 103 114 119 123 
0 1 5 9 20 24 34 39 50 54 73 77 82 95 99 103 107 118 122 
0 1 5 9 20 24 34 39 50 54 73 77 82 95 99 103 107 118 123 
0 1 5 9 20 24 34 39 50 54 73 77 82 95 99 103 108 112 123 
0 1 5 9 20 24 34 39 50 54 73 77 82 95 99 103 108 118 123 
0 1 5 9 20 24 34 39 50 54 73 77 82 95 99 103 114 118 123 
0 1 5 9 20 24 34 39 50 54 73 79 82 94 99 103 108 119 123 
0 1 5 9 20 24 34 39 50 54 73 79 82 94 99 104 108 119 123 
0 1 5 9 20 24 34 39 50 54 73 79 82 95 99 103 107 118 122 
0 1 5 9 20 24 34 39 50 54 73 79 82 95 99 103 107 118 123 
0 1 5 9 20 24 34 39 50 54 73 79 82 95 99 103 108 112 123 
0 1 5 9 20 24 34 39 50 54 73 79 82 95 99 103 108 118 123 
0 1 5 9 20 24 34 39 50 54 73 79 82 95 99 103 108 119 123 
0 1 5 9 20 24 34 39 50 54 73 79 82 95 99 103 114 118 123 
0 1 5 9 20 24 34 39 50 54 74 79 82 94 99 103 108 119 123 
0 1 5 9 20 24 34 45 49 54 67 79 82 94 99 103 108 112 123 
0 1 5 9 20 24 34 45 49 54 67 79 82 94 99 103 108 119 123 
0 1 5 9 20 24 34 45 49 54 67 79 82 94 99 104 108 119 123 
0 1 5 9 20 24 34 45 49 54 67 79 82 95 99 103 108 112 123 
0 1 5 9 20 24 34 45 49 54 68 72 77 88 99 103 107 118 122 
0 1 5 9 20 24 34 45 49 54 68 72 77 88 99 103 114 118 122 
0 1 5 9 20 24 34 45 49 54 68 73 77 78 88 99 103 114 118 
0 1 5 9 20 24 34 45 49 54 68 73 77 88 99 103 114 118 122 
0 1 5 9 20 24 34 45 49 54 68 73 77 88 99 103 114 118 123 
0 1 5 9 20 24 34 45 49 54 68 73 78 84 88 99 103 114 118 
0 1 5 9 20 24 34 45 49 54 69 73 77 88 99 103 108 119 123 
0 1 5 9 20 24 34 45 49 54 69 73 77 88 99 103 114 118 123 
0 1 5 9 20 24 34 45 49 54 69 73 78 84 88 99 103 114 118 
0 1 5 9 20 24 34 45 49 54 69 73 79 82 99 103 108 119 123 
0 1 5 9 20 24 34 45 49 54 69 73 79 82 99 103 114 118 123 
0 1 5 9 20 24 34 45 49 54 69 73 79 82 99 103 114 119 123 
0 1 5 9 20 24 34 45 49 54 69 73 79 82 99 104 108 119 123 
0 1 5 9 20 24 34 45 49 54 69 73 79 88 99 103 108 119 123 
0 1 5 9 20 24 34 45 49 54 69 73 79 88 99 103 114 118 123 
0 1 5 9 20 24 34 45 49 54 69 73 79 88 99 103 114 119 123 
0 1 5 9 20 24 34 45 49 54 69 73 79 88 99 104 108 119 123 
0 1 5 9 20 24 34 45 49 54 69 73 79 89 99 103 114 118 123 
0 1 5 9 20 24 34 45 49 54 69 73 84 88 99 103 108 119 123 
0 1 5 9 20 24 34 45 49 54 69 73 84 88 99 103 114 118 123 
0 1 5 9 20 24 34 45 49 54 69 73 84 88 99 103 114 119 123 
0 1 5 9 20 24 34 45 49 54 69 73 84 88 99 104 108 119 123 
0 1 5 9 20 24 34 45 49 54 73 77 82 95 99 103 107 118 122 
0 1 5 9 20 24 34 45 49 54 73 77 82 95 99 103 107 118 123 
0 1 5 9 20 24 34 45 49 54 73 77 82 95 99 103 108 112 123 
0 1 5 9 20 24 34 45 49 54 73 77 82 95 99 103 108 118 123 
0 1 5 9 20 24 34 45 49 54 73 77 82 95 99 103 114 118 123 
0 1 5 9 20 24 34 45 49 54 73 77 88 95 99 103 107 118 122 
0 1 5 9 20 24 34 45 49 54 73 77 88 95 99 103 108 112 123 
0 1 5 9 20 24 34 45 49 54 73 77 88 95 99 103 108 118 123 
0 1 5 9 20 24 34 45 49 54 73 77 88 95 99 103 108 119 123 
0 1 5 9 20 24 34 45 49 54 73 77 88 95 99 103 114 118 123 
0 1 5 9 20 24 34 45 49 54 73 79 82 94 99 103 108 119 123 
0 1 5 9 20 24 34 45 49 54 73 79 82 94 99 104 108 119 123 
0 1 5 9 20 24 34 45 49 54 73 79 82 95 99 103 107 118 122 
0 1 5 9 20 24 34 45 49 54 73 79 82 95 99 103 107 118 123 
0 1 5 9 20 24 34 45 49 54 73 79 82 95 99 103 108 112 123 
0 1 5 9 20 24 34 45 49 54 73 79 82 95 99 103 108 118 123 
0 1 5 9 20 24 34 45 49 54 73 79 82 95 99 103 108 119 123 
0 1 5 9 20 24 34 45 49 54 73 79 82 95 99 103 114 118 123 
0 1 5 9 20 24 34 45 49 54 74 79 82 94 99 103 108 119 123 
0 1 5 9 20 24 34 45 50 54 68 72 77 88 99 103 107 118 122 
0 1 5 9 20 24 34 45 50 54 68 72 77 88 99 103 114 118 122 
0 1 5 9 20 24 34 45 50 54 68 73 77 78 88 99 103 114 118 
0 1 5 9 20 24 34 45 50 54 68 73 77 88 99 103 114 118 122 
0 1 5 9 20 24 34 45 50 54 68 73 77 88 99 103 114 118 123 
0 1 5 9 20 24 34 45 50 54 68 73 78 84 88 99 103 114 118 
0 1 5 9 20 24 34 45 50 54 69 73 77 88 99 103 114 118 123 
0 1 5 9 20 24 34 45 50 54 69 73 77 88 99 103 114 119 123 
0 1 5 9 20 24 34 45 50 54 69 73 78 84 88 99 103 114 118 
0 1 5 9 20 24 34 45 50 54 69 73 79 82 99 103 114 118 123 
0 1 5 9 20 24 34 45 50 54 69 73 79 82 99 103 114 119 123 
0 1 5 9 20 24 34 45 50 54 69 73 79 88 99 103 114 118 123 
0 1 5 9 20 24 34 45 50 54 69 73 79 88 99 103 114 119 123 
0 1 5 9 20 24 34 45 50 54 69 73 79 89 99 103 114 118 123 
0 1 5 9 20 24 34 45 50 54 69 73 79 89 99 103 114 119 123 
0 1 5 9 20 24 34 45 50 54 69 73 84 88 99 103 114 118 123 
0 1 5 9 20 24 34 45 50 54 69 73 84 88 99 103 114 119 123 
0 1 5 9 20 24 34 45 50 54 73 77 82 95 99 103 107 118 122 
0 1 5 9 20 24 34 45 50 54 73 77 82 95 99 103 114 118 123 
0 1 5 9 20 24 34 45 50 54 73 77 88 95 99 103 114 118 123 
0 1 5 9 20 24 34 45 50 54 73 79 82 95 99 103 107 118 122 
0 1 5 9 20 24 34 45 50 54 73 79 82 95 99 103 107 118 123 
0 1 5 9 20 24 34 45 50 54 73 79 82 95 99 103 114 118 123 
0 1 5 9 20 24 35 39 50 54 67 79 82 94 99 103 108 112 123 
0 1 5 9 20 24 35 39 50 54 67 79 82 94 99 103 108 119 123 
0 1 5 9 20 24 35 39 50 54 67 79 82 95 99 103 108 112 123 
0 1 5 9 20 24 35 39 50 54 69 73 79 82 99 103 114 118 123 
0 1 5 9 20 24 35 39 50 54 69 73 79 82 99 103 114 119 123 
0 1 5 9 20 24 35 39 50 54 69 73 79 89 99 103 114 118 123 
0 1 5 9 20 24 35 39 50 54 69 73 79 89 99 103 114 119 123 
0 1 5 9 20 24 35 39 50 54 69 74 79 89 99 103 114 118 123 
0 1 5 9 20 24 35 39 50 54 69 74 79 89 99 103 114 119 123 
0 1 5 9 20 24 35 39 50 54 73 77 82 95 99 103 108 112 123 
0 1 5 9 20 24 35 39 50 54 73 77 82 95 99 103 108 118 123 
0 1 5 9 20 24 35 39 50 54 73 77 82 95 99 103 114 118 123 
0 1 5 9 20 24 35 39 50 54 73 79 82 94 99 103 108 119 123 
0 1 5 9 20 24 35 39 50 54 73 79 82 95 99 103 107 118 122 
0 1 5 9 20 24 35 39 50 54 73 79 82 95 99 103 107 118 123 
0 1 5 9 20 24 35 39 50 54 73 79 82 95 99 103 108 112 123 
0 1 5 9 20 24 35 39 50 54 73 79 82 95 99 103 108 118 123 
0 1 5 9 20 24 35 39 50 54 73 79 82 95 99 103 108 119 123 
0 1 5 9 20 24 35 39 50 54 73 79 82 95 99 103 114 118 123 
0 1 5 9 20 24 35 45 50 54 69 73 79 89 99 103 114 118 123 
0 1 5 9 20 24 35 45 50 54 69 73 79 89 99 103 114 119 123 
0 1 5 9 20 24 35 45 50 54 69 74 79 89 99 103 114 118 123 
0 1 5 9 20 24 35 45 50 54 69 74 79 89 99 103 114 119 123 
0 1 5 9 20 24 35 47 50 54 69 73 79 89 99 103 114 118 123 
0 1 5 9 20 24 35 47 50 54 69 73 79 89 99 103 114 119 123 
0 1 5 9 20 24 41 45 50 54 68 73 78 84 88 99 103 114 118 
0 1 5 9 20 24 41 45 50 54 68 73 78 84 89 99 103 114 118 
0 1 5 9 20 24 41 45 50 54 69 73 78 84 88 99 103 114 118 
0 1 5 9 20 24 41 45 50 54 69 73 78 84 89 99 103 114 118 
0 1 5 9 20 24 41 45 50 54 69 73 79 89 99 103 114 118 123 
0 1 5 9 20 24 41 45 50 54 69 73 79 89 99 103 114 119 123 
0 1 5 9 20 24 41 45 50 54 69 73 84 88 99 103 114 118 123 
0 1 5 9 20 24 41 45 50 54 69 73 84 88 99 103 114 119 123 
0 1 5 9 20 24 41 45 50 54 69 73 84 89 99 103 114 118 123 
0 1 5 9 20 24 41 45 50 54 69 73 84 89 99 103 114 119 123 
0 1 5 9 20 24 41 45 50 54 69 74 79 89 99 103 114 118 123 
0 1 5 9 20 24 41 45 50 54 69 74 79 89 99 103 114 119 123 
0 1 5 9 20 25 30 34 45 49 54 67 79 82 94 104 108 113 117 
0 1 5 9 20 25 30 34 45 49 54 67 79 82 94 104 108 113 123 
0 1 5 9 20 25 30 34 45 49 54 67 79 82 94 104 108 119 123 
0 1 5 9 20 25 30 34 45 49 54 73 79 82 94 104 108 119 123 
0 1 5 9 20 25 30 35 39 50 54 74 79 83 94 104 109 113 124 
0 1 5 9 20 25 30 35 39 50 54 74 79 89 94 104 109 113 124 
0 1 5 9 20 25 30 35 45 50 54 74 79 89 94 104 109 113 124 
0 1 5 9 20 25 30 41 45 50 54 74 79 89 94 104 109 113 124 
0 1 5 10 15 25 30 34 39 50 54 67 79 82 94 98 102 113 117 
0 1 5 10 15 25 30 34 39 50 54 67 79 82 94 98 108 113 117 
0 1 5 10 15 25 30 34 39 50 54 67 79 82 94 104 108 113 117 
0 1 5 10 15 25 30 34 39 50 54 67 79 82 94 104 108 113 123 
0 1 5 10 15 25 30 34 39 50 54 67 79 82 94 104 108 119 123 
0 1 5 10 15 25 30 34 39 50 54 69 73 79 82 104 108 119 123 
0 1 5 10 15 25 30 34 39 50 54 73 79 82 94 104 108 119 123 
0 1 5 10 15 25 30 34 45 49 54 67 79 82 94 98 102 113 117 
0 1 5 10 15 25 30 34 45 49 54 67 79 82 94 98 108 113 117 
0 1 5 10 15 25 30 34 45 49 54 67 79 82 94 104 108 113 117 
0 1 5 10 15 25 30 34 45 49 54 67 79 82 94 104 108 113 123 
0 1 5 10 15 25 30 34 45 49 54 67 79 82 94 104 108 119 123 
0 1 5 10 15 25 30 34 45 49 54 68 72 77 88 98 102 113 117 122 
0 1 5 10 15 25 30 34 45 49 54 68 72 77 88 98 102 113 118 122 
0 1 5 10 15 25 30 34 45 49 54 68 72 77 88 98 109 113 118 122 
0 1 5 10 15 25 30 34 45 49 54 68 73 77 78 88 98 109 113 118 
0 1 5 10 15 25 30 34 45 49 54 68 73 77 78 88 98 109 114 118 
0 1 5 10 15 25 30 34 45 49 54 68 73 77 88 98 102 113 117 122 
0 1 5 10 15 25 30 34 45 49 54 68 73 77 88 98 102 113 118 122 
0 1 5 10 15 25 30 34 45 49 54 68 73 77 88 98 109 113 118 122 
0 1 5 10 15 25 30 34 45 49 54 68 73 78 84 88 98 109 113 118 
0 1 5 10 15 25 30 34 45 49 54 69 73 78 84 88 98 109 113 118 
0 1 5 10 15 25 30 34 45 49 54 69 73 78 84 88 98 109 114 118 
0 1 5 10 15 25 30 34 45 49 54 69 73 79 82 104 108 119 123 
0 1 5 10 15 25 30 34 45 49 54 69 73 79 88 104 108 119 123 
0 1 5 10 15 25 30 34 45 49 54 69 73 84 88 104 108 119 123 
0 1 5 10 15 25 30 34 45 49 54 73 79 82 94 104 108 119 123 
0 1 5 10 15 25 30 34 45 50 54 67 79 82 94 98 102 113 117 
0 1 5 10 15 25 30 34 45 50 54 67 79 82 94 98 108 113 117 
0 1 5 10 15 25 30 34 45 50 54 67 79 82 94 104 108 113 117 
0 1 5 10 15 25 30 34 45 50 54 67 79 82 94 104 108 113 123 
0 1 5 10 15 25 30 34 45 50 54 67 79 82 94 104 108 119 123 
0 1 5 10 15 25 30 34 45 50 54 68 72 77 88 98 102 113 117 122 
0 1 5 10 15 25 30 34 45 50 54 68 73 77 78 88 98 109 113 118 
0 1 5 10 15 25 30 34 45 50 54 68 73 77 78 88 98 109 114 118 
0 1 5 10 15 25 30 34 45 50 54 68 73 77 88 98 102 113 117 122 
0 1 5 10 15 25 30 34 45 50 54 68 73 77 88 98 102 113 118 122 
0 1 5 10 15 25 30 34 45 50 54 68 73 77 88 98 109 113 118 122 
0 1 5 10 15 25 30 34 45 50 54 68 73 78 84 88 98 109 114 118 
0 1 5 10 15 25 30 34 45 50 54 69 73 77 88 104 108 119 123 
0 1 5 10 15 25 30 34 45 50 54 69 73 79 88 104 108 119 123 
0 1 5 10 15 25 30 34 45 50 54 73 79 82 94 104 108 119 123 
0 1 5 10 15 25 30 35 39 50 54 67 79 82 94 98 102 113 117 
0 1 5 10 15 25 30 35 39 50 54 67 79 82 94 98 108 113 117 
0 1 5 10 15 25 30 35 39 50 54 67 79 82 94 104 108 113 117 
0 1 5 10 15 25 30 35 39 50 54 67 79 82 94 104 108 113 123 
0 1 5 10 15 25 30 35 39 50 54 73 77 82 95 104 108 119 123 
0 1 5 10 15 25 30 35 39 50 54 73 79 82 94 104 108 119 123 
0 1 5 10 15 25 30 35 39 50 54 73 79 82 95 104 108 119 123 
0 1 5 10 15 25 30 35 39 50 54 74 79 83 94 104 108 119 123 
0 1 5 10 15 25 30 35 39 50 54 74 79 83 94 104 108 119 124 
0 1 5 10 15 25 30 35 45 50 54 69 73 79 89 104 108 119 123 
0 1 5 10 15 25 30 35 45 50 54 69 74 79 89 104 108 119 123 
0 1 5 10 15 25 30 35 45 50 54 74 79 89 94 104 108 119 123 
0 1 5 10 15 25 30 35 45 50 54 74 79 89 94 104 108 119 124 
0 1 5 10 15 25 30 41 45 50 54 68 73 78 84 88 98 109 114 118 
0 1 5 10 15 25 30 41 45 50 54 68 73 78 84 89 98 109 114 118 
0 1 5 10 15 25 30 41 45 50 54 74 79 89 94 104 108 119 123 
0 1 5 10 15 25 34 45 49 54 62 68 73 77 78 88 98 109 113 118 
0 1 5 10 15 25 34 45 49 54 62 68 73 77 88 98 109 113 118 122 
0 1 5 10 15 25 34 45 50 54 62 68 73 77 78 88 98 109 114 118 
0 1 5 10 15 25 41 45 50 54 62 68 73 78 84 88 98 109 114 118 
0 1 5 10 20 25 30 34 39 50 54 67 79 82 94 104 108 113 123 
0 1 5 10 20 25 30 34 39 50 54 73 79 82 94 104 108 119 123 
0 1 5 10 20 25 30 34 45 49 54 67 79 82 94 104 108 113 123 
0 1 5 10 20 25 30 34 45 49 54 69 73 79 88 104 108 119 123 
0 1 5 10 20 25 30 34 45 49 54 73 79 82 94 104 108 119 123 
0 1 5 10 20 25 30 34 45 50 54 67 79 82 94 104 108 113 123 
0 1 5 10 20 25 30 34 45 50 54 69 73 77 88 104 108 119 123 
0 1 5 10 20 28 34 45 49 54 63 68 72 77 88 103 113 118 122 
0 1 5 10 20 28 34 45 49 54 63 68 73 77 88 103 113 118 122 
0 1 5 10 20 28 34 45 50 54 63 68 72 77 88 103 113 118 122 
0 1 5 10 20 28 34 45 50 54 63 68 73 77 88 103 113 118 122 
0 1 5 10 21 26 34 45 49 54 62 67 79 82 94 105 109 113 124 
0 1 5 10 21 26 34 45 50 54 62 67 79 82 94 105 109 113 124 
0 1 5 10 21 26 35 45 50 54 62 74 79 89 94 105 109 113 124 
0 1 5 10 21 26 41 45 50 54 62 68 73 78 84 89 105 109 114 118 
0 1 5 10 21 26 41 45 50 54 62 74 79 89 94 105 109 113 124 
0 1 5 16 20 35 39 50 54 63 72 75 78 83 99 110 114 119 
0 4 8 14 19 23 34 38 49 53 67 79 82 94 98 102 113 117 
0 4 8 14 19 23 34 45 49 53 67 79 82 94 98 102 113 117 
0 4 14 19 23 29 34 38 49 53 67 79 82 94 98 102 113 117 
0 4 14 19 29 34 38 49 53 62 67 79 82 94 98 102 113 117 
