0 1 5 8 13 20 25 37 45 46 50 57 66 73 81 86 104 111 124 
0 1 5 8 13 20 25 37 45 46 50 57 66 73 86 104 111 116 124 
0 1 5 8 13 20 25 37 46 50 57 66 73 79 81 86 104 111 124 
0 1 5 8 13 20 25 37 46 50 57 66 73 79 86 104 111 116 124 
0 1 5 8 13 20 37 45 46 50 57 66 73 81 86 104 111 119 124 
0 1 5 8 13 20 37 45 46 50 57 66 73 86 104 111 116 119 124 
0 1 5 8 13 20 37 46 50 57 66 73 79 81 86 104 111 119 124 
0 1 5 8 13 20 37 46 50 57 66 73 79 86 104 111 116 119 124 
0 1 5 9 13 19 23 27 33 37 51 65 75 83 89 93 104 108 122 
0 1 5 9 13 19 23 27 33 37 51 75 83 89 93 100 104 108 122 
0 1 5 9 13 19 23 32 33 37 51 65 75 83 89 93 104 108 122 
0 1 5 9 13 19 23 32 33 37 51 75 83 89 93 100 104 108 122 
0 1 5 9 15 18 32 33 38 42 57 65 80 84 88 105 109 113 118 122 
0 1 5 9 15 18 32 33 38 42 57 65 80 84 88 105 109 114 118 122 
0 1 5 9 15 18 32 33 38 42 57 65 80 84 89 105 109 114 118 122 
0 1 5 9 15 18 32 34 38 42 57 65 80 84 88 105 109 114 118 122 
0 1 5 9 19 23 27 33 37 51 61 65 75 83 89 93 104 108 122 
0 1 5 9 19 23 27 33 37 51 61 65 75 83 89 104 108 114 122 
0 1 5 9 19 23 27 33 37 51 61 65 75 89 93 104 108 118 122 
0 1 5 9 19 23 27 33 37 51 61 65 75 89 104 108 114 118 122 
0 1 5 9 19 23 27 33 37 51 61 75 83 89 93 100 104 108 122 
0 1 5 9 19 23 27 33 37 51 61 75 83 89 100 104 108 114 122 
0 1 5 9 19 23 27 33 37 51 61 75 89 93 100 104 108 118 122 
0 1 5 9 19 23 27 33 37 51 61 75 89 100 104 108 114 118 122 
0 1 5 9 19 23 27 33 51 61 65 71 75 83 89 104 108 114 122 
0 1 5 9 19 23 27 33 51 61 65 71 75 89 104 108 114 118 122 
0 1 5 9 19 23 27 33 51 61 71 75 83 89 100 104 108 114 122 
0 1 5 9 19 23 27 33 51 61 71 75 89 93 100 104 108 118 122 
0 1 5 9 19 23 32 33 37 51 61 65 75 83 89 104 108 114 122 
0 1 5 9 19 23 32 33 37 51 61 65 75 89 93 104 108 118 122 
0 1 5 9 19 23 32 33 37 51 61 65 75 89 104 108 114 118 122 
0 1 5 9 19 23 32 33 51 61 65 71 75 89 104 108 114 118 122 
0 1 5 9 19 27 29 33 51 57 61 65 71 75 89 104 114 118 122 
0 1 5 9 19 27 33 37 51 57 61 65 75 89 104 108 114 118 122 
0 1 5 9 19 27 33 51 57 61 65 71 75 89 104 108 114 118 122 
0 1 5 9 19 29 32 33 51 57 61 65 71 75 89 104 114 118 122 
0 1 5 11 15 27 37 52 57 62 76 88 100 103 109 113 116 119 
0 1 5 15 20 30 32 38 44 53 57 67 76 80 84 101 105 109 118 124 
0 6 15 22 38 46 47 54 62 69 77 85 96 102 110 118 
