0 1 5 8 12 17 28 33 37 40 44 49 60 79 82 89 96 111 115 122 
0 1 5 8 12 17 28 33 37 44 48 60 79 82 89 96 99 110 115 122 
0 1 5 8 12 17 28 33 37 44 49 60 79 82 89 96 99 110 115 122 
0 1 5 8 12 17 28 33 37 44 49 60 79 82 89 96 99 111 115 122 
0 1 5 8 12 17 28 33 44 49 60 79 82 89 96 99 106 110 115 122 
0 1 5 8 12 17 28 33 44 49 60 79 82 89 96 99 106 111 115 122 
0 1 5 8 12 17 28 39 43 50 54 79 82 89 95 101 105 116 121 
0 1 5 8 12 17 28 39 43 50 54 79 82 89 95 105 116 121 126 
0 1 5 10 16 21 36 43 54 58 61 66 71 82 86 98 109 120 126 
0 1 5 10 16 21 43 54 58 61 66 71 82 86 98 105 109 120 126 
0 1 5 10 16 21 43 54 58 66 71 82 86 98 105 109 116 120 126 
0 1 5 10 17 21 28 39 43 54 58 66 71 82 105 109 116 120 126 
0 1 5 10 17 21 28 43 54 58 61 66 71 82 98 105 109 120 126 
0 1 5 10 17 21 28 43 54 58 66 71 82 98 105 109 116 120 126 
0 1 5 10 17 21 36 39 43 54 58 66 71 82 87 109 115 120 126 
0 1 5 10 17 21 36 43 54 58 61 66 71 82 86 98 109 120 126 
0 1 5 10 17 21 43 54 58 61 66 71 82 86 98 105 109 120 126 
0 1 5 10 17 21 43 54 58 66 71 82 86 98 105 109 116 120 126 
0 1 5 10 21 36 43 54 58 61 66 71 75 82 86 98 109 120 126 
0 1 5 10 21 43 54 58 66 71 75 82 86 98 105 109 116 120 126 
0 1 5 12 16 21 28 33 37 44 48 53 60 66 77 82 96 99 110 115 
0 1 5 12 16 21 28 33 37 44 48 53 66 77 82 96 99 110 115 119 
0 1 5 12 16 21 28 33 37 44 49 53 60 66 77 82 96 99 110 115 
0 1 5 12 16 21 28 33 37 44 49 60 66 77 82 96 99 110 115 122 
0 1 5 12 16 21 28 33 37 44 49 60 66 77 82 96 99 111 115 122 
0 1 5 12 16 21 28 33 44 49 53 60 66 77 82 96 99 106 110 115 
0 1 5 12 16 21 28 33 44 49 60 66 77 82 96 99 106 110 115 122 
0 1 5 12 16 21 28 33 44 49 60 66 77 82 96 99 106 111 115 122 
0 1 5 12 16 21 28 37 44 48 53 66 77 82 96 99 110 115 119 126 
0 1 5 12 16 21 28 37 44 48 60 66 77 82 96 99 110 115 122 126 
0 1 5 12 16 21 28 37 44 49 53 60 66 77 82 96 99 110 115 126 
0 1 5 12 16 21 28 37 44 49 60 66 77 82 96 99 110 115 122 126 
0 1 5 12 16 21 28 37 44 49 60 66 77 82 96 99 111 115 122 126 
0 1 5 12 16 21 28 37 48 53 60 66 77 82 96 99 103 110 114 126 
0 1 5 12 16 21 28 37 48 53 66 77 82 96 99 103 110 114 119 126 
0 1 5 12 16 21 28 37 48 53 66 77 82 96 99 103 110 115 119 126 
0 1 5 12 16 21 28 37 49 53 60 66 77 82 96 99 103 110 115 126 
0 1 5 12 16 21 28 44 49 60 66 77 82 96 99 106 110 115 122 126 
0 1 5 12 16 21 28 44 49 60 66 77 82 96 99 106 111 115 122 126 
0 1 5 12 16 21 28 49 53 60 66 77 82 96 99 103 106 110 115 126 
0 1 5 12 16 21 33 37 44 48 53 66 77 82 86 96 99 110 115 119 
0 1 5 12 16 21 33 37 44 48 60 66 77 82 86 96 99 110 115 122 
0 1 5 12 16 21 33 37 44 49 60 66 77 82 86 96 99 110 115 122 
0 1 5 12 16 21 33 37 44 49 60 66 77 82 86 96 99 111 115 122 
0 1 5 12 16 21 37 41 48 53 66 77 82 86 96 98 103 114 119 126 
0 1 5 12 16 21 37 44 48 53 66 77 82 86 96 98 110 115 119 126 
0 1 5 12 16 21 37 44 48 53 66 77 82 86 96 99 110 115 119 126 
0 1 5 12 16 21 37 44 49 60 66 77 82 86 96 99 110 115 122 126 
0 1 5 12 16 21 37 48 53 66 77 82 86 96 99 103 110 115 119 126 
0 1 5 12 16 23 27 38 43 49 54 66 77 88 95 100 105 116 120 
0 1 5 12 16 23 27 38 43 50 54 66 77 88 95 100 105 116 120 
0 1 5 12 16 23 27 39 43 50 54 66 77 88 95 100 105 116 120 
0 1 5 12 16 23 27 39 43 50 54 66 77 88 95 101 105 116 120 
0 1 5 12 16 23 28 39 43 50 54 66 77 88 95 100 105 116 120 
0 1 5 12 16 23 28 39 43 50 54 66 77 88 95 101 105 116 120 
0 1 5 12 16 23 28 39 43 50 54 66 77 89 95 101 105 116 120 
0 1 5 12 16 27 38 43 54 58 66 77 81 88 105 109 116 120 126 
0 1 5 12 16 27 39 43 54 58 66 77 81 88 105 109 116 120 126 
0 1 5 12 16 28 39 43 50 54 66 77 82 89 95 105 116 120 126 
0 1 5 12 16 28 39 43 54 66 77 81 88 95 105 109 116 120 126 
0 1 5 12 16 28 39 43 54 66 77 82 88 95 105 109 116 120 126 
0 1 5 12 17 21 28 33 37 44 49 53 60 66 77 82 96 99 110 115 
0 1 5 12 17 21 28 33 37 44 49 60 66 77 82 96 99 110 115 122 
0 1 5 12 17 21 28 33 44 49 60 66 77 82 96 99 106 110 115 122 
0 1 5 12 17 28 33 37 44 49 60 66 77 82 89 96 99 110 115 122 
