0 1 5 10 15 19 35 39 44 48 68 73 77 99 103 108 117 124 
0 1 5 10 15 19 35 39 44 49 68 73 77 99 103 108 117 124 
0 1 5 10 15 19 35 39 44 60 68 73 77 99 103 108 117 124 
0 1 5 10 15 19 35 40 44 49 68 73 77 99 103 108 117 124 
0 1 5 10 15 19 39 44 48 68 72 77 86 99 103 108 112 117 
0 1 5 10 15 19 39 44 48 68 72 77 86 99 103 108 117 124 
0 1 5 10 15 19 39 44 48 68 73 77 86 99 103 108 117 124 
0 1 5 10 15 35 39 44 60 62 68 72 77 94 99 103 108 112 
0 1 5 10 15 35 39 44 60 62 68 72 77 94 99 103 108 124 
0 1 5 10 15 35 39 44 60 62 68 73 77 78 99 103 108 124 
0 1 5 10 15 35 39 44 60 62 68 73 77 94 99 103 108 124 
0 1 5 10 15 35 39 44 60 62 68 73 77 99 103 108 117 124 
0 1 5 10 15 35 39 44 60 62 68 73 78 89 99 103 108 124 
0 1 5 10 15 35 39 44 60 62 68 77 84 94 99 103 108 124 
0 1 5 10 15 35 40 44 60 62 68 73 78 89 99 103 108 124 
0 1 5 10 15 35 44 51 60 62 68 73 78 89 99 103 108 124 
0 1 5 10 19 26 35 39 44 49 68 73 77 99 103 108 117 124 
0 1 5 10 19 26 35 39 44 49 68 73 77 99 104 108 117 124 
0 1 5 10 19 26 35 39 44 60 68 73 77 78 99 104 108 124 
0 1 5 10 19 26 35 39 44 60 68 73 77 99 103 108 117 124 
0 1 5 10 19 26 35 39 44 60 68 73 77 99 104 108 117 124 
0 1 5 10 19 26 35 40 44 49 68 73 78 79 99 104 108 124 
0 1 5 10 19 26 35 40 44 49 68 73 78 89 99 104 108 124 
0 1 5 10 19 26 35 40 44 49 73 78 79 99 104 108 122 125 
0 1 5 10 19 26 35 40 44 60 68 73 78 89 99 104 108 124 
0 1 5 10 19 26 35 44 51 60 68 73 78 89 99 104 108 124 
0 1 5 10 19 26 39 44 48 68 72 77 86 99 103 108 117 124 
0 1 5 10 19 26 39 44 48 68 72 77 86 99 104 108 117 124 
0 1 5 10 19 26 39 44 48 68 73 77 86 99 103 108 117 124 
0 1 5 10 26 35 40 44 60 62 68 73 78 89 99 104 108 124 
0 1 5 10 26 35 44 51 60 62 68 73 78 89 99 108 115 124 
0 1 5 10 26 35 44 51 60 62 68 78 84 89 99 108 115 124 
