0 1 4 9 16 23 37 44 52 60 62 72 86 93 101 108 116 124 
0 1 4 9 16 23 37 45 52 60 62 72 86 93 101 109 116 124 
0 1 4 9 16 23 37 45 53 60 62 72 86 93 101 109 117 124 
0 1 4 9 16 23 38 45 52 60 62 72 86 93 102 109 116 124 
0 1 4 9 16 23 38 45 53 60 62 72 86 93 102 109 117 124 
0 1 4 9 16 23 38 47 53 60 62 72 86 93 102 110 117 124 
0 1 4 9 17 22 25 37 44 52 60 62 72 80 101 108 116 124 
0 1 4 9 17 22 25 37 45 52 60 62 72 80 101 109 116 124 
0 1 4 9 17 22 25 37 45 53 60 62 72 80 101 109 117 124 
0 1 4 9 17 22 25 38 45 52 60 62 72 80 102 109 116 124 
0 1 4 9 17 22 37 44 52 60 62 72 80 85 101 108 116 124 
0 1 4 9 17 22 37 45 52 60 62 72 80 85 101 109 116 124 
0 1 4 9 17 22 37 45 53 60 62 72 80 85 101 109 117 124 
0 1 4 9 17 22 38 45 52 60 62 72 80 85 102 109 116 124 
0 1 4 9 17 22 38 45 53 60 62 72 80 85 102 109 117 124 
0 1 4 9 17 22 38 47 53 60 62 72 80 85 102 110 117 124 
0 1 4 9 17 25 37 44 52 60 62 72 80 88 101 108 116 124 
0 1 4 9 17 25 37 45 52 60 62 72 80 88 101 109 116 124 
0 1 4 9 17 25 37 45 53 60 62 72 80 88 101 109 117 124 
0 1 4 9 17 25 38 45 52 60 62 72 80 88 102 109 116 124 
0 1 4 9 17 25 38 45 52 60 72 80 88 97 102 109 116 124 
0 1 4 9 17 25 38 45 53 60 62 72 80 88 102 109 117 124 
0 1 4 9 17 25 38 45 53 60 72 80 88 97 102 109 117 124 
0 1 4 9 17 25 38 47 53 60 62 72 80 88 102 110 117 124 
0 1 4 9 17 37 44 52 60 62 72 80 85 88 101 108 116 124 
0 1 4 9 17 37 45 52 60 62 72 80 85 88 101 109 116 124 
0 1 4 9 17 37 45 53 60 62 72 80 85 88 101 109 117 124 
0 1 4 9 17 38 45 52 60 62 72 80 85 88 102 109 116 124 
0 1 4 9 22 37 44 52 60 62 72 77 80 85 101 108 116 124 
0 1 4 9 22 37 45 52 60 62 72 77 80 85 101 109 116 124 
0 1 4 9 22 37 45 53 60 62 72 77 80 85 101 109 117 124 
0 1 4 9 22 38 45 53 60 62 72 77 80 85 102 109 117 124 
0 1 4 9 22 38 47 53 60 62 72 77 80 85 102 110 117 124 
0 1 6 9 15 22 35 38 43 50 57 62 77 78 85 107 114 121 
0 1 6 9 15 22 35 38 43 50 58 62 77 78 85 107 114 122 
0 1 6 9 15 22 37 42 45 50 57 62 77 78 85 101 114 121 
0 1 6 9 15 22 37 42 45 50 58 62 77 78 85 101 114 122 
0 1 6 9 15 22 37 42 49 57 62 77 78 85 101 106 113 121 
0 1 6 9 15 22 37 42 50 57 62 77 78 85 101 106 114 121 
0 1 6 9 15 22 37 42 50 58 62 77 78 85 101 106 114 122 
0 1 6 9 15 22 37 45 50 53 58 62 77 78 85 101 109 122 
0 1 6 9 15 22 37 45 50 57 62 77 78 85 101 109 114 121 
0 1 6 9 15 22 37 45 50 58 62 77 78 85 101 109 114 122 
0 1 6 9 15 22 37 45 52 57 62 77 78 85 101 109 116 121 
0 1 6 9 15 22 37 45 53 58 62 77 78 85 101 109 117 122 
0 1 6 9 15 22 37 45 58 62 77 78 85 101 109 114 117 122 
0 1 6 9 15 22 37 50 57 62 77 78 85 101 106 109 114 121 
0 1 6 9 15 22 37 50 58 62 77 78 85 101 106 109 114 122 
0 1 6 9 15 22 38 43 47 51 58 62 77 78 85 102 115 122 
0 1 6 9 15 22 38 43 50 57 62 77 78 85 102 107 114 121 
0 1 6 9 15 22 38 43 50 58 62 77 78 85 102 107 114 122 
0 1 6 9 15 22 38 43 51 58 62 77 78 85 102 107 115 122 
0 1 6 9 15 22 38 45 50 53 58 62 77 78 85 102 109 122 
0 1 6 9 15 22 38 45 50 57 62 77 78 85 102 109 114 121 
0 1 6 9 15 22 38 45 50 58 62 77 78 85 102 109 114 122 
0 1 6 9 15 22 38 45 52 57 62 77 78 85 102 109 116 121 
0 1 6 9 15 22 38 45 53 58 62 77 78 85 102 109 117 122 
0 1 6 9 15 22 38 45 58 62 77 78 85 102 109 114 117 122 
0 1 6 9 15 22 38 47 51 58 62 77 78 85 102 110 115 122 
0 1 6 9 15 22 38 47 53 58 62 77 78 85 102 110 117 122 
0 1 6 9 15 22 38 51 58 62 77 78 85 102 107 110 115 122 
0 1 6 13 18 25 37 42 45 46 50 57 62 69 76 81 88 101 114 121 
0 1 6 13 18 25 37 42 45 50 57 62 69 76 78 81 88 101 114 121 
0 1 6 13 18 25 37 42 45 50 58 62 69 76 78 81 88 101 114 122 
0 1 6 13 18 25 37 42 49 57 62 69 76 78 81 88 101 106 113 121 
0 1 6 13 18 25 37 42 50 57 62 69 76 78 81 88 101 106 114 121 
0 1 6 13 18 25 37 44 46 49 57 62 69 76 81 88 101 108 113 121 
0 1 6 13 18 25 37 44 46 57 62 69 76 81 88 101 108 113 116 121 
0 1 6 13 18 25 37 44 49 52 57 62 69 76 78 81 88 101 108 121 
0 1 6 13 18 25 37 44 49 57 62 69 76 78 81 88 101 108 113 121 
0 1 6 13 18 25 37 44 51 58 62 69 76 78 81 88 101 108 115 122 
0 1 6 13 18 25 37 44 52 57 62 69 76 78 81 88 101 108 116 121 
0 1 6 13 18 25 37 45 46 50 57 62 69 76 81 88 101 109 114 121 
0 1 6 13 18 25 37 45 50 57 62 69 76 78 81 88 101 109 114 121 
0 1 6 13 18 25 37 45 50 58 62 69 76 78 81 88 101 109 114 122 
0 1 6 13 18 25 37 45 52 57 62 69 76 78 81 88 101 109 116 121 
0 1 6 13 18 25 37 46 50 57 62 69 76 81 88 101 106 109 114 121 
0 1 6 13 18 25 38 43 46 50 57 62 69 76 81 88 102 107 114 121 
0 1 6 13 18 25 38 43 50 57 62 69 76 78 81 88 102 107 114 121 
0 1 6 13 18 25 38 45 46 50 57 62 69 76 81 88 102 109 114 121 
0 1 6 13 18 25 38 45 46 50 57 69 76 81 88 97 102 109 114 121 
0 1 6 13 18 25 38 45 50 57 62 69 76 78 81 88 102 109 114 121 
0 1 6 15 22 35 42 49 57 62 69 77 78 85 99 106 113 121 
0 1 6 15 22 35 42 50 57 62 69 77 78 85 99 106 114 121 
0 1 6 15 22 35 42 50 58 62 69 77 78 85 99 106 114 122 
0 1 6 15 22 35 43 50 57 62 69 77 78 85 99 107 114 121 
0 1 6 15 22 37 42 45 50 57 62 69 77 78 85 101 114 121 
0 1 6 15 22 37 42 45 50 58 62 69 77 78 85 101 114 122 
0 1 6 15 22 37 42 49 57 62 69 77 78 85 101 106 113 121 
0 1 6 15 22 37 42 50 57 62 69 77 78 85 101 106 114 121 
0 1 6 15 22 37 42 50 58 62 69 77 78 85 101 106 114 122 
0 1 6 15 22 37 44 49 57 62 69 77 78 85 101 108 113 121 
0 1 6 15 22 37 44 51 58 62 69 77 78 85 101 108 115 122 
0 1 6 15 22 37 44 52 57 62 69 77 78 85 101 108 116 121 
0 1 6 15 22 37 45 50 53 58 62 69 77 78 85 101 109 122 
0 1 6 15 22 37 45 50 57 62 69 77 78 85 101 109 114 121 
0 1 6 15 22 37 45 50 58 62 69 77 78 85 101 109 114 122 
0 1 6 15 22 37 45 52 57 62 69 77 78 85 101 109 116 121 
0 1 6 15 22 37 45 53 58 62 69 77 78 85 101 109 117 122 
0 1 6 15 22 38 43 50 57 62 69 77 78 85 102 107 114 121 
0 1 6 15 22 38 43 50 58 62 69 77 78 85 102 107 114 122 
0 1 6 15 22 38 45 50 53 58 62 69 77 78 85 102 109 122 
0 1 6 15 22 38 45 50 57 62 69 77 78 85 102 109 114 121 
0 1 6 15 22 38 45 50 58 62 69 77 78 85 102 109 114 122 
0 1 6 15 22 38 45 52 57 62 69 77 78 85 102 109 116 121 
0 1 6 15 22 38 45 53 58 62 69 77 78 85 102 109 117 122 
0 1 6 15 22 38 47 51 58 62 69 77 78 85 102 110 115 122 
0 1 6 15 22 38 47 53 58 62 69 77 78 85 102 110 117 122 
0 1 8 16 23 35 38 43 50 57 62 71 78 86 93 107 114 121 
0 1 8 16 23 35 38 43 50 58 62 71 78 86 93 107 114 122 
0 1 8 16 23 35 38 43 51 58 62 71 78 86 93 107 115 122 
0 1 8 16 23 35 42 49 57 62 71 78 86 93 99 106 113 121 
0 1 8 16 23 35 42 50 57 62 71 78 86 93 99 106 114 121 
0 1 8 16 23 35 42 50 58 62 71 78 86 93 99 106 114 122 
0 1 8 16 23 35 43 50 57 62 71 78 86 93 99 107 114 121 
0 1 8 16 23 35 43 50 58 62 71 78 86 93 99 107 114 122 
0 1 8 16 23 35 43 51 58 62 71 78 86 93 99 107 115 122 
0 1 8 16 23 37 42 49 57 62 71 78 86 93 101 106 113 121 
0 1 8 16 23 37 42 50 57 62 71 78 86 93 101 106 114 121 
0 1 8 16 23 37 42 50 58 62 71 78 86 93 101 106 114 122 
0 1 8 16 23 37 44 49 57 62 71 78 86 93 101 108 113 121 
0 1 8 16 23 37 44 51 58 62 71 78 86 93 101 108 115 122 
0 1 8 16 23 37 44 52 57 60 62 71 78 86 93 101 108 116 
0 1 8 16 23 37 44 52 57 62 71 78 86 93 101 108 116 121 
0 1 8 16 23 37 44 52 60 62 71 78 86 93 101 108 116 124 
0 1 8 16 23 37 45 50 57 62 71 78 86 93 101 109 114 121 
0 1 8 16 23 37 45 50 58 62 71 78 86 93 101 109 114 122 
0 1 8 16 23 37 45 52 57 60 62 71 78 86 93 101 109 116 
0 1 8 16 23 37 45 52 57 62 71 78 86 93 101 109 116 121 
0 1 8 16 23 37 45 53 60 62 71 78 86 93 101 109 117 124 
0 1 8 16 23 38 43 50 58 62 71 78 86 93 102 107 114 122 
0 1 8 16 23 38 45 50 57 62 71 78 86 93 102 109 114 121 
0 1 8 16 23 38 47 53 60 62 71 78 86 93 102 110 117 124 
0 1 8 22 29 35 38 43 51 58 62 71 78 79 85 107 115 122 
0 1 8 22 29 35 42 49 57 62 71 78 79 85 99 106 113 121 
0 1 8 22 29 35 42 50 58 62 71 78 79 85 99 106 114 122 
0 1 8 22 29 35 43 51 58 62 71 78 79 85 99 107 115 122 
0 1 8 22 29 38 45 52 60 62 71 78 79 85 102 109 116 124 
0 1 8 22 29 38 45 53 58 62 71 78 79 85 102 109 117 122 
0 1 8 22 29 38 45 53 60 62 71 78 79 85 102 109 117 124 
0 1 8 22 29 38 47 53 58 62 71 78 79 85 102 110 117 122 
0 1 8 22 29 38 47 53 60 62 71 78 79 85 102 110 117 124 
0 1 9 15 17 22 35 42 50 58 62 72 78 85 99 106 114 122 
0 1 9 15 17 22 37 42 45 50 58 62 72 78 85 101 114 122 
0 1 9 15 17 22 37 42 50 58 62 72 78 85 101 106 114 122 
0 1 9 15 17 22 37 45 50 58 62 72 78 85 101 109 114 122 
0 1 9 15 17 22 37 45 58 62 72 78 85 101 109 114 117 122 
0 1 9 15 22 35 42 50 57 62 72 77 78 85 99 106 114 121 
0 1 9 15 22 35 42 50 58 62 72 77 78 85 99 106 114 122 
0 1 9 15 22 35 43 50 57 62 72 77 78 85 99 107 114 121 
0 1 9 15 22 35 43 50 58 62 72 77 78 85 99 107 114 122 
0 1 9 15 22 37 42 45 50 57 62 72 77 78 85 101 114 121 
0 1 9 15 22 37 42 45 50 58 62 72 77 78 85 101 114 122 
0 1 9 15 22 37 42 50 57 62 72 77 78 85 101 106 114 121 
0 1 9 15 22 37 42 50 58 62 72 77 78 85 101 106 114 122 
0 1 9 15 22 37 44 52 60 62 72 77 78 85 101 108 116 124 
0 1 9 15 22 37 45 50 53 58 62 72 77 78 85 101 109 122 
0 1 9 15 22 37 45 50 58 62 72 77 78 85 101 109 114 122 
0 1 9 15 22 37 45 52 60 62 72 77 78 85 101 109 116 124 
0 1 9 15 22 37 45 53 58 62 72 77 78 85 101 109 117 122 
0 1 9 15 22 37 45 53 60 62 72 77 78 85 101 109 117 124 
0 2 5 10 17 22 32 35 42 49 54 62 73 80 85 99 106 113 118 125 
0 2 5 10 17 22 32 35 42 54 61 62 73 80 85 99 106 111 118 125 
0 2 5 10 18 23 32 35 42 49 54 62 73 81 86 99 106 113 118 125 
0 2 5 10 18 23 32 38 47 54 62 73 81 86 102 110 118 125 
0 2 5 10 23 32 35 42 49 54 62 73 79 81 86 99 106 113 118 125 
0 2 5 10 23 32 38 47 54 62 73 79 81 86 102 110 118 125 
0 2 7 15 22 38 45 50 58 62 65 70 77 85 102 109 114 122 
0 2 7 15 22 38 45 53 58 62 65 70 77 85 102 109 117 122 
0 2 7 15 22 38 47 53 58 62 65 70 77 85 102 110 117 122 
0 2 7 22 29 38 45 53 58 62 65 70 79 85 102 109 117 122 
0 2 9 15 22 32 35 42 54 61 62 65 72 77 85 99 106 111 118 125 
0 2 9 16 23 32 35 42 49 54 62 65 72 86 93 99 106 113 118 125 
0 2 9 17 22 32 35 42 49 54 62 65 72 80 85 99 106 113 118 125 
0 2 9 17 22 32 35 42 54 61 62 65 72 80 85 99 106 111 118 125 
0 2 10 17 22 32 35 42 49 54 62 65 73 80 85 99 106 113 118 125 
0 2 10 17 22 32 35 42 54 61 62 65 73 80 85 99 106 111 118 125 
0 3 6 11 18 23 35 38 43 46 50 55 62 74 81 86 96 107 114 119 
0 3 8 16 23 35 42 55 60 61 62 66 71 86 93 99 106 111 119 124 
0 3 8 23 29 35 42 55 60 61 62 66 71 79 86 99 106 111 119 124 
0 3 10 17 22 35 42 46 49 54 62 66 73 80 85 96 99 106 113 118 
0 3 10 17 22 35 42 46 54 61 62 66 73 80 85 96 99 106 111 118 
0 3 10 17 22 35 42 46 55 61 62 66 73 80 85 96 99 106 111 119 
0 3 10 17 22 35 42 55 60 61 62 66 73 80 85 99 106 111 119 124 
0 3 10 17 22 35 43 46 48 55 62 66 73 80 85 96 99 107 112 119 
0 3 10 17 22 35 43 48 55 60 62 66 73 80 85 99 107 112 119 124 
0 3 10 18 23 35 42 46 50 55 62 66 73 81 86 96 99 106 114 119 
0 3 10 18 23 35 43 46 50 55 62 66 73 81 86 96 99 107 114 119 
0 4 9 16 23 32 35 42 49 54 62 67 72 86 93 99 106 113 118 125 
0 4 9 16 23 32 35 42 49 56 62 67 72 86 93 99 106 113 120 125 
0 4 9 17 22 32 35 43 48 56 62 67 72 80 85 99 107 112 120 125 
0 6 15 22 38 46 47 54 62 69 77 85 96 102 110 118 
