0 1 4 8 20 27 29 32 35 42 49 54 68 75 87 94 98 103 109 121 
0 1 5 10 17 21 26 30 41 53 58 65 77 88 97 102 109 114 118 125 
0 1 5 10 17 21 26 30 41 53 58 65 77 88 98 102 109 114 118 125 
0 1 5 10 17 21 26 41 46 47 53 57 65 76 88 97 102 114 118 125 
0 1 5 10 17 21 26 41 46 47 53 57 65 76 97 102 106 114 118 125 
0 1 5 10 17 21 26 41 46 47 53 58 65 76 88 97 102 114 118 125 
0 1 5 10 17 21 26 41 47 53 57 65 76 88 97 102 109 114 118 125 
0 1 5 10 17 21 26 41 47 53 57 65 76 97 102 106 109 114 118 125 
0 1 5 10 17 21 26 41 47 53 58 65 76 88 97 102 109 114 118 125 
0 1 5 10 17 21 26 41 47 53 58 65 77 88 97 102 109 114 118 125 
0 1 5 10 17 21 26 41 47 53 58 65 77 88 98 102 109 114 118 125 
0 1 5 10 17 21 30 41 53 58 65 72 77 88 97 102 109 114 118 125 
0 1 5 10 17 21 41 46 47 53 58 65 72 76 88 97 102 114 118 125 
0 1 5 10 17 21 41 47 53 58 65 72 76 88 97 102 109 114 118 125 
0 1 5 10 17 21 41 47 53 58 65 72 77 88 97 102 109 114 118 125 
0 1 5 10 17 21 41 47 53 58 65 72 77 88 98 102 109 114 118 125 
0 1 5 10 17 22 26 30 37 41 53 58 65 77 88 97 102 109 114 125 
0 1 5 10 17 22 26 30 37 41 53 58 65 77 88 98 102 109 114 125 
0 1 5 10 17 22 26 30 41 53 58 65 77 88 97 102 109 114 118 125 
0 1 5 10 17 22 26 37 41 47 53 58 65 76 88 97 102 109 114 125 
0 1 5 10 17 22 26 37 41 47 53 58 65 77 88 97 102 109 114 125 
0 1 5 10 17 22 26 37 41 47 53 58 65 77 88 98 102 109 114 125 
0 1 5 10 17 22 30 37 41 53 58 65 72 77 88 97 102 109 114 125 
0 1 5 10 17 22 30 37 41 53 58 65 72 77 88 98 102 109 114 125 
0 1 5 10 17 22 30 37 42 53 58 65 72 77 88 96 97 102 109 114 
0 1 5 10 17 22 30 37 42 53 58 65 72 77 88 97 102 109 114 125 
0 1 5 10 17 22 30 37 42 53 58 65 72 77 88 98 102 109 114 125 
0 1 5 10 17 22 37 42 47 53 58 65 72 76 88 97 102 109 114 125 
0 1 5 10 17 22 37 42 47 53 58 65 72 77 88 97 102 109 114 125 
0 1 5 10 17 22 41 46 47 53 58 65 72 76 88 97 102 114 118 125 
0 1 5 10 17 22 41 47 53 58 65 72 76 88 97 102 109 114 118 125 
0 1 5 10 17 22 41 47 53 58 65 72 77 88 97 102 109 114 118 125 
0 1 5 10 17 22 42 47 53 58 65 72 76 88 97 102 109 114 118 125 
0 1 7 19 26 34 41 47 53 60 63 67 74 86 93 102 109 114 120 125 
0 1 8 19 26 29 35 41 47 53 60 63 67 74 86 93 102 109 114 121 
0 1 8 19 26 29 35 42 47 53 60 63 67 74 86 93 102 109 114 121 
0 1 8 19 26 35 41 47 53 60 63 67 74 86 93 102 109 114 120 125 
0 3 7 11 19 23 29 34 38 42 47 50 72 76 80 100 104 108 
0 3 7 11 19 23 29 38 42 47 50 72 76 80 100 104 108 116 
0 3 7 11 19 24 31 34 38 47 64 68 72 76 89 100 104 125 
0 3 7 11 19 24 31 34 38 47 64 68 72 76 100 104 108 125 
0 3 7 11 19 29 31 34 38 42 47 50 68 72 76 100 104 108 
0 3 7 11 19 29 31 34 38 42 47 64 68 72 76 100 104 108 
0 3 7 11 19 29 31 38 42 47 50 68 72 76 100 104 108 116 
0 3 7 11 19 29 34 38 42 47 64 68 72 76 80 100 104 108 
0 3 7 11 19 29 38 42 47 50 68 72 76 80 100 104 108 116 
0 3 7 11 19 29 38 42 47 64 68 72 76 80 100 104 108 116 
0 3 7 11 23 29 38 42 47 50 72 76 78 80 100 104 108 116 
0 3 7 11 24 28 31 34 38 55 59 64 68 78 89 100 104 125 
0 3 7 11 24 28 31 34 38 59 64 68 72 78 89 100 104 125 
0 3 7 11 24 31 34 38 47 59 64 68 72 78 89 100 104 125 
0 3 7 11 28 31 34 38 42 59 64 68 72 78 89 100 104 125 
0 3 10 15 21 25 31 34 41 45 52 56 64 75 78 82 86 107 118 
