0 1 4 12 23 35 38 47 57 63 68 71 90 94 98 106 117 125 
0 1 4 12 23 35 38 47 57 63 71 82 90 94 98 106 117 125 
0 1 4 12 23 38 47 49 57 63 71 82 90 94 98 106 117 125 
0 1 6 11 17 22 26 34 50 54 59 66 72 77 82 88 96 97 106 115 122 
0 1 6 17 22 26 32 34 41 45 50 68 72 77 88 96 97 101 106 117 122 
0 2 6 11 15 37 41 48 59 63 71 75 78 82 100 111 117 120 
0 2 6 13 18 24 37 41 48 59 71 75 78 82 99 107 111 118 
0 2 6 13 18 24 37 41 48 59 71 75 78 82 99 107 118 124 
0 2 6 13 18 24 37 41 48 59 71 75 78 82 100 107 111 118 
0 2 6 13 18 25 37 41 48 59 71 75 78 82 100 107 111 118 
0 2 6 13 24 36 41 48 59 63 70 81 88 94 99 106 117 124 
0 2 6 13 24 36 41 48 59 63 70 82 88 94 99 106 117 124 
0 2 6 13 24 37 41 48 59 63 71 75 78 82 99 107 111 118 
0 3 7 11 19 23 28 34 38 42 47 50 68 72 76 78 104 108 112 
0 3 7 11 19 23 28 38 42 47 50 68 72 76 78 84 104 108 112 
0 3 7 11 19 23 28 38 42 47 50 68 76 78 84 104 108 112 124 
0 3 7 11 19 23 29 34 38 42 47 50 68 72 76 78 104 108 112 
0 3 7 11 19 23 29 38 42 47 50 68 72 76 78 84 104 108 112 
0 3 7 11 19 23 29 38 42 47 50 68 72 76 84 104 108 112 116 
0 3 7 11 19 23 29 38 42 47 50 68 76 78 84 104 108 112 124 
0 3 7 11 19 23 29 38 42 47 50 68 76 84 104 108 112 116 124 
0 3 7 11 19 23 29 42 47 50 68 72 76 84 88 104 108 112 116 
0 3 7 11 19 28 31 34 38 42 47 68 72 76 78 100 104 108 112 
0 3 7 11 19 28 31 34 38 42 47 68 72 76 78 100 104 108 125 
0 3 7 11 19 28 31 38 42 47 68 72 76 78 84 100 104 108 112 
0 3 7 11 19 28 34 38 42 47 50 68 72 76 78 100 104 108 112 
0 3 7 11 19 28 34 38 42 47 50 68 72 76 78 100 104 108 125 
0 3 7 11 19 29 31 34 38 42 47 68 72 76 78 100 104 108 112 
0 3 7 11 19 29 31 34 38 42 47 68 72 76 78 100 104 108 125 
0 3 7 11 19 29 31 34 38 42 47 68 72 76 100 104 108 112 116 
0 3 7 11 19 29 34 42 47 50 68 72 76 88 100 104 108 112 116 
0 3 7 11 23 28 34 38 47 50 55 64 68 72 76 78 104 108 112 
0 3 7 11 28 31 34 38 42 47 64 68 72 76 78 100 104 108 112 
0 3 7 11 28 31 34 38 42 47 64 68 72 76 78 100 104 108 125 
0 3 7 11 28 31 34 38 42 47 64 68 72 78 89 100 104 108 112 
0 4 7 23 26 29 38 41 49 60 71 74 82 94 98 109 117 120 
0 6 15 22 38 46 47 54 62 69 77 85 96 102 110 118 
