0 1 5 16 20 27 34 40 44 55 59 63 67 71 79 82 106 110 117 121 
0 1 6 12 16 27 34 40 44 55 59 63 67 71 79 82 102 106 117 121 
0 1 6 12 16 27 34 40 44 55 59 63 67 71 79 82 106 110 117 121 
0 1 6 12 16 27 34 40 44 55 59 63 67 79 82 94 102 106 117 121 
0 1 6 12 16 27 36 40 51 55 63 67 79 82 88 94 102 106 117 121 
0 1 6 12 16 27 40 44 51 55 63 67 79 82 88 94 102 106 117 121 
0 1 6 16 20 27 34 40 44 55 59 63 67 71 79 82 106 110 117 121 
0 1 6 16 21 27 34 40 44 55 59 63 67 71 79 82 106 110 117 121 
0 2 6 12 16 27 36 40 51 55 63 67 79 82 88 94 102 106 117 121 
0 2 6 12 16 27 40 44 51 55 63 67 79 82 88 94 102 106 117 121 
0 2 6 12 17 23 27 34 40 45 51 55 67 71 79 82 102 106 117 121 
0 2 6 12 17 23 27 34 40 45 51 55 67 79 82 94 102 106 117 121 
0 2 6 12 17 23 27 36 40 51 55 67 73 79 88 94 102 106 113 117 
0 2 6 12 17 23 27 36 40 51 55 67 74 79 88 94 102 106 113 117 
0 2 6 12 17 23 27 36 40 51 55 67 79 82 88 94 102 106 113 117 
0 2 6 12 17 23 27 40 44 51 55 67 79 82 88 94 102 106 113 117 
0 2 6 12 17 23 27 40 44 51 55 67 79 82 88 94 102 106 117 121 
0 2 6 12 17 23 27 40 45 51 55 67 74 79 89 94 102 106 113 117 
0 2 6 12 17 23 27 40 45 51 55 67 79 82 88 94 102 106 113 117 
0 2 6 12 17 23 27 40 45 51 55 67 79 82 88 94 102 106 117 121 
0 2 6 12 17 23 27 40 45 51 55 67 79 82 89 94 102 106 113 117 
0 2 6 12 17 23 27 40 45 51 55 67 79 82 89 94 102 106 117 121 
0 2 6 12 17 27 40 44 51 55 63 67 79 82 88 94 102 106 117 121 
0 2 6 12 17 27 40 44 51 55 64 67 79 82 88 94 102 106 117 121 
0 2 6 12 17 27 40 45 51 55 63 67 79 82 88 94 102 106 117 121 
0 2 6 12 17 27 40 45 51 55 63 67 79 82 89 94 102 106 117 121 
0 2 6 12 17 27 40 45 51 55 64 67 79 82 88 94 102 106 117 121 
0 2 6 13 17 27 36 40 51 55 64 67 79 82 88 94 102 106 117 121 
0 2 6 13 17 27 40 44 51 55 64 67 79 82 88 94 102 106 117 121 
0 2 6 13 17 28 34 40 45 51 55 64 67 71 79 82 102 106 117 121 
0 2 6 13 17 28 34 40 45 51 55 64 67 71 79 82 102 107 117 121 
0 2 6 13 17 28 34 40 45 51 55 64 67 79 82 94 102 106 117 121 
0 2 6 13 17 28 34 40 45 51 55 64 67 79 82 94 102 107 113 117 
0 2 6 13 17 28 40 44 51 55 64 67 79 82 88 94 102 106 117 121 
0 2 6 13 17 28 40 45 51 55 64 67 79 82 88 94 102 106 117 121 
0 2 6 13 17 28 41 45 51 55 64 67 79 82 89 94 102 106 117 121 
0 3 6 10 16 36 40 43 55 62 66 69 73 93 100 104 107 119 
0 4 10 16 23 30 32 36 42 49 55 67 73 80 86 96 100 106 113 119 
0 4 10 16 23 30 32 36 42 49 55 67 73 80 86 99 106 112 119 125 
0 4 10 16 23 30 32 36 42 49 55 67 73 80 86 100 106 113 119 125 
0 4 10 17 23 30 32 36 42 49 55 67 73 80 86 96 100 106 113 119 
0 4 10 17 23 30 32 36 42 49 55 67 73 80 86 100 106 112 119 125 
0 4 10 17 23 30 32 36 42 49 55 67 73 80 86 100 106 113 119 125 
0 4 10 17 23 32 36 42 49 55 62 67 73 80 86 100 106 113 119 125 
0 4 10 17 23 36 42 46 49 55 62 67 73 80 86 96 100 106 113 119 
