0 1 5 9 13 18 22 26 39 56 62 68 72 76 78 81 85 89 103 120 
0 1 5 9 13 22 26 34 39 60 62 68 72 76 78 85 89 98 103 124 
0 1 5 9 13 22 26 39 56 60 62 68 72 76 78 85 89 103 120 124 
0 1 5 9 22 26 35 39 56 60 62 68 72 78 85 89 99 103 120 124 
0 1 6 9 13 21 26 37 45 57 68 73 80 88 98 105 118 125 
0 1 6 9 13 21 26 37 57 68 73 80 85 88 98 105 118 125 
0 1 6 9 13 21 37 45 57 68 73 80 88 98 105 113 118 125 
0 1 6 9 15 21 26 37 45 57 68 73 80 88 98 105 118 125 
0 1 6 9 15 21 26 37 45 58 68 73 80 88 98 105 118 125 
0 1 6 9 15 21 26 37 57 68 73 80 85 88 98 105 118 125 
0 1 6 9 15 21 26 37 58 68 73 80 85 88 98 105 118 125 
0 1 6 9 15 21 26 38 45 58 68 73 80 88 98 105 118 125 
0 1 6 9 15 21 26 38 45 58 68 73 81 88 96 98 105 118 
0 1 6 9 15 21 26 38 45 58 68 73 81 88 96 98 106 118 
0 1 6 9 15 21 26 38 45 58 68 73 81 88 98 105 118 125 
0 1 6 9 15 21 37 45 57 68 73 80 88 98 105 113 118 125 
0 1 6 9 15 21 37 45 58 68 73 80 88 98 105 113 118 125 
0 1 6 9 15 21 38 45 58 68 73 80 88 98 105 113 118 125 
0 1 6 9 15 21 38 45 58 68 73 81 88 98 105 113 118 125 
0 1 6 9 15 22 26 38 45 58 68 73 81 88 96 98 106 118 
0 1 6 13 21 26 37 45 50 57 65 72 80 97 105 110 117 125 
0 1 6 13 21 26 37 45 50 57 65 73 80 97 105 110 117 125 
0 1 6 13 21 26 37 45 50 57 65 73 80 97 105 110 118 125 
0 1 6 13 21 26 37 45 50 57 65 73 80 98 105 110 118 125 
0 1 6 13 21 26 37 45 50 57 68 72 80 88 97 105 117 125 
0 1 6 13 21 26 37 45 50 57 68 73 80 88 97 105 117 125 
0 2 6 13 20 27 31 37 50 57 66 73 86 97 104 111 117 122 125 
0 2 6 13 20 27 31 37 50 57 66 73 86 97 104 111 118 122 125 
0 4 9 13 14 17 21 34 60 61 62 67 72 76 80 84 94 98 111 124 
0 4 9 13 14 17 34 43 60 61 62 67 72 76 80 94 98 107 111 124 
0 4 13 14 17 21 34 38 51 61 62 67 76 80 84 94 98 102 111 115 
0 6 13 14 20 26 36 43 50 56 66 72 86 93 97 104 111 117 124 
0 6 13 14 20 26 36 43 50 57 66 72 86 93 97 104 111 117 124 
0 6 13 14 20 26 36 43 50 57 66 73 86 93 97 104 111 117 124 
0 6 13 14 20 26 37 43 50 57 66 73 86 93 97 104 111 117 124 
