0 1 6 11 16 20 25 32 35 62 69 74 78 83 88 93 99 125 
0 1 6 11 16 20 25 32 56 62 69 74 78 83 88 93 120 125 
0 1 6 11 16 20 25 39 56 62 69 74 78 79 83 88 103 120 
0 1 6 11 16 20 25 39 56 62 69 74 78 83 88 93 103 120 
0 1 6 11 16 20 32 35 47 62 69 74 78 83 93 99 110 125 
0 1 6 11 16 20 32 47 56 62 69 74 78 83 93 110 120 125 
0 1 6 11 16 20 35 39 47 62 69 74 78 83 93 99 103 110 
0 1 6 11 16 20 39 47 56 62 69 74 78 79 83 103 110 120 
0 1 6 11 16 20 39 47 56 62 69 74 78 83 93 103 110 120 
0 1 6 11 16 25 32 35 42 62 65 69 74 88 93 99 106 125 
0 1 6 11 16 25 32 35 42 62 69 74 78 88 93 99 106 125 
0 1 6 11 16 25 32 42 56 62 65 69 74 88 93 106 120 125 
0 1 6 11 16 25 32 42 56 62 69 74 78 88 93 106 120 125 
0 1 6 11 16 32 35 42 47 62 69 74 78 93 99 106 110 125 
0 1 6 11 16 32 42 47 56 62 69 74 78 93 106 110 120 125 
0 1 6 11 17 25 34 41 58 62 69 74 78 80 88 98 105 122 
0 1 6 11 17 25 34 41 58 62 69 74 78 81 88 98 105 122 
0 1 6 11 17 25 34 41 58 62 69 74 78 81 88 99 105 122 
0 1 6 11 17 34 41 47 58 62 69 74 78 80 98 105 110 122 
0 1 6 11 17 34 41 47 58 62 69 74 78 81 98 105 110 122 
0 1 6 11 17 34 41 47 58 62 69 74 78 81 99 105 110 122 
0 1 6 11 18 25 34 41 58 62 69 74 78 81 88 98 105 122 
0 1 6 11 18 25 34 41 58 62 69 74 78 81 88 98 106 122 
0 1 6 11 18 25 34 41 58 62 69 74 78 81 88 99 105 122 
0 1 6 11 18 25 34 41 58 62 69 74 78 81 88 99 106 122 
0 1 6 11 18 25 34 42 58 62 65 69 74 81 88 98 106 122 
0 1 6 11 18 25 34 42 58 62 65 69 74 81 88 99 106 122 
0 1 6 11 18 25 34 42 58 62 69 74 78 81 88 98 106 122 
0 1 6 11 18 25 34 42 58 62 69 74 78 81 88 99 105 122 
0 1 6 11 18 25 34 42 58 62 69 74 78 81 88 99 106 122 
0 1 6 11 18 25 35 41 58 62 69 74 78 81 88 99 105 122 
0 1 6 11 18 25 35 41 58 62 69 74 78 81 88 99 106 122 
0 1 6 11 18 25 35 41 59 62 69 74 78 81 88 99 106 122 
0 1 6 11 18 25 35 42 58 62 65 69 74 81 88 98 106 122 
0 1 6 11 18 25 35 42 58 62 69 74 78 81 88 99 106 122 
0 1 6 11 18 25 37 41 56 62 69 74 78 81 88 101 105 120 
0 1 6 11 18 25 37 41 56 62 69 74 78 81 88 101 106 120 
0 1 6 11 18 25 37 42 56 62 65 69 74 81 88 101 106 120 
0 1 6 11 18 25 37 42 56 62 69 74 78 81 88 101 106 120 
0 1 6 11 18 34 41 47 58 62 69 74 78 81 98 105 110 122 
0 1 6 11 18 34 41 47 58 62 69 74 78 81 98 106 110 122 
0 1 6 11 18 34 41 47 58 62 69 74 78 81 99 105 110 122 
0 1 6 11 18 34 41 47 58 62 69 74 78 81 99 106 110 122 
0 1 6 11 18 34 42 47 58 62 69 74 78 81 98 106 110 122 
0 1 6 11 18 34 42 47 58 62 69 74 78 81 99 105 110 122 
0 1 6 11 18 35 41 47 58 62 69 74 78 81 99 105 110 122 
0 1 6 11 18 37 41 47 56 62 69 74 78 81 101 105 110 120 
0 1 6 11 18 37 41 47 56 62 69 74 78 81 101 106 110 120 
0 1 6 11 18 37 42 47 56 62 69 74 78 81 101 106 110 120 
0 1 6 11 20 25 32 37 56 62 69 74 78 83 88 101 120 125 
0 1 6 11 20 29 34 39 47 62 69 74 78 79 83 98 103 110 
0 1 6 11 20 29 39 47 56 62 69 74 78 79 83 103 110 120 
0 1 6 11 25 32 37 42 56 62 65 69 74 88 101 106 120 125 
0 1 6 11 25 32 37 42 56 62 69 74 78 88 101 106 120 125 
0 1 6 13 17 25 30 36 41 53 69 75 78 80 88 100 105 117 
0 1 6 13 17 25 30 36 41 53 69 76 78 80 88 100 105 117 
0 1 6 13 17 25 30 41 53 58 69 76 78 80 88 105 117 122 
0 1 6 13 17 25 30 41 53 58 69 76 78 81 88 105 117 122 
0 1 6 13 17 25 36 41 53 62 69 76 78 80 88 100 105 117 
0 1 6 13 17 25 41 53 58 62 69 76 78 80 88 105 117 122 
0 1 6 13 17 25 41 53 58 62 69 76 78 80 88 105 118 122 
0 1 6 13 17 25 41 53 58 62 69 76 78 81 88 105 117 122 
0 1 6 13 17 25 41 53 58 62 69 76 78 81 88 105 118 122 
0 1 6 13 17 25 41 54 58 62 69 76 78 80 88 105 118 122 
0 1 6 13 17 25 41 54 58 62 69 76 78 81 88 105 117 122 
0 1 6 13 17 25 41 54 58 62 69 76 78 81 88 105 118 122 
0 1 6 13 17 30 41 47 53 58 69 76 78 80 105 110 117 122 
0 1 6 13 17 30 41 47 53 58 69 76 78 81 105 110 117 122 
0 1 6 13 17 41 47 53 58 62 69 76 78 80 105 110 117 122 
0 1 6 13 17 41 47 53 58 62 69 76 78 81 105 110 117 122 
0 1 6 13 18 25 30 37 41 53 69 76 78 81 88 101 105 117 
0 1 6 13 18 25 30 37 41 53 69 76 78 81 88 101 106 117 
0 1 6 13 18 25 30 41 53 58 69 76 78 81 88 105 117 122 
0 1 6 13 18 25 30 41 53 58 69 76 78 81 88 106 117 122 
0 1 6 13 18 25 37 41 53 62 69 76 78 81 88 101 105 117 
0 1 6 13 18 25 37 42 53 62 69 76 78 81 88 101 106 117 
0 1 6 13 18 25 37 42 53 62 69 76 78 81 88 101 106 118 
0 1 6 13 18 30 37 41 47 53 69 76 78 81 101 105 110 117 
0 1 6 13 18 30 37 41 47 53 69 76 78 81 101 106 110 117 
0 1 6 13 18 30 37 42 47 53 69 76 78 81 101 105 110 117 
0 1 6 13 18 30 37 42 47 53 69 76 78 81 101 106 110 117 
0 1 6 13 18 37 41 47 53 62 69 76 78 81 101 105 110 117 
0 1 6 13 18 37 41 47 53 62 69 76 78 81 101 106 110 117 
0 1 6 13 18 37 41 47 54 62 69 76 78 81 101 105 110 118 
0 1 6 13 18 37 41 47 54 62 69 76 78 81 101 106 110 118 
0 1 6 13 18 37 41 47 54 62 69 77 78 81 101 105 110 118 
0 1 6 13 18 37 41 47 54 62 69 77 78 81 101 106 110 118 
0 1 6 13 18 37 42 47 54 62 69 76 78 81 101 106 110 118 
0 1 6 13 18 37 42 47 54 62 69 77 78 81 101 105 110 118 
0 1 6 13 18 37 42 47 54 62 69 77 78 81 101 106 110 118 
0 1 6 13 18 42 47 54 58 62 69 76 78 81 106 110 118 122 
0 1 6 13 20 30 32 37 47 53 69 76 78 83 101 110 117 124 
0 1 6 13 20 30 32 37 47 53 69 76 78 83 101 110 117 125 
0 1 6 13 20 30 36 47 53 60 69 75 78 83 100 110 117 124 
0 1 6 13 20 30 36 47 53 60 69 76 78 83 100 110 117 124 
0 1 6 13 20 30 36 47 53 60 69 76 78 83 101 110 117 124 
0 1 6 13 20 30 37 47 53 60 69 76 78 83 100 110 117 124 
0 1 6 13 20 30 37 47 53 60 69 76 78 83 101 110 117 124 
0 1 6 13 20 30 37 47 53 60 69 76 78 83 101 110 117 125 
0 1 6 13 20 30 39 47 53 58 69 76 78 83 103 110 117 122 
0 1 6 13 20 32 37 47 53 62 69 76 78 83 101 110 117 124 
0 1 6 13 20 32 37 47 53 62 69 76 78 83 101 110 117 125 
0 1 6 13 20 32 37 47 53 62 69 76 78 83 101 110 118 124 
0 1 6 13 20 32 37 47 53 62 69 76 78 83 101 110 118 125 
0 1 6 13 20 32 37 47 54 62 69 76 78 83 101 110 117 124 
0 1 6 13 20 32 37 47 54 62 69 76 78 83 101 110 118 124 
0 1 6 13 20 32 37 47 54 62 69 76 78 83 101 110 118 125 
0 1 6 13 20 32 37 47 54 62 69 77 78 83 101 110 118 124 
0 1 6 13 20 32 37 47 54 62 69 77 78 83 101 110 118 125 
0 1 6 13 20 36 47 53 60 62 69 76 78 83 100 110 117 124 
0 1 6 13 20 37 47 53 60 62 69 76 78 83 101 110 117 124 
0 1 6 13 20 37 47 53 60 62 69 76 78 83 101 110 118 124 
0 1 6 13 20 37 47 54 60 62 69 76 78 83 101 110 118 124 
0 1 6 13 20 39 47 53 58 62 69 76 78 83 103 110 117 122 
0 1 6 13 20 39 47 53 58 62 69 76 78 83 103 110 118 122 
0 1 6 13 20 39 47 54 58 62 69 76 78 83 103 110 118 122 
0 1 6 13 30 32 37 42 47 53 69 76 78 101 106 110 117 125 
0 1 6 13 32 37 42 47 53 62 69 76 78 101 106 110 117 125 
0 1 6 13 32 37 42 47 53 62 69 76 78 101 106 110 118 125 
0 1 6 15 18 37 41 47 54 62 69 77 78 81 101 105 110 118 
0 1 6 15 18 37 41 47 54 62 69 77 78 81 101 106 110 118 
0 1 6 15 18 37 42 47 54 62 69 77 78 81 101 106 110 118 
0 1 6 15 18 42 47 54 59 62 69 77 78 81 106 110 118 123 
0 1 6 15 20 32 37 47 54 62 69 77 78 83 101 110 118 125 
0 1 6 15 32 37 42 47 54 62 69 77 78 101 106 110 118 125 
0 1 6 15 32 37 42 47 54 62 69 77 78 102 106 110 118 125 
0 1 6 15 32 38 42 47 54 62 69 77 78 102 106 110 118 125 
0 1 6 16 20 32 35 47 54 62 69 78 83 93 99 110 118 125 
0 1 6 16 32 35 42 47 54 62 69 78 93 99 106 110 118 125 
0 1 6 18 35 42 47 54 58 62 69 78 81 99 106 110 118 122 
0 1 6 20 29 30 34 39 47 53 69 78 79 83 98 103 110 117 
0 1 6 20 29 30 34 47 53 60 69 78 79 83 98 110 117 124 
0 1 6 20 29 34 39 47 53 62 69 78 79 83 98 103 110 117 
0 1 6 20 29 34 47 53 60 62 69 78 79 83 98 110 117 124 
0 1 6 20 34 39 47 53 58 62 69 78 83 98 103 110 117 122 
0 1 6 25 30 32 34 38 42 53 57 65 69 88 98 102 106 117 121 125 
0 1 6 25 30 32 34 38 42 53 57 69 78 88 98 102 106 117 121 125 
0 1 6 25 32 34 38 42 53 57 62 69 78 88 98 102 106 117 121 125 
0 1 6 30 32 34 38 42 47 53 57 69 78 98 102 106 110 117 121 125 
0 1 6 32 34 38 42 47 53 57 62 69 78 98 102 106 110 117 121 125 
0 2 6 11 16 25 32 42 56 62 65 69 74 88 93 106 120 125 
0 2 6 11 17 21 25 34 46 58 62 65 69 74 80 84 88 96 98 122 
0 2 6 11 17 21 34 46 58 61 62 65 69 74 80 84 96 98 111 122 
0 2 6 11 17 21 34 46 58 61 62 65 70 74 80 84 96 98 111 122 
0 2 6 11 17 34 43 46 58 61 62 65 69 74 80 96 98 107 111 122 
0 2 6 11 17 34 43 46 58 61 62 65 70 74 80 96 98 107 111 122 
0 2 6 11 18 25 34 42 58 62 65 69 74 81 88 98 106 122 
0 2 6 11 19 29 34 38 42 61 62 65 69 74 79 82 98 102 106 111 
0 2 6 11 19 29 34 38 42 61 62 65 69 74 79 82 98 102 107 111 
0 2 6 11 19 29 34 38 43 61 62 65 69 74 79 82 98 102 107 111 
0 2 6 11 19 29 34 38 43 61 62 65 70 74 79 82 98 102 106 111 
0 2 6 11 19 29 34 43 60 61 62 65 69 74 79 82 98 107 111 124 
0 2 6 11 19 29 43 56 60 61 62 65 69 74 79 82 107 111 120 124 
0 2 6 11 21 25 29 34 38 46 62 65 69 74 79 84 88 96 98 102 
0 2 6 11 21 29 34 38 46 61 62 65 69 74 79 84 96 98 102 111 
0 2 6 11 21 29 34 38 46 61 62 65 70 74 79 84 96 98 102 111 
0 2 6 11 29 34 38 43 46 61 62 65 69 74 79 96 98 102 107 111 
0 2 6 11 29 34 38 43 46 61 62 65 69 74 79 96 98 103 107 111 
0 2 6 11 29 34 38 43 46 61 62 65 70 74 79 96 98 103 107 111 
0 2 6 11 29 34 39 43 46 61 62 65 69 74 79 96 98 103 107 111 
0 2 6 11 29 39 43 46 56 61 62 65 69 74 79 96 103 107 111 120 
0 2 6 13 17 21 25 30 36 40 53 65 69 75 80 84 88 100 104 117 
0 2 6 13 17 21 25 30 36 40 53 65 69 76 80 84 88 100 104 117 
0 2 6 13 17 21 25 30 36 46 53 65 69 75 80 84 88 96 100 117 
0 2 6 13 17 21 25 30 36 46 53 65 69 76 80 84 88 96 100 117 
0 2 6 13 17 21 25 36 40 53 62 65 69 76 80 84 88 100 104 117 
0 2 6 13 17 21 25 36 46 53 62 65 69 76 80 84 88 96 100 117 
0 2 6 13 17 21 25 46 53 58 62 65 69 76 80 84 88 96 117 122 
0 2 6 13 17 21 36 40 53 61 62 65 69 76 80 84 100 104 111 117 
0 2 6 13 17 21 36 46 53 61 62 65 69 76 80 84 96 100 111 117 
0 2 6 13 17 21 46 54 58 61 62 65 69 76 80 84 96 111 118 122 
0 2 6 13 17 21 46 54 58 61 62 65 70 76 80 84 96 111 118 122 
0 2 6 13 17 43 46 54 58 61 62 65 69 76 80 96 107 111 118 122 
0 2 6 13 19 36 43 53 60 61 62 65 69 76 82 100 107 111 117 124 
0 2 6 13 39 43 46 53 58 61 62 65 69 76 96 103 107 111 117 122 
0 2 6 15 21 32 38 54 61 62 65 69 77 84 96 102 111 118 
0 2 6 15 21 32 38 54 61 62 65 69 77 84 102 111 118 125 
0 2 6 15 21 32 38 54 61 62 65 70 77 84 96 102 111 118 
0 2 6 15 21 32 38 54 61 62 65 70 77 84 102 111 118 125 
0 2 6 15 21 38 46 54 61 62 65 69 77 84 96 102 111 118 
0 2 6 15 21 38 46 54 61 62 65 70 77 84 102 111 118 125 
0 2 6 17 21 34 40 53 57 61 62 65 69 80 84 98 104 111 117 121 
0 2 6 21 29 34 38 46 53 61 62 65 69 79 84 96 98 102 111 117 
0 2 7 15 21 32 38 54 61 62 65 70 77 84 102 111 118 125 
0 2 7 16 21 32 35 54 61 62 65 70 84 93 99 111 118 125 
0 3 7 11 18 22 26 31 37 56 62 66 70 74 81 85 89 95 101 120 
0 3 7 11 18 22 26 37 41 56 62 66 70 74 81 85 89 101 105 120 
0 3 7 11 22 26 37 41 56 60 62 66 70 74 85 89 101 105 120 124 
0 4 11 14 19 29 34 45 49 60 62 67 74 79 82 94 98 109 113 124 
0 4 11 16 23 32 35 42 49 62 67 74 86 93 99 106 113 125 
0 6 15 22 38 46 47 54 62 69 77 85 96 102 110 118 
