0 1 4 9 12 17 22 37 45 53 58 64 65 72 77 85 95 109 114 119 
0 1 4 9 12 17 22 37 45 53 58 64 72 77 85 95 104 109 114 119 
0 1 4 9 12 17 22 37 45 53 58 65 72 77 85 95 109 114 119 122 
0 1 4 9 12 17 22 37 45 53 58 72 77 85 95 104 109 114 119 122 
0 1 4 9 12 17 22 37 45 58 64 72 77 85 90 95 104 109 114 119 
0 1 4 9 12 17 22 37 45 58 72 77 85 90 95 104 109 114 119 122 
0 1 4 9 12 17 22 37 53 58 64 65 72 77 82 85 95 109 114 119 
0 1 4 9 12 17 22 37 53 58 64 72 77 82 85 95 104 109 114 119 
0 1 4 9 12 17 22 37 58 64 72 77 82 85 90 95 104 109 114 119 
0 1 4 9 17 22 37 45 50 53 58 64 72 77 85 95 104 109 114 119 
0 1 4 9 17 22 37 45 50 53 58 64 72 77 95 104 109 114 119 124 
0 1 4 9 17 22 37 45 50 53 58 72 77 85 95 104 109 114 119 122 
0 1 4 9 17 22 37 45 50 58 64 72 77 85 90 95 104 109 114 119 
0 1 4 9 17 22 37 45 50 58 64 72 77 85 90 101 104 109 114 119 
0 1 4 9 17 22 37 45 50 58 64 72 77 90 95 104 109 114 119 124 
0 1 4 9 17 22 37 45 50 58 64 72 77 90 101 104 109 114 119 124 
0 1 4 9 17 22 37 45 50 58 72 77 85 90 101 104 109 114 119 122 
0 1 4 9 17 22 37 50 53 58 64 72 77 82 85 95 104 109 114 119 
0 1 4 9 17 22 37 50 53 58 64 72 77 82 95 104 109 114 119 124 
0 1 4 9 17 22 37 50 58 64 72 77 82 90 95 104 109 114 119 124 
0 1 4 9 17 22 37 50 58 64 72 77 82 90 101 104 109 114 119 124 
0 1 4 12 17 22 37 45 48 53 58 65 72 77 88 99 109 114 119 122 
0 1 4 12 17 22 37 45 48 53 58 72 77 88 99 104 109 114 119 122 
0 1 4 12 17 22 37 45 48 53 58 72 77 95 99 104 109 114 119 122 
0 1 4 12 17 22 37 45 48 58 72 77 90 95 99 104 109 114 119 122 
0 1 4 12 17 22 37 45 53 58 64 65 72 77 85 88 99 109 114 119 
0 1 4 12 17 22 37 45 53 58 64 65 72 77 85 95 99 109 114 119 
0 1 4 12 17 22 37 45 53 58 64 72 77 85 88 99 104 109 114 119 
0 1 4 12 17 22 37 45 53 58 64 72 77 85 95 99 104 109 114 119 
0 1 4 12 17 22 37 45 53 58 65 72 77 85 88 99 109 114 119 122 
0 1 4 12 17 22 37 45 53 58 72 77 85 88 99 104 109 114 119 122 
0 1 4 12 17 22 37 45 53 58 72 77 85 95 99 104 109 114 119 122 
0 1 4 17 22 37 45 48 53 58 65 72 77 88 99 102 109 114 119 122 
0 1 4 17 22 37 45 50 53 58 64 72 77 85 95 99 104 109 114 119 
0 1 4 17 22 37 45 50 53 58 72 77 85 95 99 104 109 114 119 122 
0 1 6 9 17 22 30 37 42 50 53 58 72 77 82 95 104 109 114 124 
0 1 6 9 17 22 37 42 50 53 58 72 77 82 95 104 109 114 119 124 
0 1 9 12 17 22 37 42 45 53 58 64 72 77 85 95 104 109 114 119 
0 1 9 12 17 22 37 42 53 58 64 72 77 82 85 95 104 109 114 119 
0 1 9 17 22 37 42 45 50 53 58 64 72 77 85 95 104 109 114 119 
0 1 9 17 22 37 42 45 50 53 58 64 72 77 95 104 109 114 119 124 
0 1 9 17 22 37 42 50 53 58 64 72 77 82 95 104 109 114 119 124 
0 2 5 10 17 20 25 32 38 53 65 70 73 79 83 88 97 102 120 125 
0 2 5 10 17 20 25 32 38 53 65 70 79 83 88 97 102 112 120 125 
0 2 5 10 17 20 25 32 53 65 70 75 79 83 88 97 102 112 120 125 
0 2 5 10 17 20 25 35 38 53 65 70 79 83 88 97 102 112 120 125 
0 2 5 10 17 20 25 35 53 65 70 75 79 83 88 97 102 112 120 125 
0 2 5 10 17 20 32 38 53 65 70 73 79 83 88 97 102 115 120 125 
0 2 5 10 17 20 32 38 53 65 70 79 83 88 97 102 112 115 120 125 
0 2 5 10 17 22 25 35 53 58 65 70 75 79 83 88 97 102 120 125 
0 2 5 10 17 25 32 38 53 58 65 70 79 83 88 97 102 112 120 125 
0 2 5 10 17 25 32 53 58 65 70 75 79 83 88 97 102 112 120 125 
0 2 5 10 17 25 35 38 53 58 65 70 79 83 88 97 102 112 120 125 
0 2 5 10 17 25 35 53 58 65 70 75 79 83 88 97 102 112 120 125 
0 2 5 10 17 32 38 53 58 65 70 79 83 88 97 102 112 115 120 125 
0 2 5 10 20 23 29 33 38 47 51 65 73 79 86 97 102 107 115 120 
0 2 5 10 20 23 29 33 38 47 51 65 73 79 97 102 107 115 120 125 
0 2 5 10 20 23 29 33 38 47 65 73 79 88 97 102 107 115 120 125 
0 2 5 10 20 23 29 33 38 51 65 73 79 83 86 97 102 107 115 120 
0 2 5 10 20 23 29 33 38 51 65 73 79 83 97 102 107 115 120 125 
0 2 5 10 20 23 29 33 38 65 73 79 83 88 97 102 107 115 120 125 
0 2 5 10 20 23 33 38 47 53 65 73 79 88 97 102 107 115 120 125 
0 2 5 10 20 23 33 38 53 65 73 79 83 88 97 102 107 115 120 125 
0 2 5 10 20 25 29 32 33 38 47 51 65 73 79 86 97 102 107 120 
0 2 5 10 20 25 29 32 33 38 47 51 65 73 79 97 102 107 120 125 
0 2 5 10 20 25 29 32 33 38 47 51 65 79 86 97 102 107 112 120 
0 2 5 10 20 25 29 32 33 38 47 51 65 79 97 102 107 112 120 125 
0 2 5 10 20 25 29 32 33 38 47 65 73 79 88 97 102 107 120 125 
0 2 5 10 20 25 29 32 33 38 47 65 79 88 97 102 107 112 120 125 
0 2 5 10 20 25 29 32 33 38 51 65 73 79 83 86 97 102 107 120 
0 2 5 10 20 25 29 32 33 38 51 65 73 79 83 97 102 107 120 125 
0 2 5 10 20 25 29 32 33 38 51 65 79 83 86 97 102 107 112 120 
0 2 5 10 20 25 29 32 33 38 51 65 79 83 97 102 107 112 120 125 
0 2 5 10 20 25 29 32 33 38 65 73 79 83 88 97 102 107 120 125 
0 2 5 10 20 25 29 32 33 38 65 79 83 88 97 102 107 112 120 125 
0 2 5 10 20 25 29 32 33 47 51 65 75 79 86 97 102 107 112 120 
0 2 5 10 20 25 29 32 33 47 51 65 75 79 97 102 107 112 120 125 
0 2 5 10 20 25 29 32 33 51 65 75 79 83 86 97 102 107 112 120 
0 2 5 10 20 25 29 32 33 51 65 75 79 83 97 102 107 112 120 125 
0 2 5 10 20 25 29 32 38 47 51 65 70 73 79 86 97 102 107 120 
0 2 5 10 20 25 29 32 38 47 51 65 70 73 79 97 102 107 120 125 
0 2 5 10 20 25 29 32 38 47 51 65 70 79 86 97 102 107 112 120 
0 2 5 10 20 25 29 32 38 47 51 65 70 79 97 102 107 112 120 125 
0 2 5 10 20 25 29 32 38 47 65 70 73 79 88 97 102 107 120 125 
0 2 5 10 20 25 29 32 38 47 65 70 79 88 97 102 107 112 120 125 
0 2 5 10 20 25 29 32 38 51 65 70 73 79 83 86 97 102 107 120 
0 2 5 10 20 25 29 32 38 51 65 70 73 79 83 97 102 107 120 125 
0 2 5 10 20 25 29 32 38 51 65 70 79 83 86 97 102 107 112 120 
0 2 5 10 20 25 29 32 38 51 65 70 79 83 97 102 107 112 120 125 
0 2 5 10 20 25 29 32 38 65 70 73 79 83 88 97 102 107 120 125 
0 2 5 10 20 25 29 32 38 65 70 79 83 88 97 102 107 112 120 125 
0 2 5 10 20 25 29 32 47 51 65 70 75 79 86 97 102 107 112 120 
0 2 5 10 20 25 29 32 47 51 65 70 75 79 97 102 107 112 120 125 
0 2 5 10 20 25 29 32 47 65 70 75 79 88 97 102 107 112 120 125 
0 2 5 10 20 25 29 32 51 65 70 75 79 83 86 97 102 107 112 120 
0 2 5 10 20 25 29 32 51 65 70 75 79 83 97 102 107 112 120 125 
0 2 5 10 20 25 29 32 65 70 75 79 83 88 97 102 107 112 120 125 
0 2 5 10 20 25 29 35 38 47 51 65 70 79 97 102 107 112 120 125 
0 2 5 10 20 25 29 35 38 47 65 70 79 88 97 102 107 112 120 125 
0 2 5 10 20 25 29 35 38 51 65 70 79 83 97 102 107 112 120 125 
0 2 5 10 20 25 29 35 38 65 70 79 83 88 97 102 107 112 120 125 
0 2 5 10 20 25 29 35 47 51 65 70 75 79 86 97 102 107 112 120 
0 2 5 10 20 25 29 35 47 51 65 70 75 79 97 102 107 112 120 125 
0 2 5 10 20 25 29 35 47 65 70 75 79 88 97 102 107 112 120 125 
0 2 5 10 20 25 29 35 51 65 70 75 79 83 86 97 102 107 112 120 
0 2 5 10 20 25 29 35 65 70 75 79 83 88 97 102 107 112 120 125 
0 2 5 10 20 25 32 33 38 47 53 65 73 79 88 97 102 107 120 125 
0 2 5 10 20 25 32 33 38 47 53 65 79 88 97 102 107 112 120 125 
0 2 5 10 20 25 32 33 38 53 65 79 83 88 97 102 107 112 120 125 
0 2 5 10 20 25 32 38 47 53 65 70 73 79 88 97 102 107 120 125 
0 2 5 10 20 25 32 38 47 53 65 70 79 88 97 102 107 112 120 125 
0 2 5 10 20 25 32 38 53 65 70 73 79 83 88 97 102 107 120 125 
0 2 5 10 20 25 32 38 53 65 70 79 83 88 97 102 107 112 120 125 
0 2 5 10 20 25 32 47 53 65 70 75 79 88 97 102 107 112 120 125 
0 2 5 10 20 25 32 53 65 70 75 79 83 88 97 102 107 112 120 125 
0 2 5 10 20 25 35 38 47 53 65 70 79 88 97 102 107 112 120 125 
0 2 5 10 20 25 35 47 53 65 70 75 79 88 97 102 107 112 120 125 
0 2 5 10 20 25 35 53 65 70 75 79 83 88 97 102 107 112 120 125 
0 2 5 10 20 29 32 33 38 47 51 65 73 79 86 97 102 107 115 120 
0 2 5 10 20 29 32 33 38 47 51 65 73 79 97 102 107 115 120 125 
0 2 5 10 20 29 32 33 38 47 51 65 79 86 97 102 107 112 115 120 
0 2 5 10 20 29 32 33 38 47 51 65 79 97 102 107 112 115 120 125 
0 2 5 10 20 29 32 33 38 47 65 79 88 97 102 107 112 115 120 125 
0 2 5 10 20 29 32 33 38 51 65 73 79 83 86 97 102 107 115 120 
0 2 5 10 20 29 32 33 38 51 65 73 79 83 97 102 107 115 120 125 
0 2 5 10 20 29 32 33 38 51 65 79 83 86 97 102 107 112 115 120 
0 2 5 10 20 29 32 33 38 51 65 79 83 97 102 107 112 115 120 125 
0 2 5 10 20 29 32 33 38 65 79 83 88 97 102 107 112 115 120 125 
0 2 5 10 20 29 32 38 47 51 65 70 79 86 97 102 107 112 115 120 
0 2 5 10 20 29 32 38 47 51 65 70 79 97 102 107 112 115 120 125 
0 2 5 10 20 29 32 38 47 65 70 79 88 97 102 107 112 115 120 125 
0 2 5 10 20 29 32 38 51 65 70 73 79 83 86 97 102 107 115 120 
0 2 5 10 20 29 32 38 51 65 70 73 79 83 97 102 107 115 120 125 
0 2 5 10 20 29 32 38 51 65 70 79 83 97 102 107 112 115 120 125 
0 2 5 10 20 29 32 38 65 70 73 79 83 88 97 102 107 115 120 125 
0 2 5 10 20 29 32 38 65 70 79 83 88 97 102 107 112 115 120 125 
0 2 5 10 20 32 33 38 47 53 65 79 88 97 102 107 112 115 120 125 
0 2 5 10 20 32 38 47 53 65 70 79 88 97 102 107 112 115 120 125 
0 2 5 10 20 32 38 53 65 70 73 79 83 88 97 102 107 115 120 125 
0 2 5 10 20 32 38 53 65 70 79 83 88 97 102 107 112 115 120 125 
0 2 5 10 22 25 29 35 47 58 65 70 75 79 88 97 102 107 120 125 
0 2 5 10 22 25 29 35 58 65 70 75 79 83 88 97 102 107 120 125 
0 2 5 10 22 25 35 47 53 58 65 70 75 79 88 97 102 107 120 125 
0 2 5 10 22 25 35 53 58 65 70 75 79 83 88 97 102 107 120 125 
0 2 5 10 25 29 32 38 47 51 58 65 70 79 97 102 107 112 120 125 
0 2 5 10 25 29 32 38 47 58 65 70 79 88 97 102 107 112 120 125 
0 2 5 10 25 29 32 38 51 58 65 70 79 83 97 102 107 112 120 125 
0 2 5 10 25 29 32 38 58 65 70 79 83 88 97 102 107 112 120 125 
0 2 5 10 25 29 32 47 58 65 70 75 79 88 97 102 107 112 120 125 
0 2 5 10 25 29 32 58 65 70 75 79 83 88 97 102 107 112 120 125 
0 2 5 10 25 29 35 38 47 51 58 65 70 79 97 102 107 112 120 125 
0 2 5 10 25 29 35 38 47 58 65 70 79 88 97 102 107 112 120 125 
0 2 5 10 25 29 35 47 58 65 70 75 79 88 97 102 107 112 120 125 
0 2 5 10 25 29 35 58 65 70 75 79 83 88 97 102 107 112 120 125 
0 2 5 10 25 32 38 53 58 65 70 79 83 88 97 102 107 112 120 125 
0 2 5 10 25 32 53 58 65 70 75 79 83 88 97 102 107 112 120 125 
0 2 5 10 25 35 47 53 58 65 70 75 79 88 97 102 107 112 120 125 
0 2 5 10 25 35 53 58 65 70 75 79 83 88 97 102 107 112 120 125 
0 2 5 10 29 32 38 47 51 58 65 70 79 97 102 107 112 115 120 125 
0 2 5 10 29 32 38 47 58 65 70 79 88 97 102 107 112 115 120 125 
0 2 5 10 29 32 38 51 58 65 70 79 83 97 102 107 112 115 120 125 
0 2 5 10 29 32 38 58 65 70 79 83 88 97 102 107 112 115 120 125 
0 2 5 12 17 25 35 38 48 53 58 65 70 79 83 88 97 112 120 125 
0 2 5 12 17 25 35 38 48 53 58 65 79 83 88 97 109 112 120 125 
0 2 5 12 17 25 35 48 53 58 65 70 75 79 83 88 97 112 120 125 
0 2 5 12 17 25 35 48 53 58 65 75 79 83 88 97 109 112 120 125 
0 2 5 12 20 25 29 32 38 48 65 70 73 79 83 88 97 107 120 125 
0 2 5 12 20 25 29 32 38 48 65 70 79 83 88 97 107 112 120 125 
0 2 5 12 20 25 29 32 48 65 70 75 79 83 88 97 107 112 120 125 
0 2 5 12 20 25 29 35 38 48 65 70 79 83 88 97 107 112 120 125 
0 2 5 12 20 25 29 35 48 65 70 75 79 83 88 97 107 112 120 125 
0 2 5 12 20 25 32 38 48 53 65 70 73 79 83 88 97 107 120 125 
0 2 5 12 20 25 32 38 48 53 65 70 79 83 88 97 107 112 120 125 
0 2 5 12 20 25 32 48 53 65 70 75 79 83 88 97 107 112 120 125 
0 2 5 12 20 25 35 38 48 53 65 70 79 83 88 97 107 112 120 125 
0 2 5 12 20 25 35 48 53 65 70 75 79 83 88 97 107 112 120 125 
0 2 5 12 20 29 32 38 48 65 70 73 79 83 88 97 107 115 120 125 
0 2 5 12 20 32 38 48 53 65 70 73 79 83 88 97 107 115 120 125 
0 2 5 12 22 25 29 35 48 58 65 70 75 79 83 88 97 107 120 125 
0 2 5 12 22 25 35 48 53 58 65 70 75 79 83 88 97 107 120 125 
0 2 5 12 25 29 32 38 48 58 65 70 79 83 88 97 107 112 120 125 
0 2 5 12 25 29 32 48 58 65 70 75 79 83 88 97 107 112 120 125 
0 2 5 12 25 29 35 38 48 58 65 70 79 83 88 97 107 112 120 125 
0 2 5 12 25 29 35 48 58 65 70 75 79 83 88 97 107 112 120 125 
0 2 5 12 25 35 38 48 53 58 65 70 79 83 88 97 107 112 120 125 
0 2 5 12 25 35 48 53 58 65 70 75 79 83 88 97 107 112 120 125 
0 2 5 17 20 25 32 38 48 53 65 70 73 79 83 88 97 102 120 125 
0 2 5 17 20 25 32 38 48 53 65 70 79 83 88 97 102 112 120 125 
0 2 5 17 20 25 35 38 48 53 65 70 79 83 88 97 102 112 120 125 
0 2 5 17 20 25 35 48 53 65 70 75 79 83 88 97 102 112 120 125 
0 2 5 17 25 35 38 48 53 58 65 70 79 83 88 97 102 112 120 125 
0 2 5 17 25 35 48 53 58 65 70 75 79 83 88 97 102 112 120 125 
0 2 5 20 23 29 33 38 48 51 65 73 79 83 97 102 107 115 120 125 
0 2 5 20 25 29 32 33 38 48 51 65 73 79 83 97 102 107 120 125 
0 2 5 20 25 29 32 33 38 48 51 65 79 83 97 102 107 112 120 125 
0 2 5 20 25 29 32 38 48 51 65 70 73 79 83 97 102 107 120 125 
0 2 5 20 25 29 32 38 48 51 65 70 79 83 97 102 107 112 120 125 
0 2 5 20 25 29 32 38 48 65 70 73 79 83 88 97 102 107 120 125 
0 2 5 20 25 29 32 38 48 65 70 79 83 88 97 102 107 112 120 125 
0 2 5 20 25 29 32 48 65 70 75 79 83 88 97 102 107 112 120 125 
0 2 5 20 25 29 35 38 48 51 65 70 79 83 97 102 107 112 120 125 
0 2 5 20 25 29 35 38 48 65 70 79 83 88 97 102 107 112 120 125 
0 2 5 20 25 29 35 48 65 70 75 79 83 88 97 102 107 112 120 125 
0 2 5 20 25 32 38 48 53 65 70 73 79 83 88 97 102 107 120 125 
0 2 5 20 25 32 38 48 53 65 70 79 83 88 97 102 107 112 120 125 
0 2 5 20 25 32 48 53 65 70 75 79 83 88 97 102 107 112 120 125 
0 2 5 20 25 35 38 48 53 65 70 79 83 88 97 102 107 112 120 125 
0 2 5 20 25 35 48 53 65 70 75 79 83 88 97 102 107 112 120 125 
0 2 5 20 29 32 33 38 48 51 65 79 83 97 102 107 112 115 120 125 
0 2 5 20 29 32 38 48 51 65 70 73 79 83 97 102 107 115 120 125 
0 2 5 20 29 32 38 48 51 65 70 79 83 97 102 107 112 115 120 125 
0 2 5 20 29 32 38 48 65 70 73 79 83 88 97 102 107 115 120 125 
0 2 5 20 29 32 38 48 65 70 79 83 88 97 102 107 112 115 120 125 
0 2 5 20 32 38 48 53 65 70 73 79 83 88 97 102 107 115 120 125 
0 2 5 20 32 38 48 53 65 70 79 83 88 97 102 107 112 115 120 125 
0 2 5 22 25 35 48 53 58 65 70 75 79 83 88 97 102 107 120 125 
0 2 5 25 29 32 38 48 58 65 70 79 83 88 97 102 107 112 120 125 
0 2 5 25 29 32 48 58 65 70 75 79 83 88 97 102 107 112 120 125 
0 2 5 25 29 35 38 48 51 58 65 70 79 83 97 102 107 112 120 125 
0 2 5 25 29 35 38 48 58 65 70 79 83 88 97 102 107 112 120 125 
0 2 5 25 29 35 48 58 65 70 75 79 83 88 97 102 107 112 120 125 
0 2 5 25 35 38 48 53 58 65 70 79 83 88 97 102 107 112 120 125 
0 2 5 25 35 48 53 58 65 70 75 79 83 88 97 102 107 112 120 125 
0 2 7 10 17 20 25 32 38 43 53 62 65 70 73 79 83 88 102 125 
0 2 7 10 17 20 25 32 38 43 53 62 65 70 73 83 88 102 117 125 
0 2 7 10 17 20 25 32 38 43 53 62 65 70 79 83 88 102 112 125 
0 2 7 10 17 20 25 32 38 43 53 62 65 70 83 88 102 112 117 125 
0 2 7 10 17 20 25 32 38 53 62 65 70 73 80 83 88 102 117 125 
0 2 7 10 17 20 25 32 43 53 62 65 70 75 79 83 88 102 112 125 
0 2 7 10 17 20 32 38 43 53 62 65 70 73 79 83 88 102 115 125 
0 2 7 10 17 20 32 38 43 53 62 65 70 79 83 88 102 112 115 125 
0 2 7 10 17 25 32 38 43 53 58 62 65 70 79 83 88 102 112 125 
0 2 7 10 17 25 32 38 43 53 58 62 65 70 83 88 102 112 117 125 
0 2 7 10 17 25 32 38 43 53 58 65 70 79 83 88 102 112 120 125 
0 2 7 10 17 25 32 38 53 58 62 65 70 80 83 88 102 112 117 125 
0 2 7 10 17 25 32 43 53 58 62 65 70 75 79 83 88 102 112 125 
0 2 7 10 17 25 32 43 53 58 62 65 70 75 83 88 102 112 117 125 
0 2 7 10 17 25 32 43 53 58 65 70 75 79 83 88 102 112 120 125 
0 2 7 10 17 25 32 53 58 62 65 70 75 80 83 88 102 112 117 125 
0 2 7 10 17 32 38 43 53 58 62 65 70 79 83 88 102 112 115 125 
0 2 7 10 17 32 38 43 53 58 65 70 79 83 88 102 112 115 120 125 
0 2 7 10 20 23 29 33 38 43 51 65 73 79 83 102 107 115 120 125 
0 2 7 10 20 23 29 33 38 43 65 73 79 83 88 102 107 115 120 125 
0 2 7 10 20 23 33 38 43 53 62 65 73 79 83 88 102 107 115 125 
0 2 7 10 20 23 33 38 43 53 65 73 79 83 88 102 107 115 120 125 
0 2 7 10 20 25 29 32 33 38 43 51 62 65 73 79 83 102 107 125 
0 2 7 10 20 25 29 32 33 38 43 51 62 65 73 83 102 107 117 125 
0 2 7 10 20 25 29 32 33 38 43 51 62 65 79 83 102 107 112 125 
0 2 7 10 20 25 29 32 33 38 43 51 62 65 83 102 107 112 117 125 
0 2 7 10 20 25 29 32 33 38 43 51 65 73 79 83 102 107 120 125 
0 2 7 10 20 25 29 32 33 38 43 51 65 73 83 102 107 117 120 125 
0 2 7 10 20 25 29 32 33 38 43 51 65 79 83 102 107 112 120 125 
0 2 7 10 20 25 29 32 33 38 43 51 65 83 102 107 112 117 120 125 
0 2 7 10 20 25 29 32 33 38 43 62 65 73 79 83 88 102 107 125 
0 2 7 10 20 25 29 32 33 38 43 62 65 73 83 88 102 107 117 125 
0 2 7 10 20 25 29 32 33 38 43 62 65 79 83 88 102 107 112 125 
0 2 7 10 20 25 29 32 33 38 43 62 65 83 88 102 107 112 117 125 
0 2 7 10 20 25 29 32 33 38 43 65 73 83 88 102 107 117 120 125 
0 2 7 10 20 25 29 32 33 38 43 65 79 83 88 102 107 112 120 125 
0 2 7 10 20 25 29 32 33 38 43 65 83 88 102 107 112 117 120 125 
0 2 7 10 20 25 29 32 33 43 51 62 65 75 83 102 107 112 117 125 
0 2 7 10 20 25 29 32 33 43 51 65 75 83 102 107 112 117 120 125 
0 2 7 10 20 25 29 32 33 43 62 65 75 79 83 88 102 107 112 125 
0 2 7 10 20 25 29 32 33 43 62 65 75 83 88 102 107 112 117 125 
0 2 7 10 20 25 29 32 33 43 65 75 79 83 88 102 107 112 120 125 
0 2 7 10 20 25 29 32 33 51 62 65 75 80 83 102 107 112 117 125 
0 2 7 10 20 25 29 32 33 62 65 75 80 83 88 102 107 112 117 125 
0 2 7 10 20 25 29 32 38 43 51 62 65 70 73 79 83 102 107 125 
0 2 7 10 20 25 29 32 38 43 51 62 65 70 73 83 102 107 117 125 
0 2 7 10 20 25 29 32 38 43 51 62 65 70 79 83 102 107 112 125 
0 2 7 10 20 25 29 32 38 43 51 62 65 70 83 102 107 112 117 125 
0 2 7 10 20 25 29 32 38 43 51 65 70 73 79 83 102 107 120 125 
0 2 7 10 20 25 29 32 38 43 51 65 70 73 83 102 107 117 120 125 
0 2 7 10 20 25 29 32 38 43 51 65 70 79 83 102 107 112 120 125 
0 2 7 10 20 25 29 32 38 43 51 65 70 83 102 107 112 117 120 125 
0 2 7 10 20 25 29 32 38 43 62 65 70 73 79 83 88 102 107 125 
0 2 7 10 20 25 29 32 38 43 62 65 70 73 83 88 102 107 117 125 
0 2 7 10 20 25 29 32 38 43 62 65 70 79 83 88 102 107 112 125 
0 2 7 10 20 25 29 32 38 43 62 65 70 83 88 102 107 112 117 125 
0 2 7 10 20 25 29 32 38 43 65 70 73 79 83 88 102 107 120 125 
0 2 7 10 20 25 29 32 38 43 65 70 73 83 88 102 107 117 120 125 
0 2 7 10 20 25 29 32 38 43 65 70 79 83 88 102 107 112 120 125 
0 2 7 10 20 25 29 32 38 43 65 70 83 88 102 107 112 117 120 125 
0 2 7 10 20 25 29 32 38 51 62 65 70 80 83 102 107 112 117 125 
0 2 7 10 20 25 29 32 38 62 65 70 80 83 88 102 107 112 117 125 
0 2 7 10 20 25 29 32 43 51 62 65 70 75 83 102 107 112 117 125 
0 2 7 10 20 25 29 32 43 51 65 70 75 83 102 107 112 117 120 125 
0 2 7 10 20 25 29 32 43 62 65 70 75 79 83 88 102 107 112 125 
0 2 7 10 20 25 29 32 43 62 65 70 75 83 88 102 107 112 117 125 
0 2 7 10 20 25 29 32 43 65 70 75 79 83 88 102 107 112 120 125 
0 2 7 10 20 25 29 32 43 65 70 75 83 88 102 107 112 117 120 125 
0 2 7 10 20 25 29 32 51 62 65 70 75 80 83 102 107 112 117 125 
0 2 7 10 20 25 29 32 62 65 70 75 80 83 88 102 107 112 117 125 
0 2 7 10 20 25 32 33 38 43 53 62 65 73 83 88 102 107 117 125 
0 2 7 10 20 25 32 33 38 43 53 62 65 83 88 102 107 112 117 125 
0 2 7 10 20 25 32 33 38 43 53 65 73 83 88 102 107 117 120 125 
0 2 7 10 20 25 32 33 43 53 62 65 75 79 83 88 102 107 112 125 
0 2 7 10 20 25 32 33 43 53 62 65 75 83 88 102 107 112 117 125 
0 2 7 10 20 25 32 33 43 53 65 75 79 83 88 102 107 112 120 125 
0 2 7 10 20 25 32 33 53 62 65 75 80 83 88 102 107 112 117 125 
0 2 7 10 20 25 32 38 43 53 62 65 70 73 83 88 102 107 117 125 
0 2 7 10 20 25 32 38 43 53 62 65 70 79 83 88 102 107 112 125 
0 2 7 10 20 25 32 38 43 53 62 65 70 83 88 102 107 112 117 125 
0 2 7 10 20 25 32 38 43 53 65 70 73 79 83 88 102 107 120 125 
0 2 7 10 20 25 32 38 43 53 65 70 73 83 88 102 107 117 120 125 
0 2 7 10 20 25 32 38 43 53 65 70 79 83 88 102 107 112 120 125 
0 2 7 10 20 25 32 38 43 53 65 70 83 88 102 107 112 117 120 125 
0 2 7 10 20 25 32 38 53 62 65 70 80 83 88 102 107 112 117 125 
0 2 7 10 20 25 32 43 53 62 65 70 75 79 83 88 102 107 112 125 
0 2 7 10 20 25 32 43 53 62 65 70 75 83 88 102 107 112 117 125 
0 2 7 10 20 25 32 43 53 65 70 75 79 83 88 102 107 112 120 125 
0 2 7 10 20 25 32 43 53 65 70 75 83 88 102 107 112 117 120 125 
0 2 7 10 20 29 32 38 43 51 62 65 70 73 79 83 102 107 115 125 
0 2 7 10 20 29 32 38 43 65 70 73 79 83 88 102 107 115 120 125 
0 2 7 10 20 32 38 43 53 65 70 73 79 83 88 102 107 115 120 125 
0 2 7 10 25 29 32 38 43 58 62 65 70 79 83 88 102 107 112 125 
0 2 7 10 25 29 32 38 43 58 62 65 70 83 88 102 107 112 117 125 
0 2 7 10 25 29 32 38 43 58 65 70 79 83 88 102 107 112 120 125 
0 2 7 10 25 29 32 38 43 58 65 70 83 88 102 107 112 117 120 125 
0 2 7 10 25 29 32 43 58 62 65 70 75 79 83 88 102 107 112 125 
0 2 7 10 25 29 32 43 58 62 65 70 75 83 88 102 107 112 117 125 
0 2 7 10 25 29 32 43 58 65 70 75 79 83 88 102 107 112 120 125 
0 2 7 10 25 29 32 43 58 65 70 75 83 88 102 107 112 117 120 125 
0 2 7 12 17 20 25 32 38 43 48 53 62 65 70 79 83 88 99 112 
0 2 7 12 17 20 25 32 38 43 48 53 62 65 70 79 88 99 112 122 
0 2 7 12 17 20 25 32 38 43 48 53 62 65 70 83 88 99 112 117 
0 2 7 12 17 20 25 32 38 43 48 53 62 65 70 88 99 112 117 122 
0 2 7 12 17 20 25 32 38 43 48 53 62 70 79 83 88 99 104 112 
0 2 7 12 17 20 25 32 38 43 48 53 62 70 79 83 95 99 104 112 
0 2 7 12 17 20 25 32 38 43 48 53 62 70 79 88 99 104 112 122 
0 2 7 12 17 20 25 32 38 43 48 53 62 70 79 95 99 104 112 122 
0 2 7 12 17 20 25 32 38 43 48 53 62 70 83 88 99 104 112 117 
0 2 7 12 17 20 25 32 38 43 48 53 62 70 83 95 99 104 112 117 
0 2 7 12 17 20 25 32 38 43 48 53 62 70 88 99 104 112 117 122 
0 2 7 12 17 20 25 32 38 43 48 53 62 70 95 99 104 112 117 122 
0 2 7 12 17 20 25 32 38 43 53 62 70 79 85 95 99 104 112 122 
0 2 7 12 17 20 25 32 38 48 53 62 65 70 80 88 99 112 117 122 
0 2 7 12 17 20 25 32 38 48 53 62 70 80 83 95 99 104 112 117 
0 2 7 12 17 20 25 32 38 48 53 62 70 80 88 99 104 112 117 122 
0 2 7 12 17 20 25 32 43 48 53 62 65 70 75 83 88 99 112 117 
0 2 7 12 17 20 25 32 43 48 53 62 65 70 75 88 99 112 117 122 
0 2 7 12 17 20 25 32 43 48 53 62 70 75 83 88 99 104 112 117 
0 2 7 12 17 20 25 32 43 48 53 62 70 75 88 99 104 112 117 122 
0 2 7 12 17 20 25 32 48 53 62 65 70 75 80 83 95 99 112 117 
0 2 7 12 17 20 25 32 48 53 62 65 70 75 80 88 99 112 117 122 
0 2 7 12 17 20 25 32 48 53 62 65 70 75 80 95 99 112 117 122 
0 2 7 12 17 20 25 32 53 62 65 70 75 80 85 95 99 112 117 122 
0 2 7 12 17 20 25 35 38 43 48 53 62 65 70 83 88 99 112 117 
0 2 7 12 17 20 25 35 38 48 53 62 65 70 80 83 88 99 112 117 
0 2 7 12 17 20 25 35 43 48 53 62 65 70 75 83 88 99 112 117 
0 2 7 12 17 20 25 35 43 48 53 62 65 70 75 88 99 112 117 122 
0 2 7 12 17 20 25 35 48 53 62 65 70 75 80 83 88 99 112 117 
0 2 7 12 17 20 31 35 43 48 53 62 65 70 75 83 88 99 112 117 
0 2 7 12 17 20 31 35 43 48 53 62 65 70 75 83 88 112 117 125 
0 2 7 12 17 20 31 35 43 48 53 62 65 70 75 88 99 112 117 122 
0 2 7 12 17 20 31 35 43 48 53 62 70 75 83 88 99 104 112 117 
0 2 7 12 17 20 31 35 43 48 53 62 70 75 83 88 104 112 117 125 
0 2 7 12 17 20 31 35 43 48 53 62 70 75 83 95 99 104 112 117 
0 2 7 12 17 20 31 35 43 48 53 62 70 75 88 99 104 112 117 122 
0 2 7 12 17 20 31 35 48 53 62 65 70 75 80 83 95 99 112 117 
0 2 7 12 17 20 31 35 48 53 62 65 70 75 80 88 99 112 117 122 
0 2 7 12 17 20 32 38 43 48 53 62 70 73 79 83 88 104 115 125 
0 2 7 12 17 20 32 38 43 48 53 62 70 73 79 88 104 115 122 125 
0 2 7 12 17 25 35 43 48 53 58 62 65 70 75 83 88 99 112 117 
0 2 7 12 17 25 35 43 48 53 58 62 65 70 75 83 88 112 117 125 
0 2 7 12 17 25 35 43 48 53 58 62 65 70 75 88 99 112 117 122 
0 2 7 12 17 25 35 43 48 53 58 62 65 75 79 88 99 109 112 122 
0 2 7 12 17 25 35 43 48 53 58 62 65 75 79 88 109 112 122 125 
0 2 7 12 17 25 35 43 48 53 58 62 70 75 83 88 104 112 117 125 
0 2 7 12 17 25 35 43 53 58 62 65 75 79 85 95 99 109 112 122 
0 2 7 12 17 25 35 48 53 58 62 65 70 75 80 88 99 112 117 122 
