0 1 4 10 15 22 25 38 60 72 75 80 83 87 98 109 112 117 
0 1 5 9 12 29 40 45 50 54 68 82 89 94 100 104 109 114 119 123 
0 1 5 9 29 40 45 50 54 59 68 82 89 94 100 104 109 114 119 123 
0 1 5 10 24 29 36 45 50 55 59 68 73 87 94 100 109 114 119 123 
0 1 5 10 24 29 45 50 55 59 68 73 82 87 94 100 109 114 119 123 
0 1 5 12 26 29 36 40 45 50 55 68 89 94 100 104 109 114 119 123 
0 1 5 12 26 29 36 41 45 50 55 68 89 94 100 104 109 114 119 123 
0 1 5 12 26 29 40 45 50 54 68 82 89 94 100 104 109 114 119 123 
0 1 5 12 26 29 40 45 50 55 68 82 89 94 100 104 109 114 119 123 
0 1 5 26 29 36 40 45 50 55 59 68 89 94 100 104 109 114 119 123 
0 2 8 13 23 33 37 44 52 58 61 65 71 86 97 101 108 111 116 122 
0 2 8 13 23 33 37 44 52 58 61 65 72 86 97 101 108 111 116 122 
0 2 8 23 33 37 44 52 58 61 62 65 71 86 97 101 108 111 116 122 
0 2 9 13 23 33 37 44 52 58 61 65 72 86 97 101 108 111 116 122 
0 2 9 13 23 33 37 44 52 58 61 65 72 86 97 101 108 111 116 123 
0 2 9 13 23 33 37 44 52 58 61 65 72 86 97 102 108 111 116 122 
0 2 9 13 23 33 37 44 52 58 61 65 72 86 97 102 108 111 116 123 
0 2 9 13 23 33 38 44 52 58 61 65 72 86 97 101 108 111 116 122 
0 2 9 13 23 33 38 44 52 58 61 65 72 86 97 101 108 111 116 123 
0 2 9 13 23 33 38 44 52 58 61 65 72 86 97 102 108 111 116 122 
0 2 9 13 23 33 38 44 52 58 61 65 72 86 97 102 108 111 116 123 
0 2 9 13 23 33 38 44 52 58 61 72 82 86 97 101 108 111 116 123 
0 2 9 13 23 33 38 44 52 58 61 72 82 86 97 102 108 111 116 122 
0 2 9 23 33 37 44 52 58 61 62 65 72 86 97 101 108 111 116 122 
0 2 9 23 33 37 44 52 58 61 62 65 72 86 97 101 108 111 116 123 
0 2 9 23 33 37 44 52 58 61 62 65 72 86 97 102 108 111 116 123 
0 2 9 23 33 37 44 52 59 61 62 65 72 86 97 101 108 111 116 123 
0 2 9 23 33 38 44 52 58 61 62 65 72 86 97 102 108 111 116 122 
0 4 8 13 18 23 33 37 44 58 61 64 67 71 81 86 101 108 111 122 
0 4 8 13 18 23 33 37 44 58 61 64 67 72 81 86 101 108 111 122 
0 4 8 13 18 23 33 37 44 58 61 64 67 72 81 86 108 111 118 122 
0 4 8 13 18 23 33 37 44 58 61 64 71 81 85 101 108 111 115 122 
0 4 8 13 18 23 33 37 44 58 61 64 71 81 86 101 108 111 115 122 
0 4 8 13 18 23 33 37 44 58 61 64 72 81 86 101 108 111 115 122 
0 4 8 13 18 23 33 37 44 58 61 67 71 81 86 97 101 108 111 122 
0 4 8 13 18 23 33 37 44 58 61 67 72 81 86 97 101 108 111 122 
0 4 8 13 18 23 33 37 44 58 61 67 72 81 86 97 108 111 118 122 
0 4 8 18 23 30 31 37 44 49 58 64 67 72 81 86 95 108 118 122 
0 4 8 18 23 33 37 44 58 61 62 67 71 81 86 97 101 108 111 122 
0 4 9 13 18 23 33 37 44 58 61 64 67 72 81 86 101 108 111 122 
0 4 9 13 18 23 33 37 44 58 61 67 72 81 86 97 101 108 111 122 
0 4 9 13 18 23 33 37 44 58 61 67 72 81 86 97 108 111 118 122 
0 4 9 14 19 23 33 44 54 59 62 67 72 82 86 94 97 108 118 123 
0 4 9 14 19 33 40 44 54 59 62 67 72 82 94 97 104 108 118 123 
0 4 9 14 35 40 44 49 54 59 62 67 72 94 99 104 108 113 118 123 
0 7 18 26 31 33 41 52 60 66 74 85 101 109 112 120 
0 8 14 22 36 44 50 58 62 71 85 94 100 108 114 122 
