0 1 5 9 12 16 20 24 28 32 57 66 71 76 81 85 89 95 119 123 
0 1 5 9 13 17 24 28 34 38 42 64 66 70 74 79 89 95 100 104 
0 1 5 9 13 17 28 34 38 42 47 64 66 70 74 79 82 100 104 108 
0 1 5 9 13 17 28 34 38 42 47 64 66 70 74 79 95 100 104 108 
0 1 5 9 13 17 34 38 42 47 64 66 70 74 79 95 100 104 108 112 
0 1 5 9 15 17 28 37 42 47 55 64 66 70 75 82 104 108 122 
0 1 5 9 15 17 28 37 42 47 55 66 70 75 82 104 108 117 122 
0 1 5 9 15 17 28 37 42 55 64 66 70 75 82 89 104 108 122 
0 1 5 9 15 17 28 37 42 55 66 70 75 82 89 104 108 117 122 
0 1 5 9 15 17 37 42 47 55 64 66 70 75 82 104 108 112 122 
0 1 5 9 15 17 37 42 47 55 66 70 75 82 104 108 112 117 122 
0 1 5 9 15 19 23 28 34 39 64 66 70 74 84 89 93 96 101 
0 1 5 9 15 19 23 28 34 39 64 66 70 75 84 89 93 96 101 
0 1 5 9 15 19 23 28 34 39 64 66 70 84 89 93 96 101 119 
0 1 5 9 15 19 23 28 34 60 64 66 70 74 84 89 93 96 101 
0 1 5 9 15 19 23 28 34 60 64 66 70 74 84 89 93 96 121 
0 1 5 9 15 19 23 28 34 60 64 66 70 84 89 93 96 101 119 
0 1 5 9 15 19 23 28 35 39 64 66 70 75 84 89 93 96 101 
0 1 5 9 15 19 23 28 35 60 64 66 70 75 80 84 89 96 101 
0 1 5 9 15 19 23 28 35 60 64 66 70 75 80 84 89 96 122 
0 1 5 9 15 19 23 28 35 60 64 66 70 75 84 89 93 96 101 
0 1 5 9 15 19 23 28 37 55 60 64 66 70 75 84 89 96 122 
0 1 5 9 15 19 23 28 37 55 60 66 70 75 84 89 96 117 122 
0 1 5 9 15 19 23 28 39 55 64 66 70 75 84 89 93 96 101 
0 1 5 9 15 19 23 28 39 55 66 70 75 84 89 93 96 101 117 
0 1 5 9 15 19 23 28 55 60 64 66 70 74 84 89 93 96 121 
0 1 5 9 15 19 23 28 55 60 64 66 70 75 80 84 89 96 122 
0 1 5 9 15 19 23 28 55 60 64 66 70 75 84 89 93 96 101 
0 1 5 9 15 19 23 28 55 60 64 66 70 75 84 89 93 96 121 
0 1 5 9 15 19 23 28 55 60 64 66 70 75 84 89 93 96 122 
0 1 5 9 15 19 23 28 55 60 66 70 75 80 84 89 96 117 122 
0 1 5 9 15 19 23 28 55 60 66 70 75 84 89 93 96 101 117 
0 1 5 9 15 19 23 28 55 60 66 70 75 84 89 93 96 117 121 
0 1 5 9 15 19 23 28 55 60 66 70 75 84 89 93 96 117 122 
0 1 5 9 15 19 24 28 34 39 64 66 70 74 84 89 93 96 101 
0 1 5 9 15 19 24 28 34 39 64 66 70 74 84 89 93 101 106 
0 1 5 9 15 19 24 28 34 39 64 66 70 84 89 93 96 101 119 
0 1 5 9 15 19 24 28 34 39 64 66 70 84 89 93 101 106 119 
0 1 5 9 15 19 24 28 34 60 64 66 70 84 89 93 96 101 119 
0 1 5 9 15 19 24 28 35 39 64 66 70 75 80 84 89 101 106 
0 1 5 9 15 19 24 28 35 39 64 66 70 75 84 89 93 96 101 
0 1 5 9 15 19 24 28 35 39 64 66 70 75 84 89 93 101 106 
0 1 5 9 15 19 24 28 35 39 64 66 70 75 84 89 101 106 124 
0 1 5 9 15 19 24 28 35 40 64 66 70 75 80 84 89 101 106 
0 1 5 9 15 19 24 28 35 40 64 66 70 75 80 85 89 101 106 
0 1 5 9 15 19 24 28 35 60 64 66 70 75 80 84 89 96 101 
0 1 5 9 15 19 24 28 35 60 64 66 70 75 80 84 89 101 106 
0 1 5 9 15 19 24 28 35 60 64 66 70 75 80 84 89 106 122 
0 1 5 9 15 19 24 28 37 55 60 66 70 75 84 89 96 117 122 
0 1 5 9 15 19 24 28 39 55 64 66 70 75 84 89 93 101 106 
0 1 5 9 15 19 24 28 39 55 66 70 75 84 89 93 96 101 117 
0 1 5 9 15 19 24 28 39 55 66 70 75 84 89 93 101 106 117 
0 1 5 9 15 19 24 28 42 55 60 66 70 75 80 89 95 117 122 
0 1 5 9 15 19 24 28 55 60 66 70 75 80 84 89 96 117 122 
0 1 5 9 15 19 24 28 55 60 66 70 75 80 84 89 106 117 122 
0 1 5 9 15 19 24 28 55 60 66 70 75 84 89 93 96 101 117 
0 1 5 9 15 19 24 28 55 60 66 70 75 84 89 93 96 117 121 
0 1 5 9 15 19 24 28 55 60 66 70 75 84 89 93 96 117 122 
0 1 5 9 15 19 28 34 39 42 47 64 66 70 74 93 96 101 108 
0 1 5 9 15 19 28 34 39 42 47 64 66 70 75 93 96 101 108 
0 1 5 9 15 19 28 34 39 42 47 64 66 70 93 96 101 108 119 
0 1 5 9 15 19 28 34 39 42 64 66 70 74 89 93 96 101 108 
0 1 5 9 15 19 28 34 39 42 64 66 70 75 89 93 96 101 108 
0 1 5 9 15 19 28 34 39 47 64 66 70 74 84 93 96 101 108 
0 1 5 9 15 19 28 34 39 47 64 66 70 75 84 93 96 101 108 
0 1 5 9 15 19 28 34 39 47 64 66 70 84 93 96 101 108 119 
0 1 5 9 15 19 28 34 39 64 66 70 84 89 93 96 101 108 119 
0 1 5 9 15 19 28 34 42 47 60 64 66 70 74 93 96 101 108 
0 1 5 9 15 19 28 34 42 47 60 64 66 70 74 93 96 108 121 
0 1 5 9 15 19 28 34 42 47 60 64 66 70 75 93 96 101 108 
0 1 5 9 15 19 28 34 42 47 60 64 66 70 93 96 101 108 119 
0 1 5 9 15 19 28 34 42 60 64 66 70 74 89 93 96 101 108 
0 1 5 9 15 19 28 34 42 60 64 66 70 74 89 93 96 108 121 
0 1 5 9 15 19 28 34 42 60 64 66 70 75 89 93 96 101 108 
0 1 5 9 15 19 28 34 42 60 64 66 70 89 93 96 101 108 119 
0 1 5 9 15 19 28 34 47 60 64 66 70 74 84 93 96 101 108 
0 1 5 9 15 19 28 34 47 60 64 66 70 74 84 93 96 108 121 
0 1 5 9 15 19 28 34 47 60 64 66 70 75 84 93 96 101 108 
0 1 5 9 15 19 28 34 47 60 64 66 70 84 93 96 101 108 119 
0 1 5 9 15 19 28 35 39 42 47 64 66 70 75 93 96 101 108 
0 1 5 9 15 19 28 35 39 42 64 66 70 75 89 93 96 101 108 
0 1 5 9 15 19 28 35 39 47 64 66 70 75 84 93 96 101 108 
0 1 5 9 15 19 28 35 39 64 66 70 75 84 89 93 96 101 108 
0 1 5 9 15 19 28 35 42 47 60 64 66 70 75 80 95 101 108 
0 1 5 9 15 19 28 35 42 47 60 64 66 70 75 80 95 108 122 
0 1 5 9 15 19 28 35 42 47 60 64 66 70 75 80 96 101 108 
0 1 5 9 15 19 28 35 42 47 60 64 66 70 75 80 96 108 122 
0 1 5 9 15 19 28 35 42 47 60 64 66 70 75 93 96 101 108 
0 1 5 9 15 19 28 35 42 60 64 66 70 75 80 89 96 101 108 
0 1 5 9 15 19 28 35 42 60 64 66 70 75 80 89 96 108 122 
0 1 5 9 15 19 28 35 42 60 64 66 70 75 89 93 96 101 108 
0 1 5 9 15 19 28 35 47 60 64 66 70 75 80 84 96 101 108 
0 1 5 9 15 19 28 35 47 60 64 66 70 75 80 84 96 108 122 
0 1 5 9 15 19 28 35 47 60 64 66 70 75 84 93 96 101 108 
0 1 5 9 15 19 28 35 60 64 66 70 75 80 84 89 96 101 108 
0 1 5 9 15 19 28 35 60 64 66 70 75 80 84 89 96 108 122 
0 1 5 9 15 19 28 35 60 64 66 70 75 84 89 93 96 101 108 
0 1 5 9 15 19 28 37 42 47 55 60 64 66 70 75 96 108 122 
0 1 5 9 15 19 28 37 42 47 55 60 66 70 75 96 108 117 122 
0 1 5 9 15 19 28 37 42 55 60 64 66 70 75 89 96 108 122 
0 1 5 9 15 19 28 37 42 55 60 66 70 75 89 96 108 117 122 
0 1 5 9 15 19 28 37 47 55 60 64 66 70 75 84 96 108 122 
0 1 5 9 15 19 28 37 47 55 60 66 70 75 84 96 108 117 122 
0 1 5 9 15 19 28 37 55 60 64 66 70 75 84 89 96 108 122 
0 1 5 9 15 19 28 37 55 60 66 70 75 84 89 96 108 117 122 
0 1 5 9 15 19 28 39 42 47 55 64 66 70 75 93 96 101 108 
0 1 5 9 15 19 28 39 42 47 55 66 70 75 93 96 101 108 117 
0 1 5 9 15 19 28 39 42 55 64 66 70 75 89 93 96 101 108 
0 1 5 9 15 19 28 39 42 55 66 70 75 89 93 96 101 108 117 
0 1 5 9 15 19 28 39 47 55 64 66 70 75 84 93 96 101 108 
0 1 5 9 15 19 28 39 47 55 66 70 75 84 93 96 101 108 117 
0 1 5 9 15 19 28 39 55 64 66 70 75 84 89 93 96 101 108 
0 1 5 9 15 19 28 39 55 66 70 75 84 89 93 96 101 108 117 
0 1 5 9 15 19 28 42 47 55 60 64 66 70 74 93 96 108 121 
0 1 5 9 15 19 28 42 47 55 60 64 66 70 75 80 96 108 122 
0 1 5 9 15 19 28 42 47 55 60 64 66 70 75 93 96 108 122 
0 1 5 9 15 19 28 42 47 55 60 66 70 75 80 95 108 117 122 
0 1 5 9 15 19 28 42 47 55 60 66 70 75 80 96 108 117 122 
0 1 5 9 15 19 28 42 47 55 60 66 70 75 93 96 108 117 121 
0 1 5 9 15 19 28 42 47 55 60 66 70 75 93 96 108 117 122 
0 1 5 9 15 19 28 42 55 60 64 66 70 74 89 93 96 108 121 
0 1 5 9 15 19 28 42 55 60 64 66 70 75 80 89 96 108 122 
0 1 5 9 15 19 28 42 55 60 64 66 70 75 89 93 96 101 108 
0 1 5 9 15 19 28 42 55 60 64 66 70 75 89 93 96 108 121 
0 1 5 9 15 19 28 42 55 60 64 66 70 75 89 93 96 108 122 
0 1 5 9 15 19 28 42 55 60 66 70 75 80 89 96 108 117 122 
0 1 5 9 15 19 28 42 55 60 66 70 75 89 93 96 101 108 117 
0 1 5 9 15 19 28 42 55 60 66 70 75 89 93 96 108 117 121 
0 1 5 9 15 19 28 42 55 60 66 70 75 89 93 96 108 117 122 
0 1 5 9 15 19 28 47 55 60 66 70 75 80 84 96 108 117 122 
0 1 5 9 15 19 28 47 55 60 66 70 75 84 93 96 108 117 122 
0 1 5 9 15 19 28 55 60 64 66 70 75 80 84 89 96 108 122 
0 1 5 9 15 19 28 55 60 64 66 70 75 84 89 93 96 101 108 
0 1 5 9 15 19 28 55 60 64 66 70 75 84 89 93 96 108 121 
0 1 5 9 15 19 28 55 60 64 66 70 75 84 89 93 96 108 122 
0 1 5 9 15 19 28 55 60 66 70 75 80 84 89 96 108 117 122 
0 1 5 9 15 19 28 55 60 66 70 75 84 89 93 96 101 108 117 
0 1 5 9 15 19 28 55 60 66 70 75 84 89 93 96 108 117 121 
0 1 5 9 15 19 28 55 60 66 70 75 84 89 93 96 108 117 122 
0 1 5 9 15 19 34 39 42 47 64 66 70 74 93 96 101 108 112 
0 1 5 9 15 19 34 39 42 47 64 66 70 75 93 96 101 108 112 
0 1 5 9 15 19 34 39 42 47 64 66 70 93 96 101 108 112 119 
0 1 5 9 15 19 34 39 47 64 66 70 75 84 93 96 101 108 112 
0 1 5 9 15 19 34 39 47 64 66 70 84 93 96 101 108 112 119 
0 1 5 9 15 19 34 42 47 60 64 66 70 74 93 96 101 108 112 
0 1 5 9 15 19 34 42 47 60 64 66 70 75 93 96 101 108 112 
0 1 5 9 15 19 34 42 47 60 64 66 70 93 96 101 108 112 119 
0 1 5 9 15 19 34 47 60 64 66 70 75 84 93 96 101 108 112 
0 1 5 9 15 19 34 47 60 64 66 70 84 93 96 101 108 112 119 
0 1 5 9 15 19 35 39 42 47 64 66 70 75 93 96 101 108 112 
0 1 5 9 15 19 35 39 47 64 66 70 75 84 93 96 101 108 112 
0 1 5 9 15 19 35 42 47 60 64 66 70 75 80 95 101 108 112 
0 1 5 9 15 19 35 42 47 60 64 66 70 75 80 95 108 112 122 
0 1 5 9 15 19 35 42 47 60 64 66 70 75 80 96 101 108 112 
0 1 5 9 15 19 35 42 47 60 64 66 70 75 80 96 108 112 122 
0 1 5 9 15 19 35 42 47 60 64 66 70 75 93 96 101 108 112 
0 1 5 9 15 19 35 47 60 64 66 70 75 80 84 96 101 108 112 
0 1 5 9 15 19 35 47 60 64 66 70 75 80 84 96 108 112 122 
0 1 5 9 15 19 35 47 60 64 66 70 75 84 93 96 101 108 112 
0 1 5 9 15 19 39 42 47 55 64 66 70 75 93 96 101 108 112 
0 1 5 9 15 19 39 42 47 55 66 70 75 93 96 101 108 112 117 
0 1 5 9 15 19 39 47 55 64 66 70 75 84 93 96 101 108 112 
0 1 5 9 15 19 39 47 55 66 70 75 84 93 96 101 108 112 117 
0 1 5 9 15 24 28 35 39 46 64 66 70 75 84 89 101 106 124 
0 1 5 9 15 24 28 37 42 55 60 64 66 70 75 89 95 104 122 
0 1 5 9 15 28 34 37 42 60 64 66 70 74 89 96 103 108 121 
0 1 5 9 17 28 37 42 47 55 64 66 70 75 82 99 104 108 122 
0 1 5 9 17 28 37 42 47 55 66 70 75 82 99 104 108 117 122 
0 1 5 9 17 28 37 42 55 64 66 70 75 82 89 99 104 108 122 
0 1 5 9 17 28 37 42 55 66 70 75 82 89 99 104 108 117 122 
0 1 5 9 19 23 28 37 55 60 64 66 70 75 84 89 96 99 122 
0 1 5 9 19 23 28 37 55 60 66 70 75 84 89 96 99 117 122 
0 1 5 9 19 24 28 37 55 60 66 70 75 84 89 96 99 117 122 
0 1 5 10 15 17 28 37 42 47 55 66 70 75 82 104 108 117 122 
0 1 5 10 15 17 28 37 42 55 66 70 75 82 89 104 108 117 122 
0 1 5 10 15 19 23 28 35 39 64 66 70 75 84 89 93 96 101 
0 1 5 10 15 19 23 28 35 39 66 70 75 84 89 93 96 97 101 
0 1 5 10 15 19 23 28 35 39 66 70 75 84 89 93 96 101 117 
0 1 5 10 15 19 23 28 35 39 66 75 84 89 93 96 97 101 115 
0 1 5 10 15 19 23 28 35 60 64 66 70 75 80 84 89 96 101 
0 1 5 10 15 19 23 28 35 60 66 70 75 80 84 89 96 97 101 
0 1 5 10 15 19 23 28 35 60 66 70 75 80 84 89 96 97 122 
0 1 5 10 15 19 23 28 35 60 66 70 75 80 84 89 96 101 117 
0 1 5 10 15 19 23 28 35 60 66 70 75 80 84 89 96 117 122 
0 1 5 10 15 19 23 28 35 60 66 70 75 84 89 93 96 97 101 
0 1 5 10 15 19 23 28 35 60 66 70 75 84 89 93 96 101 117 
0 1 5 10 15 19 23 28 35 60 66 71 75 80 84 89 96 97 101 
0 1 5 10 15 19 23 28 35 60 66 75 80 84 89 96 97 101 115 
0 1 5 10 15 19 23 28 35 60 66 75 80 84 89 96 97 115 122 
0 1 5 10 15 19 23 28 35 60 66 75 84 89 93 96 97 101 115 
0 1 5 10 15 19 23 28 39 55 66 70 75 84 89 93 96 101 117 
0 1 5 10 15 19 23 28 55 60 66 70 75 84 89 93 96 101 117 
0 1 5 10 15 19 23 28 55 60 66 70 75 84 89 93 96 117 121 
0 1 5 10 15 19 24 28 35 39 66 70 75 84 89 93 96 97 101 
0 1 5 10 15 19 24 28 35 39 66 70 75 84 89 93 96 101 117 
0 1 5 10 15 19 24 28 35 39 66 70 75 84 89 93 101 106 117 
0 1 5 10 15 19 24 28 35 39 66 70 75 84 89 97 101 106 124 
0 1 5 10 15 19 24 28 35 39 66 70 75 84 89 101 106 117 124 
0 1 5 10 15 19 24 28 35 39 66 71 75 84 89 97 101 106 124 
0 1 5 10 15 19 24 28 35 39 66 75 84 89 97 101 106 115 124 
0 1 5 10 15 19 24 28 35 40 66 70 75 80 84 89 97 101 106 
0 1 5 10 15 19 24 28 35 40 66 70 75 80 84 89 101 106 117 
0 1 5 10 15 19 24 28 35 40 66 75 80 84 89 97 101 106 115 
0 1 5 10 15 19 24 28 35 42 60 66 71 75 80 89 95 97 122 
0 1 5 10 15 19 24 28 35 42 60 66 75 80 89 95 97 101 115 
0 1 5 10 15 19 24 28 35 42 60 66 75 80 89 95 97 115 122 
0 1 5 10 15 19 24 28 35 60 66 70 75 80 84 89 96 97 101 
0 1 5 10 15 19 24 28 35 60 66 70 75 80 84 89 96 101 117 
0 1 5 10 15 19 24 28 35 60 66 70 75 80 84 89 96 117 122 
0 1 5 10 15 19 24 28 35 60 66 70 75 80 84 89 101 106 117 
0 1 5 10 15 19 24 28 35 60 66 70 75 84 89 93 96 97 101 
0 1 5 10 15 19 24 28 35 60 66 70 75 84 89 93 96 101 117 
0 1 5 10 15 19 24 28 35 60 66 75 80 84 89 95 97 101 115 
0 1 5 10 15 19 24 28 35 60 66 75 80 84 89 95 97 115 122 
0 1 5 10 15 19 24 28 35 60 66 75 80 84 89 96 97 101 115 
0 1 5 10 15 19 24 28 35 60 66 75 80 84 89 96 97 115 122 
0 1 5 10 15 19 24 28 35 60 66 75 80 84 89 97 101 106 115 
0 1 5 10 15 19 24 28 35 60 66 75 80 84 89 97 106 115 122 
0 1 5 10 15 19 24 28 35 60 66 75 84 89 93 96 97 101 115 
0 1 5 10 15 19 24 28 37 55 60 66 70 75 84 89 96 117 122 
0 1 5 10 15 19 24 28 39 55 66 70 75 84 89 93 96 101 117 
0 1 5 10 15 19 24 28 39 55 66 70 75 84 89 93 101 106 117 
0 1 5 10 15 19 24 28 55 60 66 70 75 84 89 93 96 101 117 
0 1 5 10 15 19 24 28 55 60 66 70 75 84 89 93 96 117 121 
0 1 5 10 15 19 24 28 55 60 66 70 75 84 89 93 96 117 122 
0 1 5 10 15 19 28 35 39 42 47 64 66 70 75 93 96 101 108 
0 1 5 10 15 19 28 35 39 42 47 66 70 75 93 96 97 101 108 
0 1 5 10 15 19 28 35 39 42 47 66 70 75 93 96 101 108 117 
0 1 5 10 15 19 28 35 39 42 64 66 70 75 89 93 96 101 108 
0 1 5 10 15 19 28 35 39 42 66 70 75 89 93 96 97 101 108 
0 1 5 10 15 19 28 35 39 42 66 70 75 89 93 96 101 108 117 
0 1 5 10 15 19 28 35 39 42 66 75 89 93 96 97 101 108 115 
0 1 5 10 15 19 28 35 39 47 64 66 70 75 84 93 96 101 108 
0 1 5 10 15 19 28 35 39 47 66 70 75 84 93 96 97 101 108 
0 1 5 10 15 19 28 35 39 47 66 70 75 84 93 96 101 108 117 
0 1 5 10 15 19 28 35 42 47 60 64 66 70 75 80 96 101 108 
0 1 5 10 15 19 28 35 42 47 60 64 66 70 75 80 96 108 122 
0 1 5 10 15 19 28 35 42 47 60 64 66 70 75 93 96 101 108 
0 1 5 10 15 19 28 35 42 47 60 66 70 75 80 96 97 101 108 
0 1 5 10 15 19 28 35 42 47 60 66 70 75 80 96 97 108 122 
0 1 5 10 15 19 28 35 42 47 60 66 70 75 80 96 101 108 117 
0 1 5 10 15 19 28 35 42 47 60 66 70 75 80 96 108 117 122 
0 1 5 10 15 19 28 35 42 47 60 66 70 75 93 96 97 101 108 
0 1 5 10 15 19 28 35 42 47 60 66 70 75 93 96 101 108 117 
0 1 5 10 15 19 28 35 42 60 64 66 70 75 80 89 96 101 108 
0 1 5 10 15 19 28 35 42 60 64 66 70 75 80 89 96 108 122 
0 1 5 10 15 19 28 35 42 60 64 66 70 75 89 93 96 101 108 
0 1 5 10 15 19 28 35 42 60 66 70 75 80 89 96 97 101 108 
0 1 5 10 15 19 28 35 42 60 66 70 75 80 89 96 97 108 122 
0 1 5 10 15 19 28 35 42 60 66 70 75 80 89 96 101 108 117 
0 1 5 10 15 19 28 35 42 60 66 70 75 80 89 96 108 117 122 
0 1 5 10 15 19 28 35 42 60 66 70 75 89 93 96 97 101 108 
0 1 5 10 15 19 28 35 42 60 66 70 75 89 93 96 101 108 117 
0 1 5 10 15 19 28 35 42 60 66 71 75 80 89 95 97 108 122 
0 1 5 10 15 19 28 35 42 60 66 71 75 80 89 96 97 101 108 
0 1 5 10 15 19 28 35 42 60 66 71 75 80 89 96 97 108 122 
0 1 5 10 15 19 28 35 42 60 66 75 80 89 95 97 101 108 115 
0 1 5 10 15 19 28 35 42 60 66 75 80 89 95 97 108 115 122 
0 1 5 10 15 19 28 35 42 60 66 75 80 89 96 97 101 108 115 
0 1 5 10 15 19 28 35 42 60 66 75 80 89 96 97 108 115 122 
0 1 5 10 15 19 28 35 42 60 66 75 89 93 96 97 101 108 115 
0 1 5 10 15 19 28 35 47 60 64 66 70 75 80 84 96 101 108 
0 1 5 10 15 19 28 35 47 60 64 66 70 75 80 84 96 108 122 
0 1 5 10 15 19 28 35 47 60 66 70 75 80 84 96 97 101 108 
0 1 5 10 15 19 28 35 47 60 66 70 75 80 84 96 97 108 122 
0 1 5 10 15 19 28 35 47 60 66 70 75 80 84 96 101 108 117 
0 1 5 10 15 19 28 35 47 60 66 70 75 80 84 96 108 117 122 
0 1 5 10 15 19 28 35 47 60 66 70 75 84 93 96 97 101 108 
0 1 5 10 15 19 28 35 47 60 66 70 75 84 93 96 101 108 117 
0 1 5 10 15 19 28 35 60 66 70 75 84 89 93 96 97 101 108 
0 1 5 10 15 19 28 35 60 66 70 75 84 89 93 96 101 108 117 
0 1 5 10 15 19 28 35 60 66 75 80 84 89 96 97 101 108 115 
0 1 5 10 15 19 28 35 60 66 75 84 89 93 96 97 101 108 115 
0 1 5 10 15 19 28 37 47 55 60 66 70 75 84 96 108 117 122 
0 1 5 10 15 19 28 37 55 60 66 70 75 84 89 96 108 117 122 
0 1 5 10 15 19 28 39 42 47 55 66 70 75 93 96 101 108 117 
0 1 5 10 15 19 28 39 42 55 66 70 75 89 93 96 101 108 117 
0 1 5 10 15 19 28 39 47 55 66 70 75 84 93 96 101 108 117 
0 1 5 10 15 19 28 39 55 66 70 75 84 89 93 96 101 108 117 
0 1 5 10 15 19 28 42 47 55 60 66 70 75 80 96 108 117 122 
0 1 5 10 15 19 28 42 47 55 60 66 70 75 93 96 101 108 117 
0 1 5 10 15 19 28 42 47 55 60 66 70 75 93 96 108 117 121 
0 1 5 10 15 19 28 42 47 55 60 66 70 75 93 96 108 117 122 
0 1 5 10 15 19 28 42 47 56 60 66 70 75 80 96 108 117 122 
0 1 5 10 15 19 28 42 55 60 66 70 75 89 93 96 101 108 117 
0 1 5 10 15 19 28 42 55 60 66 70 75 89 93 96 108 117 121 
0 1 5 10 15 19 28 47 55 60 66 70 75 80 84 96 108 117 122 
0 1 5 10 15 19 28 47 55 60 66 70 75 84 93 96 101 108 117 
0 1 5 10 15 19 28 47 55 60 66 70 75 84 93 96 108 117 121 
0 1 5 10 15 19 28 47 55 60 66 70 75 84 93 96 108 117 122 
0 1 5 10 15 19 28 55 60 66 70 75 84 89 93 96 101 108 117 
0 1 5 10 15 19 28 55 60 66 70 75 84 89 93 96 108 117 121 
0 1 5 10 15 19 28 55 60 66 70 75 84 89 93 96 108 117 122 
0 1 5 10 15 24 28 35 42 60 66 75 80 89 95 97 101 104 115 
0 1 5 10 15 24 28 35 42 60 66 75 80 89 95 97 104 115 122 
0 1 5 10 15 28 35 42 60 66 75 80 89 95 97 101 104 108 115 
0 1 5 10 15 28 35 42 60 66 75 80 89 95 97 104 108 115 122 
0 1 5 10 15 28 37 42 47 55 60 66 70 75 82 104 108 117 122 
0 1 5 10 15 28 37 42 47 55 60 66 70 75 96 103 108 117 121 
0 1 5 10 15 28 37 42 55 60 66 70 75 82 89 104 108 117 122 
0 1 5 10 15 28 37 42 55 60 66 70 75 89 96 103 108 117 121 
0 1 5 10 15 28 42 47 55 60 66 70 75 93 96 103 108 117 121 
0 1 5 10 15 28 42 55 60 66 70 75 89 93 96 103 108 117 121 
0 1 5 10 17 28 33 37 42 56 66 70 82 89 99 104 108 117 122 
0 1 5 10 17 28 33 38 42 56 66 70 79 82 89 99 104 108 117 
0 1 5 10 17 28 33 38 42 56 66 70 82 89 99 104 108 117 122 
0 1 5 10 17 28 37 42 47 55 66 70 75 82 99 104 108 117 122 
0 1 5 10 17 28 37 42 55 66 70 75 82 89 99 104 108 117 122 
0 1 5 10 17 28 37 42 56 66 70 75 82 89 99 104 108 117 122 
0 1 5 10 17 28 38 42 56 66 70 75 82 89 99 104 108 117 122 
0 1 5 10 19 24 28 35 40 58 66 70 75 84 89 97 101 106 124 
0 1 5 10 19 24 28 35 40 58 66 75 84 89 97 101 106 115 124 
0 1 5 10 19 28 29 35 42 60 66 71 75 80 89 96 97 108 122 
0 1 5 10 19 28 29 35 42 60 66 75 80 89 95 97 108 115 122 
0 1 5 10 19 28 29 35 42 60 66 75 80 89 96 97 108 115 122 
0 1 5 10 19 28 29 35 47 60 66 70 75 80 84 96 97 108 122 
0 1 5 10 19 28 29 42 56 60 66 71 75 80 89 96 97 108 122 
0 1 5 10 19 28 29 42 56 60 66 75 80 89 95 97 108 115 122 
0 1 5 10 19 28 29 42 56 60 66 75 80 89 96 97 108 115 122 
0 1 5 10 19 28 37 47 55 60 66 70 75 84 96 99 108 117 122 
0 1 5 10 24 28 29 35 42 60 66 75 80 89 95 97 104 115 122 
0 1 5 10 28 29 35 42 60 66 75 80 89 95 97 104 108 115 122 
0 1 5 15 19 28 34 39 47 53 64 66 70 84 93 96 101 108 119 
0 1 5 15 19 28 35 39 42 53 64 66 75 89 93 96 101 108 115 
0 1 5 15 19 28 35 39 42 53 66 75 89 93 96 97 101 108 115 
0 1 5 15 19 28 35 39 47 53 64 66 70 84 93 96 101 108 119 
0 1 5 15 19 28 35 42 53 60 64 66 75 80 89 96 101 108 115 
0 1 5 15 19 28 35 42 53 60 64 66 75 89 93 96 101 108 115 
0 1 5 15 19 28 35 42 53 60 66 75 80 89 96 97 101 108 115 
0 1 5 15 19 28 35 42 53 60 66 75 89 93 96 97 101 108 115 
0 1 5 15 19 34 39 42 52 61 64 66 93 96 101 108 112 115 119 
0 1 5 15 19 34 39 52 61 64 66 84 93 96 101 108 112 115 119 
0 1 5 15 19 34 42 52 60 61 64 66 93 96 101 108 112 115 119 
0 1 5 19 34 39 42 52 57 61 64 66 93 96 101 108 112 115 119 
0 2 7 16 21 39 46 48 53 57 64 68 77 86 94 110 114 119 124 
0 2 7 16 21 46 48 53 57 64 68 77 82 86 94 110 114 119 124 
0 2 7 16 39 43 46 48 53 57 64 68 77 94 105 110 114 119 124 
0 2 7 16 39 43 46 48 53 57 64 77 88 94 105 110 114 119 124 
0 2 7 16 39 44 46 48 53 57 64 68 77 94 105 110 114 119 124 
0 2 7 16 39 46 48 53 57 64 68 77 86 94 105 110 114 119 124 
0 2 7 18 34 39 43 48 53 57 64 68 93 94 100 105 110 114 119 
0 2 7 18 34 39 43 48 53 57 64 68 93 94 100 105 110 115 119 
0 3 7 12 17 21 44 46 48 53 58 68 77 78 82 110 115 119 124 
0 3 7 12 17 21 44 46 48 53 58 68 77 82 94 110 115 119 124 
0 3 7 12 21 39 44 46 48 53 57 68 77 94 101 110 115 119 124 
0 3 7 12 21 44 46 48 53 58 68 77 78 82 101 110 115 119 124 
0 3 7 12 21 44 46 48 53 58 68 77 82 94 101 110 115 119 124 
0 3 7 12 39 44 46 48 53 57 68 77 94 101 105 110 115 119 124 
0 3 7 12 39 44 46 48 53 58 68 77 94 101 105 110 115 119 124 
0 3 7 15 34 39 44 46 48 53 64 68 93 94 101 105 110 115 119 
0 3 7 16 21 39 46 48 53 57 64 68 77 86 94 110 114 119 124 
0 3 7 34 39 44 46 48 53 57 64 68 94 101 105 110 114 119 124 
