0 1 5 17 22 30 34 37 41 53 58 69 76 78 81 98 105 110 117 122 
0 1 5 17 22 30 34 41 47 53 58 69 76 78 81 98 105 110 117 122 
0 1 5 17 22 30 37 41 53 58 69 76 78 81 88 98 105 110 117 122 
0 1 5 17 22 30 37 42 53 58 69 76 78 81 88 98 105 110 117 122 
0 1 5 17 22 30 37 42 53 58 71 74 77 88 98 109 112 115 
0 1 5 17 22 30 41 47 53 58 69 76 78 81 88 98 105 110 117 122 
0 1 5 17 22 30 42 47 53 58 69 76 78 81 88 98 105 110 117 122 
0 1 6 13 17 30 34 37 41 53 58 69 76 78 81 98 105 110 117 122 
0 1 6 13 17 30 34 41 47 53 58 69 76 78 81 98 105 110 117 122 
0 1 6 13 17 30 37 41 53 58 69 76 78 81 88 98 105 110 117 122 
0 1 6 13 17 30 41 47 53 58 69 76 78 81 88 98 105 110 117 122 
0 1 6 13 18 25 30 34 37 41 53 58 69 76 78 81 105 110 117 122 
0 1 6 13 18 25 30 34 41 47 53 58 69 76 78 81 105 110 117 122 
0 1 6 13 18 25 30 37 41 53 58 69 76 78 81 88 105 110 117 122 
0 1 6 13 18 25 30 41 47 53 58 69 76 78 81 88 105 110 117 122 
0 1 6 13 18 25 34 37 41 53 58 62 69 76 78 81 101 105 117 122 
0 1 6 13 18 25 34 37 41 53 58 62 69 76 78 81 101 106 113 117 
0 1 6 13 18 25 34 37 41 53 58 62 69 76 78 81 101 106 113 118 
0 1 6 13 18 25 34 37 41 53 58 62 69 76 78 81 101 106 117 122 
0 1 6 13 18 25 34 37 41 53 58 62 69 76 78 81 105 110 117 122 
0 1 6 13 18 25 34 37 41 53 58 62 69 76 78 81 106 110 113 117 
0 1 6 13 18 25 34 41 47 53 58 62 69 76 78 81 101 105 117 122 
0 1 6 13 18 25 34 41 47 53 58 62 69 76 78 81 101 106 113 117 
0 1 6 13 18 25 34 41 47 53 58 62 69 76 78 81 101 106 113 118 
0 1 6 13 18 25 34 41 47 53 58 62 69 76 78 81 101 106 117 122 
0 1 6 13 18 25 34 41 47 53 58 62 69 76 78 81 105 110 117 122 
0 1 6 13 18 25 37 41 53 58 62 69 76 78 81 88 101 105 117 122 
0 1 6 13 18 25 37 42 49 54 62 65 72 77 88 101 106 113 118 125 
0 1 6 13 18 25 37 42 49 54 62 65 76 81 88 101 106 113 118 125 
0 1 6 13 18 25 37 42 49 54 62 69 76 78 81 88 101 106 113 118 
0 1 6 13 18 25 37 42 53 58 62 65 72 77 88 101 106 113 118 125 
0 1 6 13 18 25 42 47 49 53 62 69 76 78 81 88 106 110 113 117 
0 1 6 17 20 23 37 42 53 58 65 72 77 88 108 111 114 125 
0 1 8 16 23 37 44 51 58 62 65 72 86 93 101 108 115 122 
0 1 8 16 23 37 44 51 58 62 65 72 86 93 101 108 115 123 
0 1 8 16 23 37 44 51 58 62 65 72 86 93 101 108 116 123 
0 1 8 16 23 37 44 51 58 62 65 72 86 93 101 109 116 123 
0 1 8 16 23 37 44 51 58 62 65 72 86 93 102 109 116 123 
0 1 8 16 23 37 44 51 58 62 71 78 79 86 101 108 115 122 
0 1 8 16 23 37 44 51 58 62 71 78 86 93 101 108 115 122 
0 2 7 15 19 37 42 49 54 63 71 76 78 88 100 107 112 124 
