0 1 6 11 16 21 26 42 52 61 65 70 83 88 102 107 112 125 
0 1 6 11 16 21 26 42 52 61 65 70 83 88 103 108 113 125 
0 1 6 11 16 21 26 42 52 61 66 71 83 88 96 103 108 113 
0 1 6 11 16 21 26 43 48 53 65 70 83 88 102 107 112 125 
0 1 6 11 16 21 26 43 48 53 66 71 83 88 96 103 108 113 
0 1 6 11 16 21 42 52 61 65 70 83 88 97 102 107 112 125 
0 1 6 11 16 21 42 52 61 65 70 83 88 97 102 107 120 125 
0 1 6 11 16 21 42 52 61 65 70 83 88 98 103 108 113 125 
0 1 6 11 16 21 42 52 61 65 70 83 88 98 103 108 120 125 
0 1 6 11 16 21 42 52 61 65 79 83 88 97 102 107 120 125 
0 1 6 11 16 21 42 52 61 66 71 83 88 96 98 103 108 113 
0 1 6 11 16 21 42 52 61 66 71 83 88 96 98 103 108 121 
0 1 6 11 16 21 42 52 61 66 79 83 88 96 98 103 108 121 
0 1 6 11 16 21 43 48 53 65 70 83 88 97 102 107 112 125 
0 1 6 11 16 21 43 48 53 65 70 83 88 97 102 107 120 125 
0 1 6 11 16 21 43 48 53 65 70 83 88 98 103 108 113 125 
0 1 6 11 16 21 43 48 53 66 71 83 88 96 98 103 108 113 
0 1 6 11 16 21 43 48 53 66 71 83 88 96 98 103 108 121 
0 1 6 11 16 21 43 48 53 66 79 83 88 96 98 103 108 121 
0 1 6 11 16 26 30 42 52 61 65 70 83 88 103 108 113 125 
0 1 6 11 16 26 30 42 52 61 66 71 83 88 96 103 108 113 
0 1 6 11 16 26 30 43 48 53 65 70 83 88 103 108 113 125 
0 1 6 11 16 26 30 43 48 53 66 71 83 88 96 103 108 113 
0 1 6 11 16 28 33 43 48 53 73 79 83 97 102 115 120 125 
0 1 6 11 16 28 42 52 61 65 70 83 88 97 102 107 112 125 
0 1 6 11 16 28 42 52 61 65 70 83 88 97 102 107 120 125 
0 1 6 11 16 28 42 52 61 65 70 83 88 97 102 112 115 125 
0 1 6 11 16 28 42 52 61 65 79 83 88 97 102 107 120 125 
0 1 6 11 16 28 42 52 61 65 79 83 88 97 102 115 120 125 
0 1 6 11 16 28 42 52 61 70 73 83 88 97 102 115 120 125 
0 1 6 11 16 28 43 48 53 65 70 83 88 97 102 107 112 125 
0 1 6 11 16 28 43 48 53 65 70 83 88 97 102 107 120 125 
0 1 6 11 16 28 43 48 53 65 79 83 88 97 102 107 120 125 
0 1 6 11 16 28 43 48 53 65 79 83 88 97 102 115 120 125 
0 1 6 11 16 28 43 48 53 70 73 83 88 97 102 115 120 125 
0 1 6 11 16 30 33 43 48 53 73 79 83 96 98 103 116 121 
0 1 6 11 16 30 42 52 61 65 79 83 88 98 103 115 120 125 
0 1 6 11 16 30 42 52 61 66 71 83 88 96 98 103 108 121 
0 1 6 11 16 30 42 52 61 66 71 83 88 96 98 103 113 116 
0 1 6 11 16 30 42 52 61 66 71 83 88 96 98 103 116 121 
0 1 6 11 16 30 42 52 61 70 73 83 88 98 103 115 120 125 
0 1 6 11 16 30 43 48 53 65 70 83 88 98 103 108 120 125 
0 1 6 11 16 30 43 48 53 66 71 83 88 96 98 103 108 121 
0 1 6 11 16 30 43 48 53 66 71 83 88 96 98 103 113 116 
0 1 6 11 21 24 42 52 61 66 71 83 88 96 98 103 108 121 
0 1 6 11 23 28 33 43 48 53 68 73 79 83 97 110 115 120 
0 1 6 11 23 28 33 43 48 53 73 79 83 97 102 115 120 125 
0 1 6 11 23 28 43 48 53 65 70 83 88 97 102 107 112 125 
0 1 6 11 23 28 43 48 53 65 70 83 88 97 102 107 120 125 
0 1 6 11 23 28 43 48 53 65 70 83 88 97 102 112 115 125 
0 1 6 11 23 28 43 48 53 65 70 83 88 97 102 115 120 125 
0 2 5 8 20 25 42 45 48 62 65 68 71 83 88 106 109 112 
0 2 7 12 17 22 43 48 53 65 70 83 88 98 103 108 120 125 
0 2 7 12 17 30 43 48 53 65 70 83 88 98 103 108 120 125 
0 2 7 12 17 30 43 48 53 65 79 83 88 98 103 115 120 125 
0 3 8 13 18 23 28 35 40 45 50 55 66 71 76 81 96 104 109 114 
0 3 8 13 18 23 28 35 40 45 50 55 66 71 76 81 104 109 114 119 
0 3 8 13 18 23 35 40 45 46 50 66 71 76 81 96 99 104 109 114 
0 3 8 13 18 23 35 40 45 46 50 66 71 76 81 96 99 104 109 121 
0 3 8 13 18 23 35 40 45 46 50 66 71 76 81 99 104 109 114 119 
0 3 8 13 18 35 40 45 46 50 62 66 71 76 81 96 99 104 109 114 
0 3 8 13 18 35 40 45 46 57 62 66 71 76 81 96 99 104 109 121 
