0 1 7 15 20 27 37 44 51 58 65 72 86 93 97 104 110 117 123 
0 1 7 15 20 27 37 44 51 58 65 72 86 93 97 104 110 117 124 
0 1 7 15 20 27 37 44 51 58 65 72 86 93 97 104 111 117 124 
0 1 7 15 20 27 37 44 51 58 66 72 86 93 97 104 110 117 124 
0 1 7 15 20 27 37 44 51 58 66 72 86 93 97 104 111 117 124 
0 1 7 15 20 27 37 44 51 58 66 72 86 93 97 104 111 118 124 
0 1 7 15 20 27 37 44 51 58 66 72 86 93 98 104 111 117 124 
0 1 7 15 20 27 37 44 51 58 66 72 86 93 98 104 111 118 124 
0 1 7 15 20 27 37 44 51 58 66 73 80 86 97 104 110 117 124 
0 1 7 15 20 27 37 44 51 58 66 73 80 86 97 104 111 117 124 
0 1 7 15 20 27 37 44 51 58 66 73 80 86 97 104 111 118 124 
0 1 7 15 20 27 37 44 51 58 66 73 80 86 97 104 111 118 125 
0 1 7 15 20 27 37 44 51 58 66 73 80 86 98 104 111 117 124 
0 1 7 15 20 27 37 44 51 58 66 73 80 86 98 104 111 118 124 
0 1 7 15 20 27 37 44 51 58 66 73 80 86 98 104 111 118 125 
0 1 7 15 20 27 37 44 51 58 66 73 80 86 98 105 111 118 124 
0 1 7 15 20 27 37 44 51 58 66 73 80 86 98 105 111 118 125 
0 1 7 15 20 27 37 44 51 58 66 73 80 86 98 105 112 118 125 
0 1 7 15 20 27 37 44 51 58 66 73 80 87 97 104 111 117 124 
0 1 7 15 20 27 37 44 51 58 66 73 80 87 97 104 111 118 124 
0 1 7 15 20 27 37 44 51 58 66 73 80 87 97 104 111 118 125 
0 1 7 15 20 27 37 44 51 58 66 73 80 87 98 104 111 117 124 
0 1 7 15 20 27 37 44 51 58 66 73 80 87 98 104 111 118 124 
0 1 7 15 20 27 37 44 51 58 66 73 80 87 98 104 111 118 125 
0 1 7 15 20 27 37 44 51 58 66 73 80 87 98 105 111 118 124 
0 1 7 15 20 27 37 44 51 58 66 73 80 87 98 105 111 118 125 
0 1 7 15 20 27 37 44 51 58 66 73 80 87 98 105 112 118 125 
0 1 7 15 20 27 37 44 51 58 66 73 86 93 97 104 110 117 124 
0 1 7 15 20 27 37 44 51 58 66 73 86 93 97 104 111 117 124 
0 1 7 15 20 27 37 44 51 58 66 73 86 93 97 104 111 118 124 
0 1 7 15 20 27 37 44 51 58 66 73 86 93 97 104 111 118 125 
0 1 7 15 20 27 37 44 51 58 66 73 86 93 98 104 111 117 124 
0 1 7 15 20 27 37 44 51 58 66 73 86 93 98 104 111 118 124 
0 1 7 15 20 27 37 44 51 58 66 73 86 93 98 104 111 118 125 
0 1 7 15 20 27 37 44 51 58 66 73 86 93 98 105 111 118 124 
0 1 7 15 20 27 37 44 51 58 67 73 80 86 97 104 111 118 125 
0 1 7 15 20 27 37 44 51 58 67 73 80 86 98 104 111 118 125 
0 1 7 15 20 27 37 44 51 58 67 73 80 86 98 105 111 118 125 
0 1 7 15 20 27 37 44 51 58 67 73 80 87 97 104 111 118 125 
0 1 7 15 20 27 37 44 51 58 67 73 80 87 98 104 111 118 125 
0 1 7 15 20 27 37 44 51 58 67 73 80 87 98 105 111 118 125 
0 1 7 15 20 27 37 44 51 58 67 73 80 87 98 105 112 118 125 
0 1 7 15 20 27 37 44 51 58 67 73 80 87 98 105 112 119 125 
0 1 7 15 20 27 37 44 51 58 67 74 80 87 98 105 111 118 125 
0 1 7 15 21 27 37 44 51 58 66 72 86 93 98 104 111 117 124 
0 1 7 15 21 27 37 44 51 58 66 73 80 86 98 104 111 117 124 
0 1 7 15 21 27 37 44 51 58 66 73 80 86 98 104 111 118 124 
0 1 7 15 21 27 37 44 51 58 66 73 80 86 98 104 111 118 125 
0 1 7 15 21 27 37 44 51 58 66 73 80 86 98 105 111 118 124 
0 1 7 15 21 27 37 44 51 58 66 73 80 86 98 105 111 118 125 
0 1 7 15 21 27 37 44 51 58 66 73 80 87 98 104 111 118 124 
0 1 7 15 21 27 37 44 51 58 66 73 80 87 98 104 111 118 125 
0 1 7 15 21 27 37 44 51 58 66 73 80 87 98 105 111 118 124 
0 1 7 15 21 27 37 44 51 58 66 73 80 87 98 105 111 118 125 
0 1 7 15 21 27 37 44 51 58 66 73 80 87 98 105 112 118 125 
0 1 7 15 21 27 37 44 51 58 66 73 86 93 98 104 111 117 124 
0 1 7 15 21 27 37 44 51 58 66 73 86 93 98 104 111 118 124 
0 1 7 15 21 27 37 44 51 58 67 73 80 87 98 104 111 118 125 
0 1 7 15 21 27 37 44 51 58 67 73 80 87 98 105 111 118 125 
0 1 7 15 21 28 37 44 51 58 66 73 80 86 98 105 111 118 124 
0 1 7 15 21 28 37 44 51 58 66 73 80 87 98 105 111 118 124 
0 1 7 15 21 28 37 44 51 58 66 73 80 87 98 105 111 118 125 
0 5 12 19 26 31 36 43 49 56 64 65 72 86 93 103 110 117 124 
0 5 12 19 26 31 36 43 49 56 65 72 86 93 97 103 110 117 124 
0 5 12 19 26 31 36 43 49 56 66 72 86 93 97 103 110 117 124 
0 5 12 19 26 31 37 43 50 56 66 72 86 93 97 103 110 117 124 
0 6 12 19 26 31 36 43 49 56 64 65 72 86 93 103 110 117 124 
0 6 12 19 26 31 36 43 49 56 65 72 86 93 97 103 110 117 124 
0 6 12 19 26 31 36 43 49 56 65 72 86 93 97 104 110 117 124 
0 6 12 19 26 31 36 43 49 56 66 72 86 93 97 103 110 117 124 
0 6 12 19 26 31 36 43 50 56 64 65 72 86 93 103 110 117 124 
0 6 12 19 26 31 36 43 50 56 65 72 86 93 97 103 110 117 124 
0 6 12 19 26 31 36 43 50 56 65 72 86 93 97 104 110 117 124 
0 6 12 19 26 31 36 43 50 56 66 72 86 93 97 103 110 117 124 
0 6 13 14 19 26 36 43 50 57 65 72 86 93 97 104 111 117 124 
0 6 13 14 19 26 36 43 50 57 66 72 86 93 97 104 111 117 124 
0 6 13 14 20 26 36 43 50 57 66 72 86 93 97 104 111 117 124 
0 6 13 14 20 26 36 43 50 57 66 73 86 93 97 104 111 117 124 
0 6 13 14 20 26 37 43 50 57 66 73 86 93 97 104 111 117 124 
