0 3 8 13 18 23 35 40 45 50 62 66 71 76 81 86 99 104 109 114 
0 3 8 13 18 23 35 40 45 50 62 66 71 76 81 96 99 104 109 114 
0 3 8 13 18 23 35 40 45 50 62 66 71 76 96 99 104 109 114 121 
0 3 8 13 18 23 35 40 45 50 66 71 76 81 96 99 104 109 114 119 
0 3 8 13 18 23 35 40 45 62 66 71 76 81 88 96 99 104 109 114 
0 3 8 13 18 23 35 40 45 62 66 71 76 88 96 99 104 109 114 121 
0 3 8 13 18 23 35 40 62 66 71 76 83 88 96 99 104 109 114 121 
0 3 8 13 18 35 40 45 46 50 62 66 71 76 81 96 99 104 109 114 
0 4 8 14 17 21 34 38 42 51 67 71 84 94 98 102 115 119 
0 4 8 14 17 21 34 38 42 51 67 84 94 98 102 111 115 119 
0 4 8 14 17 21 34 38 51 62 67 71 80 84 94 98 102 115 
0 4 8 14 17 21 34 38 51 62 67 80 84 94 98 102 111 115 
0 4 8 14 17 21 34 38 51 67 80 84 94 98 102 111 115 119 
0 4 8 14 17 21 34 42 51 67 76 84 94 98 102 111 115 119 
0 4 8 14 17 21 34 51 62 67 76 80 84 94 98 102 111 115 
0 4 8 14 17 21 34 51 67 76 80 84 94 98 102 111 115 119 
0 4 8 14 17 26 34 51 60 62 67 76 80 84 94 98 102 111 
0 4 8 14 17 26 34 51 60 67 76 80 84 94 98 102 111 119 
0 4 8 14 17 34 51 60 67 76 80 84 94 98 102 111 115 119 
0 4 8 17 21 25 38 51 59 67 71 80 84 94 98 102 115 119 
0 4 13 14 17 21 34 38 51 61 62 67 80 84 94 98 111 115 
0 4 13 14 17 21 34 51 61 62 67 76 80 84 94 98 111 115 
0 4 13 14 17 21 34 51 61 62 76 80 94 98 107 111 115 124 
