0 1 6 10 25 30 32 34 38 42 57 70 74 79 97 112 116 120 
0 1 6 20 25 30 32 34 38 42 57 70 74 79 97 112 116 120 
0 1 6 20 25 30 32 34 38 53 57 70 74 79 97 112 116 120 
0 1 6 20 25 32 34 38 42 57 70 74 79 97 103 112 116 120 
0 1 6 20 25 32 34 38 53 57 70 74 79 97 103 112 116 120 
0 1 10 16 24 30 32 34 38 42 57 70 74 79 97 112 116 120 
0 1 10 16 24 30 32 34 38 42 57 70 74 79 107 112 116 120 
0 1 10 16 25 30 32 34 38 42 57 70 74 79 97 112 116 120 
0 1 16 20 24 30 32 34 38 42 57 70 74 79 97 112 116 120 
0 1 16 20 24 30 32 34 38 42 57 70 74 79 107 112 116 120 
0 1 16 20 24 32 34 38 42 57 65 69 74 79 96 103 107 111 
0 1 16 20 24 32 34 38 42 57 69 74 79 96 103 107 111 120 
0 1 16 20 24 32 34 38 42 57 70 74 79 97 103 111 116 120 
0 1 16 20 24 32 34 38 42 57 70 74 79 97 103 112 116 120 
0 1 16 20 24 32 34 38 42 57 70 74 79 103 107 111 116 120 
0 2 6 10 25 30 32 34 38 43 57 70 74 79 97 112 116 120 
0 2 6 10 25 30 32 34 38 53 57 70 74 79 97 112 116 120 
0 2 6 10 25 30 32 34 38 53 61 70 74 79 97 112 116 120 
0 2 6 10 25 30 32 38 43 57 70 74 79 87 97 112 116 120 
0 2 6 10 25 30 32 38 43 61 70 74 79 87 97 112 116 120 
0 2 6 10 25 30 38 43 51 57 70 74 79 87 97 112 116 120 
0 2 6 11 29 34 38 43 46 61 62 65 69 74 79 96 98 102 107 111 
0 2 6 11 29 34 38 43 46 61 62 65 69 74 79 96 98 103 107 111 
0 2 6 11 29 34 38 43 46 61 62 65 70 74 79 96 98 103 107 111 
0 2 6 11 29 34 39 43 46 61 62 65 69 74 79 96 98 103 107 111 
0 2 6 20 25 32 34 38 53 61 70 74 79 97 103 112 116 120 
0 2 6 21 29 34 38 46 53 61 62 65 69 79 84 96 98 102 111 117 
0 6 15 22 38 46 47 54 62 69 77 85 96 102 110 118 
