0 1 5 10 17 22 27 34 43 48 53 60 72 77 86 99 104 111 116 120 125 
0 1 5 10 17 22 27 34 43 48 55 60 67 72 77 86 99 111 116 120 125 
0 1 5 10 17 22 27 36 43 48 55 60 67 72 77 81 86 99 111 120 125 
0 1 5 10 17 22 30 34 43 48 53 57 74 86 99 104 111 116 120 125 
0 1 5 10 17 22 30 34 43 48 53 58 74 86 99 104 111 116 120 125 
0 1 5 10 17 22 30 34 43 48 53 58 75 86 99 104 111 116 120 125 
0 1 5 10 17 22 30 34 43 48 55 60 67 72 86 99 106 111 116 120 125 
0 1 5 10 17 22 30 34 43 48 57 67 74 86 99 103 111 116 120 125 
0 1 5 10 17 22 30 34 43 48 57 67 74 86 99 104 111 116 120 125 
0 1 5 10 17 22 30 34 43 48 58 67 74 86 99 104 111 116 120 125 
0 1 5 10 17 22 30 34 43 48 58 67 75 86 99 104 111 116 120 125 
0 1 5 10 17 22 30 36 43 48 53 57 74 81 86 99 104 111 120 125 
0 1 5 10 17 22 30 36 43 48 53 58 74 81 86 99 104 111 120 125 
0 1 5 10 17 22 30 36 43 48 53 58 75 81 86 99 104 111 120 125 
0 1 5 10 17 22 30 36 43 48 55 60 67 72 81 86 99 106 111 120 125 
0 1 5 10 17 22 30 36 43 48 57 67 74 81 86 99 103 111 120 125 
0 1 5 10 17 22 30 36 43 48 57 67 74 81 86 99 104 111 120 125 
0 1 5 10 17 22 30 36 43 48 58 67 74 81 86 99 104 111 120 125 
0 1 5 10 17 22 30 36 43 48 58 67 75 81 86 99 104 111 120 125 
0 1 5 10 17 22 34 43 48 53 58 62 75 86 99 104 111 116 120 125 
0 1 5 10 17 22 34 43 48 58 62 67 75 86 99 104 111 116 120 125 
0 1 5 10 17 22 36 43 48 53 58 62 75 81 86 99 104 111 120 125 
0 1 5 10 17 22 36 43 48 58 62 67 75 81 86 99 104 111 120 125 
0 1 5 10 17 23 30 34 43 48 52 58 69 75 86 99 105 111 116 120 125 
0 1 5 10 17 23 30 36 43 48 52 58 69 75 81 86 99 105 111 120 125 
0 1 5 10 17 23 34 43 48 52 58 62 69 75 86 99 105 111 116 120 125 
0 1 5 10 17 23 34 43 48 52 59 62 69 75 86 99 105 111 116 120 125 
0 1 5 10 17 23 36 43 48 52 58 62 69 75 81 86 99 105 111 120 125 
0 1 5 10 17 24 30 34 43 48 52 57 69 74 86 99 111 116 120 125 
0 1 5 10 17 24 30 34 43 48 52 60 69 86 99 106 111 116 120 125 
0 1 5 10 17 24 30 34 43 48 52 69 74 86 99 106 111 116 120 125 
0 1 5 10 17 24 30 34 43 48 53 57 69 74 86 99 111 116 120 125 
0 1 5 10 17 24 30 34 43 48 53 60 69 86 99 106 111 116 120 125 
0 1 5 10 17 24 30 34 43 48 53 60 70 86 99 106 111 116 120 125 
0 1 5 10 17 24 30 34 43 48 53 69 74 86 99 106 111 116 120 125 
0 1 5 10 17 24 30 34 43 48 53 70 74 86 99 106 111 116 120 125 
0 1 5 10 17 24 30 36 43 48 52 57 69 74 81 86 99 111 120 125 
0 1 5 10 17 24 30 36 43 48 52 69 74 81 86 99 106 111 120 125 
0 1 5 10 17 24 30 36 43 48 53 57 69 74 81 86 99 111 120 125 
0 1 5 10 17 24 30 36 43 48 53 60 69 81 86 99 106 111 120 125 
0 1 5 10 17 24 30 36 43 48 53 60 70 81 86 99 106 111 120 125 
0 1 5 10 17 24 30 36 43 48 53 69 74 81 86 99 106 111 120 125 
0 1 5 10 17 24 30 36 43 48 53 70 74 81 86 99 106 111 120 125 
0 1 5 10 17 24 34 43 48 52 59 62 69 75 86 99 105 111 116 120 125 
0 1 5 10 17 24 34 43 48 52 60 69 77 86 99 106 111 116 120 125 
0 1 5 10 17 24 34 43 48 53 59 62 69 75 86 99 105 111 116 120 125 
0 1 5 10 17 24 34 43 48 53 60 69 77 86 99 106 111 116 120 125 
0 1 5 10 17 24 34 43 48 53 60 70 77 86 99 106 111 116 120 125 
0 1 5 10 17 24 36 43 48 53 59 62 69 75 81 86 99 105 111 120 125 
0 1 5 10 17 25 30 34 43 48 53 58 70 75 86 99 111 116 120 125 
0 1 5 10 17 25 30 34 43 48 53 60 70 86 99 106 111 116 120 125 
0 1 5 10 17 25 30 36 43 48 53 58 70 75 81 86 99 111 120 125 
0 1 5 10 17 25 30 36 43 48 53 60 70 81 86 99 106 111 120 125 
0 1 5 10 17 25 34 43 48 53 58 62 70 75 86 99 111 116 120 125 
0 1 5 10 17 25 34 43 48 53 60 70 77 86 99 106 111 116 120 125 
0 1 5 10 17 25 34 43 48 53 60 70 77 86 99 107 111 116 120 125 
0 1 5 10 17 25 34 43 48 53 62 70 75 86 99 107 111 116 120 125 
0 1 5 10 17 25 36 43 48 53 58 62 70 75 81 86 99 111 120 125 
0 1 5 10 17 25 36 43 48 53 62 70 75 81 86 99 107 111 120 125 
0 1 5 10 17 30 34 43 48 52 57 69 74 86 99 103 111 116 120 125 
0 1 5 10 17 30 34 43 48 53 58 70 74 86 99 104 111 116 120 125 
0 1 5 10 17 30 34 43 48 53 58 70 75 86 99 104 111 116 120 125 
0 1 5 10 17 30 36 43 48 53 58 70 74 81 86 99 104 111 120 125 
0 1 5 10 17 30 36 43 48 53 58 70 75 81 86 99 104 111 120 125 
0 1 5 10 17 34 43 48 53 58 62 70 75 86 99 104 111 116 120 125 
0 1 5 10 17 36 43 48 53 58 62 70 75 81 86 99 104 111 120 125 
0 1 5 10 19 23 30 34 43 48 52 58 69 75 78 86 105 111 116 120 125 
0 1 5 10 19 23 30 34 43 48 54 58 75 78 86 100 105 111 116 120 125 
0 1 5 10 19 23 30 36 43 48 54 58 75 78 81 86 100 105 111 120 125 
0 1 5 10 19 23 34 43 48 52 58 62 69 75 78 86 105 111 116 120 125 
0 1 5 10 19 23 34 43 48 54 58 62 75 78 86 100 105 111 116 120 125 
0 1 5 10 19 23 34 43 48 54 59 62 75 78 86 100 105 111 116 120 125 
0 1 5 10 19 23 36 43 48 54 58 62 75 78 81 86 100 105 111 120 125 
0 1 5 10 19 23 36 43 48 54 59 62 75 78 81 86 100 105 111 120 125 
0 1 5 10 19 24 30 34 43 48 52 57 69 74 78 86 111 116 120 125 
0 1 5 10 19 24 30 34 43 48 52 69 74 78 86 106 111 116 120 125 
0 1 5 10 19 24 30 34 43 48 55 60 65 86 101 106 111 116 120 125 
0 1 5 10 19 24 30 34 43 48 55 60 78 86 101 106 111 116 120 125 
0 1 5 10 19 24 30 34 43 48 55 65 74 86 101 106 111 116 120 125 
0 1 5 10 19 24 30 34 43 48 55 74 78 86 101 106 111 116 120 125 
0 1 5 10 19 24 30 34 43 48 57 65 69 74 86 101 111 116 120 125 
0 1 5 10 19 24 30 34 43 48 57 69 74 78 86 101 111 116 120 125 
0 1 5 10 19 24 30 34 43 48 60 65 69 86 101 106 111 116 120 125 
0 1 5 10 19 24 30 34 43 48 60 69 78 86 101 106 111 116 120 125 
0 1 5 10 19 24 30 34 43 48 65 69 74 86 101 106 111 116 120 125 
0 1 5 10 19 24 30 34 43 48 69 74 78 86 101 106 111 116 120 125 
0 1 5 10 19 24 30 36 43 48 55 60 65 81 86 101 106 111 120 125 
0 1 5 10 19 24 30 36 43 48 55 60 78 81 86 101 106 111 120 125 
0 1 5 10 19 24 30 36 43 48 55 65 74 81 86 101 106 111 120 125 
0 1 5 10 19 24 30 36 43 48 55 74 78 81 86 101 106 111 120 125 
0 1 5 10 19 24 30 36 43 48 57 65 69 74 81 86 101 111 120 125 
0 1 5 10 19 24 30 36 43 48 57 69 74 78 81 86 101 111 120 125 
0 1 5 10 19 24 30 36 43 48 60 65 69 81 86 101 106 111 120 125 
0 1 5 10 19 24 30 36 43 48 60 69 78 81 86 101 106 111 120 125 
0 1 5 10 19 24 30 36 43 48 65 69 74 81 86 101 106 111 120 125 
0 1 5 10 19 24 34 43 48 52 60 69 77 78 86 106 111 116 120 125 
0 1 5 10 19 24 34 43 48 55 60 65 77 86 101 106 111 116 120 125 
0 1 5 10 19 24 34 43 48 55 60 77 78 86 101 106 111 116 120 125 
0 1 5 10 19 24 34 43 48 59 62 69 75 78 86 101 105 111 116 120 125 
0 1 5 10 19 24 34 43 48 60 65 69 77 86 101 106 111 116 120 125 
0 1 5 10 19 24 34 43 48 60 69 77 78 86 101 106 111 116 120 125 
0 1 5 10 19 24 36 43 48 59 62 69 75 78 81 86 101 105 111 120 125 
0 1 5 10 19 25 30 34 43 48 54 58 70 75 78 86 100 111 116 120 125 
0 1 5 10 19 25 30 34 43 48 54 60 70 78 86 100 106 111 116 120 125 
0 1 5 10 19 25 34 43 48 54 58 62 70 75 78 86 100 111 116 120 125 
0 1 5 10 19 25 34 43 48 54 60 65 71 77 86 101 107 111 116 120 125 
0 1 5 10 19 25 34 43 48 54 60 70 77 78 86 100 106 111 116 120 125 
0 1 5 10 19 25 34 43 48 54 60 70 77 78 86 100 107 111 116 120 125 
0 1 5 10 19 25 34 43 48 54 60 71 77 78 86 100 107 111 116 120 125 
0 1 5 10 19 25 34 43 48 54 60 71 77 78 86 101 107 111 116 120 125 
0 1 5 10 19 25 34 43 48 54 62 65 71 75 86 101 107 111 116 120 125 
0 1 5 10 19 25 34 43 48 54 62 70 75 78 86 100 107 111 116 120 125 
0 1 5 10 19 25 34 43 48 54 62 71 75 78 86 100 107 111 116 120 125 
0 1 5 10 19 25 34 43 48 54 62 71 75 78 86 101 107 111 116 120 125 
0 1 5 10 19 25 36 43 48 54 58 62 70 75 78 81 86 100 111 120 125 
0 1 5 10 19 27 34 43 48 55 60 65 72 77 86 101 111 116 120 125 
0 1 5 10 19 27 34 43 48 55 60 72 77 78 86 101 111 116 120 125 
0 1 5 10 19 30 34 43 48 55 60 65 72 86 101 106 111 116 120 125 
0 1 5 10 19 30 34 43 48 55 60 72 78 86 101 106 111 116 120 125 
0 1 5 10 19 30 36 43 48 55 60 65 72 81 86 101 106 111 120 125 
0 1 5 10 19 34 43 48 54 59 62 65 71 75 86 101 105 111 116 120 125 
0 1 5 10 19 34 43 48 54 59 62 71 75 78 86 100 105 111 116 120 125 
0 1 5 10 19 34 43 48 54 59 62 71 75 78 86 101 105 111 116 120 125 
0 1 5 10 19 34 43 48 55 60 65 72 77 86 101 106 111 116 120 125 
0 1 5 10 19 34 43 48 55 60 72 77 78 86 101 106 111 116 120 125 
0 1 5 10 20 24 30 34 43 48 53 60 65 70 86 106 111 116 120 125 
0 1 5 10 20 24 30 34 43 48 53 65 70 74 86 106 111 116 120 125 
0 1 5 10 20 24 30 34 43 48 55 60 65 86 101 106 111 116 120 125 
0 1 5 10 20 24 30 34 43 48 55 65 74 86 101 106 111 116 120 125 
0 1 5 10 20 24 30 36 43 48 53 60 65 70 81 86 106 111 120 125 
0 1 5 10 20 24 30 36 43 48 53 65 70 74 81 86 106 111 120 125 
0 1 5 10 20 24 30 36 43 48 55 60 65 81 86 101 106 111 120 125 
0 1 5 10 20 24 30 36 43 48 55 65 74 81 86 101 106 111 120 125 
0 1 5 10 20 24 34 43 48 53 60 65 70 77 86 106 111 116 120 125 
0 1 5 10 20 24 34 43 48 55 60 65 77 86 101 106 111 116 120 125 
0 1 5 10 20 25 30 34 43 48 53 58 65 70 75 86 111 116 120 125 
0 1 5 10 20 25 30 34 43 48 53 60 65 70 86 106 111 116 120 125 
0 1 5 10 20 25 30 34 43 48 58 65 70 75 86 102 111 116 120 125 
0 1 5 10 20 25 30 34 43 48 60 65 70 86 102 106 111 116 120 125 
0 1 5 10 20 25 30 36 43 48 53 58 65 70 75 81 86 111 120 125 
0 1 5 10 20 25 30 36 43 48 53 60 65 70 81 86 106 111 120 125 
0 1 5 10 20 25 30 36 43 48 58 65 70 75 81 86 102 111 120 125 
0 1 5 10 20 25 30 36 43 48 60 65 70 81 86 102 106 111 120 125 
0 1 5 10 20 25 34 43 48 53 58 62 65 70 75 86 111 116 120 125 
0 1 5 10 20 25 34 43 48 53 60 65 70 77 86 106 111 116 120 125 
0 1 5 10 20 25 34 43 48 53 60 65 70 77 86 107 111 116 120 125 
0 1 5 10 20 25 34 43 48 53 62 65 70 75 86 107 111 116 120 125 
0 1 5 10 20 25 34 43 48 56 60 65 77 86 102 107 111 116 120 125 
0 1 5 10 20 25 34 43 48 56 62 65 75 86 102 107 111 116 120 125 
0 1 5 10 20 25 34 43 48 58 62 65 70 75 86 102 111 116 120 125 
0 1 5 10 20 25 34 43 48 60 65 70 77 86 102 106 111 116 120 125 
0 1 5 10 20 25 34 43 48 60 65 70 77 86 102 107 111 116 120 125 
0 1 5 10 20 25 34 43 48 62 65 70 75 86 102 107 111 116 120 125 
0 1 5 10 20 25 36 43 48 53 58 62 65 70 75 81 86 111 120 125 
0 1 5 10 20 25 36 43 48 53 62 65 70 75 81 86 107 111 120 125 
0 1 5 10 20 25 36 43 48 56 62 65 75 81 86 102 107 111 120 125 
0 1 5 10 20 25 36 43 48 58 62 65 70 75 81 86 102 111 120 125 
0 1 5 10 20 25 36 43 48 62 65 70 75 81 86 102 107 111 120 125 
0 1 5 10 20 27 34 43 48 55 60 65 72 77 86 101 111 116 120 125 
0 1 5 10 20 30 34 43 48 53 58 65 70 74 86 104 111 116 120 125 
0 1 5 10 20 30 34 43 48 53 58 65 70 75 86 104 111 116 120 125 
0 1 5 10 20 30 34 43 48 55 60 65 72 86 101 106 111 116 120 125 
0 1 5 10 20 30 34 43 48 55 60 65 72 86 102 106 111 116 120 125 
0 1 5 10 20 30 36 43 48 53 58 65 70 74 81 86 104 111 120 125 
0 1 5 10 20 30 36 43 48 53 58 65 70 75 81 86 104 111 120 125 
0 1 5 10 20 30 36 43 48 55 60 65 72 81 86 101 106 111 120 125 
0 1 5 10 20 30 36 43 48 55 60 65 72 81 86 102 106 111 120 125 
0 1 5 10 20 34 43 48 53 58 62 65 70 75 86 104 111 116 120 125 
0 1 5 10 20 34 43 48 55 60 65 72 77 86 101 106 111 116 120 125 
0 1 5 10 20 34 43 48 55 60 65 72 77 86 102 106 111 116 120 125 
0 1 5 10 20 36 43 48 53 58 62 65 70 75 81 86 104 111 120 125 
0 1 5 10 22 30 34 43 48 53 57 65 74 86 99 104 111 116 120 125 
0 1 5 10 22 30 34 43 48 53 58 65 74 86 99 104 111 116 120 125 
0 1 5 10 22 30 34 43 48 53 58 65 75 86 99 104 111 116 120 125 
0 1 5 10 22 30 36 43 48 53 57 65 74 81 86 99 104 111 120 125 
0 1 5 10 22 30 36 43 48 53 58 65 74 81 86 99 104 111 120 125 
0 1 5 10 22 30 36 43 48 53 58 65 75 81 86 99 104 111 120 125 
0 1 5 10 22 34 43 48 53 58 62 65 75 86 99 104 111 116 120 125 
0 1 5 10 22 36 43 48 53 58 62 65 75 81 86 99 104 111 120 125 
0 1 5 10 24 30 34 43 48 53 57 65 69 74 86 99 111 116 120 125 
0 1 5 10 24 30 34 43 48 53 60 65 69 86 99 106 111 116 120 125 
0 1 5 10 24 30 34 43 48 53 60 65 70 86 99 106 111 116 120 125 
0 1 5 10 24 30 34 43 48 53 65 69 74 86 99 106 111 116 120 125 
0 1 5 10 24 30 34 43 48 53 65 70 74 86 99 106 111 116 120 125 
0 1 5 10 24 30 36 43 48 53 57 65 69 74 81 86 99 111 120 125 
0 1 5 10 24 30 36 43 48 53 60 65 69 81 86 99 106 111 120 125 
0 1 5 10 24 30 36 43 48 53 60 65 70 81 86 99 106 111 120 125 
0 1 5 10 24 30 36 43 48 53 65 69 74 81 86 99 106 111 120 125 
0 1 5 10 24 30 36 43 48 53 65 70 74 81 86 99 106 111 120 125 
0 1 5 10 24 34 43 48 53 60 65 69 77 86 99 106 111 116 120 125 
0 1 5 10 24 34 43 48 53 60 65 70 77 86 99 106 111 116 120 125 
0 1 5 10 25 30 34 43 48 53 58 65 70 75 86 99 111 116 120 125 
0 1 5 10 25 30 34 43 48 53 60 65 70 86 99 106 111 116 120 125 
0 1 5 10 25 30 36 43 48 53 58 65 70 75 81 86 99 111 120 125 
0 1 5 10 25 30 36 43 48 53 60 65 70 81 86 99 106 111 120 125 
0 1 5 10 25 34 43 48 53 58 62 65 70 75 86 99 111 116 120 125 
0 1 5 10 25 34 43 48 53 60 65 70 77 86 99 106 111 116 120 125 
0 1 5 10 25 34 43 48 53 60 65 70 77 86 99 107 111 116 120 125 
0 1 5 10 25 34 43 48 53 62 65 70 75 86 99 107 111 116 120 125 
0 1 5 10 25 36 43 48 53 58 62 65 70 75 81 86 99 111 120 125 
0 1 5 10 25 36 43 48 53 62 65 70 75 81 86 99 107 111 120 125 
0 1 5 10 30 34 43 48 53 58 65 70 74 86 99 104 111 116 120 125 
0 1 5 10 30 34 43 48 53 58 65 70 75 86 99 104 111 116 120 125 
0 1 5 10 30 36 43 48 53 58 65 70 74 81 86 99 104 111 120 125 
0 1 5 10 30 36 43 48 53 58 65 70 75 81 86 99 104 111 120 125 
0 1 5 10 34 43 48 53 58 62 65 70 75 86 99 104 111 116 120 125 
0 1 5 10 36 43 48 53 58 62 65 70 75 81 86 99 104 111 120 125 
0 1 5 12 17 21 30 34 40 50 57 67 74 86 95 103 111 116 122 
0 1 5 12 17 21 30 34 40 52 57 74 86 95 98 103 111 116 122 
0 1 5 12 17 21 30 34 41 50 57 67 74 86 95 103 111 116 122 
0 1 5 12 17 21 30 34 41 50 57 67 74 86 95 103 111 116 123 
0 1 5 12 17 21 30 34 41 52 57 74 86 95 98 103 111 116 122 
0 1 5 12 17 21 30 34 41 52 57 74 86 95 98 103 111 116 123 
0 1 5 12 17 21 30 36 40 52 57 74 81 86 95 98 103 111 122 
0 1 5 12 17 21 30 36 41 50 57 67 74 81 86 95 103 111 122 
0 1 5 12 17 21 30 36 41 50 57 67 74 81 86 95 103 111 123 
0 1 5 12 17 21 30 36 41 52 57 74 81 86 95 98 103 111 122 
0 1 5 12 17 21 30 36 41 52 57 74 81 86 95 98 103 111 123 
0 1 5 12 17 22 27 34 40 48 55 60 67 72 77 86 99 111 116 122 
0 1 5 12 17 22 27 34 40 50 55 60 67 72 77 86 95 111 116 122 
0 1 5 12 17 22 27 34 40 55 60 67 72 77 86 95 99 111 116 122 
0 1 5 12 17 22 27 34 41 48 55 60 67 72 77 86 99 111 116 122 
0 1 5 12 17 22 27 34 41 48 55 60 67 72 77 86 99 111 116 123 
0 1 5 12 17 22 27 34 41 50 55 60 67 72 77 86 95 111 116 122 
0 1 5 12 17 22 27 34 41 50 55 60 67 72 77 86 95 111 116 123 
0 1 5 12 17 22 27 34 41 55 60 67 72 77 86 95 99 111 116 122 
0 1 5 12 17 22 27 34 41 55 60 67 72 77 86 95 99 111 116 123 
0 1 5 12 17 22 27 36 40 48 55 60 67 72 77 81 86 99 111 122 
0 1 5 12 17 22 27 36 40 50 55 60 67 72 77 81 86 95 111 122 
0 1 5 12 17 22 27 36 40 55 60 67 72 77 81 86 95 99 111 122 
0 1 5 12 17 22 27 36 41 48 55 60 67 72 77 81 86 99 111 122 
0 1 5 12 17 22 27 36 41 48 55 60 67 72 77 81 86 99 111 123 
0 1 5 12 17 22 27 36 41 50 55 60 67 72 77 81 86 95 111 122 
0 1 5 12 17 22 27 36 41 50 55 60 67 72 77 81 86 95 111 123 
0 1 5 12 17 22 27 36 41 55 60 67 72 77 81 86 95 99 111 122 
0 1 5 12 17 22 27 36 41 55 60 67 72 77 81 86 95 99 111 123 
0 1 5 12 17 22 30 34 40 48 53 57 74 86 99 104 111 116 122 
0 1 5 12 17 22 30 34 40 48 53 58 74 86 99 104 111 116 122 
0 1 5 12 17 22 30 34 40 48 53 58 75 86 99 104 111 116 122 
0 1 5 12 17 22 30 34 40 48 55 60 67 72 86 99 106 111 116 122 
0 1 5 12 17 22 30 34 40 48 57 67 74 86 99 103 111 116 122 
0 1 5 12 17 22 30 34 40 48 57 67 74 86 99 104 111 116 122 
0 1 5 12 17 22 30 34 40 48 58 67 74 86 99 104 111 116 122 
0 1 5 12 17 22 30 34 40 48 58 67 75 86 99 104 111 116 122 
0 1 5 12 17 22 30 34 40 50 55 60 67 72 86 95 106 111 116 122 
0 1 5 12 17 22 30 34 40 50 57 67 74 86 95 103 111 116 122 
0 1 5 12 17 22 30 34 40 50 57 67 74 86 95 104 111 116 122 
0 1 5 12 17 22 30 34 40 50 58 67 74 86 95 104 111 116 122 
0 1 5 12 17 22 30 34 40 50 58 67 75 86 95 104 111 116 122 
0 1 5 12 17 22 30 34 40 53 57 74 86 95 99 104 111 116 122 
0 1 5 12 17 22 30 34 40 53 58 74 86 95 99 104 111 116 122 
0 1 5 12 17 22 30 34 40 53 58 75 86 95 99 104 111 116 122 
0 1 5 12 17 22 30 34 40 55 60 67 72 86 95 99 106 111 116 122 
0 1 5 12 17 22 30 34 40 57 67 74 86 95 99 103 111 116 122 
0 1 5 12 17 22 30 34 40 57 67 74 86 95 99 104 111 116 122 
0 1 5 12 17 22 30 34 40 58 67 74 86 95 99 104 111 116 122 
0 1 5 12 17 22 30 34 40 58 67 75 86 95 99 104 111 116 122 
0 1 5 12 17 22 30 34 41 48 53 57 74 86 99 104 111 116 122 
0 1 5 12 17 22 30 34 41 48 53 57 74 86 99 104 111 116 123 
0 1 5 12 17 22 30 34 41 48 53 58 74 86 99 104 111 116 122 
0 1 5 12 17 22 30 34 41 48 53 58 74 86 99 104 111 116 123 
0 1 5 12 17 22 30 34 41 48 53 58 75 86 99 104 111 116 122 
0 1 5 12 17 22 30 34 41 48 53 58 75 86 99 104 111 116 123 
0 1 5 12 17 22 30 34 41 48 55 60 67 72 86 99 106 111 116 122 
0 1 5 12 17 22 30 34 41 48 55 60 67 72 86 99 106 111 116 123 
0 1 5 12 17 22 30 34 41 48 57 67 74 86 99 103 111 116 123 
0 1 5 12 17 22 30 34 41 48 57 67 74 86 99 104 111 116 122 
0 1 5 12 17 22 30 34 41 48 57 67 74 86 99 104 111 116 123 
0 1 5 12 17 22 30 34 41 48 58 67 74 86 99 104 111 116 122 
0 1 5 12 17 22 30 34 41 48 58 67 74 86 99 104 111 116 123 
0 1 5 12 17 22 30 34 41 48 58 67 75 86 99 104 111 116 122 
0 1 5 12 17 22 30 34 41 48 58 67 75 86 99 104 111 116 123 
0 1 5 12 17 22 30 34 41 50 55 60 67 72 86 95 106 111 116 122 
0 1 5 12 17 22 30 34 41 50 55 60 67 72 86 95 106 111 116 123 
0 1 5 12 17 22 30 34 41 50 57 67 74 86 95 103 111 116 122 
0 1 5 12 17 22 30 34 41 50 57 67 74 86 95 103 111 116 123 
0 1 5 12 17 22 30 34 41 50 57 67 74 86 95 104 111 116 122 
0 1 5 12 17 22 30 34 41 50 57 67 74 86 95 104 111 116 123 
0 1 5 12 17 22 30 34 41 50 58 67 74 86 95 104 111 116 122 
0 1 5 12 17 22 30 34 41 50 58 67 74 86 95 104 111 116 123 
0 1 5 12 17 22 30 34 41 50 58 67 75 86 95 104 111 116 122 
0 1 5 12 17 22 30 34 41 50 58 67 75 86 95 104 111 116 123 
0 1 5 12 17 22 30 34 41 53 57 74 86 95 99 104 111 116 123 
0 1 5 12 17 22 30 34 41 53 58 74 86 95 99 104 111 116 122 
0 1 5 12 17 22 30 34 41 53 58 74 86 95 99 104 111 116 123 
0 1 5 12 17 22 30 34 41 53 58 75 86 95 99 104 111 116 122 
0 1 5 12 17 22 30 34 41 53 58 75 86 95 99 104 111 116 123 
0 1 5 12 17 22 30 34 41 55 60 67 72 86 95 99 106 111 116 122 
0 1 5 12 17 22 30 34 41 55 60 67 72 86 95 99 106 111 116 123 
0 1 5 12 17 22 30 34 41 57 67 74 86 95 99 103 111 116 122 
0 1 5 12 17 22 30 34 41 57 67 74 86 95 99 103 111 116 123 
0 1 5 12 17 22 30 34 41 57 67 74 86 95 99 104 111 116 122 
0 1 5 12 17 22 30 34 41 57 67 74 86 95 99 104 111 116 123 
0 1 5 12 17 22 30 34 41 58 67 74 86 95 99 104 111 116 122 
0 1 5 12 17 22 30 34 41 58 67 74 86 95 99 104 111 116 123 
0 1 5 12 17 22 30 34 41 58 67 75 86 95 99 104 111 116 122 
0 1 5 12 17 22 30 34 41 58 67 75 86 95 99 104 111 116 123 
0 1 5 12 17 22 30 36 40 48 53 57 74 81 86 99 104 111 122 
0 1 5 12 17 22 30 36 40 48 53 58 74 81 86 99 104 111 122 
0 1 5 12 17 22 30 36 40 48 53 58 75 81 86 99 104 111 122 
0 1 5 12 17 22 30 36 40 48 55 60 67 72 81 86 99 106 111 122 
0 1 5 12 17 22 30 36 40 48 57 67 74 81 86 99 103 111 122 
0 1 5 12 17 22 30 36 40 48 57 67 74 81 86 99 104 111 122 
0 1 5 12 17 22 30 36 40 48 58 67 74 81 86 99 104 111 122 
0 1 5 12 17 22 30 36 40 48 58 67 75 81 86 99 104 111 122 
0 1 5 12 17 22 30 36 40 50 55 60 67 72 81 86 95 106 111 122 
0 1 5 12 17 22 30 36 40 50 57 67 74 81 86 95 103 111 122 
0 1 5 12 17 22 30 36 40 50 57 67 74 81 86 95 104 111 122 
0 1 5 12 17 22 30 36 40 50 58 67 74 81 86 95 104 111 122 
0 1 5 12 17 22 30 36 40 50 58 67 75 81 86 95 104 111 122 
0 1 5 12 17 22 30 36 40 53 57 74 81 86 95 99 104 111 122 
0 1 5 12 17 22 30 36 40 53 58 74 81 86 95 99 104 111 122 
0 1 5 12 17 22 30 36 40 53 58 75 81 86 95 99 104 111 122 
0 1 5 12 17 22 30 36 40 55 60 67 72 81 86 95 99 106 111 122 
0 1 5 12 17 22 30 36 40 57 67 74 81 86 95 99 103 111 122 
0 1 5 12 17 22 30 36 40 57 67 74 81 86 95 99 104 111 122 
0 1 5 12 17 22 30 36 40 58 67 74 81 86 95 99 104 111 122 
0 1 5 12 17 22 30 36 40 58 67 75 81 86 95 99 104 111 122 
0 1 5 12 17 22 30 36 41 48 53 57 74 81 86 99 104 111 122 
0 1 5 12 17 22 30 36 41 48 53 57 74 81 86 99 104 111 123 
0 1 5 12 17 22 30 36 41 48 55 60 67 72 81 86 99 106 111 122 
0 1 5 12 17 22 30 36 41 48 55 60 67 72 81 86 99 106 111 123 
0 1 5 12 17 22 30 36 41 48 57 67 74 81 86 99 103 111 122 
0 1 5 12 17 22 30 36 41 48 57 67 74 81 86 99 103 111 123 
0 1 5 12 17 22 30 36 41 48 57 67 74 81 86 99 104 111 122 
0 1 5 12 17 22 30 36 41 48 57 67 74 81 86 99 104 111 123 
0 1 5 12 17 22 30 36 41 48 58 67 74 81 86 99 104 111 122 
0 1 5 12 17 22 30 36 41 48 58 67 74 81 86 99 104 111 123 
0 1 5 12 17 22 30 36 41 48 58 67 75 81 86 99 104 111 122 
0 1 5 12 17 22 30 36 41 48 58 67 75 81 86 99 104 111 123 
0 1 5 12 17 22 30 36 41 50 55 60 67 72 81 86 95 106 111 122 
0 1 5 12 17 22 30 36 41 50 55 60 67 72 81 86 95 106 111 123 
0 1 5 12 17 22 30 36 41 50 57 67 74 81 86 95 103 111 122 
0 1 5 12 17 22 30 36 41 50 57 67 74 81 86 95 103 111 123 
0 1 5 12 17 22 30 36 41 50 57 67 74 81 86 95 104 111 122 
0 1 5 12 17 22 30 36 41 50 57 67 74 81 86 95 104 111 123 
0 1 5 12 17 22 30 36 41 50 58 67 74 81 86 95 104 111 122 
0 1 5 12 17 22 30 36 41 50 58 67 74 81 86 95 104 111 123 
0 1 5 12 17 22 30 36 41 50 58 67 75 81 86 95 104 111 122 
0 1 5 12 17 22 30 36 41 50 58 67 75 81 86 95 104 111 123 
0 1 5 12 17 22 30 36 41 53 57 74 81 86 95 99 104 111 122 
0 1 5 12 17 22 30 36 41 53 57 74 81 86 95 99 104 111 123 
0 1 5 12 17 22 30 36 41 53 58 74 81 86 95 99 104 111 122 
0 1 5 12 17 22 30 36 41 53 58 74 81 86 95 99 104 111 123 
0 1 5 12 17 22 30 36 41 53 58 75 81 86 95 99 104 111 122 
0 1 5 12 17 22 30 36 41 53 58 75 81 86 95 99 104 111 123 
0 1 5 12 17 22 30 36 41 55 60 67 72 81 86 95 99 106 111 122 
0 1 5 12 17 22 30 36 41 55 60 67 72 81 86 95 99 106 111 123 
0 1 5 12 17 22 30 36 41 57 67 74 81 86 95 99 103 111 122 
0 1 5 12 17 22 30 36 41 57 67 74 81 86 95 99 103 111 123 
0 1 5 12 17 22 30 36 41 57 67 74 81 86 95 99 104 111 122 
0 1 5 12 17 22 30 36 41 57 67 74 81 86 95 99 104 111 123 
0 1 5 12 17 22 30 36 41 58 67 74 81 86 95 99 104 111 122 
0 1 5 12 17 22 30 36 41 58 67 75 81 86 95 99 104 111 122 
0 1 5 12 17 22 30 36 41 58 67 75 81 86 95 99 104 111 123 
0 1 5 12 17 22 34 40 48 53 58 62 75 86 99 104 111 116 122 
0 1 5 12 17 22 34 40 48 55 60 67 72 77 86 99 106 111 116 122 
0 1 5 12 17 22 34 40 48 58 62 67 75 86 99 104 111 116 122 
0 1 5 12 17 22 34 40 50 55 60 67 72 77 86 95 106 111 116 122 
0 1 5 12 17 22 34 40 50 58 62 67 75 86 95 104 111 116 122 
0 1 5 12 17 22 34 40 53 58 62 75 86 95 99 104 111 116 122 
0 1 5 12 17 22 34 40 55 60 67 72 77 86 95 99 106 111 116 122 
0 1 5 12 17 22 34 40 58 62 67 75 86 95 99 104 111 116 122 
0 1 5 12 17 22 34 41 48 55 60 67 72 77 86 99 106 111 116 122 
0 1 5 12 17 22 34 41 48 55 60 67 72 77 86 99 106 111 116 123 
0 1 5 12 17 22 34 41 48 58 62 67 75 86 99 104 111 116 122 
0 1 5 12 17 22 34 41 48 58 62 67 75 86 99 104 111 116 123 
0 1 5 12 17 22 34 41 50 55 60 67 72 77 86 95 106 111 116 122 
0 1 5 12 17 22 34 41 50 55 60 67 72 77 86 95 106 111 116 123 
0 1 5 12 17 22 34 41 50 58 62 67 75 86 95 104 111 116 122 
0 1 5 12 17 22 34 41 50 58 62 67 75 86 95 104 111 116 123 
0 1 5 12 17 22 34 41 53 58 62 75 86 95 99 104 111 116 122 
0 1 5 12 17 22 34 41 53 58 62 75 86 95 99 104 111 116 123 
0 1 5 12 17 22 34 41 55 60 67 72 77 86 95 99 106 111 116 122 
0 1 5 12 17 22 34 41 58 62 67 75 86 95 99 104 111 116 122 
0 1 5 12 17 22 34 41 58 62 67 75 86 95 99 104 111 116 123 
0 1 5 12 17 22 36 40 48 55 60 67 72 77 81 86 99 106 111 122 
0 1 5 12 17 22 36 40 48 58 62 67 75 81 86 99 104 111 122 
0 1 5 12 17 22 36 40 50 55 60 67 72 77 81 86 95 106 111 122 
0 1 5 12 17 22 36 40 50 58 62 67 75 81 86 95 104 111 122 
0 1 5 12 17 22 36 40 53 58 62 75 81 86 95 99 104 111 122 
0 1 5 12 17 22 36 40 55 60 67 72 77 81 86 95 99 106 111 122 
0 1 5 12 17 22 36 40 58 62 67 75 81 86 95 99 104 111 122 
0 1 5 12 17 22 36 41 48 55 60 67 72 77 81 86 99 106 111 122 
0 1 5 12 17 22 36 41 48 55 60 67 72 77 81 86 99 106 111 123 
0 1 5 12 17 22 36 41 48 58 62 67 75 81 86 99 104 111 122 
0 1 5 12 17 22 36 41 48 58 62 67 75 81 86 99 104 111 123 
0 1 5 12 17 22 36 41 50 55 60 67 72 77 81 86 95 106 111 122 
0 1 5 12 17 22 36 41 50 55 60 67 72 77 81 86 95 106 111 123 
0 1 5 12 17 22 36 41 50 58 62 67 75 81 86 95 104 111 122 
0 1 5 12 17 22 36 41 50 58 62 67 75 81 86 95 104 111 123 
0 1 5 12 17 22 36 41 53 58 62 75 81 86 95 99 104 111 122 
0 1 5 12 17 22 36 41 55 60 67 72 77 81 86 95 99 106 111 122 
0 1 5 12 17 22 36 41 55 60 67 72 77 81 86 95 99 106 111 123 
0 1 5 12 17 22 36 41 58 62 67 75 81 86 95 99 104 111 122 
0 1 5 12 17 23 30 34 40 52 58 68 75 86 95 98 104 111 116 122 
0 1 5 12 17 23 30 34 40 52 58 68 75 86 95 98 105 111 116 122 
0 1 5 12 17 23 30 34 40 52 58 69 75 86 95 98 105 111 116 122 
0 1 5 12 17 23 30 34 40 52 58 69 75 86 95 99 105 111 116 122 
0 1 5 12 17 23 30 34 41 52 58 68 75 86 95 98 104 111 116 122 
0 1 5 12 17 23 30 34 41 52 58 68 75 86 95 98 105 111 116 122 
0 1 5 12 17 23 30 34 41 52 58 68 75 86 95 98 105 111 116 123 
0 1 5 12 17 23 30 34 41 52 58 69 75 86 95 98 105 111 116 122 
0 1 5 12 17 23 30 34 41 52 58 69 75 86 95 98 105 111 116 123 
0 1 5 12 17 23 30 34 41 52 58 69 75 86 95 99 105 111 116 122 
0 1 5 12 17 23 30 34 41 52 58 69 75 86 95 99 105 111 116 123 
0 1 5 12 17 23 30 36 40 52 58 68 75 81 86 95 98 104 111 122 
0 1 5 12 17 23 30 36 41 52 58 68 75 81 86 95 98 104 111 122 
0 1 5 12 17 23 30 36 41 52 58 68 75 81 86 95 98 105 111 122 
0 1 5 12 17 23 30 36 41 52 58 69 75 81 86 95 98 105 111 122 
0 1 5 12 17 23 30 36 41 52 58 69 75 81 86 95 99 105 111 122 
0 1 5 12 17 23 34 40 48 52 58 62 69 75 86 99 105 111 116 122 
0 1 5 12 17 23 34 40 48 52 59 62 69 75 86 99 105 111 116 122 
0 1 5 12 17 23 34 40 52 58 62 68 75 86 95 98 104 111 116 122 
0 1 5 12 17 23 34 40 52 58 62 68 75 86 95 98 105 111 116 122 
0 1 5 12 17 23 34 40 52 58 62 69 75 86 95 98 105 111 116 122 
0 1 5 12 17 23 34 40 52 58 62 69 75 86 95 99 105 111 116 122 
0 1 5 12 17 23 34 40 52 59 62 68 75 86 95 98 105 111 116 122 
0 1 5 12 17 23 34 40 52 59 62 69 75 86 95 98 105 111 116 122 
0 1 5 12 17 23 34 40 52 59 62 69 75 86 95 99 105 111 116 122 
0 1 5 12 17 23 34 41 48 52 58 62 69 75 86 99 105 111 116 122 
0 1 5 12 17 23 34 41 48 52 58 62 69 75 86 99 105 111 116 123 
0 1 5 12 17 23 34 41 48 52 59 62 69 75 86 99 105 111 116 122 
0 1 5 12 17 23 34 41 48 52 59 62 69 75 86 99 105 111 116 123 
0 1 5 12 17 23 34 41 52 58 62 68 75 86 95 98 104 111 116 122 
0 1 5 12 17 23 34 41 52 58 62 68 75 86 95 98 105 111 116 122 
0 1 5 12 17 23 34 41 52 58 62 68 75 86 95 98 105 111 116 123 
0 1 5 12 17 23 34 41 52 58 62 69 75 86 95 98 105 111 116 122 
0 1 5 12 17 23 34 41 52 58 62 69 75 86 95 98 105 111 116 123 
0 1 5 12 17 23 34 41 52 58 62 69 75 86 95 99 105 111 116 122 
0 1 5 12 17 23 34 41 52 59 62 68 75 86 95 98 105 111 116 122 
0 1 5 12 17 23 34 41 52 59 62 68 75 86 95 98 105 111 116 123 
0 1 5 12 17 23 34 41 52 59 62 69 75 86 95 98 105 111 116 122 
0 1 5 12 17 23 34 41 52 59 62 69 75 86 95 99 105 111 116 122 
0 1 5 12 17 23 36 40 48 52 58 62 69 75 81 86 99 105 111 122 
0 1 5 12 17 23 36 40 52 58 62 68 75 81 86 95 98 104 111 122 
0 1 5 12 17 23 36 41 48 52 58 62 69 75 81 86 99 105 111 122 
0 1 5 12 17 23 36 41 48 52 58 62 69 75 81 86 99 105 111 123 
0 1 5 12 17 23 36 41 52 58 62 68 75 81 86 95 98 104 111 122 
0 1 5 12 17 23 36 41 52 58 62 68 75 81 86 95 98 105 111 122 
0 1 5 12 17 23 36 41 52 58 62 69 75 81 86 95 99 105 111 122 
0 1 5 12 17 23 36 41 52 59 62 69 75 81 86 95 99 105 111 122 
0 1 5 12 17 23 36 41 52 59 62 69 75 81 86 95 99 105 111 123 
0 1 5 12 17 24 30 34 40 48 52 57 69 74 86 99 111 116 122 
0 1 5 12 17 24 30 34 40 48 52 60 69 86 99 106 111 116 122 
0 1 5 12 17 24 30 34 40 48 52 69 74 86 99 106 111 116 122 
0 1 5 12 17 24 30 34 40 48 53 57 69 74 86 99 111 116 122 
0 1 5 12 17 24 30 34 40 48 53 60 69 86 99 106 111 116 122 
0 1 5 12 17 24 30 34 40 48 53 60 70 86 99 106 111 116 122 
0 1 5 12 17 24 30 34 40 48 53 69 74 86 99 106 111 116 122 
0 1 5 12 17 24 30 34 40 50 55 60 67 86 95 101 106 111 116 122 
0 1 5 12 17 24 30 34 40 50 55 67 74 86 95 101 106 111 116 122 
0 1 5 12 17 24 30 34 40 52 57 69 74 86 95 98 111 116 122 
0 1 5 12 17 24 30 34 40 52 57 69 74 86 95 99 111 116 122 
0 1 5 12 17 24 30 34 40 52 60 69 86 95 98 106 111 116 122 
0 1 5 12 17 24 30 34 40 52 60 69 86 95 99 106 111 116 122 
0 1 5 12 17 24 30 34 40 52 69 74 86 95 98 106 111 116 122 
0 1 5 12 17 24 30 34 40 52 69 74 86 95 99 106 111 116 122 
0 1 5 12 17 24 30 34 40 53 57 69 74 86 95 99 111 116 122 
0 1 5 12 17 24 30 34 40 53 60 69 86 95 99 106 111 116 122 
0 1 5 12 17 24 30 34 40 53 60 70 86 95 99 106 111 116 122 
0 1 5 12 17 24 30 34 40 53 69 74 86 95 99 106 111 116 122 
0 1 5 12 17 24 30 34 41 48 52 57 69 74 86 99 111 116 122 
0 1 5 12 17 24 30 34 41 48 52 57 69 74 86 99 111 116 123 
0 1 5 12 17 24 30 34 41 48 52 60 69 86 99 106 111 116 122 
0 1 5 12 17 24 30 34 41 48 52 60 69 86 99 106 111 116 123 
0 1 5 12 17 24 30 34 41 48 52 69 74 86 99 106 111 116 122 
0 1 5 12 17 24 30 34 41 48 52 69 74 86 99 106 111 116 123 
0 1 5 12 17 24 30 34 41 48 53 60 69 86 99 106 111 116 122 
0 1 5 12 17 24 30 34 41 48 53 60 69 86 99 106 111 116 123 
0 1 5 12 17 24 30 34 41 48 53 60 70 86 99 106 111 116 122 
0 1 5 12 17 24 30 34 41 48 53 60 70 86 99 106 111 116 123 
0 1 5 12 17 24 30 34 41 48 53 69 74 86 99 106 111 116 123 
0 1 5 12 17 24 30 34 41 50 55 60 67 86 95 101 106 111 116 122 
0 1 5 12 17 24 30 34 41 50 55 67 74 86 95 101 106 111 116 122 
0 1 5 12 17 24 30 34 41 52 57 69 74 86 95 98 111 116 122 
0 1 5 12 17 24 30 34 41 52 57 69 74 86 95 98 111 116 123 
0 1 5 12 17 24 30 34 41 52 57 69 74 86 95 99 111 116 122 
0 1 5 12 17 24 30 34 41 52 57 69 74 86 95 99 111 116 123 
0 1 5 12 17 24 30 34 41 52 60 69 86 95 98 106 111 116 122 
0 1 5 12 17 24 30 34 41 52 60 69 86 95 99 106 111 116 122 
0 1 5 12 17 24 30 34 41 52 69 74 86 95 98 106 111 116 122 
0 1 5 12 17 24 30 34 41 52 69 74 86 95 99 106 111 116 122 
0 1 5 12 17 24 30 34 41 53 60 70 86 95 99 106 111 116 122 
0 1 5 12 17 24 30 36 40 48 52 57 69 74 81 86 99 111 122 
0 1 5 12 17 24 30 36 40 48 52 60 69 81 86 99 106 111 122 
0 1 5 12 17 24 30 36 40 48 52 69 74 81 86 99 106 111 122 
0 1 5 12 17 24 30 36 40 48 53 60 69 81 86 99 106 111 122 
0 1 5 12 17 24 30 36 40 48 53 60 70 81 86 99 106 111 122 
0 1 5 12 17 24 30 36 40 48 53 69 74 81 86 99 106 111 122 
0 1 5 12 17 24 30 36 40 48 53 70 74 81 86 99 106 111 122 
0 1 5 12 17 24 30 36 40 50 55 60 67 81 86 95 101 106 111 122 
0 1 5 12 17 24 30 36 40 50 55 67 74 81 86 95 101 106 111 122 
0 1 5 12 17 24 30 36 40 52 60 69 81 86 95 98 106 111 122 
0 1 5 12 17 24 30 36 40 52 60 69 81 86 95 99 106 111 122 
0 1 5 12 17 24 30 36 40 52 69 74 81 86 95 98 106 111 122 
0 1 5 12 17 24 30 36 40 52 69 74 81 86 95 99 106 111 122 
0 1 5 12 17 24 30 36 40 53 60 69 81 86 95 99 106 111 122 
0 1 5 12 17 24 30 36 40 53 60 70 81 86 95 99 106 111 122 
0 1 5 12 17 24 30 36 41 48 52 57 69 74 81 86 99 111 122 
0 1 5 12 17 24 30 36 41 48 52 57 69 74 81 86 99 111 123 
0 1 5 12 17 24 30 36 41 48 52 69 74 81 86 99 106 111 122 
0 1 5 12 17 24 30 36 41 48 53 57 69 74 81 86 99 111 122 
0 1 5 12 17 24 30 36 41 48 53 57 69 74 81 86 99 111 123 
0 1 5 12 17 24 30 36 41 48 53 60 69 81 86 99 106 111 122 
0 1 5 12 17 24 30 36 41 48 53 60 69 81 86 99 106 111 123 
0 1 5 12 17 24 30 36 41 48 53 60 70 81 86 99 106 111 122 
0 1 5 12 17 24 30 36 41 48 53 60 70 81 86 99 106 111 123 
0 1 5 12 17 24 30 36 41 48 53 69 74 81 86 99 106 111 123 
0 1 5 12 17 24 30 36 41 48 53 70 74 81 86 99 106 111 122 
0 1 5 12 17 24 30 36 41 48 53 70 74 81 86 99 106 111 123 
0 1 5 12 17 24 30 36 41 50 55 60 67 81 86 95 101 106 111 122 
0 1 5 12 17 24 30 36 41 50 55 67 74 81 86 95 101 106 111 122 
0 1 5 12 17 24 30 36 41 52 57 69 74 81 86 95 98 111 122 
0 1 5 12 17 24 30 36 41 52 57 69 74 81 86 95 99 111 122 
0 1 5 12 17 24 30 36 41 52 57 69 74 81 86 95 99 111 123 
0 1 5 12 17 24 30 36 41 52 60 69 81 86 95 98 106 111 122 
0 1 5 12 17 24 30 36 41 52 60 69 81 86 95 98 106 111 123 
0 1 5 12 17 24 30 36 41 52 60 69 81 86 95 99 106 111 122 
0 1 5 12 17 24 30 36 41 52 60 69 81 86 95 99 106 111 123 
0 1 5 12 17 24 30 36 41 52 69 74 81 86 95 99 106 111 122 
0 1 5 12 17 24 30 36 41 53 57 69 74 81 86 95 99 111 123 
0 1 5 12 17 24 30 36 41 53 60 70 81 86 95 99 106 111 122 
0 1 5 12 17 24 34 40 48 52 60 69 77 86 99 106 111 116 122 
0 1 5 12 17 24 34 40 48 53 60 69 77 86 99 106 111 116 122 
0 1 5 12 17 24 34 40 48 53 60 70 77 86 99 106 111 116 122 
0 1 5 12 17 24 34 40 50 55 60 67 77 86 95 101 106 111 116 122 
0 1 5 12 17 24 34 40 52 60 69 77 86 95 98 106 111 116 122 
0 1 5 12 17 24 34 40 52 60 69 77 86 95 99 106 111 116 122 
0 1 5 12 17 24 34 40 53 60 70 77 86 95 99 106 111 116 122 
0 1 5 12 17 24 34 41 48 52 60 69 77 86 99 106 111 116 122 
0 1 5 12 17 24 34 41 48 52 60 69 77 86 99 106 111 116 123 
0 1 5 12 17 24 34 41 50 55 60 67 77 86 95 101 106 111 116 122 
0 1 5 12 17 24 34 41 52 60 69 77 86 95 98 106 111 116 122 
0 1 5 12 17 24 34 41 52 60 69 77 86 95 99 106 111 116 122 
0 1 5 12 17 24 36 40 48 52 60 69 77 81 86 99 106 111 122 
0 1 5 12 17 24 36 40 48 53 60 69 77 81 86 99 106 111 122 
0 1 5 12 17 24 36 40 48 53 60 70 77 81 86 99 106 111 122 
0 1 5 12 17 24 36 40 50 55 60 67 77 81 86 95 101 106 111 122 
0 1 5 12 17 24 36 40 52 60 69 77 81 86 95 99 106 111 122 
0 1 5 12 17 24 36 40 53 60 70 77 81 86 95 99 106 111 122 
0 1 5 12 17 24 36 41 48 52 60 69 77 81 86 99 106 111 122 
0 1 5 12 17 24 36 41 48 52 60 69 77 81 86 99 106 111 123 
0 1 5 12 17 24 36 41 50 55 60 67 77 81 86 95 101 106 111 122 
0 1 5 12 17 24 36 41 52 60 69 77 81 86 95 99 106 111 122 
0 1 5 12 17 25 30 34 40 48 53 58 70 75 86 99 111 116 122 
0 1 5 12 17 25 30 34 40 48 53 60 70 86 99 106 111 116 122 
0 1 5 12 17 25 30 34 40 53 58 70 75 86 95 99 111 116 122 
0 1 5 12 17 25 30 34 40 53 60 70 86 95 99 106 111 116 122 
0 1 5 12 17 25 30 34 41 48 53 58 70 75 86 99 111 116 122 
0 1 5 12 17 25 30 34 41 48 53 58 70 75 86 99 111 116 123 
0 1 5 12 17 25 30 34 41 48 53 60 70 86 99 106 111 116 122 
0 1 5 12 17 25 30 34 41 48 53 60 70 86 99 106 111 116 123 
0 1 5 12 17 25 30 34 41 53 58 70 75 86 95 99 111 116 122 
0 1 5 12 17 25 30 34 41 53 58 70 75 86 95 99 111 116 123 
0 1 5 12 17 25 30 34 41 53 60 70 86 95 99 106 111 116 122 
0 1 5 12 17 25 30 36 40 48 53 58 70 75 81 86 99 111 122 
0 1 5 12 17 25 30 36 40 48 53 60 70 81 86 99 106 111 122 
0 1 5 12 17 25 30 36 40 53 58 70 75 81 86 95 99 111 122 
0 1 5 12 17 25 30 36 40 53 60 70 81 86 95 99 106 111 122 
0 1 5 12 17 25 30 36 41 48 53 58 70 75 81 86 99 111 122 
0 1 5 12 17 25 30 36 41 48 53 58 70 75 81 86 99 111 123 
0 1 5 12 17 25 30 36 41 48 53 60 70 81 86 99 106 111 122 
0 1 5 12 17 25 30 36 41 48 53 60 70 81 86 99 106 111 123 
0 1 5 12 17 25 30 36 41 53 58 70 75 81 86 95 99 111 122 
0 1 5 12 17 25 30 36 41 53 60 70 81 86 95 99 106 111 122 
0 1 5 12 17 25 30 36 41 53 60 70 81 86 95 99 106 111 123 
0 1 5 12 17 25 34 40 48 53 58 62 70 75 86 99 111 116 122 
0 1 5 12 17 25 34 40 48 53 60 70 77 86 99 106 111 116 122 
0 1 5 12 17 25 34 40 48 53 60 70 77 86 99 107 111 116 122 
0 1 5 12 17 25 34 40 48 53 62 70 75 86 99 107 111 116 122 
0 1 5 12 17 25 34 40 53 58 62 70 75 86 95 99 111 116 122 
0 1 5 12 17 25 34 40 53 60 70 77 86 95 99 106 111 116 122 
0 1 5 12 17 25 34 40 53 60 70 77 86 95 99 107 111 116 122 
0 1 5 12 17 25 34 40 53 62 70 75 86 95 99 107 111 116 122 
0 1 5 12 17 25 34 41 48 53 58 62 70 75 86 99 111 116 122 
0 1 5 12 17 25 34 41 48 53 58 62 70 75 86 99 111 116 123 
0 1 5 12 17 25 34 41 48 53 60 70 77 86 99 106 111 116 122 
0 1 5 12 17 25 34 41 48 53 60 70 77 86 99 106 111 116 123 
0 1 5 12 17 25 34 41 48 53 60 70 77 86 99 107 111 116 122 
0 1 5 12 17 25 34 41 48 53 60 70 77 86 99 107 111 116 123 
0 1 5 12 17 25 34 41 48 53 62 70 75 86 99 107 111 116 122 
0 1 5 12 17 25 34 41 48 53 62 70 75 86 99 107 111 116 123 
0 1 5 12 17 25 34 41 53 58 62 70 75 86 95 99 111 116 122 
0 1 5 12 17 25 34 41 53 58 62 70 75 86 95 99 111 116 123 
0 1 5 12 17 25 34 41 53 60 70 77 86 95 99 106 111 116 122 
0 1 5 12 17 25 34 41 53 60 70 77 86 95 99 107 111 116 122 
0 1 5 12 17 25 34 41 53 62 70 75 86 95 99 107 111 116 122 
0 1 5 12 17 25 36 40 48 53 58 62 70 75 81 86 99 111 122 
0 1 5 12 17 25 36 40 48 53 60 70 77 81 86 99 106 111 122 
0 1 5 12 17 25 36 40 48 53 60 70 77 81 86 99 107 111 122 
0 1 5 12 17 25 36 40 48 53 62 70 75 81 86 99 107 111 122 
0 1 5 12 17 25 36 40 53 58 62 70 75 81 86 95 99 111 122 
0 1 5 12 17 25 36 40 53 60 70 77 81 86 95 99 106 111 122 
0 1 5 12 17 25 36 40 53 60 70 77 81 86 95 99 107 111 122 
0 1 5 12 17 25 36 40 53 62 70 75 81 86 95 99 107 111 122 
0 1 5 12 17 25 36 41 48 53 58 62 70 75 81 86 99 111 122 
0 1 5 12 17 25 36 41 48 53 58 62 70 75 81 86 99 111 123 
0 1 5 12 17 25 36 41 48 53 60 70 77 81 86 99 106 111 122 
0 1 5 12 17 25 36 41 48 53 60 70 77 81 86 99 107 111 122 
0 1 5 12 17 25 36 41 48 53 62 70 75 81 86 99 107 111 122 
0 1 5 12 17 25 36 41 48 53 62 70 75 81 86 99 107 111 123 
0 1 5 12 17 25 36 41 53 58 62 70 75 81 86 95 99 111 122 
0 1 5 12 17 25 36 41 53 60 70 77 81 86 95 99 106 111 122 
0 1 5 12 17 25 36 41 53 60 70 77 81 86 95 99 107 111 122 
0 1 5 12 17 25 36 41 53 62 70 75 81 86 95 99 107 111 122 
0 1 5 12 17 27 34 40 50 55 60 67 72 77 86 95 101 111 116 122 
0 1 5 12 17 27 34 41 50 55 60 67 72 77 86 95 101 111 116 122 
0 1 5 12 17 27 34 41 50 55 60 67 72 77 86 95 101 111 116 123 
0 1 5 12 17 27 36 40 50 55 60 67 72 77 81 86 95 101 111 122 
0 1 5 12 17 27 36 41 50 55 60 67 72 77 81 86 95 101 111 122 
0 1 5 12 17 30 34 40 50 55 60 67 72 86 95 101 106 111 116 122 
0 1 5 12 17 30 34 40 52 57 69 74 86 95 98 103 111 116 122 
0 1 5 12 17 30 34 40 53 58 70 75 86 95 99 104 111 116 122 
0 1 5 12 17 30 34 41 48 52 57 69 74 86 99 103 111 116 123 
0 1 5 12 17 30 34 41 50 55 60 67 72 86 95 101 106 111 116 122 
0 1 5 12 17 30 34 41 52 57 69 74 86 95 98 103 111 116 122 
0 1 5 12 17 30 34 41 53 58 70 75 86 95 99 104 111 116 122 
0 1 5 12 17 30 36 40 48 52 57 69 74 81 86 99 103 111 122 
0 1 5 12 17 30 36 40 50 55 60 67 72 81 86 95 101 106 111 122 
0 1 5 12 17 30 36 40 53 58 70 75 81 86 95 99 104 111 122 
0 1 5 12 17 30 36 41 50 55 60 67 72 81 86 95 101 106 111 122 
0 1 5 12 17 30 36 41 52 57 69 74 81 86 95 99 103 111 122 
0 1 5 12 17 34 40 50 55 60 67 72 77 86 95 101 106 111 116 122 
0 1 5 12 17 34 40 53 58 62 70 75 86 95 99 104 111 116 122 
0 1 5 12 17 34 41 50 55 60 67 72 77 86 95 101 106 111 116 122 
0 1 5 12 17 36 40 50 55 60 67 72 77 81 86 95 101 106 111 122 
0 1 5 12 17 36 41 50 55 60 67 72 77 81 86 95 101 106 111 122 
0 1 5 12 18 23 30 34 40 54 58 61 75 78 86 100 105 111 116 122 
0 1 5 12 18 23 30 34 40 58 61 68 75 78 86 100 105 111 116 122 
0 1 5 12 18 23 30 34 41 54 58 61 75 78 86 100 105 111 116 122 
0 1 5 12 18 23 30 34 41 54 58 61 75 78 86 100 105 111 116 123 
0 1 5 12 18 23 30 34 41 58 61 68 75 78 86 100 105 111 116 122 
0 1 5 12 18 23 30 34 41 58 61 68 75 78 86 100 105 111 116 123 
0 1 5 12 18 23 30 36 40 54 58 61 75 78 81 86 100 105 111 122 
0 1 5 12 18 23 30 36 40 58 61 68 74 78 81 86 100 104 111 122 
0 1 5 12 18 23 30 36 40 58 61 68 75 78 81 86 100 104 111 122 
0 1 5 12 18 23 30 36 40 58 61 68 75 78 81 86 100 105 111 122 
0 1 5 12 18 23 30 36 41 54 58 61 75 78 81 86 100 105 111 122 
0 1 5 12 18 23 30 36 41 54 58 61 75 78 81 86 100 105 111 123 
0 1 5 12 18 23 30 36 41 58 61 68 74 78 81 86 100 104 111 122 
0 1 5 12 18 23 30 36 41 58 61 68 75 78 81 86 100 104 111 122 
0 1 5 12 18 23 30 36 41 58 61 68 75 78 81 86 100 105 111 122 
0 1 5 12 18 23 30 36 41 58 61 68 75 78 81 86 100 105 111 123 
0 1 5 12 18 23 34 40 54 58 61 62 75 78 86 100 105 111 116 122 
0 1 5 12 18 23 34 40 54 59 61 62 75 78 86 100 105 111 116 122 
0 1 5 12 18 23 34 41 54 58 61 62 75 78 86 100 105 111 116 122 
0 1 5 12 18 23 34 41 54 58 61 62 75 78 86 100 105 111 116 123 
0 1 5 12 18 23 34 41 54 59 61 62 75 78 86 100 105 111 116 122 
0 1 5 12 18 23 34 41 54 59 61 62 75 78 86 100 105 111 116 123 
0 1 5 12 18 23 36 40 54 58 61 62 75 78 81 86 100 105 111 122 
0 1 5 12 18 23 36 40 58 61 62 68 75 78 81 86 100 104 111 122 
0 1 5 12 18 23 36 40 58 61 62 68 75 78 81 86 100 105 111 122 
0 1 5 12 18 23 36 41 54 58 61 62 75 78 81 86 100 105 111 122 
0 1 5 12 18 23 36 41 54 58 61 62 75 78 81 86 100 105 111 123 
0 1 5 12 18 23 36 41 54 59 61 62 75 78 81 86 100 105 111 122 
0 1 5 12 18 23 36 41 54 59 61 62 75 78 81 86 100 105 111 123 
0 1 5 12 18 23 36 41 58 61 62 68 75 78 81 86 100 105 111 122 
0 1 5 12 18 23 36 41 58 61 62 68 75 78 81 86 100 105 111 123 
0 1 5 12 18 23 36 41 59 61 62 68 75 78 81 86 100 105 111 123 
0 1 5 12 18 25 30 34 40 53 58 61 70 75 78 86 100 111 116 122 
0 1 5 12 18 25 30 34 40 53 60 61 70 78 86 100 106 111 116 122 
0 1 5 12 18 25 30 34 40 54 58 61 70 75 78 86 100 111 116 122 
0 1 5 12 18 25 30 34 40 54 60 61 70 78 86 100 106 111 116 122 
0 1 5 12 18 25 30 34 41 53 58 61 70 75 78 86 100 111 116 122 
0 1 5 12 18 25 30 34 41 53 58 61 70 75 78 86 100 111 116 123 
0 1 5 12 18 25 30 34 41 53 60 61 70 78 86 100 106 111 116 122 
0 1 5 12 18 25 30 34 41 53 60 61 70 78 86 100 106 111 116 123 
0 1 5 12 18 25 30 34 41 54 58 61 70 75 78 86 100 111 116 122 
0 1 5 12 18 25 30 34 41 54 58 61 70 75 78 86 100 111 116 123 
0 1 5 12 18 25 30 34 41 54 60 61 70 78 86 100 106 111 116 122 
0 1 5 12 18 25 30 34 41 54 60 61 70 78 86 100 106 111 116 123 
0 1 5 12 18 25 30 36 40 53 60 61 70 78 81 86 100 106 111 122 
0 1 5 12 18 25 30 36 40 54 58 61 70 75 78 81 86 100 111 122 
0 1 5 12 18 25 30 36 40 54 60 61 70 78 81 86 100 106 111 122 
0 1 5 12 18 25 30 36 41 53 58 61 70 75 78 81 86 100 111 122 
0 1 5 12 18 25 30 36 41 53 58 61 70 75 78 81 86 100 111 123 
0 1 5 12 18 25 30 36 41 53 60 61 70 78 81 86 100 106 111 122 
0 1 5 12 18 25 30 36 41 53 60 61 70 78 81 86 100 106 111 123 
0 1 5 12 18 25 30 36 41 54 58 61 70 75 78 81 86 100 111 122 
0 1 5 12 18 25 30 36 41 54 58 61 70 75 78 81 86 100 111 123 
0 1 5 12 18 25 30 36 41 54 60 61 70 78 81 86 100 106 111 122 
0 1 5 12 18 25 30 36 41 54 60 61 70 78 81 86 100 106 111 123 
0 1 5 12 18 25 34 40 53 60 61 70 77 78 86 100 106 111 116 122 
0 1 5 12 18 25 34 40 53 60 61 70 77 78 86 100 107 111 116 122 
0 1 5 12 18 25 34 40 54 58 61 62 70 75 78 86 100 111 116 122 
0 1 5 12 18 25 34 40 54 60 61 70 77 78 86 100 106 111 116 122 
0 1 5 12 18 25 34 40 54 60 61 70 77 78 86 100 107 111 116 122 
0 1 5 12 18 25 34 40 54 60 61 71 77 78 86 100 107 111 116 122 
0 1 5 12 18 25 34 40 54 61 62 70 75 78 86 100 107 111 116 122 
0 1 5 12 18 25 34 40 54 61 62 71 75 78 86 100 107 111 116 122 
0 1 5 12 18 25 34 41 53 60 61 70 77 78 86 100 106 111 116 122 
0 1 5 12 18 25 34 41 53 60 61 70 77 78 86 100 106 111 116 123 
0 1 5 12 18 25 34 41 53 60 61 70 77 78 86 100 107 111 116 122 
0 1 5 12 18 25 34 41 53 60 61 70 77 78 86 100 107 111 116 123 
0 1 5 12 18 25 34 41 54 58 61 62 70 75 78 86 100 111 116 122 
0 1 5 12 18 25 34 41 54 60 61 70 77 78 86 100 106 111 116 122 
0 1 5 12 18 25 34 41 54 60 61 70 77 78 86 100 106 111 116 123 
0 1 5 12 18 25 34 41 54 60 61 70 77 78 86 100 107 111 116 122 
0 1 5 12 18 25 34 41 54 61 62 70 75 78 86 100 107 111 116 122 
0 1 5 12 18 25 34 41 54 61 62 70 75 78 86 100 107 111 116 123 
0 1 5 12 18 25 34 41 54 61 62 71 75 78 86 100 107 111 116 122 
0 1 5 12 18 25 34 41 54 61 62 71 75 78 86 100 107 111 116 123 
0 1 5 12 18 25 36 40 53 61 62 70 75 78 81 86 100 107 111 122 
0 1 5 12 18 25 36 40 54 58 61 62 70 75 78 81 86 100 111 122 
0 1 5 12 18 25 36 40 54 60 61 70 77 78 81 86 100 106 111 122 
0 1 5 12 18 25 36 40 54 61 62 70 75 78 81 86 100 107 111 122 
0 1 5 12 18 25 36 40 54 61 62 71 75 78 81 86 100 107 111 122 
0 1 5 12 18 25 36 41 53 58 61 62 70 75 78 81 86 100 111 122 
0 1 5 12 18 25 36 41 53 58 61 62 70 75 78 81 86 100 111 123 
0 1 5 12 18 25 36 41 53 60 61 70 77 78 81 86 100 106 111 122 
0 1 5 12 18 25 36 41 53 61 62 70 75 78 81 86 100 107 111 122 
0 1 5 12 18 25 36 41 53 61 62 70 75 78 81 86 100 107 111 123 
0 1 5 12 18 25 36 41 54 58 61 62 70 75 78 81 86 100 111 122 
0 1 5 12 18 25 36 41 54 58 61 62 70 75 78 81 86 100 111 123 
0 1 5 12 18 25 36 41 54 60 61 70 77 78 81 86 100 106 111 122 
0 1 5 12 18 25 36 41 54 61 62 70 75 78 81 86 100 107 111 122 
0 1 5 12 18 34 40 54 59 61 62 71 75 78 86 100 105 111 116 122 
0 1 5 12 18 34 41 54 59 61 62 71 75 78 86 100 105 111 116 122 
0 1 5 12 18 36 41 54 59 61 62 71 75 78 81 86 100 105 111 122 
0 1 5 12 18 36 41 54 59 61 62 71 75 78 81 86 100 105 111 123 
0 1 5 12 19 23 30 34 40 48 54 58 75 78 86 100 105 111 116 122 
0 1 5 12 19 23 30 34 40 52 58 61 69 75 78 86 105 111 116 122 
0 1 5 12 19 23 30 34 40 54 58 61 75 78 86 100 105 111 116 122 
0 1 5 12 19 23 30 34 41 48 54 58 75 78 86 100 105 111 116 122 
0 1 5 12 19 23 30 34 41 48 54 58 75 78 86 100 105 111 116 123 
0 1 5 12 19 23 30 34 41 52 58 61 69 75 78 86 105 111 116 122 
0 1 5 12 19 23 30 34 41 52 58 61 69 75 78 86 105 111 116 123 
0 1 5 12 19 23 30 34 41 54 58 61 75 78 86 100 105 111 116 122 
0 1 5 12 19 23 30 34 41 54 58 61 75 78 86 100 105 111 116 123 
0 1 5 12 19 23 30 36 40 48 54 58 75 78 81 86 100 105 111 122 
0 1 5 12 19 23 30 36 40 54 58 61 75 78 81 86 100 105 111 122 
0 1 5 12 19 23 30 36 41 48 54 58 75 78 81 86 100 105 111 122 
0 1 5 12 19 23 30 36 41 48 54 58 75 78 81 86 100 105 111 123 
0 1 5 12 19 23 30 36 41 52 58 61 69 75 78 81 86 105 111 122 
0 1 5 12 19 23 30 36 41 52 58 61 69 75 78 81 86 105 111 123 
0 1 5 12 19 23 30 36 41 54 58 61 75 78 81 86 100 105 111 122 
0 1 5 12 19 23 30 36 41 54 58 61 75 78 81 86 100 105 111 123 
0 1 5 12 19 23 34 40 48 52 58 62 69 75 78 86 105 111 116 122 
0 1 5 12 19 23 34 40 48 54 58 62 75 78 86 100 105 111 116 122 
0 1 5 12 19 23 34 40 52 58 61 62 69 75 78 86 105 111 116 122 
0 1 5 12 19 23 34 40 54 58 61 62 75 78 86 100 105 111 116 122 
0 1 5 12 19 23 34 41 48 52 58 62 69 75 78 86 105 111 116 122 
0 1 5 12 19 23 34 41 48 54 58 62 75 78 86 100 105 111 116 123 
0 1 5 12 19 23 34 41 48 54 59 62 75 78 86 100 105 111 116 123 
0 1 5 12 19 23 34 41 52 58 61 62 69 75 78 86 105 111 116 122 
0 1 5 12 19 23 34 41 54 58 61 62 75 78 86 100 105 111 116 122 
0 1 5 12 19 23 36 40 48 52 58 62 69 75 78 81 86 105 111 122 
0 1 5 12 19 23 36 41 48 54 58 62 75 78 81 86 100 105 111 123 
0 1 5 12 19 23 36 41 48 54 59 62 75 78 81 86 100 105 111 123 
0 1 5 12 19 23 36 41 52 58 61 62 69 75 78 81 86 105 111 122 
0 1 5 12 19 23 36 41 52 58 61 62 69 75 78 81 86 105 111 123 
0 1 5 12 19 23 36 41 52 59 61 62 69 75 78 81 86 105 111 123 
0 1 5 12 19 23 36 41 54 58 61 62 75 78 81 86 100 105 111 123 
0 1 5 12 19 23 36 41 54 59 61 62 75 78 81 86 100 105 111 123 
0 1 5 12 19 24 30 34 40 48 52 57 69 74 78 86 111 116 122 
0 1 5 12 19 24 30 34 40 48 52 60 69 78 86 106 111 116 122 
0 1 5 12 19 24 30 34 40 48 52 69 74 78 86 106 111 116 122 
0 1 5 12 19 24 30 34 40 48 55 60 65 86 101 106 111 116 122 
0 1 5 12 19 24 30 34 40 48 55 60 78 86 101 106 111 116 122 
0 1 5 12 19 24 30 34 40 48 55 65 74 86 101 106 111 116 122 
0 1 5 12 19 24 30 34 40 48 55 74 78 86 101 106 111 116 122 
0 1 5 12 19 24 30 34 40 48 57 65 69 74 86 101 111 116 122 
0 1 5 12 19 24 30 34 40 48 57 69 74 78 86 101 111 116 122 
0 1 5 12 19 24 30 34 40 48 60 65 69 86 101 106 111 116 122 
0 1 5 12 19 24 30 34 40 48 60 69 78 86 101 106 111 116 122 
0 1 5 12 19 24 30 34 40 48 65 69 74 86 101 106 111 116 122 
0 1 5 12 19 24 30 34 40 48 69 74 78 86 101 106 111 116 122 
0 1 5 12 19 24 30 34 40 52 57 61 69 74 78 86 111 116 122 
0 1 5 12 19 24 30 34 40 52 60 61 69 78 86 106 111 116 122 
0 1 5 12 19 24 30 34 40 52 61 69 74 78 86 106 111 116 122 
0 1 5 12 19 24 30 34 40 55 60 61 78 86 101 106 111 116 122 
0 1 5 12 19 24 30 34 40 55 61 74 78 86 101 106 111 116 122 
0 1 5 12 19 24 30 34 40 57 61 69 74 78 86 101 111 116 122 
0 1 5 12 19 24 30 34 40 60 61 69 78 86 101 106 111 116 122 
0 1 5 12 19 24 30 34 40 61 69 74 78 86 101 106 111 116 122 
0 1 5 12 19 24 30 34 41 48 52 57 69 74 78 86 111 116 122 
0 1 5 12 19 24 30 34 41 48 52 57 69 74 78 86 111 116 123 
0 1 5 12 19 24 30 34 41 48 52 69 74 78 86 106 111 116 122 
0 1 5 12 19 24 30 34 41 48 55 60 65 86 101 106 111 116 122 
0 1 5 12 19 24 30 34 41 48 55 60 65 86 101 106 111 116 123 
0 1 5 12 19 24 30 34 41 48 55 60 78 86 101 106 111 116 122 
0 1 5 12 19 24 30 34 41 48 55 60 78 86 101 106 111 116 123 
0 1 5 12 19 24 30 34 41 48 55 65 74 86 101 106 111 116 122 
0 1 5 12 19 24 30 34 41 48 55 65 74 86 101 106 111 116 123 
0 1 5 12 19 24 30 34 41 48 55 74 78 86 101 106 111 116 122 
0 1 5 12 19 24 30 34 41 48 55 74 78 86 101 106 111 116 123 
0 1 5 12 19 24 30 34 41 48 57 69 74 78 86 101 111 116 122 
0 1 5 12 19 24 30 34 41 48 57 69 74 78 86 101 111 116 123 
0 1 5 12 19 24 30 34 41 48 60 69 78 86 101 106 111 116 122 
0 1 5 12 19 24 30 34 41 48 60 69 78 86 101 106 111 116 123 
0 1 5 12 19 24 30 34 41 48 69 74 78 86 101 106 111 116 123 
0 1 5 12 19 24 30 34 41 52 57 61 69 74 78 86 111 116 122 
0 1 5 12 19 24 30 34 41 52 57 61 69 74 78 86 111 116 123 
0 1 5 12 19 24 30 34 41 55 60 61 78 86 101 106 111 116 122 
0 1 5 12 19 24 30 34 41 55 60 61 78 86 101 106 111 116 123 
0 1 5 12 19 24 30 34 41 55 61 74 78 86 101 106 111 116 123 
0 1 5 12 19 24 30 34 41 57 61 69 74 78 86 101 111 116 122 
0 1 5 12 19 24 30 34 41 57 61 69 74 78 86 101 111 116 123 
0 1 5 12 19 24 30 36 40 48 52 60 69 78 81 86 106 111 122 
0 1 5 12 19 24 30 36 40 48 55 60 65 81 86 101 106 111 122 
0 1 5 12 19 24 30 36 40 48 55 60 78 81 86 101 106 111 122 
0 1 5 12 19 24 30 36 40 48 60 69 78 81 86 101 106 111 122 
0 1 5 12 19 24 30 36 40 55 60 61 78 81 86 101 106 111 122 
0 1 5 12 19 24 30 36 40 60 61 69 78 81 86 101 106 111 122 
0 1 5 12 19 24 30 36 41 48 55 60 65 81 86 101 106 111 122 
0 1 5 12 19 24 30 36 41 48 55 60 65 81 86 101 106 111 123 
0 1 5 12 19 24 30 36 41 48 55 60 78 81 86 101 106 111 122 
0 1 5 12 19 24 30 36 41 48 55 60 78 81 86 101 106 111 123 
0 1 5 12 19 24 30 36 41 48 55 65 74 81 86 101 106 111 122 
0 1 5 12 19 24 30 36 41 48 55 65 74 81 86 101 106 111 123 
0 1 5 12 19 24 30 36 41 48 55 74 78 81 86 101 106 111 122 
0 1 5 12 19 24 30 36 41 48 55 74 78 81 86 101 106 111 123 
0 1 5 12 19 24 30 36 41 48 57 69 74 78 81 86 101 111 122 
0 1 5 12 19 24 30 36 41 48 57 69 74 78 81 86 101 111 123 
0 1 5 12 19 24 30 36 41 48 60 69 78 81 86 101 106 111 122 
0 1 5 12 19 24 30 36 41 48 60 69 78 81 86 101 106 111 123 
0 1 5 12 19 24 30 36 41 48 69 74 78 81 86 101 106 111 123 
0 1 5 12 19 24 30 36 41 52 57 61 69 74 78 81 86 111 122 
0 1 5 12 19 24 30 36 41 52 57 61 69 74 78 81 86 111 123 
0 1 5 12 19 24 30 36 41 55 60 61 78 81 86 101 106 111 122 
0 1 5 12 19 24 30 36 41 55 60 61 78 81 86 101 106 111 123 
0 1 5 12 19 24 30 36 41 55 61 74 78 81 86 101 106 111 123 
0 1 5 12 19 24 30 36 41 57 61 69 74 78 81 86 101 111 122 
0 1 5 12 19 24 30 36 41 57 61 69 74 78 81 86 101 111 123 
0 1 5 12 19 24 34 40 48 52 60 69 77 78 86 106 111 116 122 
0 1 5 12 19 24 34 40 48 55 60 65 77 86 101 106 111 116 122 
0 1 5 12 19 24 34 40 48 55 60 77 78 86 101 106 111 116 122 
0 1 5 12 19 24 34 40 48 60 69 77 78 86 101 106 111 116 122 
0 1 5 12 19 24 34 40 55 60 61 77 78 86 101 106 111 116 122 
0 1 5 12 19 24 36 40 48 52 60 69 77 78 81 86 106 111 122 
0 1 5 12 19 24 36 40 48 55 60 77 78 81 86 101 106 111 122 
0 1 5 12 19 24 36 40 48 60 69 77 78 81 86 101 106 111 122 
0 1 5 12 19 24 36 40 55 60 61 77 78 81 86 101 106 111 122 
0 1 5 12 19 25 30 34 40 54 58 61 70 75 78 86 100 111 116 122 
0 1 5 12 19 25 30 34 40 54 60 61 70 78 86 100 106 111 116 122 
0 1 5 12 19 25 30 34 41 54 58 61 70 75 78 86 100 111 116 122 
0 1 5 12 19 25 30 34 41 54 58 61 70 75 78 86 100 111 116 123 
0 1 5 12 19 25 30 34 41 54 60 61 70 78 86 100 106 111 116 122 
0 1 5 12 19 25 30 34 41 54 60 61 70 78 86 100 106 111 116 123 
0 1 5 12 19 25 30 36 40 54 60 61 70 78 81 86 100 106 111 122 
0 1 5 12 19 25 30 36 41 54 58 61 70 75 78 81 86 100 111 122 
0 1 5 12 19 25 30 36 41 54 58 61 70 75 78 81 86 100 111 123 
0 1 5 12 19 25 30 36 41 54 60 61 70 78 81 86 100 106 111 122 
0 1 5 12 19 25 30 36 41 54 60 61 70 78 81 86 100 106 111 123 
0 1 5 12 19 25 34 40 48 54 58 62 70 75 78 86 100 111 116 122 
0 1 5 12 19 25 34 40 48 54 60 70 77 78 86 100 106 111 116 122 
0 1 5 12 19 25 34 40 48 54 60 70 77 78 86 100 107 111 116 122 
0 1 5 12 19 25 34 40 48 54 60 71 77 78 86 100 107 111 116 122 
0 1 5 12 19 25 34 40 48 54 60 71 77 78 86 101 107 111 116 122 
0 1 5 12 19 25 34 40 48 54 62 70 75 78 86 100 107 111 116 122 
0 1 5 12 19 25 34 40 48 54 62 71 75 78 86 100 107 111 116 122 
0 1 5 12 19 25 34 40 48 54 62 71 75 78 86 101 107 111 116 122 
0 1 5 12 19 25 34 40 54 58 61 62 70 75 78 86 100 111 116 122 
0 1 5 12 19 25 34 40 54 60 61 70 77 78 86 100 106 111 116 122 
0 1 5 12 19 25 34 40 54 60 61 70 77 78 86 100 107 111 116 122 
0 1 5 12 19 25 34 40 54 60 61 71 77 78 86 100 107 111 116 122 
0 1 5 12 19 25 34 40 54 60 61 71 77 78 86 101 107 111 116 122 
0 1 5 12 19 25 34 40 54 61 62 70 75 78 86 100 107 111 116 122 
0 1 5 12 19 25 34 40 54 61 62 71 75 78 86 100 107 111 116 122 
0 1 5 12 19 25 34 40 54 61 62 71 75 78 86 101 107 111 116 122 
0 1 5 12 19 25 34 41 48 54 58 62 70 75 78 86 100 111 116 122 
0 1 5 12 19 25 34 41 48 54 60 70 77 78 86 100 106 111 116 122 
0 1 5 12 19 25 34 41 48 54 60 70 77 78 86 100 106 111 116 123 
0 1 5 12 19 25 34 41 48 54 60 70 77 78 86 100 107 111 116 122 
0 1 5 12 19 25 34 41 48 54 60 70 77 78 86 100 107 111 116 123 
0 1 5 12 19 25 34 41 48 54 60 71 77 78 86 100 107 111 116 122 
0 1 5 12 19 25 34 41 48 54 60 71 77 78 86 100 107 111 116 123 
0 1 5 12 19 25 34 41 48 54 60 71 77 78 86 101 107 111 116 122 
0 1 5 12 19 25 34 41 48 54 60 71 77 78 86 101 107 111 116 123 
0 1 5 12 19 25 34 41 48 54 62 70 75 78 86 100 107 111 116 122 
0 1 5 12 19 25 34 41 48 54 62 70 75 78 86 100 107 111 116 123 
0 1 5 12 19 25 34 41 48 54 62 71 75 78 86 100 107 111 116 122 
0 1 5 12 19 25 34 41 48 54 62 71 75 78 86 100 107 111 116 123 
0 1 5 12 19 25 34 41 48 54 62 71 75 78 86 101 107 111 116 122 
0 1 5 12 19 25 34 41 48 54 62 71 75 78 86 101 107 111 116 123 
0 1 5 12 19 25 34 41 54 58 61 62 70 75 78 86 100 111 116 122 
0 1 5 12 19 25 34 41 54 60 61 70 77 78 86 100 106 111 116 122 
0 1 5 12 19 25 34 41 54 60 61 70 77 78 86 100 106 111 116 123 
0 1 5 12 19 25 34 41 54 60 61 70 77 78 86 100 107 111 116 122 
0 1 5 12 19 25 34 41 54 60 61 70 77 78 86 100 107 111 116 123 
0 1 5 12 19 25 34 41 54 60 61 71 77 78 86 100 107 111 116 122 
0 1 5 12 19 25 34 41 54 60 61 71 77 78 86 100 107 111 116 123 
0 1 5 12 19 25 34 41 54 60 61 71 77 78 86 101 107 111 116 122 
0 1 5 12 19 25 34 41 54 60 61 71 77 78 86 101 107 111 116 123 
0 1 5 12 19 25 34 41 54 61 62 70 75 78 86 100 107 111 116 122 
0 1 5 12 19 25 34 41 54 61 62 71 75 78 86 100 107 111 116 122 
0 1 5 12 19 25 36 40 48 54 58 62 70 75 78 81 86 100 111 122 
0 1 5 12 19 25 36 40 48 54 60 70 77 78 81 86 100 106 111 122 
0 1 5 12 19 25 36 40 48 54 60 70 77 78 81 86 100 107 111 122 
0 1 5 12 19 25 36 40 48 54 60 71 77 78 81 86 100 107 111 122 
0 1 5 12 19 25 36 40 48 54 62 70 75 78 81 86 100 107 111 122 
0 1 5 12 19 25 36 40 48 54 62 71 75 78 81 86 100 107 111 122 
0 1 5 12 19 25 36 40 48 54 62 71 75 78 81 86 101 107 111 122 
0 1 5 12 19 25 36 40 54 61 62 70 75 78 81 86 100 107 111 122 
0 1 5 12 19 25 36 40 54 61 62 71 75 78 81 86 100 107 111 122 
0 1 5 12 19 25 36 40 54 61 62 71 75 78 81 86 101 107 111 122 
0 1 5 12 19 25 36 41 48 54 58 62 70 75 78 81 86 100 111 122 
0 1 5 12 19 25 36 41 48 54 58 62 70 75 78 81 86 100 111 123 
0 1 5 12 19 25 36 41 48 54 60 70 77 78 81 86 100 106 111 122 
0 1 5 12 19 25 36 41 48 54 60 70 77 78 81 86 100 107 111 122 
0 1 5 12 19 25 36 41 48 54 60 71 77 78 81 86 100 107 111 122 
0 1 5 12 19 25 36 41 48 54 62 70 75 78 81 86 100 107 111 122 
0 1 5 12 19 25 36 41 48 54 62 70 75 78 81 86 100 107 111 123 
0 1 5 12 19 25 36 41 48 54 62 71 75 78 81 86 100 107 111 122 
0 1 5 12 19 25 36 41 48 54 62 71 75 78 81 86 100 107 111 123 
0 1 5 12 19 25 36 41 48 54 62 71 75 78 81 86 101 107 111 122 
0 1 5 12 19 25 36 41 48 54 62 71 75 78 81 86 101 107 111 123 
0 1 5 12 19 25 36 41 54 58 61 62 70 75 78 81 86 100 111 122 
0 1 5 12 19 25 36 41 54 58 61 62 70 75 78 81 86 100 111 123 
0 1 5 12 19 25 36 41 54 60 61 70 77 78 81 86 100 106 111 122 
0 1 5 12 19 25 36 41 54 60 61 70 77 78 81 86 100 107 111 122 
0 1 5 12 19 25 36 41 54 60 61 71 77 78 81 86 100 107 111 122 
0 1 5 12 19 25 36 41 54 61 62 70 75 78 81 86 100 107 111 122 
0 1 5 12 19 25 36 41 54 61 62 70 75 78 81 86 100 107 111 123 
0 1 5 12 19 25 36 41 54 61 62 71 75 78 81 86 100 107 111 122 
0 1 5 12 19 25 36 41 54 61 62 71 75 78 81 86 101 107 111 122 
0 1 5 12 19 27 34 40 48 55 60 65 72 77 86 101 111 116 122 
0 1 5 12 19 27 34 40 48 55 60 72 77 78 86 101 111 116 122 
0 1 5 12 19 27 34 40 55 60 61 72 77 78 86 101 111 116 122 
0 1 5 12 19 27 34 41 48 55 60 65 72 77 86 101 111 116 122 
0 1 5 12 19 27 34 41 48 55 60 65 72 77 86 101 111 116 123 
0 1 5 12 19 27 34 41 48 55 60 72 77 78 86 101 111 116 122 
0 1 5 12 19 27 34 41 48 55 60 72 77 78 86 101 111 116 123 
0 1 5 12 19 27 34 41 55 60 61 72 77 78 86 101 111 116 122 
0 1 5 12 19 27 34 41 55 60 61 72 77 78 86 101 111 116 123 
0 1 5 12 19 27 36 40 48 55 60 72 77 78 81 86 101 111 122 
0 1 5 12 19 27 36 40 55 60 61 72 77 78 81 86 101 111 122 
0 1 5 12 19 27 36 41 48 55 60 72 77 78 81 86 101 111 122 
0 1 5 12 19 27 36 41 55 60 61 72 77 78 81 86 101 111 122 
0 1 5 12 19 30 34 40 48 55 60 65 72 86 101 106 111 116 122 
0 1 5 12 19 30 34 40 48 55 60 72 78 86 101 106 111 116 122 
0 1 5 12 19 30 34 40 52 57 61 69 74 78 86 103 111 116 122 
0 1 5 12 19 30 34 40 55 60 61 72 78 86 101 106 111 116 122 
0 1 5 12 19 30 34 41 48 55 60 65 72 86 101 106 111 116 122 
0 1 5 12 19 30 34 41 48 55 60 65 72 86 101 106 111 116 123 
0 1 5 12 19 30 34 41 48 55 60 72 78 86 101 106 111 116 122 
0 1 5 12 19 30 34 41 48 55 60 72 78 86 101 106 111 116 123 
0 1 5 12 19 30 34 41 52 57 61 69 74 78 86 103 111 116 122 
0 1 5 12 19 30 34 41 52 57 61 69 74 78 86 103 111 116 123 
0 1 5 12 19 30 34 41 55 60 61 72 78 86 101 106 111 116 122 
0 1 5 12 19 30 34 41 55 60 61 72 78 86 101 106 111 116 123 
0 1 5 12 19 30 36 40 48 52 57 69 74 78 81 86 103 111 122 
0 1 5 12 19 30 36 40 48 55 60 65 72 81 86 101 106 111 122 
0 1 5 12 19 30 36 40 48 55 60 72 78 81 86 101 106 111 122 
0 1 5 12 19 30 36 40 55 60 61 72 78 81 86 101 106 111 122 
0 1 5 12 19 30 36 41 48 55 60 65 72 81 86 101 106 111 122 
0 1 5 12 19 30 36 41 48 55 60 65 72 81 86 101 106 111 123 
0 1 5 12 19 30 36 41 48 55 60 72 78 81 86 101 106 111 122 
0 1 5 12 19 30 36 41 48 55 60 72 78 81 86 101 106 111 123 
0 1 5 12 19 30 36 41 52 57 61 69 74 78 81 86 103 111 122 
0 1 5 12 19 30 36 41 52 57 61 69 74 78 81 86 103 111 123 
0 1 5 12 19 30 36 41 55 60 61 72 78 81 86 101 106 111 122 
0 1 5 12 19 30 36 41 55 60 61 72 78 81 86 101 106 111 123 
0 1 5 12 19 34 40 48 54 59 62 65 71 75 86 101 105 111 116 122 
0 1 5 12 19 34 40 48 54 59 62 71 75 78 86 100 105 111 116 122 
0 1 5 12 19 34 40 48 54 59 62 71 75 78 86 101 105 111 116 122 
0 1 5 12 19 34 40 48 55 60 65 72 77 86 101 106 111 116 122 
0 1 5 12 19 34 40 48 55 60 72 77 78 86 101 106 111 116 122 
0 1 5 12 19 34 40 55 60 61 72 77 78 86 101 106 111 116 122 
0 1 5 12 19 34 41 48 54 59 62 71 75 78 86 100 105 111 116 122 
0 1 5 12 19 34 41 48 54 59 62 71 75 78 86 101 105 111 116 122 
0 1 5 12 19 34 41 48 55 60 65 72 77 86 101 106 111 116 122 
0 1 5 12 19 34 41 48 55 60 65 72 77 86 101 106 111 116 123 
0 1 5 12 19 34 41 48 55 60 72 77 78 86 101 106 111 116 122 
0 1 5 12 19 34 41 48 55 60 72 77 78 86 101 106 111 116 123 
0 1 5 12 19 34 41 55 60 61 72 77 78 86 101 106 111 116 122 
0 1 5 12 19 34 41 55 60 61 72 77 78 86 101 106 111 116 123 
0 1 5 12 19 36 40 48 55 60 72 77 78 81 86 101 106 111 122 
0 1 5 12 19 36 40 55 60 61 72 77 78 81 86 101 106 111 122 
0 1 5 12 19 36 41 48 54 59 62 71 75 78 81 86 100 105 111 122 
0 1 5 12 19 36 41 48 54 59 62 71 75 78 81 86 100 105 111 123 
0 1 5 12 19 36 41 48 55 60 72 77 78 81 86 101 106 111 122 
0 1 5 12 19 36 41 54 59 61 62 71 75 78 81 86 100 105 111 122 
0 1 5 12 19 36 41 55 60 61 72 77 78 81 86 101 106 111 122 
0 1 5 12 20 24 30 34 40 48 55 60 65 86 101 106 111 116 122 
0 1 5 12 20 24 30 34 40 48 55 65 74 86 101 106 111 116 122 
0 1 5 12 20 24 30 34 41 48 55 60 65 86 101 106 111 116 122 
0 1 5 12 20 24 30 34 41 48 55 60 65 86 101 106 111 116 123 
0 1 5 12 20 24 30 34 41 48 55 65 74 86 101 106 111 116 122 
0 1 5 12 20 24 30 34 41 48 55 65 74 86 101 106 111 116 123 
0 1 5 12 20 24 34 40 48 55 60 65 77 86 101 106 111 116 122 
0 1 5 12 20 24 34 41 48 55 60 65 77 86 101 106 111 116 122 
0 1 5 12 20 24 34 41 48 55 60 65 77 86 101 106 111 116 123 
0 1 5 12 20 25 30 34 40 48 53 58 65 70 75 86 111 116 122 
0 1 5 12 20 25 30 34 40 48 53 60 65 70 86 106 111 116 122 
0 1 5 12 20 25 30 34 40 48 58 65 70 75 86 102 111 116 122 
0 1 5 12 20 25 30 34 40 48 60 65 70 86 102 106 111 116 122 
0 1 5 12 20 25 30 34 41 48 53 58 65 70 75 86 111 116 122 
0 1 5 12 20 25 30 34 41 48 53 58 65 70 75 86 111 116 123 
0 1 5 12 20 25 30 34 41 48 53 60 65 70 86 106 111 116 122 
0 1 5 12 20 25 30 34 41 48 53 60 65 70 86 106 111 116 123 
0 1 5 12 20 25 30 34 41 48 58 65 70 75 86 102 111 116 123 
0 1 5 12 20 25 30 34 41 48 60 65 70 86 102 106 111 116 122 
0 1 5 12 20 25 30 34 41 48 60 65 70 86 102 106 111 116 123 
0 1 5 12 20 25 30 36 40 48 53 60 65 70 81 86 106 111 122 
0 1 5 12 20 25 30 36 40 48 60 65 70 81 86 102 106 111 122 
0 1 5 12 20 25 30 36 41 48 53 58 65 70 75 81 86 111 123 
0 1 5 12 20 25 30 36 41 48 53 60 65 70 81 86 106 111 122 
0 1 5 12 20 25 30 36 41 48 53 60 65 70 81 86 106 111 123 
0 1 5 12 20 25 30 36 41 48 58 65 70 75 81 86 102 111 123 
0 1 5 12 20 25 30 36 41 48 60 65 70 81 86 102 106 111 123 
0 1 5 12 20 25 34 40 48 53 60 65 70 77 86 106 111 116 122 
0 1 5 12 20 25 34 40 48 53 60 65 70 77 86 107 111 116 122 
0 1 5 12 20 25 34 40 48 56 60 65 77 86 102 107 111 116 122 
0 1 5 12 20 25 34 40 48 56 62 65 75 86 102 107 111 116 122 
0 1 5 12 20 25 34 40 48 58 62 65 70 75 86 102 111 116 122 
0 1 5 12 20 25 34 40 48 60 65 70 77 86 102 106 111 116 122 
0 1 5 12 20 25 34 40 48 60 65 70 77 86 102 107 111 116 122 
0 1 5 12 20 25 34 40 48 62 65 70 75 86 102 107 111 116 122 
0 1 5 12 20 25 34 41 48 53 60 65 70 77 86 106 111 116 122 
0 1 5 12 20 25 34 41 48 53 60 65 70 77 86 106 111 116 123 
0 1 5 12 20 25 34 41 48 53 60 65 70 77 86 107 111 116 122 
0 1 5 12 20 25 34 41 48 53 60 65 70 77 86 107 111 116 123 
0 1 5 12 20 25 34 41 48 56 60 65 77 86 102 107 111 116 122 
0 1 5 12 20 25 34 41 48 56 60 65 77 86 102 107 111 116 123 
0 1 5 12 20 25 34 41 48 58 62 65 70 75 86 102 111 116 122 
0 1 5 12 20 25 34 41 48 60 65 70 77 86 102 106 111 116 122 
0 1 5 12 20 25 34 41 48 60 65 70 77 86 102 106 111 116 123 
0 1 5 12 20 25 34 41 48 60 65 70 77 86 102 107 111 116 122 
0 1 5 12 20 25 34 41 48 60 65 70 77 86 102 107 111 116 123 
0 1 5 12 20 25 34 41 48 62 65 70 75 86 102 107 111 116 122 
0 1 5 12 20 25 36 40 48 53 58 62 65 70 75 81 86 111 122 
0 1 5 12 20 25 36 40 48 56 60 65 77 81 86 102 107 111 122 
0 1 5 12 20 25 36 40 48 58 62 65 70 75 81 86 102 111 122 
0 1 5 12 20 25 36 40 48 60 65 70 77 81 86 102 106 111 122 
0 1 5 12 20 25 36 40 48 60 65 70 77 81 86 102 107 111 122 
0 1 5 12 20 25 36 41 48 53 58 62 65 70 75 81 86 111 122 
0 1 5 12 20 25 36 41 48 53 58 62 65 70 75 81 86 111 123 
0 1 5 12 20 25 36 41 48 58 62 65 70 75 81 86 102 111 122 
0 1 5 12 20 25 36 41 48 58 62 65 70 75 81 86 102 111 123 
0 1 5 12 20 25 36 41 48 60 65 70 77 81 86 102 106 111 122 
0 1 5 12 20 25 36 41 48 60 65 70 77 81 86 102 107 111 122 
0 1 5 12 20 27 34 40 48 55 60 65 72 77 86 101 111 116 122 
0 1 5 12 20 27 34 40 48 55 60 65 72 77 86 102 111 116 122 
0 1 5 12 20 27 34 40 48 56 60 65 72 77 86 102 111 116 122 
0 1 5 12 20 27 34 41 48 55 60 65 72 77 86 101 111 116 122 
0 1 5 12 20 27 34 41 48 55 60 65 72 77 86 101 111 116 123 
0 1 5 12 20 27 34 41 48 55 60 65 72 77 86 102 111 116 122 
0 1 5 12 20 27 34 41 48 55 60 65 72 77 86 102 111 116 123 
0 1 5 12 20 27 34 41 48 56 60 65 72 77 86 102 111 116 122 
0 1 5 12 20 27 34 41 48 56 60 65 72 77 86 102 111 116 123 
0 1 5 12 20 27 36 40 48 55 60 65 72 77 81 86 102 111 122 
0 1 5 12 20 27 36 40 48 56 60 65 72 77 81 86 102 111 122 
0 1 5 12 20 27 36 41 48 55 60 65 72 77 81 86 102 111 122 
0 1 5 12 20 27 36 41 48 56 60 65 72 77 81 86 102 111 122 
0 1 5 12 20 30 34 40 48 55 60 65 72 86 101 106 111 116 122 
0 1 5 12 20 30 34 40 48 55 60 65 72 86 102 106 111 116 122 
0 1 5 12 20 30 34 41 48 55 60 65 72 86 101 106 111 116 122 
0 1 5 12 20 30 34 41 48 55 60 65 72 86 101 106 111 116 123 
0 1 5 12 20 30 34 41 48 55 60 65 72 86 102 106 111 116 122 
0 1 5 12 20 30 34 41 48 55 60 65 72 86 102 106 111 116 123 
0 1 5 12 20 30 36 40 48 55 60 65 72 81 86 101 106 111 122 
0 1 5 12 20 30 36 40 48 55 60 65 72 81 86 102 106 111 122 
0 1 5 12 20 30 36 41 48 55 60 65 72 81 86 101 106 111 122 
0 1 5 12 20 30 36 41 48 55 60 65 72 81 86 101 106 111 123 
0 1 5 12 20 30 36 41 48 55 60 65 72 81 86 102 106 111 122 
0 1 5 12 20 30 36 41 48 55 60 65 72 81 86 102 106 111 123 
0 1 5 12 20 34 40 48 55 60 65 72 77 86 101 106 111 116 122 
0 1 5 12 20 34 40 48 55 60 65 72 77 86 102 106 111 116 122 
0 1 5 12 20 34 41 48 55 60 65 72 77 86 101 106 111 116 122 
0 1 5 12 20 34 41 48 55 60 65 72 77 86 101 106 111 116 123 
0 1 5 12 20 34 41 48 55 60 65 72 77 86 102 106 111 116 122 
0 1 5 12 20 34 41 48 55 60 65 72 77 86 102 106 111 116 123 
0 1 5 12 20 36 40 48 55 60 65 72 77 81 86 102 106 111 122 
0 1 5 12 20 36 41 48 55 60 65 72 77 81 86 102 106 111 122 
0 1 5 12 22 30 34 40 48 53 57 65 74 86 99 104 111 116 122 
0 1 5 12 23 30 34 40 52 58 61 69 75 78 86 98 105 111 116 122 
0 1 5 12 23 30 34 41 52 58 61 68 75 78 86 98 105 111 116 122 
0 1 5 12 23 30 34 41 52 58 61 68 75 78 86 98 105 111 116 123 
0 1 5 12 23 30 34 41 52 58 61 69 75 78 86 98 105 111 116 122 
0 1 5 12 23 34 41 52 58 61 62 68 75 78 86 98 105 111 116 122 
0 1 5 12 25 30 34 41 48 53 58 65 70 75 86 99 111 116 123 
0 1 5 12 25 30 34 41 48 53 60 65 70 86 99 106 111 116 123 
0 1 5 12 25 30 36 41 48 53 60 65 70 81 86 99 106 111 123 
0 1 5 12 25 34 40 48 53 60 65 70 77 86 99 106 111 116 122 
0 1 5 12 25 34 40 48 53 60 65 70 77 86 99 107 111 116 122 
0 1 5 12 25 34 41 48 53 60 65 70 77 86 99 106 111 116 122 
0 1 5 12 25 34 41 48 53 60 65 70 77 86 99 106 111 116 123 
0 1 5 12 25 34 41 48 53 60 65 70 77 86 99 107 111 116 122 
0 1 5 12 25 34 41 48 53 60 65 70 77 86 99 107 111 116 123 
0 1 5 12 25 36 40 48 53 58 62 65 70 75 81 86 99 111 122 
0 1 5 12 25 36 40 48 53 62 65 70 75 81 86 99 107 111 122 
0 1 5 12 25 36 41 48 53 58 62 65 70 75 81 86 99 111 122 
0 1 5 12 25 36 41 48 53 58 62 65 70 75 81 86 99 111 123 
0 1 5 12 25 36 41 48 53 62 65 70 75 81 86 99 107 111 122 
0 1 5 12 25 36 41 48 53 62 65 70 75 81 86 99 107 111 123 
0 1 5 13 17 22 27 34 41 48 55 60 67 72 77 86 99 111 116 123 
0 1 5 13 17 22 30 34 41 48 53 57 74 86 99 104 111 116 123 
0 1 5 13 17 22 30 34 41 48 57 67 74 86 99 103 111 116 123 
0 1 5 13 17 22 30 34 41 48 57 67 74 86 99 104 111 116 123 
0 1 5 13 17 22 30 36 41 48 57 67 74 81 86 99 103 111 123 
0 1 5 13 17 22 30 36 41 48 57 67 74 81 86 99 104 111 123 
0 1 5 13 17 24 30 34 41 48 53 57 69 74 86 99 111 116 123 
0 1 5 13 17 24 30 36 41 48 53 57 69 74 81 86 99 111 123 
0 1 5 13 19 23 36 41 48 54 59 62 75 78 81 86 100 105 111 123 
0 1 5 13 19 24 30 34 41 48 57 69 74 78 86 101 111 116 123 
0 1 5 13 19 24 30 36 41 48 57 69 74 78 81 86 101 111 123 
0 1 5 13 19 25 34 41 48 54 60 70 77 78 86 100 106 111 116 123 
0 1 5 13 19 25 34 41 48 54 60 70 77 78 86 100 107 111 116 123 
0 1 5 13 19 25 34 41 48 54 60 71 77 78 86 100 107 111 116 123 
0 1 5 13 19 25 34 41 48 54 60 71 77 78 86 101 107 111 116 123 
0 1 5 13 19 25 36 41 48 54 62 70 75 78 81 86 100 107 111 123 
0 1 5 13 19 25 36 41 48 54 62 71 75 78 81 86 100 107 111 123 
0 1 5 13 19 25 36 41 48 54 62 71 75 78 81 86 101 107 111 123 
0 1 5 13 19 27 34 41 48 55 60 65 72 77 86 101 111 116 123 
0 1 5 13 19 27 34 41 48 55 60 72 77 78 86 101 111 116 123 
0 1 5 13 19 30 34 41 48 55 60 65 72 86 101 106 111 116 123 
0 1 5 13 19 30 34 41 48 55 60 72 78 86 101 106 111 116 123 
0 1 5 13 19 30 36 41 48 55 60 65 72 81 86 101 106 111 123 
0 1 5 13 19 30 36 41 48 55 60 72 78 81 86 101 106 111 123 
0 1 5 13 19 34 41 48 55 60 65 72 77 86 101 106 111 116 123 
0 1 5 13 19 34 41 48 55 60 72 77 78 86 101 106 111 116 123 
0 1 5 13 19 36 41 48 54 59 62 71 75 78 81 86 100 105 111 123 
0 1 5 13 20 25 34 41 48 53 60 65 70 77 86 106 111 116 123 
0 1 5 13 20 25 34 41 48 60 65 70 77 86 102 106 111 116 123 
0 1 5 13 20 25 36 41 48 53 58 62 65 70 75 81 86 111 123 
0 1 5 13 20 25 36 41 48 58 62 65 70 75 81 86 102 111 123 
0 1 5 13 20 27 34 41 48 55 60 65 72 77 86 101 111 116 123 
0 1 5 13 20 27 34 41 48 55 60 65 72 77 86 102 111 116 123 
0 1 5 13 20 27 34 41 48 56 60 65 72 77 86 102 111 116 123 
0 1 5 13 20 30 34 41 48 55 60 65 72 86 101 106 111 116 123 
0 1 5 13 20 30 34 41 48 55 60 65 72 86 102 106 111 116 123 
0 1 5 13 20 30 36 41 48 55 60 65 72 81 86 101 106 111 123 
0 1 5 13 20 34 41 48 55 60 65 72 77 86 101 106 111 116 123 
0 1 5 13 25 34 41 48 53 60 65 70 77 86 99 106 111 116 123 
0 1 5 13 25 34 41 48 53 60 65 70 77 86 99 107 111 116 123 
0 1 5 13 25 36 41 48 53 58 62 65 70 75 81 86 99 111 123 
0 1 6 12 17 21 26 32 37 41 50 62 67 71 82 87 95 103 107 112 123 
0 1 6 12 17 21 26 32 37 41 50 67 71 77 82 87 95 103 107 123 126 
0 1 6 12 17 21 26 32 37 41 52 62 71 82 87 95 98 103 107 112 123 
0 1 6 12 17 21 26 32 41 50 62 67 71 82 86 95 103 107 112 116 122 
0 1 6 12 17 21 26 32 41 50 62 67 71 82 86 95 103 107 112 116 123 
0 1 6 12 17 21 26 32 41 50 62 67 71 82 87 95 103 107 112 116 123 
0 1 6 12 17 21 26 32 41 50 67 71 77 82 86 95 103 107 116 122 126 
0 1 6 12 17 21 26 32 41 50 67 71 77 82 87 95 103 107 116 123 126 
0 1 6 12 17 21 26 32 41 52 62 71 82 86 95 98 103 107 112 116 122 
0 1 6 12 17 21 26 32 41 52 62 71 82 86 95 98 103 107 112 116 123 
0 1 6 12 17 21 26 32 41 52 62 71 82 87 95 98 103 107 112 116 123 
0 1 6 12 17 21 26 32 41 52 71 77 82 86 95 98 103 107 116 122 126 
0 1 6 12 17 21 26 32 41 52 71 77 82 86 95 98 103 107 116 123 126 
0 1 6 12 17 21 26 37 41 50 59 62 67 71 76 82 87 95 103 112 123 
0 1 6 12 17 21 26 41 50 59 62 67 71 76 82 86 95 103 112 116 122 
0 1 6 12 17 21 26 41 50 59 62 67 71 76 82 86 95 103 112 116 123 
0 1 6 12 17 21 27 37 41 50 56 67 73 77 82 87 95 103 109 123 126 
0 1 6 12 17 21 27 37 41 52 56 73 77 82 87 95 98 103 109 123 126 
0 1 6 12 17 21 27 41 50 56 67 73 77 82 86 95 103 109 116 122 126 
0 1 6 12 17 21 27 41 50 56 67 73 77 82 86 95 103 109 116 123 126 
0 1 6 12 17 21 27 41 50 56 67 73 77 82 87 95 103 109 116 123 126 
0 1 6 12 17 21 27 41 52 56 73 77 82 86 95 98 103 109 116 122 126 
0 1 6 12 17 21 27 41 52 56 73 77 82 86 95 98 103 109 116 123 126 
0 1 6 12 17 21 27 41 52 56 73 77 82 87 95 98 103 109 116 123 126 
0 1 6 12 17 21 30 34 41 50 57 67 74 86 95 103 111 116 122 
0 1 6 12 17 21 30 37 41 50 57 67 74 82 87 95 103 111 123 
0 1 6 12 17 21 30 41 50 57 67 74 82 86 95 103 111 116 122 
0 1 6 12 17 21 30 41 50 57 67 74 82 86 95 103 111 116 123 
0 1 6 12 17 21 30 41 50 57 67 74 82 87 95 103 111 116 123 
0 1 6 12 17 21 32 37 41 50 56 62 67 73 82 87 95 103 107 112 123 
0 1 6 12 17 21 32 37 41 52 56 62 73 82 87 95 98 103 107 112 123 
0 1 6 12 17 22 27 34 41 48 53 60 72 77 86 99 104 111 116 122 
0 1 6 12 17 22 27 34 41 48 53 60 72 77 86 99 104 111 116 123 
0 1 6 12 17 22 27 34 41 48 53 60 72 77 87 99 104 111 116 123 
0 1 6 12 17 22 27 34 41 48 55 60 67 72 77 86 99 111 116 122 
0 1 6 12 17 22 27 34 41 48 55 60 67 72 77 86 99 111 116 123 
0 1 6 12 17 22 27 34 41 48 60 67 72 77 86 99 104 111 116 122 
0 1 6 12 17 22 27 34 41 48 60 67 72 77 86 99 104 111 116 123 
0 1 6 12 17 22 27 34 41 48 60 67 72 77 87 99 104 111 116 123 
0 1 6 12 17 22 27 34 41 50 55 60 67 72 77 86 95 111 116 122 
0 1 6 12 17 22 27 34 41 50 60 67 72 77 86 95 104 111 116 122 
0 1 6 12 17 22 27 34 41 53 60 72 77 86 95 99 104 111 116 122 
0 1 6 12 17 22 27 34 41 55 60 67 72 77 86 95 99 111 116 122 
0 1 6 12 17 22 27 34 41 60 67 72 77 86 95 99 104 111 116 122 
0 1 6 12 17 22 27 37 41 48 53 58 77 82 87 99 104 109 123 126 
0 1 6 12 17 22 27 37 41 48 53 72 77 82 87 99 104 109 123 126 
0 1 6 12 17 22 27 37 41 48 55 67 72 77 82 87 99 109 123 126 
0 1 6 12 17 22 27 37 41 48 58 67 77 82 87 99 104 109 123 126 
0 1 6 12 17 22 27 37 41 48 67 72 77 82 87 99 104 109 123 126 
0 1 6 12 17 22 27 37 41 50 55 67 72 77 82 87 95 109 123 126 
0 1 6 12 17 22 27 37 41 55 67 72 77 82 87 95 99 109 123 126 
0 1 6 12 17 22 27 41 48 53 60 72 77 82 87 99 104 111 116 123 
0 1 6 12 17 22 27 41 48 53 60 72 77 82 87 99 104 116 123 126 
0 1 6 12 17 22 27 41 48 55 67 72 77 82 87 99 109 116 123 126 
0 1 6 12 17 22 27 41 48 60 67 72 77 82 87 99 104 116 123 126 
0 1 6 12 17 22 27 41 50 55 60 67 72 77 82 86 95 111 116 123 
0 1 6 12 17 22 27 41 50 55 60 67 72 77 82 86 95 116 122 126 
0 1 6 12 17 22 27 41 50 55 60 67 72 77 82 86 95 116 123 126 
0 1 6 12 17 22 27 41 50 55 60 67 72 77 82 87 95 111 116 123 
0 1 6 12 17 22 27 41 50 55 67 72 77 82 86 95 109 116 122 126 
0 1 6 12 17 22 27 41 50 55 67 72 77 82 86 95 109 116 123 126 
0 1 6 12 17 22 27 41 50 55 67 72 77 82 87 95 109 116 123 126 
0 1 6 12 17 22 27 41 50 60 67 72 77 82 86 95 104 116 122 126 
0 1 6 12 17 22 27 41 50 67 72 77 82 86 95 104 109 116 122 126 
0 1 6 12 17 22 27 41 53 60 72 77 82 86 95 99 104 111 116 122 
0 1 6 12 17 22 27 41 53 60 72 77 82 86 95 99 104 116 122 126 
0 1 6 12 17 22 27 41 53 72 77 82 86 95 99 104 109 116 122 126 
0 1 6 12 17 22 27 41 55 60 67 72 77 82 86 95 99 111 116 123 
0 1 6 12 17 22 27 41 55 67 72 77 82 86 95 99 109 116 122 126 
0 1 6 12 17 22 27 41 55 67 72 77 82 86 95 99 109 116 123 126 
0 1 6 12 17 22 27 41 60 67 72 77 82 86 95 99 104 116 122 126 
0 1 6 12 17 22 27 41 67 72 77 82 86 95 99 104 109 116 122 126 
0 1 6 12 17 22 30 34 41 48 53 58 74 86 99 104 111 116 122 
0 1 6 12 17 22 30 34 41 48 53 58 74 86 99 104 111 116 123 
0 1 6 12 17 22 30 34 41 48 53 58 74 87 99 104 111 116 123 
0 1 6 12 17 22 30 34 41 48 53 58 75 86 99 104 111 116 122 
0 1 6 12 17 22 30 34 41 48 53 58 75 86 99 104 111 116 123 
0 1 6 12 17 22 30 34 41 48 53 58 75 87 99 104 111 116 123 
0 1 6 12 17 22 30 34 41 48 57 67 74 86 99 103 111 116 123 
0 1 6 12 17 22 30 34 41 48 57 67 74 86 99 104 111 116 122 
0 1 6 12 17 22 30 34 41 48 57 67 74 86 99 104 111 116 123 
0 1 6 12 17 22 30 34 41 48 57 67 74 87 99 103 111 116 123 
0 1 6 12 17 22 30 34 41 48 57 67 74 87 99 104 111 116 123 
0 1 6 12 17 22 30 34 41 48 58 67 74 86 99 104 111 116 122 
0 1 6 12 17 22 30 34 41 48 58 67 74 87 99 104 111 116 123 
0 1 6 12 17 22 30 34 41 48 58 67 75 86 99 104 111 116 122 
0 1 6 12 17 22 30 34 41 48 58 67 75 86 99 104 111 116 123 
0 1 6 12 17 22 30 34 41 48 58 67 75 87 99 104 111 116 123 
0 1 6 12 17 22 30 34 41 50 57 67 74 86 95 103 111 116 122 
0 1 6 12 17 22 30 34 41 50 58 67 74 86 95 104 111 116 122 
0 1 6 12 17 22 30 34 41 50 58 67 75 86 95 104 111 116 122 
0 1 6 12 17 22 30 34 41 53 58 74 86 95 99 104 111 116 122 
0 1 6 12 17 22 30 34 41 53 58 75 86 95 99 104 111 116 122 
0 1 6 12 17 22 30 34 41 58 67 74 86 95 99 104 111 116 122 
0 1 6 12 17 22 30 34 41 58 67 75 86 95 99 104 111 116 122 
0 1 6 12 17 22 30 41 50 57 67 74 82 86 95 103 111 116 123 
0 1 6 12 17 22 30 41 50 57 67 74 82 87 95 103 111 116 123 
0 1 6 12 17 22 30 41 57 67 74 82 86 95 99 103 111 116 123 
0 1 6 12 17 22 34 41 48 58 62 67 75 86 99 104 111 116 122 
0 1 6 12 17 22 34 41 50 58 62 67 75 86 95 104 111 116 122 
0 1 6 12 17 22 34 41 58 62 67 75 86 95 99 104 111 116 122 
0 1 6 12 17 23 27 37 41 52 56 68 73 77 82 87 95 98 109 123 126 
0 1 6 12 17 23 30 34 41 52 58 68 75 86 95 98 104 111 116 122 
0 1 6 12 17 23 30 34 41 52 58 68 75 86 95 98 105 111 116 122 
0 1 6 12 17 23 30 34 41 52 58 69 75 86 95 98 105 111 116 122 
0 1 6 12 17 23 30 34 41 52 58 69 75 86 95 99 105 111 116 122 
0 1 6 12 17 23 30 41 52 58 68 75 82 87 95 98 105 111 116 123 
0 1 6 12 17 23 30 41 52 58 69 75 82 87 95 98 105 111 116 123 
0 1 6 12 17 23 30 41 52 58 69 75 82 87 95 99 105 111 116 123 
0 1 6 12 17 23 32 37 41 52 56 62 68 73 82 87 95 98 107 112 123 
0 1 6 12 17 23 34 41 52 58 62 69 75 86 95 98 105 111 116 122 
0 1 6 12 17 23 37 41 52 59 62 69 76 82 87 95 99 105 112 123 
0 1 6 12 17 23 41 52 58 62 68 75 82 87 95 98 105 111 116 123 
0 1 6 12 17 23 41 52 58 62 69 75 82 87 95 98 105 111 116 123 
0 1 6 12 17 23 41 52 58 62 69 75 82 87 95 99 105 111 116 123 
0 1 6 12 17 23 41 52 59 62 69 75 82 86 95 99 105 111 116 122 
0 1 6 12 17 23 41 52 59 62 69 75 82 86 95 99 105 111 116 123 
0 1 6 12 17 24 30 34 41 48 53 69 74 86 99 106 111 116 122 
0 1 6 12 17 24 30 34 41 48 53 69 74 86 99 106 111 116 123 
0 1 6 12 17 24 30 34 41 48 53 69 74 87 99 106 111 116 123 
0 1 6 12 17 24 30 34 41 52 57 69 74 86 95 99 111 116 122 
0 1 6 12 17 24 30 37 41 48 53 69 74 82 87 99 106 111 123 
0 1 6 12 17 25 32 37 41 48 53 62 70 82 87 99 107 112 123 
0 1 6 12 17 25 32 37 41 53 62 70 82 87 95 99 107 112 123 
0 1 6 12 17 25 41 53 62 70 75 82 86 95 99 107 111 116 123 
0 1 6 12 17 26 32 37 41 50 55 62 67 71 82 87 95 101 107 112 123 
0 1 6 12 17 27 37 41 50 55 67 72 77 82 87 95 101 109 123 126 
0 1 6 12 17 27 41 50 55 67 72 77 82 86 95 101 109 116 122 126 
0 1 6 12 17 27 41 50 55 67 72 77 82 86 95 101 109 116 123 126 
0 1 6 12 18 24 30 34 41 53 60 61 70 78 87 100 106 111 116 123 
0 1 6 12 18 24 30 41 53 60 61 70 78 82 87 100 106 111 116 123 
0 1 6 12 18 24 34 41 53 60 61 70 77 78 87 100 106 111 116 123 
0 1 6 12 18 24 41 53 60 61 70 77 78 82 87 100 106 116 123 126 
0 1 6 12 18 25 34 41 54 58 61 62 70 75 78 86 100 111 116 122 
0 1 6 12 18 25 41 53 58 61 62 70 75 78 82 87 100 111 116 123 
0 1 6 12 19 23 30 34 41 52 58 61 69 75 78 86 105 111 116 123 
0 1 6 12 19 23 30 34 41 52 58 61 69 75 78 87 105 111 116 123 
0 1 6 12 19 23 30 41 52 58 61 69 75 78 82 87 105 111 116 123 
0 1 6 12 19 23 41 48 52 58 62 69 75 78 82 87 105 111 116 123 
0 1 6 12 19 23 41 48 52 59 62 69 75 78 82 87 105 111 116 123 
0 1 6 12 19 23 41 52 58 61 62 69 75 78 82 87 105 111 116 123 
0 1 6 12 19 23 41 52 59 61 62 69 75 78 82 86 105 111 116 123 
0 1 6 12 19 23 41 52 59 61 62 69 75 78 82 87 105 111 116 123 
0 1 6 12 19 24 30 34 41 48 55 60 65 86 101 106 111 116 122 
0 1 6 12 19 24 30 34 41 48 55 60 65 86 101 106 111 116 123 
0 1 6 12 19 24 30 34 41 48 55 60 65 87 101 106 111 116 123 
0 1 6 12 19 24 30 34 41 48 55 60 78 86 101 106 111 116 122 
0 1 6 12 19 24 30 34 41 48 55 60 78 86 101 106 111 116 123 
0 1 6 12 19 24 30 34 41 48 55 60 78 87 101 106 111 116 123 
0 1 6 12 19 24 30 34 41 48 55 65 74 86 101 106 111 116 122 
0 1 6 12 19 24 30 34 41 48 55 65 74 86 101 106 111 116 123 
0 1 6 12 19 24 30 34 41 48 55 65 74 87 101 106 111 116 123 
0 1 6 12 19 24 30 34 41 48 55 74 78 87 101 106 111 116 123 
0 1 6 12 19 24 30 34 41 48 57 69 74 78 87 101 111 116 123 
0 1 6 12 19 24 30 34 41 48 60 69 78 86 101 106 111 116 122 
0 1 6 12 19 24 30 34 41 48 60 69 78 87 101 106 111 116 123 
0 1 6 12 19 24 30 34 41 48 69 74 78 87 101 106 111 116 123 
0 1 6 12 19 24 30 34 41 52 57 61 69 74 78 86 111 116 122 
0 1 6 12 19 24 30 34 41 52 57 61 69 74 78 86 111 116 123 
0 1 6 12 19 24 30 34 41 52 57 61 69 74 78 87 111 116 123 
0 1 6 12 19 24 30 34 41 52 60 61 69 78 87 106 111 116 123 
0 1 6 12 19 24 30 34 41 52 61 69 74 78 86 106 111 116 122 
0 1 6 12 19 24 30 34 41 52 61 69 74 78 87 106 111 116 123 
0 1 6 12 19 24 30 34 41 55 60 61 78 86 101 106 111 116 122 
0 1 6 12 19 24 30 34 41 55 60 61 78 86 101 106 111 116 123 
0 1 6 12 19 24 30 34 41 55 60 61 78 87 101 106 111 116 123 
0 1 6 12 19 24 30 34 41 55 61 74 78 86 101 106 111 116 122 
0 1 6 12 19 24 30 34 41 55 61 74 78 86 101 106 111 116 123 
0 1 6 12 19 24 30 34 41 55 61 74 78 87 101 106 111 116 123 
0 1 6 12 19 24 30 34 41 57 61 69 74 78 86 101 111 116 122 
0 1 6 12 19 24 30 34 41 57 61 69 74 78 86 101 111 116 123 
0 1 6 12 19 24 30 34 41 57 61 69 74 78 87 101 111 116 123 
0 1 6 12 19 24 30 34 41 60 61 69 78 86 101 106 111 116 122 
0 1 6 12 19 24 30 34 41 60 61 69 78 87 101 106 111 116 123 
0 1 6 12 19 24 30 34 41 61 69 74 78 86 101 106 111 116 122 
0 1 6 12 19 24 30 37 41 48 55 74 78 82 87 101 106 111 123 
0 1 6 12 19 24 30 37 41 48 57 69 74 78 82 87 101 111 123 
0 1 6 12 19 24 30 37 41 48 69 74 78 82 87 101 106 111 123 
0 1 6 12 19 24 30 37 41 52 57 61 69 74 78 82 87 111 123 
0 1 6 12 19 24 30 37 41 52 61 69 74 78 82 87 106 111 123 
0 1 6 12 19 24 30 37 41 55 61 74 78 82 87 101 106 111 123 
0 1 6 12 19 24 30 37 41 57 61 69 74 78 82 87 101 111 123 
0 1 6 12 19 24 30 37 41 61 69 74 78 82 87 101 106 111 123 
0 1 6 12 19 24 30 41 48 57 69 74 78 82 87 101 111 116 123 
0 1 6 12 19 24 30 41 52 57 61 69 74 78 82 86 111 116 123 
0 1 6 12 19 24 30 41 52 57 61 69 74 78 82 87 111 116 123 
0 1 6 12 19 24 30 41 52 60 61 69 78 82 87 106 111 116 123 
0 1 6 12 19 24 30 41 55 60 61 78 82 87 101 106 111 116 123 
0 1 6 12 19 24 30 41 55 61 74 78 82 87 101 106 111 116 123 
0 1 6 12 19 24 30 41 57 61 69 74 78 82 86 101 111 116 123 
0 1 6 12 19 24 30 41 57 61 69 74 78 82 87 101 111 116 123 
0 1 6 12 19 24 34 41 48 55 60 65 77 86 101 106 111 116 122 
0 1 6 12 19 24 34 41 48 55 60 65 77 87 101 106 111 116 123 
0 1 6 12 19 24 34 41 48 55 60 77 78 86 101 106 111 116 122 
0 1 6 12 19 24 34 41 48 55 60 77 78 87 101 106 111 116 123 
0 1 6 12 19 24 34 41 52 60 61 69 77 78 86 106 111 116 122 
0 1 6 12 19 24 34 41 55 60 61 77 78 86 101 106 111 116 122 
0 1 6 12 19 24 34 41 55 60 61 77 78 86 101 106 111 116 123 
0 1 6 12 19 24 34 41 55 60 61 77 78 87 101 106 111 116 123 
0 1 6 12 19 24 34 41 60 61 69 77 78 86 101 106 111 116 122 
0 1 6 12 19 24 41 48 52 60 69 77 78 82 87 106 116 123 126 
0 1 6 12 19 24 41 52 59 61 62 69 75 78 82 87 105 111 116 123 
0 1 6 12 19 24 41 52 59 61 62 69 76 78 82 86 105 112 116 122 
0 1 6 12 19 24 41 52 60 61 69 77 78 82 87 106 116 123 126 
0 1 6 12 19 24 41 55 60 61 77 78 82 87 101 106 111 116 123 
0 1 6 12 19 24 41 55 60 61 77 78 82 87 101 106 116 123 126 
0 1 6 12 19 24 41 60 61 69 77 78 82 87 101 106 116 123 126 
0 1 6 12 19 25 32 37 41 48 54 62 71 78 82 87 101 107 112 123 
0 1 6 12 19 25 32 37 41 54 61 62 71 78 82 87 101 107 112 123 
0 1 6 12 19 25 32 41 48 54 62 65 71 82 87 101 107 112 116 123 
0 1 6 12 19 25 32 41 48 54 62 71 78 82 87 101 107 112 116 123 
0 1 6 12 19 25 32 41 54 61 62 71 78 82 86 101 107 112 116 122 
0 1 6 12 19 25 32 41 54 61 62 71 78 82 86 101 107 112 116 123 
0 1 6 12 19 26 32 41 54 61 71 77 78 82 86 101 107 116 122 126 
0 1 6 12 19 26 32 41 55 61 71 77 78 82 86 101 107 116 122 126 
0 1 6 12 19 27 34 41 48 55 60 72 77 78 86 101 111 116 122 
0 1 6 12 19 27 34 41 48 55 60 72 77 78 86 101 111 116 123 
0 1 6 12 19 27 34 41 48 55 60 72 77 78 87 101 111 116 123 
0 1 6 12 19 27 34 41 55 60 61 72 77 78 86 101 111 116 122 
0 1 6 12 19 27 34 41 55 60 61 72 77 78 86 101 111 116 123 
0 1 6 12 19 27 34 41 55 60 61 72 77 78 87 101 111 116 123 
0 1 6 12 19 27 37 41 48 55 72 77 78 82 87 101 109 123 126 
0 1 6 12 19 27 37 41 55 61 72 77 78 82 87 101 109 123 126 
0 1 6 12 19 27 41 48 55 60 72 77 78 82 87 101 111 116 123 
0 1 6 12 19 27 41 48 55 60 72 77 78 82 87 101 116 123 126 
0 1 6 12 19 27 41 55 60 61 72 77 78 82 86 101 111 116 123 
0 1 6 12 19 27 41 55 60 61 72 77 78 82 86 101 116 122 126 
0 1 6 12 19 27 41 55 61 72 77 78 82 86 101 109 116 122 126 
0 1 6 12 19 27 41 55 61 72 77 78 82 87 101 109 116 123 126 
0 1 6 12 19 30 34 41 48 55 60 72 78 87 101 106 111 116 123 
0 1 6 12 19 30 34 41 55 60 61 72 78 86 101 106 111 116 123 
0 1 6 12 19 30 34 41 55 60 61 72 78 87 101 106 111 116 123 
0 1 6 12 19 30 37 41 52 57 61 69 74 78 82 87 103 111 123 
0 1 6 12 19 30 41 55 60 61 72 78 82 87 101 106 111 116 123 
0 1 6 12 19 34 41 48 55 60 72 77 78 87 101 106 111 116 123 
0 1 6 12 20 25 34 41 48 58 62 65 70 75 86 102 111 116 122 
0 1 6 12 20 25 41 48 53 58 62 65 70 75 82 87 111 116 123 
0 1 6 12 20 25 41 48 58 62 65 70 75 82 87 102 111 116 123 
0 1 6 12 20 30 34 41 48 53 58 65 70 75 87 104 111 116 123 
0 1 6 12 20 30 41 48 53 58 65 70 75 82 87 104 111 116 123 
0 1 6 12 21 26 32 41 52 61 71 77 78 82 86 98 103 107 116 122 126 
0 1 6 12 21 27 41 52 56 61 73 77 78 82 87 98 103 109 116 123 126 
0 1 6 12 21 32 41 52 56 61 62 73 78 82 86 98 103 107 112 116 123 
0 1 6 12 21 32 41 52 56 61 62 73 78 82 87 98 103 107 112 116 123 
0 1 6 12 22 30 34 41 48 53 58 65 75 86 99 104 111 116 123 
0 1 6 12 22 30 34 41 48 53 58 65 75 87 99 104 111 116 123 
0 1 6 12 30 34 41 48 53 58 65 70 75 86 99 104 111 116 123 
0 1 6 13 19 27 34 42 48 55 60 65 72 77 87 101 111 116 123 
0 1 6 13 19 27 34 42 48 55 60 72 77 78 87 101 111 116 123 
0 1 6 13 19 30 34 41 48 55 60 72 78 87 101 106 111 116 123 
0 1 8 12 17 21 26 32 36 41 50 67 71 77 82 95 103 107 118 123 126 
0 1 8 12 17 21 26 32 36 41 52 71 77 82 95 98 103 107 118 123 126 
0 1 8 12 17 21 32 36 41 52 56 73 77 82 95 98 103 107 118 123 126 
0 1 8 12 17 21 32 37 41 50 56 67 73 77 82 95 103 107 118 123 126 
0 1 8 12 17 24 36 41 48 52 60 69 77 82 99 106 118 123 126 
0 1 8 13 20 25 36 41 48 53 60 65 70 77 82 106 111 118 123 
0 2 6 12 20 26 32 35 41 48 55 65 72 79 87 102 108 112 117 123 
0 2 6 12 20 28 32 35 41 48 56 65 73 79 87 102 112 117 123 
0 2 7 12 17 22 35 40 48 53 58 62 75 99 104 112 117 122 
0 2 7 12 17 22 35 40 48 58 62 67 75 99 104 112 117 122 
0 2 7 12 17 22 35 40 50 58 62 67 75 95 104 112 117 122 
0 2 7 12 17 22 35 40 53 58 62 75 95 99 104 112 117 122 
0 2 7 12 17 22 35 40 58 62 67 75 95 99 104 112 117 122 
0 2 7 12 17 22 35 43 48 53 58 62 75 88 99 104 112 117 
0 2 7 12 17 22 35 43 48 58 62 67 75 88 99 104 112 117 
0 2 7 12 17 22 35 43 50 58 62 67 75 88 95 104 112 117 
0 2 7 12 17 22 35 43 53 58 62 75 88 95 99 104 112 117 
0 2 7 12 17 22 35 43 58 62 67 75 88 95 99 104 112 117 
0 2 7 12 17 22 35 48 58 62 67 75 88 99 104 112 117 122 
0 2 7 12 17 22 35 50 58 62 67 75 88 95 104 112 117 122 
0 2 7 12 17 22 35 53 58 62 75 88 95 99 104 112 117 122 
0 2 7 12 17 22 35 58 62 67 75 88 95 99 104 112 117 122 
0 2 7 12 17 22 38 43 48 53 58 62 75 83 88 99 104 112 
0 2 7 12 17 22 38 43 48 58 62 67 75 83 88 99 104 112 
0 2 7 12 17 22 38 43 50 58 62 67 75 83 88 95 104 112 
0 2 7 12 17 22 38 43 53 58 62 75 83 88 95 99 104 112 
0 2 7 12 17 22 38 43 58 62 67 75 83 88 95 99 104 112 
0 2 7 12 17 22 38 48 58 62 67 75 83 88 99 104 112 122 
0 2 7 12 17 22 38 50 58 62 67 75 83 88 95 104 112 122 
0 2 7 12 17 22 40 48 58 62 67 75 83 99 104 112 117 122 
0 2 7 12 17 22 43 50 58 62 67 75 83 88 95 104 112 117 
0 2 7 12 17 22 43 53 58 62 75 83 88 95 99 104 112 117 
0 2 7 12 17 25 35 40 48 53 58 62 70 75 99 112 117 122 
0 2 7 12 17 25 35 40 48 53 62 70 75 99 107 112 117 122 
0 2 7 12 17 25 35 43 48 53 62 70 75 88 99 107 112 117 
0 2 7 12 17 25 35 43 53 58 62 70 75 88 95 99 112 117 
0 2 7 12 17 25 35 43 53 62 70 75 88 95 99 107 112 117 
0 2 7 12 17 25 35 48 53 58 62 70 75 88 99 112 117 122 
0 2 7 12 17 25 35 48 53 62 70 75 88 99 107 112 117 122 
0 2 7 12 17 25 35 53 58 62 70 75 88 95 99 112 117 122 
0 2 7 12 17 25 38 43 48 53 62 70 75 83 88 99 107 112 
0 2 7 12 17 25 38 43 53 58 62 70 75 83 88 95 99 112 
0 2 7 12 17 25 38 43 53 62 70 75 83 88 95 99 107 112 
0 2 7 12 17 25 38 48 53 58 62 70 75 83 88 99 112 122 
0 2 7 12 17 25 38 48 53 62 70 75 83 88 99 107 112 122 
0 2 7 12 17 25 40 48 53 62 70 75 83 99 107 112 117 122 
0 2 7 12 20 25 32 33 40 48 53 65 70 79 83 107 117 122 
0 2 7 12 20 25 32 33 40 48 65 70 79 83 102 107 117 122 
0 2 7 12 20 25 38 43 48 56 62 65 75 83 88 102 107 112 
0 2 7 12 20 25 38 43 48 62 65 70 75 83 88 102 107 112 
0 2 7 12 20 25 38 48 53 62 65 70 75 83 88 107 112 122 
0 2 7 12 20 25 38 48 56 62 65 75 83 88 102 107 112 122 
0 2 7 12 20 25 38 48 58 62 65 70 75 83 88 102 112 122 
0 2 7 12 20 25 43 48 53 62 65 70 75 83 88 107 112 117 
0 2 7 12 20 28 33 40 48 56 65 73 79 83 102 110 117 122 
0 4 12 14 20 28 33 40 48 56 65 73 85 102 110 115 122 
0 4 12 17 24 40 48 53 60 69 77 85 99 106 114 122 126 
0 4 12 17 24 40 48 53 60 70 77 85 99 106 114 122 126 
0 4 12 17 24 40 53 60 70 77 85 95 99 106 114 122 126 
0 4 12 17 25 32 33 40 48 53 70 79 85 99 107 114 122 
0 4 12 17 25 32 33 40 48 53 70 79 85 99 107 115 122 
0 4 12 17 25 32 33 40 53 70 79 85 95 99 107 115 122 
