0 1 4 9 19 24 30 35 40 45 50 65 70 75 98 103 120 125 
0 1 4 9 19 24 30 35 40 45 50 65 70 75 103 110 120 125 
0 1 4 9 19 24 30 35 40 45 50 65 75 83 103 110 120 125 
0 1 4 9 19 24 30 35 40 45 50 66 71 76 96 98 103 121 
0 1 4 9 19 24 30 35 40 45 50 66 71 76 96 103 111 121 
0 1 4 9 19 24 30 35 40 45 50 66 76 83 96 103 111 121 
0 1 4 9 19 24 30 35 40 50 58 65 75 83 103 110 120 125 
0 1 4 9 19 24 30 35 40 50 58 66 76 83 96 103 111 121 
0 1 4 9 24 30 35 40 50 58 64 66 76 83 96 103 111 121 
0 1 8 18 23 28 35 40 45 50 55 65 70 75 97 102 120 125 
0 1 8 18 23 28 35 40 45 50 55 65 70 75 102 110 120 125 
0 1 8 18 23 28 35 40 45 50 55 65 75 83 102 110 120 125 
0 1 9 19 24 30 35 40 45 50 55 65 70 75 98 103 120 125 
0 1 9 19 24 30 35 40 45 50 55 65 70 75 103 110 120 125 
0 1 9 19 24 30 35 40 45 50 55 65 75 83 103 110 120 125 
0 1 9 19 24 30 35 40 45 50 55 66 71 76 96 98 103 121 
0 1 9 19 24 30 35 40 45 50 55 66 71 76 96 103 111 121 
0 1 18 23 28 35 40 45 50 55 60 65 70 75 97 102 120 125 
0 1 19 24 30 35 40 45 50 55 60 65 70 75 98 103 120 125 
0 3 8 13 18 23 28 35 40 45 46 65 70 88 110 115 120 125 
0 3 8 13 18 23 28 35 40 45 46 65 83 88 110 115 120 125 
0 3 8 13 18 23 28 35 40 45 50 65 70 75 110 115 120 125 
0 3 8 13 18 23 28 35 40 45 50 65 70 88 110 115 120 125 
0 3 8 13 18 23 28 35 40 45 50 65 75 83 110 115 120 125 
0 3 8 13 18 23 35 40 50 57 65 83 88 105 110 115 120 125 
