0 1 8 16 22 30 37 43 51 58 71 78 79 85 101 108 115 122 
0 1 8 16 22 30 37 44 51 58 71 78 79 85 101 108 115 122 
0 1 8 16 22 30 37 44 51 58 71 78 79 86 101 108 115 122 
0 1 8 16 22 37 44 51 58 62 71 78 79 85 101 108 115 122 
0 1 8 16 22 37 44 51 58 62 71 78 79 86 101 108 115 122 
0 1 8 16 22 37 44 51 58 62 71 78 85 93 101 108 115 122 
0 1 8 16 23 37 44 51 58 62 65 72 86 93 101 108 115 122 
0 1 8 16 23 37 44 51 58 62 71 78 79 86 101 108 115 122 
0 1 8 16 23 37 44 51 58 62 71 78 86 93 101 108 115 122 
0 2 6 10 19 23 27 29 32 34 49 67 71 75 80 84 94 100 119 
0 2 6 10 19 23 27 29 32 34 67 71 75 80 84 88 94 100 119 
0 2 6 10 19 23 27 29 32 34 67 71 75 80 84 88 100 104 119 
0 2 6 10 19 23 27 29 32 49 57 67 71 75 80 84 94 100 119 
0 2 6 10 19 23 27 29 34 38 49 67 71 75 80 84 94 100 119 
0 2 6 10 19 23 27 29 34 38 63 67 71 75 80 84 88 94 100 
0 2 6 10 19 23 27 29 34 38 63 67 71 75 80 84 88 100 104 
0 2 6 10 19 23 27 29 34 38 64 67 71 75 80 84 88 94 100 
0 2 6 10 19 23 27 29 34 38 64 67 71 75 80 84 88 100 104 
0 2 6 10 19 23 27 29 34 38 64 67 71 76 80 84 88 94 100 
0 2 6 10 19 23 27 29 34 38 64 67 71 80 84 88 94 100 117 
0 2 6 10 19 23 27 29 34 38 64 67 71 80 84 88 100 104 117 
0 2 6 10 19 23 27 29 34 38 67 71 75 80 84 88 94 100 119 
0 2 6 10 19 23 27 29 34 38 67 71 75 80 84 88 100 104 119 
0 2 6 10 19 23 27 29 34 46 49 67 71 75 80 84 94 100 119 
0 2 6 10 19 23 27 29 34 46 49 67 71 76 80 84 94 100 119 
0 2 6 10 19 23 27 29 34 46 64 67 71 76 80 84 88 94 100 
0 2 6 10 19 23 27 29 34 46 64 67 71 76 80 84 88 100 104 
0 2 6 10 19 23 27 29 34 46 67 71 75 80 84 88 94 100 119 
0 2 6 10 19 23 27 29 34 46 67 71 75 80 84 88 100 104 119 
0 2 6 10 19 23 27 29 34 46 67 71 76 80 84 88 94 100 119 
0 2 6 10 19 23 27 29 34 46 67 71 76 80 84 88 100 104 119 
0 2 6 10 19 23 27 29 38 49 57 67 71 75 80 84 94 100 119 
0 2 6 10 19 23 27 29 38 57 63 67 71 75 80 84 88 94 100 
0 2 6 10 19 23 27 29 38 57 64 67 71 75 80 84 88 94 100 
0 2 6 10 19 23 27 29 38 57 67 71 75 80 84 88 94 100 119 
0 2 6 10 19 23 27 29 46 49 57 67 71 75 80 84 94 100 119 
0 2 6 10 19 23 27 29 46 57 67 71 75 80 84 88 94 100 119 
0 2 6 10 19 23 28 29 34 46 49 67 71 76 80 84 94 100 119 
0 2 6 10 19 23 28 29 34 46 49 67 72 76 80 84 94 100 119 
0 2 6 10 19 23 28 29 34 46 49 67 76 80 84 94 100 113 119 
0 2 6 10 19 23 28 29 34 46 64 67 71 76 80 84 88 100 104 
0 2 6 10 19 23 28 29 34 46 64 67 72 76 80 84 88 94 100 
0 2 6 10 19 23 28 29 34 46 64 67 72 76 80 84 88 100 104 
0 2 6 10 19 23 28 29 34 46 64 67 76 80 84 88 94 100 113 
0 2 6 10 19 23 28 29 34 46 64 67 76 80 84 88 100 104 113 
0 2 6 10 19 23 28 29 34 46 67 71 76 80 84 88 100 104 119 
0 2 6 10 19 23 28 29 34 46 67 72 76 80 84 88 94 100 119 
0 2 6 10 19 23 28 29 34 46 67 72 76 80 84 88 100 104 119 
0 2 6 10 19 23 28 29 34 46 67 76 80 84 88 94 100 113 119 
0 2 6 10 19 23 28 29 34 46 67 76 80 84 88 100 104 113 119 
0 2 6 10 19 23 28 29 38 58 64 67 72 76 80 84 88 94 100 
0 2 6 10 19 23 28 29 46 49 58 67 72 76 80 84 94 100 119 
0 2 6 10 19 23 28 29 46 58 64 67 72 76 80 84 88 94 100 
0 2 6 10 19 23 28 29 46 58 67 72 76 80 84 88 94 100 119 
0 2 6 10 19 23 28 34 46 55 64 67 76 80 84 88 100 104 113 
0 2 6 10 19 23 28 34 46 55 67 76 80 84 88 100 104 113 119 
0 2 6 10 19 23 29 32 49 57 67 71 75 80 84 94 100 115 119 
0 2 6 10 19 23 29 34 46 49 67 71 76 80 84 94 100 115 119 
0 2 6 10 19 23 29 34 46 64 67 71 76 80 84 88 94 100 115 
0 2 6 10 19 23 29 34 46 64 67 71 76 80 84 88 100 104 115 
0 2 6 10 19 23 29 34 46 67 71 76 80 84 88 94 100 115 119 
0 2 6 10 19 23 29 34 46 67 71 76 80 84 88 100 104 115 119 
0 2 6 10 19 23 29 36 46 49 57 67 71 80 84 94 100 115 119 
0 2 6 10 19 23 29 36 46 57 67 71 80 84 88 94 100 115 119 
0 2 6 10 19 23 29 38 49 57 67 71 75 80 84 94 100 115 119 
0 2 6 10 19 23 29 38 57 63 67 71 75 80 84 88 94 100 115 
0 2 6 10 19 23 29 38 57 64 67 71 76 80 84 88 94 100 115 
0 2 6 10 19 23 29 38 57 67 71 75 80 84 88 94 100 115 119 
0 2 6 10 19 23 29 38 58 64 67 71 76 80 84 88 94 100 115 
0 2 6 10 19 23 29 38 58 64 67 72 76 80 84 88 94 100 115 
0 2 6 10 19 23 29 46 49 57 67 71 75 80 84 94 100 115 119 
0 2 6 10 19 23 29 46 49 58 67 71 76 80 84 94 100 115 119 
0 2 6 10 19 23 29 46 49 58 67 72 76 80 84 94 100 115 119 
0 2 6 10 19 23 29 46 57 64 67 71 76 80 84 88 94 100 115 
0 2 6 10 19 23 29 46 57 67 71 75 80 84 88 94 100 115 119 
0 2 6 10 19 23 29 46 58 64 67 71 76 80 84 88 94 100 115 
0 2 6 10 19 23 29 46 58 64 67 72 76 80 84 88 94 100 115 
0 2 6 10 19 23 29 46 58 67 71 76 80 84 88 94 100 115 119 
0 2 6 10 19 23 29 46 58 67 72 76 80 84 88 94 100 115 119 
0 2 6 10 19 24 28 29 34 46 49 67 72 76 80 84 94 100 119 
0 2 6 10 19 24 28 29 34 46 64 67 72 76 80 84 88 94 100 
0 2 6 10 19 24 28 29 34 46 64 67 72 76 80 84 88 100 104 
0 2 6 10 19 24 28 29 34 46 67 72 76 80 84 88 94 100 119 
0 2 6 10 19 24 28 29 34 46 67 72 76 80 84 88 100 104 119 
0 2 6 10 19 24 28 29 46 49 58 67 72 76 80 84 94 100 119 
0 2 6 10 19 24 28 29 46 58 67 72 76 80 84 88 94 100 119 
0 2 6 10 19 24 29 46 49 58 67 72 76 80 84 94 100 115 119 
0 2 6 10 19 24 29 46 58 64 67 72 76 80 84 88 94 100 115 
0 2 6 10 19 24 29 46 58 67 72 76 80 84 88 94 100 115 119 
0 2 6 10 19 28 29 34 46 49 67 72 76 80 84 94 100 111 119 
0 2 6 10 19 28 29 34 46 64 67 72 76 80 84 88 94 100 111 
0 2 6 10 19 28 29 34 46 64 67 72 76 80 84 88 100 104 111 
0 2 6 10 19 28 29 34 46 67 72 76 80 84 88 94 100 111 119 
0 2 6 10 19 28 29 34 46 67 72 76 80 84 88 100 104 111 119 
0 2 6 10 19 28 29 46 49 58 67 72 76 80 84 94 100 111 119 
0 2 6 10 19 28 29 46 58 64 67 72 76 80 84 88 94 100 111 
0 2 6 10 19 28 29 46 58 67 72 76 80 84 88 94 100 111 119 
0 2 6 10 19 29 46 49 58 67 72 76 80 84 94 100 111 115 119 
0 2 6 10 19 29 46 58 64 67 72 76 80 84 88 94 100 111 115 
0 2 6 10 19 29 46 58 67 72 76 80 84 88 94 100 111 115 119 
0 2 6 10 23 27 29 32 34 49 67 71 75 80 84 94 100 106 119 
0 2 6 10 23 27 29 32 49 57 67 71 75 80 84 94 100 106 119 
0 2 6 10 23 28 29 36 46 49 58 67 72 80 84 94 100 107 119 
0 2 6 10 23 28 29 46 49 58 67 72 76 80 84 94 100 107 119 
0 2 6 10 23 29 32 36 49 57 67 71 80 84 94 100 106 115 119 
0 2 6 10 23 29 32 49 57 67 71 75 80 84 94 100 106 115 119 
0 2 6 10 23 29 36 46 49 57 67 71 80 84 94 100 106 115 119 
0 2 6 10 23 29 36 46 49 57 67 71 80 84 94 100 107 115 119 
0 2 6 10 23 29 36 46 49 58 67 71 80 84 94 100 107 115 119 
0 2 6 10 23 29 36 46 49 58 67 72 80 84 94 100 107 115 119 
0 2 6 10 23 29 46 49 58 67 71 76 80 84 94 100 107 115 119 
0 2 6 10 23 29 46 49 58 67 72 76 80 84 94 100 107 115 119 
0 2 6 10 24 28 29 36 46 49 58 67 72 80 84 94 100 107 119 
0 2 6 10 24 28 29 36 46 49 58 68 72 80 84 94 100 107 119 
0 2 6 10 24 28 29 46 49 58 67 72 76 80 84 94 100 107 119 
0 2 6 10 24 28 29 46 49 58 68 72 76 80 84 94 100 107 119 
0 2 6 10 24 29 36 46 49 58 67 72 80 84 94 100 107 115 119 
0 2 6 10 24 29 36 46 49 58 68 72 80 84 94 100 107 115 119 
0 2 6 10 24 29 46 49 58 67 72 76 80 84 94 100 107 115 119 
0 2 6 10 28 29 36 46 49 58 67 72 80 84 94 100 107 111 119 
0 2 6 10 28 29 46 49 58 67 72 76 80 84 94 100 107 111 119 
0 2 6 10 29 36 46 49 58 67 72 80 84 94 100 107 111 115 119 
0 2 6 10 29 46 49 58 67 72 76 80 84 94 100 107 111 115 119 
0 2 6 11 19 23 27 29 32 34 49 67 71 80 84 94 100 117 120 
0 2 6 11 19 23 27 29 32 34 49 67 71 80 84 94 117 120 124 
0 2 6 11 19 23 27 29 34 38 49 64 67 71 76 80 84 94 100 
0 2 6 11 19 23 27 29 34 38 49 64 67 71 76 80 84 94 124 
0 2 6 11 19 23 27 29 34 38 49 64 67 71 80 84 94 100 117 
0 2 6 11 19 23 27 29 34 38 49 64 67 71 80 84 94 117 124 
0 2 6 11 19 23 27 29 34 38 64 67 71 76 80 84 88 94 100 
0 2 6 11 19 23 27 29 34 38 64 67 71 76 80 84 88 94 124 
0 2 6 11 19 23 27 29 34 38 64 67 71 76 80 84 88 100 104 
0 2 6 11 19 23 27 29 34 38 64 67 71 76 80 84 88 104 124 
0 2 6 11 19 23 27 29 34 38 64 67 71 80 84 88 94 117 124 
0 2 6 11 19 23 27 29 34 38 64 67 71 80 84 88 100 104 117 
0 2 6 11 19 23 27 29 34 38 64 67 71 80 84 88 104 117 124 
0 2 6 11 19 23 27 29 34 46 49 64 67 71 76 80 84 94 124 
0 2 6 11 19 23 27 29 34 46 49 67 71 76 80 84 94 100 120 
0 2 6 11 19 23 27 29 34 46 49 67 71 76 80 84 94 120 124 
0 2 6 11 19 23 27 29 34 46 64 67 71 76 80 84 88 94 124 
0 2 6 11 19 23 27 29 34 46 64 67 71 76 80 84 88 100 104 
0 2 6 11 19 23 27 29 34 46 64 67 71 76 80 84 88 104 124 
0 2 6 11 19 23 27 29 38 57 64 71 75 80 84 89 94 100 109 
0 2 6 11 19 23 27 29 38 57 64 71 75 80 84 89 94 109 124 
0 2 6 11 19 23 28 29 34 38 49 64 67 72 76 80 84 94 100 
0 2 6 11 19 23 28 29 34 38 49 64 67 72 76 80 84 94 124 
0 2 6 11 19 23 28 29 34 38 49 64 67 76 80 84 94 100 113 
0 2 6 11 19 23 28 29 34 38 49 64 67 76 80 84 94 113 124 
0 2 6 11 19 23 28 29 34 38 64 67 71 76 80 84 88 104 124 
0 2 6 11 19 23 28 29 34 38 64 67 76 80 84 88 94 100 113 
0 2 6 11 19 23 28 29 34 38 64 67 76 80 84 88 100 104 113 
0 2 6 11 19 23 28 29 34 38 64 67 76 80 84 88 104 113 124 
0 2 6 11 19 23 28 29 34 46 49 64 67 72 76 80 84 94 100 
0 2 6 11 19 23 28 29 34 46 49 64 67 76 80 84 94 100 113 
0 2 6 11 19 23 28 29 34 46 49 67 72 76 80 84 94 100 120 
0 2 6 11 19 23 28 29 34 46 49 67 72 76 80 84 94 120 124 
0 2 6 11 19 23 28 29 34 46 49 67 76 80 84 94 100 113 120 
0 2 6 11 19 23 28 29 34 46 49 67 76 80 84 94 113 120 124 
0 2 6 11 19 23 28 29 34 46 64 67 76 80 84 88 100 104 113 
0 2 6 11 19 23 28 29 34 46 64 67 76 80 84 88 104 113 124 
0 2 6 11 19 23 28 29 38 58 64 72 76 80 84 89 94 100 109 
0 2 6 11 19 23 28 29 38 58 64 72 76 80 84 89 94 109 124 
0 2 6 11 19 23 28 29 46 49 58 67 72 76 80 84 94 100 120 
0 2 6 11 19 23 28 29 46 49 58 67 72 76 80 84 94 120 124 
0 2 6 11 19 23 28 34 38 55 64 67 76 80 84 88 100 104 113 
0 2 6 11 19 23 28 34 38 55 64 67 76 80 84 88 104 113 124 
0 2 6 11 19 23 28 34 46 55 64 67 76 80 84 88 100 104 113 
0 2 6 11 19 23 28 34 46 55 64 67 76 80 84 88 104 113 124 
0 2 6 11 19 23 29 34 38 45 49 64 67 71 76 80 94 115 124 
0 2 6 11 19 23 29 34 38 49 64 67 71 76 80 84 94 100 115 
0 2 6 11 19 23 29 34 38 49 64 67 71 76 80 84 94 115 124 
0 2 6 11 19 23 29 34 45 46 49 64 67 71 76 80 94 115 124 
0 2 6 11 19 23 29 34 45 46 49 67 71 76 80 94 115 120 124 
0 2 6 11 19 23 29 34 46 49 64 67 71 76 80 84 94 100 115 
0 2 6 11 19 23 29 34 46 49 64 67 71 76 80 84 94 115 124 
0 2 6 11 19 23 29 34 46 49 67 71 76 80 84 94 100 115 120 
0 2 6 11 19 23 29 34 46 49 67 71 76 80 84 94 115 120 124 
0 2 6 11 19 23 29 38 45 49 57 64 67 71 76 80 94 115 124 
0 2 6 11 19 23 29 38 45 49 58 64 67 71 76 80 94 115 124 
0 2 6 11 19 23 29 38 45 49 58 64 67 72 76 80 94 115 124 
0 2 6 11 19 23 29 38 45 57 64 67 71 76 80 88 94 115 124 
0 2 6 11 19 23 29 38 45 57 64 67 71 76 80 89 94 115 124 
0 2 6 11 19 23 29 38 45 57 64 71 75 80 89 94 109 115 124 
0 2 6 11 19 23 29 38 45 57 64 71 76 80 89 94 109 115 124 
0 2 6 11 19 23 29 38 45 58 64 67 71 76 80 88 94 115 124 
0 2 6 11 19 23 29 38 45 58 64 67 71 76 80 89 94 115 124 
0 2 6 11 19 23 29 38 45 58 64 67 72 76 80 88 94 115 124 
0 2 6 11 19 23 29 38 45 58 64 67 72 76 80 89 94 115 124 
0 2 6 11 19 23 29 38 45 58 64 71 76 80 89 94 109 115 124 
0 2 6 11 19 23 29 38 45 58 64 72 76 80 89 94 109 115 124 
0 2 6 11 19 23 29 38 49 58 64 67 71 76 80 84 94 100 115 
0 2 6 11 19 23 29 38 49 58 64 67 71 76 80 84 94 115 124 
0 2 6 11 19 23 29 38 49 58 64 67 72 76 80 84 94 100 115 
0 2 6 11 19 23 29 38 49 58 64 67 72 76 80 84 94 115 124 
0 2 6 11 19 23 29 38 57 64 71 75 80 84 89 94 100 109 115 
0 2 6 11 19 23 29 38 57 64 71 75 80 84 89 94 109 115 124 
0 2 6 11 19 23 29 38 58 64 67 71 76 80 84 89 94 100 115 
0 2 6 11 19 23 29 38 58 64 67 71 76 80 84 89 94 115 124 
0 2 6 11 19 23 29 38 58 64 67 72 76 80 84 88 94 100 115 
0 2 6 11 19 23 29 38 58 64 67 72 76 80 84 88 94 115 124 
0 2 6 11 19 23 29 38 58 64 71 76 80 84 89 94 100 109 115 
0 2 6 11 19 23 29 38 58 64 71 76 80 84 89 94 109 115 124 
0 2 6 11 19 23 29 38 58 64 72 76 80 84 89 94 100 109 115 
0 2 6 11 19 23 29 45 46 49 57 64 67 71 76 80 94 115 124 
0 2 6 11 19 23 29 45 46 49 57 67 71 76 80 94 115 120 124 
0 2 6 11 19 23 29 45 46 49 58 64 67 71 76 80 94 115 124 
0 2 6 11 19 23 29 45 46 49 58 64 67 72 76 80 94 115 124 
0 2 6 11 19 23 29 45 46 49 58 67 71 76 80 94 115 120 124 
0 2 6 11 19 23 29 45 46 57 64 67 71 76 80 88 94 115 124 
0 2 6 11 19 23 29 45 46 58 64 67 71 76 80 88 94 115 124 
0 2 6 11 19 23 29 45 46 58 64 67 72 76 80 88 94 115 124 
0 2 6 11 19 23 29 46 49 58 64 67 71 76 80 84 94 115 124 
0 2 6 11 19 23 29 46 49 58 67 71 76 80 84 94 115 120 124 
0 2 6 11 19 23 32 45 49 57 67 71 75 80 94 102 115 119 124 
0 2 6 11 19 23 36 45 46 49 57 67 71 80 94 102 115 119 124 
0 2 6 11 19 23 38 45 49 57 64 67 71 76 80 94 102 115 124 
0 2 6 11 19 23 38 45 49 57 67 71 75 80 94 102 115 119 124 
0 2 6 11 19 23 38 45 57 64 67 71 76 80 88 94 102 115 124 
0 2 6 11 19 23 38 45 57 64 67 71 76 80 89 94 102 115 124 
0 2 6 11 19 23 38 45 57 64 71 75 80 89 94 102 109 115 124 
0 2 6 11 19 23 38 45 57 64 71 76 80 89 94 102 109 115 124 
0 2 6 11 19 23 45 46 49 57 67 71 75 80 94 102 115 119 124 
0 2 6 11 19 23 45 46 49 57 67 71 76 80 94 102 115 119 124 
0 2 6 11 19 23 45 46 57 64 67 71 76 80 88 94 102 115 124 
0 2 6 11 19 24 29 38 45 58 64 72 76 80 89 94 109 115 124 
0 2 6 11 19 28 29 34 41 46 49 67 72 76 84 94 100 111 120 
0 2 6 11 19 28 29 41 46 49 58 67 72 76 84 94 100 111 120 
0 2 6 11 20 24 29 39 45 58 64 72 76 80 89 94 109 115 124 
0 2 6 11 23 27 29 32 34 49 67 71 75 80 84 94 100 106 119 
0 2 6 11 23 27 29 32 34 49 67 71 75 80 84 94 106 119 124 
0 2 6 11 23 29 38 45 49 58 64 67 71 76 80 94 107 115 124 
0 2 6 11 24 28 29 36 46 49 58 68 72 80 84 94 100 107 119 
0 2 6 19 23 29 38 51 58 64 67 72 76 80 84 88 94 100 115 
0 2 6 19 23 29 46 51 58 64 67 72 76 80 84 88 94 100 115 
0 2 6 19 24 29 39 51 58 64 72 76 84 88 94 100 109 115 122 
0 2 6 19 24 29 46 51 58 64 67 72 76 80 84 88 94 100 115 
0 2 6 19 29 46 51 58 64 67 72 76 80 84 88 94 100 111 115 
0 2 6 20 24 29 39 51 58 64 72 76 84 88 94 100 109 115 122 
0 2 7 11 19 23 29 45 46 49 57 67 76 80 94 113 116 120 124 
0 4 10 17 23 30 32 36 42 48 55 67 73 80 86 100 106 113 119 125 
0 4 10 17 23 30 32 36 42 48 55 67 73 86 93 99 106 113 119 125 
0 4 10 17 23 30 32 36 42 48 55 67 73 86 93 100 106 113 119 125 
0 4 10 17 23 30 32 36 42 49 55 67 73 80 86 96 100 106 113 119 
0 4 10 17 23 30 32 36 42 49 55 67 73 80 86 100 106 113 119 125 
0 4 10 17 23 30 32 36 42 49 55 67 73 86 93 100 106 113 119 125 
0 4 10 17 23 32 36 42 49 55 62 67 73 80 86 100 106 113 119 125 
0 4 10 17 23 36 42 46 49 55 62 67 73 80 86 96 100 106 113 119 
