0 1 4 9 15 18 25 35 56 61 67 76 86 99 109 115 120 125 
0 1 4 9 15 18 32 35 56 76 81 86 99 104 109 115 120 125 
0 1 5 9 13 17 21 25 34 38 42 47 67 85 89 94 107 111 115 119 124 
0 1 5 9 13 17 21 25 34 38 42 67 81 85 89 94 107 111 115 120 124 
0 1 5 9 13 21 25 34 42 47 52 63 67 73 85 89 94 107 111 115 119 
0 1 8 12 20 25 34 41 47 53 64 66 73 85 95 107 115 119 
0 1 8 12 20 25 34 41 47 53 64 66 73 85 95 107 115 120 
0 1 8 13 18 25 34 39 47 51 56 66 71 76 98 115 120 124 
0 1 8 13 18 25 34 39 47 51 56 66 76 98 108 115 120 124 
0 1 8 13 18 25 34 39 47 51 56 67 71 76 98 115 120 124 
0 1 8 13 18 25 34 39 47 51 56 67 76 98 108 115 120 124 
0 1 8 13 18 25 34 39 47 51 56 71 76 98 103 115 120 124 
0 1 8 13 18 25 34 39 47 51 56 76 98 103 108 115 120 124 
0 1 8 13 18 25 34 39 47 56 66 76 85 98 108 115 119 124 
0 1 8 13 18 25 34 39 47 56 66 76 85 98 108 115 120 124 
0 1 8 13 18 25 34 39 47 56 66 76 86 98 108 115 120 124 
0 1 8 13 18 25 34 39 47 56 66 76 86 98 108 115 120 125 
0 1 8 13 18 25 34 39 47 56 66 76 86 99 108 115 120 125 
0 1 8 13 18 25 34 39 47 56 67 76 85 98 108 115 119 124 
0 1 8 13 18 25 34 39 47 56 67 76 85 98 108 115 120 124 
0 1 8 13 18 25 34 39 47 56 67 76 86 98 108 115 120 125 
0 1 8 13 18 25 34 39 47 56 67 76 86 99 108 115 120 125 
0 1 8 13 18 25 34 39 47 56 76 85 98 103 108 115 119 124 
0 1 8 13 18 25 34 39 47 56 76 86 98 103 108 115 120 125 
0 1 8 13 18 25 34 39 47 56 76 86 99 103 108 115 120 125 
0 1 8 13 18 25 34 39 51 56 71 76 81 98 103 115 120 124 
0 1 8 13 18 25 34 39 56 76 81 86 98 103 108 115 120 125 
0 1 8 13 18 25 34 39 56 76 81 86 99 103 108 115 120 125 
0 1 8 13 18 25 35 39 47 56 67 76 85 98 108 115 119 124 
0 1 8 13 18 32 34 39 51 56 71 76 81 98 103 115 120 124 
0 1 8 13 18 32 34 39 51 56 76 81 98 103 108 115 120 124 
0 1 8 13 18 32 34 39 56 76 81 85 98 103 108 115 120 124 
0 1 8 13 18 32 34 39 56 76 81 86 98 103 108 115 120 124 
0 1 8 13 18 32 34 39 56 76 81 86 98 103 108 115 120 125 
0 1 8 13 18 32 35 39 51 56 76 81 98 103 108 115 120 124 
0 1 8 13 18 32 35 39 56 76 81 85 98 103 108 115 120 124 
0 1 8 13 18 32 35 39 56 76 81 86 98 103 108 115 120 124 
0 1 8 13 18 32 35 39 56 76 81 86 98 103 108 115 120 125 
0 1 8 13 18 32 35 39 56 76 81 86 99 103 108 115 120 125 
0 1 8 13 18 32 39 51 56 69 76 81 98 103 108 115 120 124 
0 1 8 13 18 32 39 56 69 76 81 85 98 103 108 115 120 124 
0 1 8 13 18 34 39 51 56 60 71 76 81 98 103 115 120 124 
0 1 8 13 18 34 39 51 56 60 76 81 98 103 108 115 120 124 
0 1 8 13 18 34 39 56 60 76 81 85 98 103 108 115 120 124 
0 1 8 13 20 25 34 41 47 53 64 66 73 85 95 107 115 119 
0 1 8 13 20 25 34 41 47 53 64 66 73 85 95 107 115 120 
0 1 8 13 20 25 34 41 47 53 64 66 73 85 95 108 115 119 
0 1 8 13 20 25 34 41 47 53 64 66 73 85 95 108 115 120 
0 1 8 13 20 25 34 41 47 53 64 66 73 86 95 107 115 120 
0 1 8 13 20 25 34 41 47 53 64 66 73 86 95 108 115 120 
0 1 8 13 20 25 34 41 47 53 64 66 74 85 95 108 115 119 
0 1 8 13 20 25 34 41 47 53 64 66 74 85 95 108 115 120 
0 1 8 13 20 25 34 41 47 53 64 67 73 85 95 107 115 119 
0 1 8 13 20 25 34 41 47 53 64 67 73 85 95 107 115 120 
0 1 8 13 20 25 34 41 47 53 64 67 73 85 95 108 115 119 
0 1 8 13 20 25 34 41 47 53 64 67 73 85 95 108 115 120 
0 1 8 13 20 25 34 41 47 53 64 67 73 86 95 107 115 120 
0 1 8 13 20 25 34 41 47 53 64 67 73 86 95 108 115 120 
0 1 8 13 20 25 34 41 47 53 64 67 74 85 95 108 115 119 
0 1 8 13 20 25 34 41 47 53 64 67 74 85 95 108 115 120 
0 1 8 13 20 25 34 41 47 53 64 67 74 86 95 108 115 120 
0 1 8 13 20 25 34 41 47 53 64 73 85 95 103 107 115 119 
0 1 8 13 20 25 34 41 47 53 64 73 85 95 103 107 115 120 
0 1 8 13 20 25 34 41 47 53 64 73 85 95 103 108 115 119 
0 1 8 13 20 25 34 41 47 53 64 73 85 95 103 108 115 120 
0 1 8 13 20 25 34 41 47 53 64 73 86 95 103 107 115 120 
0 1 8 13 20 25 34 41 47 53 64 73 86 95 103 108 115 120 
0 1 8 13 20 25 34 41 47 53 64 74 85 95 103 108 115 119 
0 1 8 13 20 25 34 41 47 53 64 74 85 95 103 108 115 120 
0 1 8 13 20 25 34 41 47 53 64 74 86 95 103 108 115 120 
0 1 8 13 20 25 34 41 47 54 64 67 73 86 95 108 115 120 
0 1 8 13 20 25 34 41 47 54 64 67 74 86 95 108 115 120 
0 1 8 13 20 25 34 41 47 54 64 73 86 95 103 108 115 120 
0 1 8 13 20 25 34 41 47 54 64 74 86 95 103 108 115 120 
0 1 8 13 20 25 34 41 53 64 73 81 85 95 103 107 115 120 
0 1 8 13 20 25 34 41 53 64 73 81 85 95 103 108 115 120 
0 1 8 13 20 25 34 41 53 64 73 81 86 95 103 107 115 120 
0 1 8 13 20 25 34 41 53 64 74 81 85 95 103 108 115 120 
0 1 8 13 20 25 34 42 47 53 64 66 74 85 95 108 115 119 
0 1 8 13 20 25 34 42 47 53 64 67 74 85 95 108 115 119 
0 1 8 13 20 25 34 42 47 53 64 67 74 85 95 108 115 120 
0 1 8 13 20 25 34 42 47 53 64 67 74 86 95 108 115 120 
0 1 8 13 20 25 34 42 47 53 64 74 85 95 103 108 115 119 
0 1 8 13 20 25 34 42 47 53 64 74 85 95 103 108 115 120 
0 1 8 13 20 25 35 41 47 53 64 67 73 85 95 108 115 119 
0 1 8 13 20 25 35 41 47 53 64 67 73 85 95 108 115 120 
0 1 8 13 20 25 35 41 47 53 64 67 73 86 95 108 115 120 
0 1 8 13 20 25 35 41 47 53 64 67 74 85 95 108 115 119 
0 1 8 13 20 25 35 41 47 53 64 67 74 85 95 108 115 120 
0 1 8 13 20 25 35 41 47 53 64 67 74 86 95 108 115 120 
0 1 8 13 20 25 35 41 47 54 64 67 73 86 95 108 115 120 
0 1 8 13 20 25 35 42 47 53 64 67 74 85 95 108 115 119 
0 1 8 20 25 29 41 46 47 53 64 73 83 95 103 106 115 122 
0 2 5 9 15 26 35 52 56 61 67 72 77 88 99 111 116 121 
0 2 8 13 18 25 35 40 47 56 67 76 86 99 108 115 120 125 
0 2 8 13 18 32 35 39 56 76 81 86 98 103 108 115 120 125 
0 2 8 13 18 32 35 39 56 76 81 86 99 103 108 115 120 125 
0 2 9 15 18 23 32 35 40 56 72 77 81 86 99 104 120 125 
0 2 9 15 18 23 32 35 40 56 77 81 86 99 104 109 120 125 
0 2 9 15 18 32 35 40 52 56 72 77 82 99 104 116 121 125 
0 2 9 15 18 32 35 40 56 72 76 81 86 99 104 115 120 125 
0 2 9 15 19 32 35 40 52 56 72 77 82 99 104 116 121 125 
0 2 9 15 19 32 35 40 52 57 72 77 82 99 104 116 121 125 
0 2 9 15 32 35 40 52 56 72 77 82 99 104 111 116 121 125 
0 3 8 13 25 30 34 47 51 56 66 71 76 88 98 110 115 119 
0 3 8 13 25 30 34 47 51 56 66 71 76 88 98 110 115 120 
0 3 8 13 25 30 34 47 51 56 67 71 76 88 98 110 115 119 
0 3 8 13 25 34 47 51 56 62 66 71 76 88 98 110 115 120 
0 3 8 13 25 34 47 51 56 62 67 71 76 88 98 110 115 120 
0 3 8 13 25 35 47 51 56 62 67 71 76 88 98 110 115 120 
0 4 8 13 20 25 31 47 51 62 67 71 76 83 88 95 110 115 
0 4 8 13 25 34 47 51 56 62 67 71 76 88 98 110 115 120 
