0 1 4 8 16 21 28 40 48 53 60 69 81 89 95 102 107 114 
0 1 4 9 16 21 28 40 48 53 60 69 81 89 95 102 107 114 
0 1 5 8 13 20 25 33 45 52 57 66 73 86 99 106 111 119 
0 1 5 8 13 20 25 45 52 57 66 73 85 99 106 111 119 126 
0 1 5 8 13 20 25 45 52 57 66 73 86 99 106 111 119 126 
0 1 5 13 20 25 33 45 52 57 66 73 79 86 99 106 111 119 
0 1 5 13 20 25 33 45 52 57 66 73 79 86 99 107 111 119 
0 1 5 13 20 25 45 52 57 66 73 79 85 99 106 111 119 126 
0 1 5 13 20 25 45 52 57 66 73 79 86 99 106 111 119 126 
0 1 7 13 20 26 33 39 45 52 58 67 73 80 86 96 100 106 113 119 
0 1 7 13 20 26 33 39 45 52 58 67 73 80 86 96 100 107 113 119 
0 1 7 13 20 26 33 39 45 52 58 67 73 80 86 100 106 113 119 125 
0 1 7 13 20 26 33 39 45 52 58 67 74 80 86 96 100 107 113 119 
0 1 7 13 20 26 33 39 47 52 58 67 73 80 86 96 100 107 113 119 
0 1 7 13 20 26 33 39 47 52 58 67 73 80 86 100 106 113 119 125 
0 1 7 13 20 26 33 39 47 52 58 67 74 80 86 96 100 106 113 119 
0 1 7 13 20 26 33 39 47 52 58 67 74 80 86 96 100 107 113 120 
0 1 7 15 20 26 33 39 47 52 58 67 73 80 86 96 100 106 113 119 
0 1 7 15 24 34 42 53 60 65 73 76 82 101 107 112 119 127 
0 1 7 15 25 34 42 53 60 65 73 76 82 101 107 112 119 127 
0 1 8 13 16 21 28 33 40 52 60 74 81 96 102 107 114 119 
0 1 8 13 16 21 28 33 40 53 60 74 81 95 102 107 114 119 
0 1 8 13 16 21 28 33 40 53 60 74 81 96 102 107 114 119 
0 1 8 13 20 25 28 33 40 45 52 66 73 86 96 107 114 119 
0 1 8 13 20 25 28 33 40 45 53 66 73 86 96 107 114 119 
0 1 8 13 20 25 33 40 45 52 57 66 73 86 96 99 106 119 
0 1 8 13 20 25 33 40 45 52 57 66 73 86 96 99 107 119 
0 1 8 13 20 25 33 40 45 52 57 66 74 86 96 99 107 119 
0 1 8 13 20 25 33 40 45 52 66 73 86 96 99 106 114 119 
0 1 8 13 20 25 33 40 45 52 66 73 86 96 99 107 114 119 
0 1 8 13 20 25 33 40 45 52 66 74 86 96 99 106 114 119 
0 1 8 13 20 25 33 40 45 52 66 74 86 96 99 107 114 119 
0 1 8 13 20 25 33 40 45 53 57 66 73 86 96 99 107 119 
0 1 8 13 20 25 33 40 45 53 57 66 74 86 96 99 107 119 
0 1 8 13 20 25 33 40 45 53 66 73 86 96 99 107 114 119 
0 1 8 13 20 25 33 40 45 53 66 74 86 95 99 107 114 119 
0 1 8 13 20 25 33 40 45 53 66 74 86 96 99 107 114 119 
0 1 8 13 20 25 40 45 52 57 66 73 85 96 99 106 119 126 
0 1 8 13 20 25 40 45 52 57 66 73 86 96 99 106 119 126 
0 1 8 13 20 25 40 45 52 66 74 86 96 99 106 114 119 126 
0 1 8 13 21 25 33 40 45 53 57 66 74 86 96 99 107 119 
0 2 5 8 20 25 42 45 48 62 65 68 71 83 88 106 109 112 
0 2 6 11 19 28 29 36 41 45 46 49 80 94 111 115 124 126 
0 2 6 11 19 28 29 36 45 46 49 53 80 94 98 111 115 126 
0 2 6 11 19 28 29 36 45 46 49 80 94 98 111 115 124 126 
0 2 6 11 19 29 36 45 46 49 80 84 94 98 111 115 124 126 
0 2 6 19 28 29 36 45 46 49 53 67 80 94 98 111 115 126 
0 2 6 19 28 29 36 45 46 49 67 80 94 98 111 115 124 126 
0 2 6 19 28 29 36 46 49 67 80 94 98 102 111 115 124 126 
0 2 6 19 29 36 40 49 53 67 80 84 94 98 102 115 119 126 
0 2 6 19 29 36 45 46 49 53 67 80 84 94 98 111 115 126 
0 2 6 19 29 36 46 49 53 67 80 84 94 98 102 111 115 126 
0 3 8 13 18 25 28 35 40 45 50 66 71 76 86 96 104 109 114 119 
0 3 8 13 18 25 35 40 45 46 50 57 62 66 71 76 96 99 104 109 
0 3 8 13 18 25 35 40 45 46 50 57 66 71 76 86 96 99 104 109 
0 3 8 13 18 25 35 40 45 46 50 62 66 71 76 96 99 104 109 114 
0 3 8 13 18 25 35 40 45 46 50 66 71 76 86 96 99 104 109 114 
0 3 8 13 18 25 35 40 45 46 62 66 71 76 96 99 104 109 114 121 
0 3 8 13 18 25 35 40 45 50 57 66 71 76 86 96 99 104 109 119 
0 3 8 13 18 25 35 40 45 50 62 66 71 76 96 99 104 109 114 119 
0 3 8 13 18 35 40 45 46 50 62 66 71 76 81 96 99 104 109 114 
0 3 8 13 18 35 40 45 46 57 62 66 71 76 81 96 99 104 109 121 
