0 1 5 10 15 19 24 34 39 43 48 53 60 63 67 76 81 88 104 118 123 
0 1 5 10 15 19 24 34 39 43 48 53 60 63 67 76 88 104 113 118 123 
0 1 5 10 15 19 24 34 39 43 48 60 63 67 76 83 88 104 113 118 123 
0 1 5 10 15 19 24 34 39 48 53 60 63 67 74 81 88 104 109 118 123 
0 1 5 10 15 19 24 34 39 48 53 60 63 67 74 88 104 109 113 118 123 
0 1 5 10 15 19 24 34 39 48 60 63 67 74 83 88 104 109 113 118 123 
0 1 5 10 15 19 24 39 43 48 53 60 63 65 76 81 88 100 104 118 123 
0 1 5 10 15 19 24 39 43 48 53 60 63 65 76 88 100 104 113 118 123 
0 1 5 10 15 19 24 39 48 53 60 63 65 74 81 88 100 104 109 118 123 
0 1 5 10 15 19 24 39 48 53 60 63 65 74 88 100 104 109 113 118 123 
0 1 5 10 15 19 24 39 48 60 63 65 74 83 88 100 104 109 113 118 123 
0 1 5 10 15 19 26 34 39 43 48 52 60 63 67 76 85 104 113 120 
0 1 5 10 15 19 26 34 39 43 48 53 60 63 67 76 81 85 104 120 
0 1 5 10 15 19 26 34 39 43 48 53 60 63 67 76 81 86 104 120 
0 1 5 10 15 19 26 34 39 43 48 53 60 63 67 76 81 86 104 121 
0 1 5 10 15 19 26 34 39 43 48 53 60 63 67 76 85 104 113 120 
0 1 5 10 15 19 26 34 39 43 48 53 60 63 67 76 86 104 113 120 
0 1 5 10 15 19 26 34 39 43 48 53 60 63 67 76 86 104 113 121 
0 1 5 10 15 19 26 34 39 43 48 55 60 63 67 76 83 88 104 113 118 
0 1 5 10 15 19 26 34 39 48 52 60 63 67 74 85 104 109 113 120 
0 1 5 10 15 19 26 34 39 48 53 60 63 67 74 81 85 104 109 120 
0 1 5 10 15 19 26 34 39 48 53 60 63 67 74 81 86 104 109 120 
0 1 5 10 15 19 26 34 39 48 53 60 63 67 74 81 86 104 109 121 
0 1 5 10 15 19 26 34 39 48 53 60 63 67 74 85 104 109 113 120 
0 1 5 10 15 19 26 34 39 48 53 60 63 67 74 86 104 109 113 120 
0 1 5 10 15 19 26 34 39 48 53 60 63 67 74 86 104 109 113 121 
0 1 5 10 15 19 26 34 39 48 55 60 63 67 74 83 88 104 109 113 118 
0 1 5 10 15 19 26 39 43 48 52 60 63 65 76 85 100 104 113 120 
0 1 5 10 15 19 26 39 43 48 53 60 63 65 76 81 85 100 104 120 
0 1 5 10 15 19 26 39 43 48 53 60 63 65 76 81 86 100 104 120 
0 1 5 10 15 19 26 39 43 48 53 60 63 65 76 81 86 100 104 121 
0 1 5 10 15 19 26 39 43 48 53 60 63 65 76 85 100 104 113 120 
0 1 5 10 15 19 26 39 43 48 53 60 63 65 76 86 100 104 113 120 
0 1 5 10 15 19 26 39 43 48 53 60 63 65 76 86 100 104 113 121 
0 1 5 10 15 19 26 39 43 48 55 60 63 65 76 83 88 100 104 113 118 
0 1 5 10 15 19 26 39 48 52 60 63 65 74 85 100 104 109 113 120 
0 1 5 10 15 19 26 39 48 53 60 63 65 74 81 85 100 104 109 120 
0 1 5 10 15 19 26 39 48 53 60 63 65 74 81 86 100 104 109 120 
0 1 5 10 15 19 26 39 48 53 60 63 65 74 81 86 100 104 109 121 
0 1 5 10 15 19 26 39 48 53 60 63 65 74 85 100 104 109 113 120 
0 1 5 10 15 19 26 39 48 53 60 63 65 74 86 100 104 109 113 120 
0 1 5 10 15 19 26 39 48 53 60 63 65 74 86 100 104 109 113 121 
0 1 5 10 15 19 26 39 48 55 60 63 65 74 83 88 100 104 109 113 118 
0 1 5 10 15 19 27 34 39 43 48 53 60 63 67 76 81 86 104 121 
0 1 5 10 15 19 27 34 39 43 48 53 60 63 67 76 86 104 113 121 
0 1 5 10 15 19 27 34 39 48 53 60 63 67 74 81 86 104 109 121 
0 1 5 10 15 19 27 34 39 48 53 60 63 67 74 86 104 109 113 121 
0 1 5 10 15 19 27 39 43 48 53 60 63 65 76 86 100 104 113 121 
0 1 5 10 15 19 27 39 48 53 60 63 65 74 81 86 100 104 109 121 
0 1 5 10 15 19 27 39 48 53 60 63 65 74 86 100 104 109 113 121 
0 1 5 10 15 19 34 39 43 48 55 60 63 67 76 83 88 104 113 118 123 
0 1 5 10 15 19 34 39 48 55 60 63 67 74 83 88 104 109 113 118 123 
0 1 5 10 15 19 39 48 55 60 63 65 74 83 88 100 104 109 113 118 123 
0 1 5 10 15 20 26 34 39 43 48 54 60 63 67 76 80 86 104 115 121 
0 1 5 10 15 20 26 34 39 48 54 60 63 67 74 80 86 104 109 115 121 
0 1 5 10 15 20 26 39 48 54 60 63 65 74 80 86 100 104 109 115 121 
0 1 5 10 15 20 27 34 39 43 48 54 60 63 67 76 80 86 104 115 121 
0 1 5 10 15 20 27 34 39 43 48 54 60 63 67 76 80 87 104 115 121 
0 1 5 10 15 20 27 34 39 48 54 60 63 67 74 80 86 104 109 115 121 
0 1 5 10 15 21 26 34 39 43 48 55 60 63 67 76 80 88 104 115 
0 1 5 10 15 21 26 34 39 43 48 55 60 63 67 76 80 104 115 120 
0 1 5 10 15 21 26 34 39 43 48 55 60 63 67 76 81 88 104 115 
0 1 5 10 15 21 26 34 39 43 48 55 60 63 67 76 81 88 104 116 
0 1 5 10 15 21 26 34 39 43 48 55 60 63 67 76 81 104 115 120 
0 1 5 10 15 21 26 34 39 43 48 55 60 63 67 76 81 104 116 120 
0 1 5 10 15 21 26 34 39 43 48 60 63 67 76 80 85 104 115 120 
0 1 5 10 15 21 26 34 39 43 48 60 63 67 76 81 85 104 115 120 
0 1 5 10 15 21 26 34 39 48 55 60 63 67 74 80 88 104 109 115 
0 1 5 10 15 21 26 34 39 48 55 60 63 67 74 80 104 109 115 120 
0 1 5 10 15 21 26 34 39 48 55 60 63 67 74 81 88 104 109 115 
0 1 5 10 15 21 26 34 39 48 55 60 63 67 74 81 88 104 109 116 
0 1 5 10 15 21 26 34 39 48 55 60 63 67 74 81 104 109 115 120 
0 1 5 10 15 21 26 34 39 48 55 60 63 67 74 81 104 109 116 120 
0 1 5 10 15 21 26 34 39 48 60 63 67 74 81 85 104 109 115 120 
0 1 5 10 15 21 26 39 43 48 55 60 63 65 76 80 88 100 104 115 
0 1 5 10 15 21 26 39 43 48 55 60 63 65 76 80 100 104 115 120 
0 1 5 10 15 21 26 39 43 48 55 60 63 65 76 81 88 100 104 115 
0 1 5 10 15 21 26 39 43 48 55 60 63 65 76 81 88 100 104 116 
0 1 5 10 15 21 26 39 43 48 55 60 63 65 76 81 100 104 116 120 
0 1 5 10 15 21 26 39 43 48 60 63 65 76 81 85 100 104 115 120 
0 1 5 10 15 21 26 39 48 55 60 63 65 74 81 88 100 104 109 115 
0 1 5 10 15 21 26 39 48 55 60 63 65 74 81 88 100 104 109 116 
0 1 5 10 15 21 26 39 48 55 60 63 65 74 81 100 104 109 115 120 
0 1 5 10 15 21 26 39 48 55 60 63 65 74 81 100 104 109 116 120 
0 1 5 10 15 21 26 39 48 60 63 65 74 81 85 100 104 109 115 120 
0 1 5 10 15 21 27 34 39 43 48 54 60 63 67 76 81 87 104 115 121 
0 1 5 10 15 21 27 34 39 48 54 60 63 67 74 81 87 104 109 115 121 
0 1 5 10 15 21 27 39 48 54 60 63 65 74 81 87 100 104 109 115 121 
0 1 5 10 15 21 34 39 43 48 55 60 63 67 76 80 88 104 115 123 
0 1 5 10 15 21 34 39 43 48 55 60 63 67 76 81 88 104 115 123 
0 1 5 10 15 21 34 39 43 48 55 60 63 67 76 81 88 104 116 123 
0 1 5 10 15 21 34 39 48 55 60 63 67 74 80 88 104 109 115 123 
0 1 5 10 15 21 34 39 48 55 60 63 67 74 81 88 104 109 115 123 
0 1 5 10 15 21 34 39 48 55 60 63 67 74 81 88 104 109 116 123 
0 1 5 10 15 21 39 43 48 55 60 63 65 76 80 88 100 104 115 123 
0 1 5 10 15 21 39 48 55 60 63 65 74 80 88 100 104 109 115 123 
0 1 5 10 15 21 39 48 55 60 63 65 74 81 88 100 104 109 115 123 
0 1 5 10 15 21 39 48 55 60 63 65 74 81 88 100 104 109 116 123 
0 1 5 10 15 22 26 34 39 43 48 55 60 63 67 76 81 88 104 116 
0 1 5 10 15 22 26 34 39 43 48 60 63 67 76 81 86 104 116 121 
0 1 5 10 15 22 26 34 39 48 55 60 63 67 74 81 88 104 109 116 
0 1 5 10 15 22 26 34 39 48 60 63 67 74 81 86 104 109 116 121 
0 1 5 10 15 22 26 39 48 55 60 63 65 74 81 88 100 104 109 116 
0 1 5 10 15 22 26 39 48 60 63 65 74 81 86 100 104 109 116 121 
0 1 5 10 15 22 27 34 39 43 48 56 60 63 67 76 81 104 116 121 
0 1 5 10 15 22 27 34 39 43 48 60 63 67 76 81 86 104 116 121 
0 1 5 10 15 22 27 34 39 48 56 60 63 67 74 81 104 109 116 121 
0 1 5 10 15 22 27 34 39 48 60 63 67 74 81 86 104 109 116 121 
0 1 5 10 15 22 27 39 48 56 60 63 65 74 81 100 104 109 116 121 
0 1 5 10 15 22 27 39 48 60 63 65 74 81 86 100 104 109 116 121 
0 1 5 10 15 22 34 39 43 48 55 60 63 67 76 81 88 104 116 123 
0 1 5 10 15 22 34 39 43 48 56 60 63 67 76 81 88 104 116 123 
0 1 5 10 15 22 34 39 48 55 60 63 67 74 81 88 104 109 116 123 
0 1 5 10 15 22 39 48 55 60 63 65 74 81 88 100 104 109 116 123 
0 1 5 10 15 26 34 39 43 48 53 60 63 67 76 81 86 104 116 120 
0 1 5 10 15 26 34 39 43 48 53 60 63 67 76 81 86 104 116 121 
0 1 5 10 15 26 34 39 48 53 60 63 67 74 81 86 104 109 116 120 
0 1 5 10 15 26 34 39 48 53 60 63 67 74 81 86 104 109 116 121 
0 1 5 10 15 26 39 43 48 53 60 63 65 76 81 86 100 104 116 120 
0 1 5 10 15 26 39 48 53 60 63 65 74 81 86 100 104 109 116 120 
0 1 5 10 15 26 39 48 53 60 63 65 74 81 86 100 104 109 116 121 
0 1 5 10 15 27 34 39 43 48 53 60 63 67 76 81 86 104 116 121 
0 1 5 10 15 27 34 39 48 53 60 63 67 74 81 86 104 109 116 121 
0 1 5 10 15 27 39 48 53 60 63 65 74 81 86 100 104 109 116 121 
0 1 5 10 16 20 26 39 43 49 54 60 63 65 76 82 86 100 104 110 121 
0 1 5 10 16 20 27 39 43 49 54 60 63 65 76 82 86 100 104 110 121 
0 1 5 10 16 20 27 39 43 49 54 60 63 65 76 82 87 100 104 110 121 
0 1 5 10 16 21 26 34 39 43 50 55 60 63 67 76 83 88 104 110 
0 1 5 10 16 21 26 34 39 43 50 55 60 63 67 76 83 88 104 111 
0 1 5 10 16 21 26 34 39 43 50 55 60 63 67 76 83 104 110 120 
0 1 5 10 16 21 26 34 39 43 50 55 60 63 67 76 83 104 111 120 
0 1 5 10 16 21 26 34 39 43 50 55 60 63 67 76 88 104 110 115 
0 1 5 10 16 21 26 34 39 43 50 55 60 63 67 76 88 104 111 115 
0 1 5 10 16 21 26 34 39 43 50 55 60 63 67 76 104 111 115 120 
0 1 5 10 16 21 26 34 39 43 50 60 63 67 76 85 104 110 115 120 
0 1 5 10 16 21 26 34 39 43 50 60 63 67 76 85 104 111 115 120 
0 1 5 10 16 21 26 34 39 43 55 60 63 67 76 80 88 104 110 115 
0 1 5 10 16 21 26 34 39 43 55 60 63 67 76 80 104 110 115 120 
0 1 5 10 16 21 26 34 39 43 60 63 67 76 80 85 104 110 115 120 
0 1 5 10 16 21 26 34 39 44 50 55 60 63 67 72 76 83 88 111 
0 1 5 10 16 21 26 34 39 44 50 55 60 63 67 72 76 83 111 120 
0 1 5 10 16 21 26 34 39 44 50 55 60 63 67 72 76 88 111 115 
0 1 5 10 16 21 26 34 39 44 50 55 60 63 67 72 76 111 115 120 
0 1 5 10 16 21 26 34 39 44 50 55 60 63 67 76 83 88 104 111 
0 1 5 10 16 21 26 34 39 44 50 55 60 63 67 76 83 104 111 120 
0 1 5 10 16 21 26 34 39 44 50 55 60 63 67 76 88 104 111 115 
0 1 5 10 16 21 26 34 39 44 50 55 60 63 67 76 104 111 115 120 
0 1 5 10 16 21 26 34 39 44 50 60 63 67 76 85 104 111 115 120 
0 1 5 10 16 21 26 39 43 50 55 60 63 65 76 83 88 100 104 110 
0 1 5 10 16 21 26 39 43 50 55 60 63 65 76 83 88 100 104 111 
0 1 5 10 16 21 26 39 43 50 55 60 63 65 76 83 100 104 110 120 
0 1 5 10 16 21 26 39 43 50 55 60 63 65 76 83 100 104 111 120 
0 1 5 10 16 21 26 39 43 50 55 60 63 65 76 88 100 104 110 115 
0 1 5 10 16 21 26 39 43 50 55 60 63 65 76 88 100 104 111 115 
0 1 5 10 16 21 26 39 43 50 55 60 63 65 76 100 104 110 115 120 
0 1 5 10 16 21 26 39 43 50 55 60 63 65 76 100 104 111 115 120 
0 1 5 10 16 21 26 39 43 50 60 63 65 76 85 100 104 110 115 120 
0 1 5 10 16 21 26 39 43 50 60 63 65 76 85 100 104 111 115 120 
0 1 5 10 16 21 26 39 44 50 55 60 63 65 72 76 83 88 100 111 
0 1 5 10 16 21 26 39 44 50 55 60 63 65 72 76 83 100 111 120 
0 1 5 10 16 21 26 39 44 50 55 60 63 65 72 76 88 100 111 115 
0 1 5 10 16 21 26 39 44 50 55 60 63 65 72 76 100 111 115 120 
0 1 5 10 16 21 26 39 44 50 55 60 63 65 76 83 88 100 104 111 
0 1 5 10 16 21 26 39 44 50 55 60 63 65 76 83 100 104 111 120 
0 1 5 10 16 21 26 39 44 50 55 60 63 65 76 88 100 104 111 115 
0 1 5 10 16 21 26 39 44 50 55 60 63 65 76 100 104 111 115 120 
0 1 5 10 16 21 26 39 44 50 60 63 65 72 76 85 100 111 115 120 
0 1 5 10 16 21 26 39 44 50 60 63 65 76 85 100 104 111 115 120 
0 1 5 10 16 21 27 34 39 43 50 54 60 63 67 76 87 104 110 115 121 
0 1 5 10 16 21 27 34 39 43 50 54 60 63 67 76 87 104 111 115 121 
0 1 5 10 16 21 27 34 39 43 54 60 63 67 76 80 87 104 110 115 121 
0 1 5 10 16 21 27 34 39 44 50 54 60 63 67 72 76 87 111 115 121 
0 1 5 10 16 21 27 34 39 44 50 54 60 63 67 76 87 104 111 115 121 
0 1 5 10 16 21 27 39 43 50 54 60 63 65 76 87 100 104 110 115 121 
0 1 5 10 16 21 27 39 43 50 54 60 63 65 76 87 100 104 111 115 121 
0 1 5 10 16 21 27 39 44 50 54 60 63 65 72 76 87 100 111 115 121 
0 1 5 10 16 21 27 39 44 50 54 60 63 65 76 87 100 104 111 115 121 
0 1 5 10 16 21 34 39 43 50 55 60 63 67 76 83 88 104 111 123 
0 1 5 10 16 21 34 39 43 50 55 60 63 67 76 88 104 111 115 123 
0 1 5 10 16 21 34 39 43 55 60 63 67 76 80 88 104 110 115 123 
0 1 5 10 16 21 34 39 44 50 55 60 63 67 72 76 88 111 115 123 
0 1 5 10 16 21 34 39 44 50 55 60 63 67 76 83 88 104 111 123 
0 1 5 10 16 21 34 39 44 50 55 60 63 67 76 88 104 111 115 123 
0 1 5 10 16 21 39 44 50 55 60 63 65 72 76 83 88 100 111 123 
0 1 5 10 16 21 39 44 50 55 60 63 65 72 76 88 100 111 115 123 
0 1 5 10 16 21 39 44 50 55 60 63 65 76 83 88 100 104 111 123 
0 1 5 10 16 21 39 44 50 55 60 63 65 76 88 100 104 111 115 123 
0 1 5 10 16 22 26 34 39 43 49 60 63 67 76 82 86 104 110 116 121 
0 1 5 10 16 22 26 39 43 49 55 60 63 65 76 82 88 100 104 110 116 
0 1 5 10 16 22 27 34 39 43 49 60 63 67 76 82 86 104 110 116 121 
0 1 5 10 16 22 27 34 39 44 50 56 60 63 67 72 76 82 111 117 121 
0 1 5 10 16 22 27 39 44 50 56 60 63 65 72 76 82 100 111 117 121 
0 1 5 10 16 24 34 39 43 50 60 63 67 76 83 88 104 110 118 123 
0 1 5 10 16 24 39 44 50 60 63 65 72 76 83 88 100 111 118 123 
0 1 5 10 16 24 39 44 50 60 63 65 76 83 88 100 104 111 118 123 
0 1 5 10 16 26 34 39 43 50 55 60 63 67 76 83 88 104 111 118 
0 1 5 10 16 26 34 39 44 50 55 60 63 67 76 83 88 104 111 118 
0 1 5 10 16 26 39 43 50 55 60 63 65 76 83 88 100 104 111 118 
0 1 5 10 16 26 39 44 50 55 60 63 65 72 76 83 88 100 111 118 
0 1 5 10 16 26 39 44 50 55 60 63 65 76 83 88 100 104 111 118 
0 1 5 10 16 27 34 39 43 50 54 60 63 67 76 82 87 104 111 117 121 
0 1 5 10 16 27 34 39 44 50 54 60 63 67 76 82 87 104 111 117 121 
0 1 5 10 16 27 39 44 50 54 60 63 65 72 76 82 87 100 111 117 121 
0 1 5 10 16 27 39 44 50 54 60 63 65 76 82 87 100 104 111 117 121 
0 1 5 10 16 34 39 43 50 55 60 63 67 76 83 88 104 111 118 123 
0 1 5 10 16 39 44 50 55 60 63 65 72 76 83 88 100 111 118 123 
0 1 5 10 17 21 26 34 39 43 50 55 60 63 67 76 83 88 104 111 
0 1 5 10 17 21 26 34 39 43 50 55 60 63 67 76 83 104 111 120 
0 1 5 10 17 21 26 34 39 43 55 60 63 67 76 81 88 104 111 116 
0 1 5 10 17 21 26 34 39 43 55 60 63 67 76 81 104 111 116 120 
0 1 5 10 17 21 26 34 39 44 50 55 60 63 67 72 76 83 88 111 
0 1 5 10 17 21 26 34 39 44 50 55 60 63 67 72 76 83 111 120 
0 1 5 10 17 21 26 34 39 44 50 55 60 63 67 72 77 83 88 111 
0 1 5 10 17 21 26 34 39 44 50 55 60 63 67 72 77 83 111 120 
0 1 5 10 17 21 26 34 39 44 50 55 60 63 67 76 83 88 104 111 
0 1 5 10 17 21 26 34 39 44 50 55 60 63 67 77 83 104 111 120 
0 1 5 10 17 21 26 34 39 44 55 60 63 67 72 76 81 88 111 116 
0 1 5 10 17 21 26 34 39 44 55 60 63 67 72 76 81 111 116 120 
0 1 5 10 17 21 26 34 39 44 55 60 63 67 72 77 81 88 111 116 
0 1 5 10 17 21 26 34 39 44 55 60 63 67 72 77 81 111 116 120 
0 1 5 10 17 21 26 34 39 44 55 60 63 67 76 81 88 104 111 116 
0 1 5 10 17 21 26 34 39 44 55 60 63 67 76 81 104 111 116 120 
0 1 5 10 17 21 26 34 39 44 55 60 63 67 77 81 104 111 116 120 
0 1 5 10 17 21 26 39 43 50 55 60 63 65 76 83 88 100 104 111 
0 1 5 10 17 21 26 39 43 50 55 60 63 65 76 83 100 104 111 120 
0 1 5 10 17 21 26 39 43 55 60 63 65 76 81 88 100 104 111 116 
0 1 5 10 17 21 26 39 43 55 60 63 65 76 81 100 104 111 116 120 
0 1 5 10 17 21 26 39 44 50 55 60 63 65 72 76 83 88 100 111 
0 1 5 10 17 21 26 39 44 50 55 60 63 65 76 83 88 100 104 111 
0 1 5 10 17 21 26 39 44 55 60 63 65 72 76 81 88 100 111 116 
0 1 5 10 17 21 26 39 44 55 60 63 65 72 76 81 100 111 116 120 
0 1 5 10 17 21 26 39 44 55 60 63 65 72 77 81 88 100 111 116 
0 1 5 10 17 21 26 39 44 55 60 63 65 72 77 81 100 111 116 120 
0 1 5 10 17 21 26 39 44 55 60 63 65 76 81 88 100 104 111 116 
0 1 5 10 17 21 26 39 44 55 60 63 65 77 81 100 104 111 116 120 
0 1 5 10 17 21 34 39 43 50 55 60 63 67 76 83 88 104 111 123 
0 1 5 10 17 21 34 39 43 55 60 63 67 76 81 88 104 111 116 123 
0 1 5 10 17 21 34 39 44 50 55 60 63 67 72 76 83 88 111 123 
0 1 5 10 17 21 34 39 44 50 55 60 63 67 72 77 83 88 111 123 
0 1 5 10 17 21 34 39 44 55 60 63 67 72 76 81 88 111 116 123 
0 1 5 10 17 21 34 39 44 55 60 63 67 72 77 81 88 111 116 123 
0 1 5 10 17 21 39 44 50 55 60 63 65 72 76 83 88 100 111 123 
0 1 5 10 17 21 39 44 50 55 60 63 65 72 77 83 88 100 111 123 
0 1 5 10 17 21 39 44 55 60 63 65 72 76 81 88 100 111 116 123 
0 1 5 10 17 22 26 34 39 43 51 55 60 63 67 76 88 104 111 116 
0 1 5 10 17 22 26 34 39 43 51 60 63 67 76 86 104 111 116 121 
0 1 5 10 17 22 26 34 39 43 55 60 63 67 76 81 88 104 111 116 
0 1 5 10 17 22 26 34 39 43 60 63 67 76 81 86 104 111 116 121 
0 1 5 10 17 22 26 34 39 44 51 55 60 63 67 72 76 88 111 116 
0 1 5 10 17 22 26 34 39 44 51 55 60 63 67 72 77 88 111 116 
0 1 5 10 17 22 26 34 39 44 51 55 60 63 67 76 88 104 111 116 
0 1 5 10 17 22 26 34 39 44 51 55 60 63 67 77 88 104 111 116 
0 1 5 10 17 22 26 34 39 44 51 60 63 67 72 76 86 111 116 121 
0 1 5 10 17 22 26 34 39 44 51 60 63 67 72 77 86 111 116 121 
0 1 5 10 17 22 26 34 39 44 51 60 63 67 72 77 86 112 116 121 
0 1 5 10 17 22 26 34 39 44 51 60 63 67 76 86 104 111 116 121 
0 1 5 10 17 22 26 34 39 44 51 60 63 67 77 86 104 111 116 121 
0 1 5 10 17 22 26 34 39 44 51 60 63 67 77 86 104 112 116 121 
0 1 5 10 17 22 26 34 39 44 55 60 63 67 72 76 81 88 111 116 
0 1 5 10 17 22 26 34 39 44 55 60 63 67 72 77 81 88 111 116 
0 1 5 10 17 22 26 34 39 44 55 60 63 67 76 81 88 104 111 116 
0 1 5 10 17 22 26 34 39 44 55 60 63 67 77 81 88 104 111 116 
0 1 5 10 17 22 26 34 39 44 60 63 67 72 76 81 86 111 116 121 
0 1 5 10 17 22 26 34 39 44 60 63 67 72 77 81 86 111 116 121 
0 1 5 10 17 22 26 34 39 44 60 63 67 76 81 86 104 111 116 121 
0 1 5 10 17 22 26 34 39 44 60 63 67 77 81 86 104 111 116 121 
0 1 5 10 17 22 26 34 39 47 51 55 60 63 67 74 88 93 104 109 116 
0 1 5 10 17 22 26 34 39 47 51 60 63 67 74 86 93 104 109 116 121 
0 1 5 10 17 22 26 39 43 51 55 60 63 65 76 88 100 104 111 116 
0 1 5 10 17 22 26 39 43 55 60 63 65 76 81 88 100 104 111 116 
0 1 5 10 17 22 26 39 44 51 55 60 63 65 72 76 88 100 111 116 
0 1 5 10 17 22 26 39 44 51 55 60 63 65 72 77 88 100 111 116 
0 1 5 10 17 22 26 39 44 51 55 60 63 65 72 77 88 100 112 116 
0 1 5 10 17 22 26 39 44 51 55 60 63 65 76 88 100 104 111 116 
0 1 5 10 17 22 26 39 44 51 55 60 63 65 77 88 100 104 112 116 
0 1 5 10 17 22 26 39 44 51 60 63 65 72 76 86 100 111 116 121 
0 1 5 10 17 22 26 39 44 51 60 63 65 72 77 86 100 111 116 121 
0 1 5 10 17 22 26 39 44 51 60 63 65 72 77 86 100 112 116 121 
0 1 5 10 17 22 26 39 44 51 60 63 65 76 86 100 104 111 116 121 
0 1 5 10 17 22 26 39 44 51 60 63 65 77 86 100 104 111 116 121 
0 1 5 10 17 22 26 39 44 51 60 63 65 77 86 100 104 112 116 121 
0 1 5 10 17 22 26 39 44 55 60 63 65 72 76 81 88 100 111 116 
0 1 5 10 17 22 26 39 44 55 60 63 65 76 81 88 100 104 111 116 
0 1 5 10 17 22 26 39 44 60 63 65 72 76 81 86 100 111 116 121 
0 1 5 10 17 22 26 39 44 60 63 65 72 77 81 86 100 111 116 121 
0 1 5 10 17 22 26 39 44 60 63 65 76 81 86 100 104 111 116 121 
0 1 5 10 17 22 26 39 44 60 63 65 77 81 86 100 104 111 116 121 
0 1 5 10 17 22 26 39 47 51 55 60 63 65 74 88 93 100 104 109 116 
0 1 5 10 17 22 26 39 47 51 60 63 65 74 86 93 100 104 109 116 121 
0 1 5 10 17 22 27 34 39 43 51 60 63 67 76 86 104 111 116 121 
0 1 5 10 17 22 27 34 39 43 60 63 67 76 81 86 104 111 116 121 
0 1 5 10 17 22 27 34 39 44 51 56 60 63 67 72 76 111 116 121 
0 1 5 10 17 22 27 34 39 44 51 56 60 63 67 72 77 111 116 121 
0 1 5 10 17 22 27 34 39 44 51 60 63 67 72 76 86 111 116 121 
0 1 5 10 17 22 27 34 39 44 51 60 63 67 72 77 86 111 116 121 
0 1 5 10 17 22 27 34 39 44 51 60 63 67 72 77 86 112 116 121 
0 1 5 10 17 22 27 34 39 44 51 60 63 67 76 86 104 111 116 121 
0 1 5 10 17 22 27 34 39 44 51 60 63 67 77 86 104 111 116 121 
0 1 5 10 17 22 27 34 39 44 51 60 63 67 77 86 104 112 116 121 
0 1 5 10 17 22 27 34 39 44 56 60 63 67 72 76 81 111 116 121 
0 1 5 10 17 22 27 34 39 44 56 60 63 67 72 77 81 111 116 121 
0 1 5 10 17 22 27 34 39 44 60 63 67 72 76 81 86 111 116 121 
0 1 5 10 17 22 27 34 39 44 60 63 67 72 77 81 86 111 116 121 
0 1 5 10 17 22 27 34 39 44 60 63 67 76 81 86 104 111 116 121 
0 1 5 10 17 22 27 34 39 44 60 63 67 77 81 86 104 111 116 121 
0 1 5 10 17 22 27 34 39 47 51 60 63 67 74 86 93 104 109 116 121 
0 1 5 10 17 22 27 39 44 51 56 60 63 65 72 76 100 111 116 121 
0 1 5 10 17 22 27 39 44 51 56 60 63 65 72 77 100 111 116 121 
0 1 5 10 17 22 27 39 44 51 56 60 63 65 72 77 100 112 116 121 
0 1 5 10 17 22 27 39 44 51 60 63 65 72 76 86 100 111 116 121 
0 1 5 10 17 22 27 39 44 51 60 63 65 72 77 86 100 111 116 121 
0 1 5 10 17 22 27 39 44 51 60 63 65 72 77 86 100 112 116 121 
0 1 5 10 17 22 27 39 44 51 60 63 65 76 86 100 104 111 116 121 
0 1 5 10 17 22 27 39 44 51 60 63 65 77 86 100 104 111 116 121 
0 1 5 10 17 22 27 39 44 51 60 63 65 77 86 100 104 112 116 121 
0 1 5 10 17 22 27 39 44 56 60 63 65 72 76 81 100 111 116 121 
0 1 5 10 17 22 27 39 44 56 60 63 65 72 77 81 100 111 116 121 
0 1 5 10 17 22 27 39 44 60 63 65 72 76 81 86 100 111 116 121 
0 1 5 10 17 22 27 39 44 60 63 65 72 77 81 86 100 111 116 121 
0 1 5 10 17 22 27 39 44 60 63 65 76 81 86 100 104 111 116 121 
0 1 5 10 17 22 27 39 44 60 63 65 77 81 86 100 104 111 116 121 
0 1 5 10 17 22 27 39 47 51 60 63 65 74 86 93 100 104 109 116 121 
0 1 5 10 17 22 34 39 43 51 55 60 63 67 76 88 104 111 116 123 
0 1 5 10 17 22 34 39 43 55 60 63 67 76 81 88 104 111 116 123 
0 1 5 10 17 22 34 39 44 51 55 60 63 67 72 76 88 111 116 123 
0 1 5 10 17 22 34 39 44 51 55 60 63 67 72 77 88 111 116 123 
0 1 5 10 17 22 34 39 44 51 55 60 63 67 76 88 104 111 116 123 
0 1 5 10 17 22 34 39 44 51 55 60 63 67 77 88 104 111 116 123 
0 1 5 10 17 22 34 39 44 55 60 63 67 72 76 81 88 111 116 123 
0 1 5 10 17 22 34 39 44 55 60 63 67 72 77 81 88 111 116 123 
0 1 5 10 17 22 34 39 44 55 60 63 67 76 81 88 104 111 116 123 
0 1 5 10 17 22 34 39 44 55 60 63 67 77 81 88 104 111 116 123 
0 1 5 10 17 22 34 39 44 56 60 63 67 72 76 81 88 111 116 123 
0 1 5 10 17 22 34 39 44 56 60 63 67 72 77 81 88 111 116 123 
0 1 5 10 17 22 34 39 47 51 55 60 63 67 74 88 93 104 109 116 123 
0 1 5 10 17 22 39 44 51 55 60 63 65 72 76 88 100 111 116 123 
0 1 5 10 17 22 39 44 51 55 60 63 65 76 88 100 104 111 116 123 
0 1 5 10 17 22 39 44 51 56 60 63 65 72 77 88 100 111 116 123 
0 1 5 10 17 24 39 44 50 60 63 65 72 76 83 88 100 111 118 123 
0 1 5 10 17 24 39 44 50 60 63 65 72 77 83 88 100 111 118 123 
0 1 5 10 17 24 39 44 51 60 63 65 72 76 83 88 100 111 118 123 
0 1 5 10 17 26 34 39 43 53 60 63 67 76 81 86 104 111 116 120 
0 1 5 10 17 26 34 39 43 53 60 63 67 76 81 86 104 111 116 121 
0 1 5 10 17 26 34 39 44 50 55 60 63 67 72 76 83 88 111 118 
0 1 5 10 17 26 34 39 44 50 55 60 63 67 72 77 83 88 111 118 
0 1 5 10 17 26 34 39 44 51 55 60 63 67 72 76 83 88 111 118 
0 1 5 10 17 26 34 39 44 51 55 60 63 67 72 77 83 88 111 118 
0 1 5 10 17 26 34 39 44 53 60 63 67 72 76 81 86 111 116 120 
0 1 5 10 17 26 34 39 44 53 60 63 67 72 76 81 86 111 116 121 
0 1 5 10 17 26 34 39 44 53 60 63 67 72 77 81 86 111 116 120 
0 1 5 10 17 26 34 39 44 53 60 63 67 72 77 81 86 111 116 121 
0 1 5 10 17 26 34 39 44 53 60 63 67 76 81 86 104 111 116 120 
0 1 5 10 17 26 34 39 44 53 60 63 67 76 81 86 104 111 116 121 
0 1 5 10 17 26 34 39 44 53 60 63 67 77 81 86 104 111 116 120 
0 1 5 10 17 26 34 39 44 53 60 63 67 77 81 86 104 111 116 121 
0 1 5 10 17 26 39 44 50 55 60 63 65 72 76 83 88 100 111 118 
0 1 5 10 17 26 39 44 50 55 60 63 65 72 77 83 88 100 111 118 
0 1 5 10 17 26 39 44 51 55 60 63 65 72 76 83 88 100 111 118 
0 1 5 10 17 26 39 44 53 60 63 65 72 76 81 86 100 111 116 120 
0 1 5 10 17 26 39 44 53 60 63 65 72 76 81 86 100 111 116 121 
0 1 5 10 17 26 39 44 53 60 63 65 72 77 81 86 100 111 116 120 
0 1 5 10 17 26 39 44 53 60 63 65 72 77 81 86 100 111 116 121 
0 1 5 10 17 26 39 44 53 60 63 65 76 81 86 100 104 111 116 121 
0 1 5 10 17 26 39 44 53 60 63 65 77 81 86 100 104 111 116 120 
0 1 5 10 17 26 39 44 53 60 63 65 77 81 86 100 104 111 116 121 
0 1 5 10 17 27 34 39 43 53 60 63 67 76 81 86 104 111 116 121 
0 1 5 10 17 27 34 39 44 53 60 63 67 72 76 81 86 111 116 121 
0 1 5 10 17 27 34 39 44 53 60 63 67 72 77 81 86 111 116 121 
0 1 5 10 17 27 34 39 44 53 60 63 67 76 81 86 104 111 116 121 
0 1 5 10 17 27 34 39 44 53 60 63 67 77 81 86 104 111 116 121 
0 1 5 10 17 27 39 44 53 60 63 65 72 76 81 86 100 111 116 121 
0 1 5 10 17 27 39 44 53 60 63 65 72 77 81 86 100 111 116 121 
0 1 5 10 17 27 39 44 53 60 63 65 77 81 86 100 104 111 116 121 
0 1 5 10 17 34 39 44 50 55 60 63 67 72 76 83 88 111 118 123 
0 1 5 10 17 34 39 44 50 55 60 63 67 72 77 83 88 111 118 123 
0 1 5 10 17 34 39 44 51 55 60 63 67 72 76 83 88 111 118 123 
0 1 5 10 17 39 44 50 55 60 63 65 72 76 83 88 100 111 118 123 
0 1 5 10 17 39 44 51 55 60 63 65 72 76 83 88 100 111 118 123 
0 1 5 10 18 22 27 34 39 44 56 60 63 67 72 77 82 112 117 121 
0 1 5 10 18 22 34 39 44 56 60 63 67 72 77 82 88 112 117 123 
0 1 5 10 18 26 34 39 44 52 60 63 67 72 77 85 112 120 
0 1 5 10 18 26 34 39 44 52 60 63 67 77 85 104 112 120 
0 1 5 10 18 26 39 44 52 60 63 65 72 77 85 100 112 120 
0 1 5 10 18 26 39 44 52 60 63 65 77 85 100 104 112 120 
0 1 5 10 18 27 34 39 44 54 60 63 67 72 77 82 87 112 117 121 
0 1 5 10 18 27 34 39 44 54 60 63 67 77 82 87 104 112 117 121 
0 1 5 10 19 26 29 34 39 44 48 53 60 63 67 72 81 85 109 120 
0 1 5 10 19 26 29 34 39 44 48 53 60 63 67 72 81 86 109 120 
0 1 5 10 19 26 29 34 39 44 48 53 60 63 67 72 81 86 109 121 
0 1 5 10 19 26 29 34 39 44 48 53 60 63 67 81 85 104 109 120 
0 1 5 10 19 26 29 34 39 44 48 53 60 63 67 81 86 104 109 120 
0 1 5 10 19 26 29 34 39 44 48 53 60 63 67 81 86 104 109 121 
0 1 5 10 19 26 29 34 39 44 53 60 63 67 72 85 93 109 114 120 
0 1 5 10 19 26 29 34 39 44 53 60 63 67 72 86 93 109 114 120 
0 1 5 10 19 26 29 34 39 44 53 60 63 67 72 86 93 109 114 121 
0 1 5 10 19 26 29 34 39 44 53 60 63 67 85 93 104 109 114 120 
0 1 5 10 19 26 29 34 39 44 53 60 63 67 86 93 104 109 114 120 
0 1 5 10 19 26 29 34 39 44 53 60 63 67 86 93 104 109 114 121 
0 1 5 10 19 26 29 34 39 48 53 60 63 67 74 81 85 104 109 120 
0 1 5 10 19 26 29 34 39 48 53 60 63 67 74 81 86 104 109 120 
0 1 5 10 19 26 29 34 39 48 53 60 63 67 74 81 86 104 109 121 
0 1 5 10 19 26 29 34 39 53 60 63 67 74 86 93 104 109 114 120 
0 1 5 10 19 26 29 34 39 53 60 63 67 74 86 93 104 109 114 121 
0 1 5 10 19 26 29 39 44 48 53 60 63 65 72 81 85 100 109 120 
0 1 5 10 19 26 29 39 44 48 53 60 63 65 72 81 86 100 109 120 
0 1 5 10 19 26 29 39 44 48 53 60 63 65 72 81 86 100 109 121 
0 1 5 10 19 26 29 39 44 48 53 60 63 65 81 85 100 104 109 120 
0 1 5 10 19 26 29 39 44 48 53 60 63 65 81 86 100 104 109 120 
0 1 5 10 19 26 29 39 44 48 53 60 63 65 81 86 100 104 109 121 
0 1 5 10 19 26 29 39 44 53 60 63 65 72 86 93 100 109 114 120 
0 1 5 10 19 26 29 39 44 53 60 63 65 72 86 93 100 109 114 121 
0 1 5 10 19 26 29 39 44 53 60 63 65 86 93 100 104 109 114 120 
0 1 5 10 19 26 29 39 44 53 60 63 65 86 93 100 104 109 114 121 
0 1 5 10 19 26 29 39 48 53 60 63 65 74 81 86 100 104 109 120 
0 1 5 10 19 26 29 39 48 53 60 63 65 74 81 86 100 104 109 121 
0 1 5 10 19 26 29 39 53 60 63 65 74 86 93 100 104 109 114 120 
0 1 5 10 19 26 29 39 53 60 63 65 74 86 93 100 104 109 114 121 
0 1 5 10 19 26 34 39 43 48 53 60 63 67 76 81 85 104 111 120 
0 1 5 10 19 26 34 39 43 48 53 60 63 67 76 81 86 104 111 120 
0 1 5 10 19 26 34 39 43 48 53 60 63 67 76 81 86 104 111 121 
0 1 5 10 19 26 34 39 44 48 53 60 63 67 72 76 81 85 111 120 
0 1 5 10 19 26 34 39 44 48 53 60 63 67 72 76 81 86 111 120 
0 1 5 10 19 26 34 39 44 48 53 60 63 67 72 76 81 86 111 121 
0 1 5 10 19 26 34 39 44 48 53 60 63 67 76 81 85 104 111 120 
0 1 5 10 19 26 34 39 44 48 53 60 63 67 76 81 86 104 111 120 
0 1 5 10 19 26 34 39 44 48 53 60 63 67 76 81 86 104 111 121 
0 1 5 10 19 26 34 39 47 53 60 63 67 74 85 93 104 109 114 120 
0 1 5 10 19 26 34 39 47 53 60 63 67 74 86 93 104 109 113 120 
0 1 5 10 19 26 34 39 47 53 60 63 67 74 86 93 104 109 113 121 
0 1 5 10 19 26 34 39 47 53 60 63 67 74 86 93 104 109 114 120 
0 1 5 10 19 26 34 39 47 53 60 63 67 74 86 93 104 109 114 121 
0 1 5 10 19 26 39 44 48 53 60 63 65 72 76 81 85 100 111 120 
0 1 5 10 19 26 39 44 48 53 60 63 65 72 76 81 86 100 111 120 
0 1 5 10 19 26 39 44 48 53 60 63 65 72 76 81 86 100 111 121 
0 1 5 10 19 26 39 47 53 60 63 65 74 85 93 100 104 109 114 120 
0 1 5 10 19 26 39 47 53 60 63 65 74 86 93 100 104 109 113 120 
0 1 5 10 19 26 39 47 53 60 63 65 74 86 93 100 104 109 113 121 
0 1 5 10 19 26 39 47 53 60 63 65 74 86 93 100 104 109 114 120 
0 1 5 10 19 26 39 47 53 60 63 65 74 86 93 100 104 109 114 121 
0 1 5 10 19 27 29 34 39 44 48 53 60 63 67 72 81 86 109 121 
0 1 5 10 19 27 29 34 39 44 48 53 60 63 67 81 86 104 109 121 
0 1 5 10 19 27 29 34 39 44 53 60 63 67 72 86 93 109 114 121 
0 1 5 10 19 27 29 34 39 44 53 60 63 67 86 93 104 109 114 121 
0 1 5 10 19 27 29 34 39 48 53 60 63 67 74 81 86 104 109 121 
0 1 5 10 19 27 29 34 39 53 60 63 67 74 86 93 104 109 114 121 
0 1 5 10 19 27 29 39 44 48 53 60 63 65 72 81 86 100 109 121 
0 1 5 10 19 27 29 39 44 48 53 60 63 65 81 86 100 104 109 121 
0 1 5 10 19 27 29 39 44 53 60 63 65 72 86 93 100 109 114 121 
0 1 5 10 19 27 29 39 44 53 60 63 65 86 93 100 104 109 114 121 
0 1 5 10 19 27 29 39 48 53 60 63 65 74 81 86 100 104 109 121 
0 1 5 10 19 27 29 39 53 60 63 65 74 86 93 100 104 109 114 121 
0 1 5 10 19 27 34 39 43 48 53 60 63 67 76 81 86 104 111 121 
0 1 5 10 19 27 34 39 44 48 53 60 63 67 72 76 81 86 111 121 
0 1 5 10 19 27 34 39 44 48 53 60 63 67 76 81 86 104 111 121 
0 1 5 10 19 27 34 39 47 53 60 63 67 74 86 93 104 109 113 121 
0 1 5 10 19 27 34 39 47 53 60 63 67 74 86 93 104 109 114 121 
0 1 5 10 19 27 39 44 48 53 60 63 65 72 76 81 86 100 111 121 
0 1 5 10 19 27 39 47 53 60 63 65 74 86 93 100 104 109 113 121 
0 1 5 10 19 27 39 47 53 60 63 65 74 86 93 100 104 109 114 121 
0 1 5 10 20 26 29 34 39 44 49 53 60 63 67 72 77 86 114 120 
0 1 5 10 20 26 29 34 39 44 49 53 60 63 67 72 77 86 114 121 
0 1 5 10 20 26 29 34 39 44 49 53 60 63 67 72 86 109 114 120 
0 1 5 10 20 26 29 34 39 44 49 53 60 63 67 72 86 109 114 121 
0 1 5 10 20 26 29 34 39 44 49 53 60 63 67 77 86 104 114 120 
0 1 5 10 20 26 29 34 39 44 49 53 60 63 67 86 104 109 114 121 
0 1 5 10 20 26 29 34 39 44 49 54 60 63 67 72 77 82 86 121 
0 1 5 10 20 26 29 34 39 44 49 54 60 63 67 72 77 86 114 121 
0 1 5 10 20 26 29 34 39 44 49 54 60 63 67 72 82 86 109 121 
0 1 5 10 20 26 29 34 39 44 49 54 60 63 67 72 86 109 114 121 
0 1 5 10 20 26 29 34 39 44 49 54 60 63 67 77 86 104 114 121 
0 1 5 10 20 26 29 34 39 44 49 54 60 63 67 86 104 109 114 121 
0 1 5 10 20 26 29 34 39 44 53 60 63 67 72 86 93 109 114 120 
0 1 5 10 20 26 29 34 39 44 53 60 63 67 72 86 93 109 114 121 
0 1 5 10 20 26 29 34 39 44 54 60 63 67 72 86 93 109 114 121 
0 1 5 10 20 26 29 34 39 44 54 60 63 67 86 93 104 109 114 121 
0 1 5 10 20 26 29 34 39 49 53 60 63 67 74 86 104 109 114 120 
0 1 5 10 20 26 29 34 39 49 53 60 63 67 74 86 104 109 114 121 
0 1 5 10 20 26 29 34 39 49 54 60 63 67 74 86 104 109 114 121 
0 1 5 10 20 26 29 34 39 53 60 63 67 74 86 93 104 109 114 120 
0 1 5 10 20 26 29 34 39 53 60 63 67 74 86 93 104 109 114 121 
0 1 5 10 20 26 29 34 39 54 60 63 67 74 86 93 104 109 114 121 
0 1 5 10 20 26 29 39 44 49 53 60 63 65 72 77 86 100 114 120 
0 1 5 10 20 26 29 39 44 49 53 60 63 65 72 77 86 100 114 121 
0 1 5 10 20 26 29 39 44 49 53 60 63 65 72 86 100 109 114 120 
0 1 5 10 20 26 29 39 44 49 53 60 63 65 72 86 100 109 114 121 
0 1 5 10 20 26 29 39 44 49 53 60 63 65 77 86 100 104 114 120 
0 1 5 10 20 26 29 39 44 49 53 60 63 65 77 86 100 104 114 121 
0 1 5 10 20 26 29 39 44 49 53 60 63 65 86 100 104 109 114 121 
0 1 5 10 20 26 29 39 44 49 54 60 63 65 72 77 82 86 100 121 
0 1 5 10 20 26 29 39 44 49 54 60 63 65 72 77 86 100 114 121 
0 1 5 10 20 26 29 39 44 49 54 60 63 65 72 82 86 100 109 121 
0 1 5 10 20 26 29 39 44 49 54 60 63 65 72 86 100 109 114 121 
0 1 5 10 20 26 29 39 44 49 54 60 63 65 77 86 100 104 114 121 
0 1 5 10 20 26 29 39 44 49 54 60 63 65 86 100 104 109 114 121 
0 1 5 10 20 26 29 39 44 53 60 63 65 72 86 93 100 109 114 120 
0 1 5 10 20 26 29 39 44 53 60 63 65 72 86 93 100 109 114 121 
0 1 5 10 20 26 29 39 44 54 60 63 65 72 86 93 100 109 114 121 
0 1 5 10 20 26 29 39 44 54 60 63 65 86 93 100 104 109 114 121 
0 1 5 10 20 26 29 39 49 53 60 63 65 74 86 100 104 109 114 120 
0 1 5 10 20 26 29 39 49 53 60 63 65 74 86 100 104 109 114 121 
0 1 5 10 20 26 29 39 49 54 60 63 65 74 86 100 104 109 114 121 
0 1 5 10 20 26 29 39 53 60 63 65 74 86 93 100 104 109 114 120 
0 1 5 10 20 26 29 39 53 60 63 65 74 86 93 100 104 109 114 121 
0 1 5 10 20 26 29 39 54 60 63 65 74 86 93 100 104 109 114 121 
0 1 5 10 20 26 34 39 47 53 60 63 67 74 86 93 104 109 114 120 
0 1 5 10 20 26 34 39 47 53 60 63 67 74 86 93 104 109 114 121 
0 1 5 10 20 26 34 39 47 54 60 63 67 74 86 93 104 109 114 121 
0 1 5 10 20 26 39 47 53 60 63 65 74 86 93 100 104 109 114 120 
0 1 5 10 20 26 39 47 53 60 63 65 74 86 93 100 104 109 114 121 
0 1 5 10 20 26 39 47 54 60 63 65 74 86 93 100 104 109 114 121 
0 1 5 10 20 27 29 34 39 44 49 53 60 63 67 72 77 86 114 121 
0 1 5 10 20 27 29 34 39 44 49 53 60 63 67 72 86 109 114 121 
0 1 5 10 20 27 29 34 39 44 49 54 60 63 67 72 77 82 86 121 
0 1 5 10 20 27 29 34 39 44 49 54 60 63 67 72 77 82 87 121 
0 1 5 10 20 27 29 34 39 44 49 54 60 63 67 72 77 86 114 121 
0 1 5 10 20 27 29 34 39 44 49 54 60 63 67 72 77 87 114 121 
0 1 5 10 20 27 29 34 39 44 49 54 60 63 67 72 82 86 109 121 
0 1 5 10 20 27 29 34 39 44 49 54 60 63 67 72 82 87 109 121 
0 1 5 10 20 27 29 34 39 44 49 54 60 63 67 72 86 109 114 121 
0 1 5 10 20 27 29 34 39 44 49 54 60 63 67 72 87 109 114 121 
0 1 5 10 20 27 29 34 39 44 53 60 63 67 72 86 93 109 114 121 
0 1 5 10 20 27 29 34 39 44 54 60 63 67 72 86 93 109 114 121 
0 1 5 10 20 27 29 34 39 44 54 60 63 67 72 87 93 109 114 121 
0 1 5 10 20 27 29 34 39 49 53 60 63 67 74 86 104 109 114 121 
0 1 5 10 20 27 29 34 39 49 54 60 63 67 74 86 104 109 114 121 
0 1 5 10 20 27 29 34 39 49 54 60 63 67 74 87 104 109 114 121 
0 1 5 10 20 27 29 34 39 54 60 63 67 74 86 93 104 109 114 121 
0 1 5 10 20 27 29 34 39 54 60 63 67 74 87 93 104 109 114 121 
0 1 5 10 20 27 29 39 44 49 53 60 63 65 72 77 86 100 114 121 
0 1 5 10 20 27 29 39 44 49 53 60 63 65 72 86 100 109 114 121 
0 1 5 10 20 27 29 39 44 49 54 60 63 65 72 77 82 86 100 121 
0 1 5 10 20 27 29 39 44 49 54 60 63 65 72 77 82 87 100 121 
0 1 5 10 20 27 29 39 44 49 54 60 63 65 72 77 86 100 114 121 
0 1 5 10 20 27 29 39 44 49 54 60 63 65 72 77 87 100 114 121 
0 1 5 10 20 27 29 39 44 49 54 60 63 65 72 82 86 100 109 121 
0 1 5 10 20 27 29 39 44 49 54 60 63 65 72 82 87 100 109 121 
0 1 5 10 20 27 29 39 44 49 54 60 63 65 72 86 100 109 114 121 
0 1 5 10 20 27 29 39 44 49 54 60 63 65 72 87 100 109 114 121 
0 1 5 10 20 27 29 39 44 53 60 63 65 72 86 93 100 109 114 121 
0 1 5 10 20 27 29 39 44 54 60 63 65 72 86 93 100 109 114 121 
0 1 5 10 20 27 29 39 44 54 60 63 65 72 87 93 100 109 114 121 
0 1 5 10 20 27 29 39 49 53 60 63 65 74 86 100 104 109 114 121 
0 1 5 10 20 27 29 39 49 54 60 63 65 74 86 100 104 109 114 121 
0 1 5 10 20 27 29 39 49 54 60 63 65 74 87 100 104 109 114 121 
0 1 5 10 20 27 29 39 54 60 63 65 74 86 93 100 104 109 114 121 
0 1 5 10 20 27 29 39 54 60 63 65 74 87 93 100 104 109 114 121 
0 1 5 10 20 27 34 39 44 49 54 60 63 67 72 77 82 87 112 121 
0 1 5 10 20 27 34 39 47 54 60 63 67 74 87 93 104 109 114 121 
0 1 5 10 20 27 39 44 49 54 60 63 65 72 77 82 87 100 112 121 
0 1 5 10 20 27 39 47 54 60 63 65 74 87 93 100 104 109 114 121 
0 1 5 10 21 26 29 34 39 44 49 55 60 63 67 72 77 81 88 116 
0 1 5 10 21 26 29 34 39 44 49 55 60 63 67 72 77 81 116 120 
0 1 5 10 21 26 29 34 39 44 49 55 60 63 67 72 81 88 109 116 
0 1 5 10 21 26 29 34 39 44 49 55 60 63 67 72 81 109 116 120 
0 1 5 10 21 26 29 39 44 49 55 60 63 65 72 81 100 109 116 120 
0 1 5 10 21 29 34 39 44 49 55 60 63 67 72 81 88 109 116 123 
0 1 5 10 22 26 29 34 39 44 48 55 60 63 67 72 81 88 109 116 
0 1 5 10 22 26 29 34 39 44 48 55 60 63 67 81 88 104 109 116 
0 1 5 10 22 26 29 34 39 44 48 60 63 67 72 81 86 109 116 121 
0 1 5 10 22 26 29 34 39 44 48 60 63 67 81 86 104 109 116 121 
0 1 5 10 22 26 29 34 39 44 49 55 60 63 67 72 77 81 88 116 
0 1 5 10 22 26 29 34 39 44 49 55 60 63 67 72 77 82 88 116 
0 1 5 10 22 26 29 34 39 44 49 55 60 63 67 72 81 88 109 116 
0 1 5 10 22 26 29 34 39 44 49 55 60 63 67 72 82 88 109 116 
0 1 5 10 22 26 29 34 39 44 49 55 60 63 67 77 81 88 104 116 
0 1 5 10 22 26 29 34 39 44 49 55 60 63 67 81 88 104 109 116 
0 1 5 10 22 26 29 34 39 44 49 60 63 67 72 77 81 86 116 121 
0 1 5 10 22 26 29 34 39 44 49 60 63 67 72 81 86 109 116 121 
0 1 5 10 22 26 29 34 39 44 49 60 63 67 72 82 86 109 116 121 
0 1 5 10 22 26 29 34 39 44 49 60 63 67 77 81 86 104 116 121 
0 1 5 10 22 26 29 34 39 44 49 60 63 67 81 86 104 109 116 121 
0 1 5 10 22 26 29 34 39 48 55 60 63 67 74 81 88 104 109 116 
0 1 5 10 22 26 29 34 39 48 60 63 67 74 81 86 104 109 116 121 
0 1 5 10 22 26 29 34 39 49 55 60 63 67 74 81 88 104 109 116 
0 1 5 10 22 26 29 34 39 49 60 63 67 74 81 86 104 109 116 121 
0 1 5 10 22 26 29 39 44 48 60 63 65 72 81 86 100 109 116 121 
0 1 5 10 22 26 29 39 44 48 60 63 65 81 86 100 104 109 116 121 
0 1 5 10 22 26 29 39 44 49 60 63 65 72 77 81 86 100 116 121 
0 1 5 10 22 26 29 39 44 49 60 63 65 72 77 82 86 100 116 121 
0 1 5 10 22 26 29 39 44 49 60 63 65 72 81 86 100 109 116 121 
0 1 5 10 22 26 29 39 44 49 60 63 65 72 82 86 100 109 116 121 
0 1 5 10 22 26 29 39 44 49 60 63 65 77 81 86 100 104 116 121 
0 1 5 10 22 26 29 39 44 49 60 63 65 81 86 100 104 109 116 121 
0 1 5 10 22 26 29 39 48 60 63 65 74 81 86 100 104 109 116 121 
0 1 5 10 22 26 29 39 49 60 63 65 74 81 86 100 104 109 116 121 
0 1 5 10 22 26 34 39 43 48 55 60 63 67 76 81 88 104 111 116 
0 1 5 10 22 26 34 39 43 48 60 63 67 76 81 86 104 111 116 121 
0 1 5 10 22 26 34 39 44 48 55 60 63 67 72 76 81 88 111 116 
0 1 5 10 22 26 34 39 44 48 55 60 63 67 76 81 88 104 111 116 
0 1 5 10 22 26 34 39 44 48 60 63 67 72 76 81 86 111 116 121 
0 1 5 10 22 26 34 39 44 49 55 60 63 67 72 77 82 88 112 116 
0 1 5 10 22 26 39 44 48 60 63 65 72 76 81 86 100 111 116 121 
0 1 5 10 22 27 29 34 39 44 48 56 60 63 67 72 81 109 116 121 
0 1 5 10 22 27 29 34 39 44 48 60 63 67 72 81 86 109 116 121 
0 1 5 10 22 27 29 34 39 44 49 56 60 63 67 72 77 81 116 121 
0 1 5 10 22 27 29 34 39 44 49 56 60 63 67 72 77 82 116 121 
0 1 5 10 22 27 29 34 39 44 49 56 60 63 67 72 77 82 117 121 
0 1 5 10 22 27 29 34 39 44 49 56 60 63 67 72 81 109 116 121 
0 1 5 10 22 27 29 34 39 44 49 56 60 63 67 72 82 109 116 121 
0 1 5 10 22 27 29 34 39 44 49 56 60 63 67 72 82 109 117 121 
0 1 5 10 22 27 29 34 39 44 49 60 63 67 72 77 81 86 116 121 
0 1 5 10 22 27 29 34 39 44 49 60 63 67 72 77 82 86 116 121 
0 1 5 10 22 27 29 34 39 44 49 60 63 67 72 81 86 109 116 121 
0 1 5 10 22 27 29 34 39 44 49 60 63 67 72 82 86 109 116 121 
0 1 5 10 22 27 29 34 39 44 49 60 63 67 77 81 86 104 116 121 
0 1 5 10 22 27 29 34 39 44 49 60 63 67 81 86 104 109 116 121 
0 1 5 10 22 27 29 34 39 48 60 63 67 74 81 86 104 109 116 121 
0 1 5 10 22 27 29 34 39 49 60 63 67 74 81 86 104 109 116 121 
0 1 5 10 22 27 29 39 44 48 56 60 63 65 72 81 100 109 116 121 
0 1 5 10 22 27 29 39 44 48 60 63 65 72 81 86 100 109 116 121 
0 1 5 10 22 27 29 39 44 49 56 60 63 65 72 77 81 100 116 121 
0 1 5 10 22 27 29 39 44 49 56 60 63 65 72 77 82 100 116 121 
0 1 5 10 22 27 29 39 44 49 56 60 63 65 72 77 82 100 117 121 
0 1 5 10 22 27 29 39 44 49 56 60 63 65 72 81 100 109 116 121 
0 1 5 10 22 27 29 39 44 49 56 60 63 65 72 82 100 109 116 121 
0 1 5 10 22 27 29 39 44 49 56 60 63 65 72 82 100 109 117 121 
0 1 5 10 22 27 29 39 44 49 60 63 65 72 77 81 86 100 116 121 
0 1 5 10 22 27 29 39 44 49 60 63 65 72 77 82 86 100 116 121 
0 1 5 10 22 27 29 39 44 49 60 63 65 72 81 86 100 109 116 121 
0 1 5 10 22 27 29 39 44 49 60 63 65 72 82 86 100 109 116 121 
0 1 5 10 22 27 29 39 44 49 60 63 65 77 81 86 100 104 116 121 
0 1 5 10 22 27 29 39 44 49 60 63 65 81 86 100 104 109 116 121 
0 1 5 10 22 27 29 39 48 60 63 65 74 81 86 100 104 109 116 121 
0 1 5 10 22 27 29 39 49 60 63 65 74 81 86 100 104 109 116 121 
0 1 5 10 22 27 34 39 43 48 60 63 67 76 81 86 104 111 116 121 
0 1 5 10 22 27 34 39 44 48 56 60 63 67 72 76 81 111 116 121 
0 1 5 10 22 27 34 39 44 48 60 63 67 72 76 81 86 111 116 121 
0 1 5 10 22 27 34 39 44 49 56 60 63 67 72 77 82 112 116 121 
0 1 5 10 22 27 34 39 44 49 56 60 63 67 72 77 82 112 117 121 
0 1 5 10 22 27 39 44 49 56 60 63 65 72 77 82 100 112 116 121 
0 1 5 10 22 27 39 44 49 56 60 63 65 72 77 82 100 112 117 121 
0 1 5 10 22 29 34 39 44 48 55 60 63 67 72 81 88 109 116 123 
0 1 5 10 22 29 34 39 44 48 56 60 63 67 72 81 88 109 116 123 
0 1 5 10 22 29 34 39 44 49 55 60 63 67 72 77 81 88 116 123 
0 1 5 10 22 29 34 39 44 49 55 60 63 67 72 77 82 88 116 123 
0 1 5 10 22 29 34 39 44 49 55 60 63 67 72 81 88 109 116 123 
0 1 5 10 22 29 34 39 44 49 55 60 63 67 72 82 88 109 116 123 
0 1 5 10 22 29 34 39 44 49 55 60 63 67 77 81 88 104 116 123 
0 1 5 10 22 29 34 39 44 49 55 60 63 67 81 88 104 109 116 123 
0 1 5 10 22 29 34 39 44 49 56 60 63 67 72 77 81 88 116 123 
0 1 5 10 22 29 34 39 44 49 56 60 63 67 72 77 82 88 116 123 
0 1 5 10 22 29 34 39 44 49 56 60 63 67 72 77 82 88 117 123 
0 1 5 10 22 29 34 39 44 49 56 60 63 67 72 81 88 109 116 123 
0 1 5 10 22 29 34 39 44 49 56 60 63 67 72 82 88 109 116 123 
0 1 5 10 22 29 34 39 44 49 56 60 63 67 72 82 88 109 117 123 
0 1 5 10 22 29 34 39 49 55 60 63 67 74 81 88 104 109 116 123 
0 1 5 10 22 34 39 43 48 55 60 63 67 76 81 88 104 111 116 123 
0 1 5 10 22 34 39 44 48 55 60 63 67 72 76 81 88 111 116 123 
0 1 5 10 22 34 39 44 48 56 60 63 67 72 76 81 88 111 116 123 
0 1 5 10 22 34 39 44 49 55 60 63 67 72 77 82 88 112 116 123 
0 1 5 10 22 34 39 44 49 56 60 63 67 72 77 82 88 112 116 123 
0 1 5 10 22 34 39 44 49 56 60 63 67 72 77 82 88 112 117 123 
0 1 5 10 26 29 34 39 44 48 53 60 63 67 72 81 86 109 116 120 
0 1 5 10 26 29 34 39 44 48 53 60 63 67 72 81 86 109 116 121 
0 1 5 10 26 29 34 39 44 49 53 60 63 67 72 81 86 109 116 121 
0 1 5 10 26 29 34 39 44 49 53 60 63 67 81 86 104 109 116 121 
0 1 5 10 26 29 34 39 49 53 60 63 67 74 81 86 104 109 116 120 
0 1 5 10 26 29 34 39 49 53 60 63 67 74 81 86 104 109 116 121 
0 1 5 10 26 29 39 44 48 53 60 63 65 72 81 86 100 109 116 120 
0 1 5 10 26 29 39 44 48 53 60 63 65 72 81 86 100 109 116 121 
0 1 5 10 26 29 39 44 49 53 60 63 65 72 77 81 86 100 116 120 
0 1 5 10 26 29 39 44 49 53 60 63 65 72 77 81 86 100 116 121 
0 1 5 10 26 29 39 44 49 53 60 63 65 72 81 86 100 109 116 120 
0 1 5 10 26 29 39 44 49 53 60 63 65 72 81 86 100 109 116 121 
0 1 5 10 26 29 39 44 49 53 60 63 65 77 81 86 100 104 116 120 
0 1 5 10 26 29 39 44 49 53 60 63 65 81 86 100 104 109 116 121 
0 1 5 10 26 29 39 49 53 60 63 65 74 81 86 100 104 109 116 120 
0 1 5 10 26 29 39 49 53 60 63 65 74 81 86 100 104 109 116 121 
0 1 5 10 26 34 39 44 48 53 60 63 67 72 76 81 86 111 116 120 
0 1 5 10 26 34 39 44 48 53 60 63 67 72 76 81 86 111 116 121 
0 1 5 10 26 39 44 48 53 60 63 65 72 76 81 86 100 111 116 121 
0 1 5 10 27 29 34 39 44 48 53 60 63 67 72 81 86 109 116 121 
0 1 5 10 27 29 34 39 44 49 53 60 63 67 72 77 81 86 116 121 
0 1 5 10 27 29 34 39 44 49 53 60 63 67 72 81 86 109 116 121 
0 1 5 10 27 29 34 39 44 49 54 60 63 67 72 77 82 87 117 121 
0 1 5 10 27 29 34 39 44 49 54 60 63 67 72 82 87 109 117 121 
0 1 5 10 27 29 34 39 49 53 60 63 67 74 81 86 104 109 116 121 
0 1 5 10 27 29 39 44 48 53 60 63 65 72 81 86 100 109 116 121 
0 1 5 10 27 29 39 44 49 53 60 63 65 72 77 81 86 100 116 121 
0 1 5 10 27 29 39 44 49 53 60 63 65 72 81 86 100 109 116 121 
0 1 5 10 27 29 39 44 49 54 60 63 65 72 77 82 87 100 117 121 
0 1 5 10 27 29 39 44 49 54 60 63 65 72 82 87 100 109 117 121 
0 1 5 10 27 29 39 49 53 60 63 65 74 81 86 100 104 109 116 121 
0 1 5 10 27 34 39 44 48 53 60 63 67 72 76 81 86 111 116 121 
0 1 5 10 27 34 39 44 49 54 60 63 67 72 77 82 87 112 117 121 
0 1 5 11 16 21 26 34 39 45 50 55 60 63 67 71 79 83 88 106 
0 1 5 11 16 21 26 34 39 45 50 55 60 63 67 71 79 83 106 120 
0 1 5 11 16 21 26 34 39 45 50 55 60 63 67 71 79 88 106 115 
0 1 5 11 16 21 26 34 39 45 50 55 60 63 67 71 79 106 115 120 
0 1 5 11 16 21 26 34 39 45 50 55 60 63 67 71 83 88 106 110 
0 1 5 11 16 21 26 34 39 45 50 55 60 63 67 71 83 106 110 120 
0 1 5 11 16 21 26 34 39 45 50 60 63 67 71 79 85 106 115 120 
0 1 5 11 16 21 26 39 45 50 55 60 63 65 71 79 83 100 106 120 
0 1 5 11 16 21 26 39 45 50 55 60 63 65 71 79 100 106 115 120 
0 1 5 11 16 21 26 39 45 50 55 60 63 65 71 83 100 106 110 120 
0 1 5 11 16 21 26 39 45 50 60 63 65 71 79 85 100 106 115 120 
0 1 5 11 16 21 34 39 45 50 55 60 63 67 71 79 88 106 115 123 
0 1 5 11 16 21 34 39 45 50 55 60 63 67 71 83 88 106 110 123 
0 1 5 11 16 22 26 34 39 45 49 55 60 63 67 71 82 88 106 110 116 
0 1 5 11 16 22 26 34 39 45 49 60 63 67 71 82 86 106 110 116 121 
0 1 5 11 16 22 26 39 45 49 60 63 65 71 82 86 100 106 110 116 121 
0 1 5 11 16 22 27 34 39 45 49 60 63 67 71 82 86 106 110 116 121 
0 1 5 11 16 22 27 34 39 45 50 56 60 63 67 71 79 82 106 117 121 
0 1 5 11 18 26 34 39 45 52 60 63 67 71 77 85 106 112 120 
0 1 5 11 18 26 34 39 45 52 60 63 67 71 79 85 106 112 120 
0 1 5 11 18 26 34 39 45 52 60 63 67 71 79 85 106 113 120 
0 1 5 11 18 26 39 45 52 60 63 65 71 77 85 100 106 112 120 
0 1 5 11 18 26 39 45 52 60 63 65 71 79 85 100 106 112 120 
0 1 5 11 18 26 39 45 52 60 63 65 71 79 85 100 106 113 120 
0 1 5 11 19 26 34 39 45 52 60 63 67 71 79 85 106 113 120 
0 1 5 11 19 26 39 45 52 60 63 65 71 79 85 100 106 113 120 
0 1 5 11 19 26 39 45 53 60 63 65 71 79 85 100 106 113 120 
0 1 5 11 19 26 39 45 53 60 63 65 71 79 86 100 106 113 120 
0 1 5 11 19 26 39 45 53 60 63 65 71 79 86 100 106 113 121 
0 1 5 11 21 26 34 39 45 50 55 60 63 67 71 79 83 106 113 120 
0 1 5 11 21 26 39 45 50 55 60 63 65 71 79 83 100 106 113 120 
0 1 5 12 16 21 26 34 39 45 50 55 60 63 67 71 79 83 88 106 
0 1 5 12 16 21 26 34 39 45 50 55 60 63 67 71 79 83 106 120 
0 1 5 12 16 21 26 39 45 50 55 60 63 65 71 79 83 100 106 120 
0 1 5 12 16 21 26 39 50 55 60 63 65 71 76 83 100 106 111 120 
0 1 5 12 16 21 34 39 45 50 55 60 63 67 71 79 83 88 106 123 
0 1 5 12 16 26 34 39 45 50 55 60 63 67 71 79 83 88 106 118 
0 1 5 12 16 26 34 39 45 50 55 60 63 67 72 79 83 88 106 118 
0 1 5 12 17 21 26 34 39 47 50 55 60 63 67 71 83 88 106 111 
0 1 5 12 17 21 26 34 39 47 50 55 60 63 67 71 83 106 111 120 
0 1 5 12 17 21 26 34 39 47 55 60 63 67 71 81 88 106 111 116 
0 1 5 12 17 21 26 34 39 47 55 60 63 67 71 81 106 111 116 120 
0 1 5 12 17 21 26 34 39 47 55 60 63 67 72 81 88 106 111 116 
0 1 5 12 17 21 26 34 39 47 55 60 63 67 72 81 88 107 111 116 
0 1 5 12 17 21 26 34 39 47 55 60 63 67 72 81 107 111 116 120 
0 1 5 12 17 21 26 34 39 50 55 60 63 67 72 76 83 88 106 111 
0 1 5 12 17 21 26 34 39 50 55 60 63 67 72 76 83 106 111 120 
0 1 5 12 17 21 26 34 39 55 60 63 67 72 76 81 88 106 111 116 
0 1 5 12 17 21 26 34 39 55 60 63 67 72 76 81 106 111 116 120 
0 1 5 12 17 21 26 39 47 55 60 63 65 72 81 100 107 111 116 120 
0 1 5 12 17 21 26 39 55 60 63 65 72 76 81 100 106 111 116 120 
0 1 5 12 17 21 34 39 47 55 60 63 67 72 81 88 107 111 116 123 
0 1 5 12 17 21 34 39 50 55 60 63 67 72 76 83 88 106 111 123 
0 1 5 12 17 21 34 39 55 60 63 67 72 76 81 88 106 111 116 123 
0 1 5 12 17 22 26 34 39 47 55 60 63 67 72 81 88 106 111 116 
0 1 5 12 17 22 26 34 39 47 55 60 63 67 72 81 88 107 111 116 
0 1 5 12 17 22 26 34 39 47 60 63 67 72 81 86 106 111 116 121 
0 1 5 12 17 22 26 34 39 47 60 63 67 72 81 86 107 111 116 121 
0 1 5 12 17 22 26 34 39 55 60 63 67 72 76 81 88 106 111 116 
0 1 5 12 17 22 26 34 39 60 63 67 72 76 81 86 106 111 116 121 
0 1 5 12 17 22 26 39 47 60 63 65 72 81 86 100 106 111 116 121 
0 1 5 12 17 22 26 39 47 60 63 65 72 81 86 100 107 111 116 121 
0 1 5 12 17 22 26 39 60 63 65 72 76 81 86 100 106 111 116 121 
0 1 5 12 17 22 27 34 39 47 51 60 63 67 72 86 93 106 116 121 
0 1 5 12 17 22 27 34 39 47 51 60 63 67 72 86 93 107 116 121 
0 1 5 12 17 22 27 34 39 47 51 60 63 67 72 86 106 111 116 121 
0 1 5 12 17 22 27 34 39 47 51 60 63 67 72 86 107 111 116 121 
0 1 5 12 17 22 27 34 39 47 56 60 63 67 72 81 106 111 116 121 
0 1 5 12 17 22 27 34 39 47 56 60 63 67 72 81 107 111 116 121 
0 1 5 12 17 22 27 34 39 47 60 63 67 72 81 86 106 111 116 121 
0 1 5 12 17 22 27 34 39 47 60 63 67 72 81 86 107 111 116 121 
0 1 5 12 17 22 27 34 39 51 60 63 67 72 76 86 106 111 116 121 
0 1 5 12 17 22 27 34 39 56 60 63 67 72 76 81 106 111 116 121 
0 1 5 12 17 22 27 34 39 60 63 67 72 76 81 86 106 111 116 121 
0 1 5 12 17 22 27 39 47 51 60 63 65 72 86 93 100 106 116 121 
0 1 5 12 17 22 27 39 47 51 60 63 65 72 86 93 100 107 116 121 
0 1 5 12 17 22 27 39 47 51 60 63 65 72 86 100 106 111 116 121 
0 1 5 12 17 22 27 39 47 51 60 63 65 72 86 100 107 111 116 121 
0 1 5 12 17 22 27 39 47 56 60 63 65 72 81 100 106 111 116 121 
0 1 5 12 17 22 27 39 47 56 60 63 65 72 81 100 107 111 116 121 
0 1 5 12 17 22 27 39 47 60 63 65 72 81 86 100 106 111 116 121 
0 1 5 12 17 22 27 39 47 60 63 65 72 81 86 100 107 111 116 121 
0 1 5 12 17 22 34 39 47 51 55 60 63 67 71 88 93 106 116 123 
0 1 5 12 17 22 34 39 47 51 55 60 63 67 71 88 106 111 116 123 
0 1 5 12 17 22 34 39 47 51 55 60 63 67 72 88 93 106 116 123 
0 1 5 12 17 22 34 39 47 51 55 60 63 67 72 88 93 107 116 123 
0 1 5 12 17 22 34 39 47 51 55 60 63 67 72 88 106 111 116 123 
0 1 5 12 17 22 34 39 47 55 60 63 67 71 81 88 106 111 116 123 
0 1 5 12 17 22 34 39 47 55 60 63 67 72 81 88 106 111 116 123 
0 1 5 12 17 22 34 39 47 56 60 63 67 71 81 88 106 111 116 123 
0 1 5 12 17 22 34 39 51 55 60 63 67 72 76 88 106 111 116 123 
0 1 5 12 17 26 34 39 47 50 55 60 63 67 71 83 88 106 111 118 
0 1 5 12 17 26 34 39 47 50 55 60 63 67 72 83 88 106 111 118 
0 1 5 12 17 26 34 39 47 51 55 60 63 67 71 83 88 93 106 118 
0 1 5 12 17 26 34 39 47 51 55 60 63 67 71 83 88 106 111 118 
0 1 5 12 17 26 34 39 47 51 55 60 63 67 72 83 88 106 111 118 
0 1 5 12 17 26 34 39 47 51 55 60 63 67 72 83 88 107 111 118 
0 1 5 12 17 26 34 39 47 53 60 63 67 71 81 86 106 111 116 120 
0 1 5 12 17 26 34 39 47 53 60 63 67 71 81 86 106 111 116 121 
0 1 5 12 17 26 34 39 47 53 60 63 67 72 81 86 106 111 116 120 
0 1 5 12 17 26 34 39 47 53 60 63 67 72 81 86 106 111 116 121 
0 1 5 12 17 26 34 39 50 55 60 63 67 72 76 83 88 106 111 118 
0 1 5 12 17 26 34 39 53 60 63 67 72 76 81 86 106 111 116 120 
0 1 5 12 17 26 34 39 53 60 63 67 72 76 81 86 106 111 116 121 
0 1 5 12 17 26 39 47 53 60 63 65 71 81 86 100 106 111 116 120 
0 1 5 12 17 26 39 47 53 60 63 65 71 81 86 100 106 111 116 121 
0 1 5 12 17 26 39 47 53 60 63 65 72 81 86 100 106 111 116 120 
0 1 5 12 17 26 39 47 53 60 63 65 72 81 86 100 106 111 116 121 
0 1 5 12 17 26 39 47 53 60 63 65 72 81 86 100 107 111 116 120 
0 1 5 12 17 27 34 39 47 53 60 63 67 72 81 86 106 111 116 121 
0 1 5 12 17 27 34 39 47 53 60 63 67 72 81 86 107 111 116 121 
0 1 5 12 17 27 34 39 53 60 63 67 72 76 81 86 106 111 116 121 
0 1 5 12 18 26 34 39 45 52 60 63 67 71 79 85 106 112 120 
0 1 5 12 18 26 34 39 45 52 60 63 67 71 79 85 106 113 120 
0 1 5 12 18 26 34 39 45 52 60 63 67 72 79 85 106 112 120 
0 1 5 12 18 26 34 39 45 52 60 63 67 72 79 85 106 113 120 
0 1 5 12 18 26 34 39 47 52 60 63 67 71 79 85 106 113 120 
0 1 5 12 18 26 34 39 47 52 60 63 67 72 79 85 106 113 120 
0 1 5 12 18 26 34 39 47 52 60 63 67 72 79 85 107 113 120 
0 1 5 12 18 26 39 45 52 60 63 65 71 79 85 100 106 112 120 
0 1 5 12 18 26 39 45 52 60 63 65 71 79 85 100 106 113 120 
0 1 5 12 18 26 39 45 52 60 63 65 72 79 85 100 106 112 120 
0 1 5 12 18 26 39 45 52 60 63 65 72 79 85 100 106 113 120 
0 1 5 12 18 26 39 47 52 60 63 65 71 79 85 100 106 113 120 
0 1 5 12 18 26 39 47 52 60 63 65 72 79 85 100 106 113 120 
0 1 5 12 18 26 39 47 52 60 63 65 72 79 85 100 107 113 120 
0 1 5 12 19 26 34 39 45 52 60 63 67 71 79 85 106 113 120 
0 1 5 12 19 26 34 39 45 52 60 63 67 72 79 85 106 113 120 
0 1 5 12 19 26 34 39 45 53 60 63 67 71 79 85 106 113 120 
0 1 5 12 19 26 34 39 45 53 60 63 67 71 79 86 106 113 120 
0 1 5 12 19 26 34 39 45 53 60 63 67 71 79 86 106 113 121 
0 1 5 12 19 26 34 39 45 53 60 63 67 72 79 85 106 113 120 
0 1 5 12 19 26 34 39 45 53 60 63 67 72 79 86 106 113 120 
0 1 5 12 19 26 34 39 45 53 60 63 67 72 79 86 106 113 121 
0 1 5 12 19 26 34 39 45 55 60 63 67 72 79 83 88 106 113 118 
0 1 5 12 19 26 34 39 47 52 60 63 67 71 79 85 106 113 120 
0 1 5 12 19 26 34 39 47 52 60 63 67 71 85 93 106 113 120 
0 1 5 12 19 26 34 39 47 52 60 63 67 72 79 85 106 113 120 
0 1 5 12 19 26 34 39 47 52 60 63 67 72 79 85 107 113 120 
0 1 5 12 19 26 34 39 47 52 60 63 67 72 85 93 106 113 120 
0 1 5 12 19 26 34 39 47 52 60 63 67 72 85 93 107 113 120 
0 1 5 12 19 26 34 39 47 53 60 63 67 71 79 85 106 113 120 
0 1 5 12 19 26 34 39 47 53 60 63 67 71 79 86 106 113 120 
0 1 5 12 19 26 34 39 47 53 60 63 67 71 79 86 106 113 121 
0 1 5 12 19 26 34 39 47 53 60 63 67 71 85 93 106 113 120 
0 1 5 12 19 26 34 39 47 53 60 63 67 71 85 93 106 114 120 
0 1 5 12 19 26 34 39 47 53 60 63 67 71 86 93 106 113 120 
0 1 5 12 19 26 34 39 47 53 60 63 67 71 86 93 106 113 121 
0 1 5 12 19 26 34 39 47 53 60 63 67 71 86 93 106 114 120 
0 1 5 12 19 26 34 39 47 53 60 63 67 71 86 93 106 114 121 
0 1 5 12 19 26 34 39 47 53 60 63 67 72 79 85 106 113 120 
0 1 5 12 19 26 34 39 47 53 60 63 67 72 79 85 107 113 120 
0 1 5 12 19 26 34 39 47 53 60 63 67 72 79 86 106 113 120 
0 1 5 12 19 26 34 39 47 53 60 63 67 72 79 86 106 113 121 
0 1 5 12 19 26 34 39 47 53 60 63 67 72 79 86 107 113 120 
0 1 5 12 19 26 34 39 47 53 60 63 67 72 79 86 107 113 121 
0 1 5 12 19 26 34 39 47 53 60 63 67 72 85 93 106 113 120 
0 1 5 12 19 26 34 39 47 53 60 63 67 72 85 93 106 114 120 
0 1 5 12 19 26 34 39 47 53 60 63 67 72 85 93 107 113 120 
0 1 5 12 19 26 34 39 47 53 60 63 67 72 85 93 107 114 120 
0 1 5 12 19 26 34 39 47 53 60 63 67 72 86 93 106 113 120 
0 1 5 12 19 26 34 39 47 53 60 63 67 72 86 93 106 113 121 
0 1 5 12 19 26 34 39 47 53 60 63 67 72 86 93 106 114 120 
0 1 5 12 19 26 34 39 47 53 60 63 67 72 86 93 106 114 121 
0 1 5 12 19 26 34 39 47 53 60 63 67 72 86 93 107 113 120 
0 1 5 12 19 26 34 39 47 53 60 63 67 72 86 93 107 113 121 
0 1 5 12 19 26 34 39 47 53 60 63 67 72 86 93 107 114 120 
0 1 5 12 19 26 34 39 47 53 60 63 67 72 86 93 107 114 121 
0 1 5 12 19 26 34 39 47 55 60 63 67 71 83 88 93 106 113 118 
0 1 5 12 19 26 34 39 47 55 60 63 67 72 79 83 88 106 113 118 
0 1 5 12 19 26 34 39 47 55 60 63 67 72 79 83 88 107 113 118 
0 1 5 12 19 26 34 39 47 55 60 63 67 72 83 88 93 106 113 118 
0 1 5 12 19 26 34 39 48 53 60 63 67 72 76 81 85 106 111 120 
0 1 5 12 19 26 34 39 48 53 60 63 67 72 76 81 86 106 111 120 
0 1 5 12 19 26 34 39 48 53 60 63 67 72 76 81 86 106 111 121 
0 1 5 12 19 26 39 45 52 60 63 65 72 79 85 100 106 113 120 
0 1 5 12 19 26 39 45 53 60 63 65 72 79 85 100 106 113 120 
0 1 5 12 19 26 39 45 53 60 63 65 72 79 86 100 106 113 120 
0 1 5 12 19 26 39 45 53 60 63 65 72 79 86 100 106 113 121 
0 1 5 12 19 26 39 47 52 60 63 65 72 79 85 100 106 113 120 
0 1 5 12 19 26 39 47 52 60 63 65 72 79 85 100 107 113 120 
0 1 5 12 19 26 39 47 52 60 63 65 72 85 93 100 106 113 120 
0 1 5 12 19 26 39 47 52 60 63 65 72 85 93 100 107 113 120 
0 1 5 12 19 26 39 47 53 60 63 65 72 79 85 100 106 113 120 
0 1 5 12 19 26 39 47 53 60 63 65 72 79 85 100 107 113 120 
0 1 5 12 19 26 39 47 53 60 63 65 72 79 86 100 106 113 120 
0 1 5 12 19 26 39 47 53 60 63 65 72 79 86 100 106 113 121 
0 1 5 12 19 26 39 47 53 60 63 65 72 79 86 100 107 113 120 
0 1 5 12 19 26 39 47 53 60 63 65 72 79 86 100 107 113 121 
0 1 5 12 19 26 39 47 53 60 63 65 72 85 93 100 106 113 120 
0 1 5 12 19 26 39 47 53 60 63 65 72 85 93 100 106 114 120 
0 1 5 12 19 26 39 47 53 60 63 65 72 85 93 100 107 113 120 
0 1 5 12 19 26 39 47 53 60 63 65 72 85 93 100 107 114 120 
0 1 5 12 19 26 39 47 53 60 63 65 72 86 93 100 106 113 120 
0 1 5 12 19 26 39 47 53 60 63 65 72 86 93 100 106 113 121 
0 1 5 12 19 26 39 47 53 60 63 65 72 86 93 100 106 114 120 
0 1 5 12 19 26 39 47 53 60 63 65 72 86 93 100 107 113 120 
0 1 5 12 19 27 34 39 45 53 60 63 67 72 79 86 106 113 121 
0 1 5 12 19 27 34 39 47 53 60 63 67 72 79 86 106 113 121 
0 1 5 12 19 27 34 39 47 53 60 63 67 72 79 86 107 113 121 
0 1 5 12 19 27 34 39 47 53 60 63 67 72 86 93 106 113 121 
0 1 5 12 19 27 34 39 47 53 60 63 67 72 86 93 106 114 121 
0 1 5 12 19 27 34 39 47 53 60 63 67 72 86 93 107 113 121 
0 1 5 12 19 27 34 39 47 53 60 63 67 72 86 93 107 114 121 
0 1 5 12 19 27 34 39 48 53 60 63 67 72 76 81 86 106 111 121 
0 1 5 12 20 26 34 39 47 53 60 63 67 72 86 93 106 114 120 
0 1 5 12 20 26 34 39 47 53 60 63 67 72 86 93 106 114 121 
0 1 5 12 20 26 34 39 47 53 60 63 67 72 86 93 107 114 120 
0 1 5 12 20 26 34 39 47 53 60 63 67 72 86 93 107 114 121 
0 1 5 12 20 26 34 39 47 54 60 63 67 72 86 93 106 114 121 
0 1 5 12 20 26 34 39 47 54 60 63 67 72 86 93 107 114 121 
0 1 5 12 20 27 34 39 47 53 60 63 67 72 86 93 106 114 121 
0 1 5 12 20 27 34 39 47 53 60 63 67 72 86 93 107 114 121 
0 1 5 12 20 27 34 39 47 54 60 63 67 72 86 93 106 114 121 
0 1 5 12 20 27 34 39 47 54 60 63 67 72 86 93 107 114 121 
0 1 5 12 20 27 34 39 47 54 60 63 67 72 87 93 106 114 121 
0 1 5 12 20 27 34 39 47 54 60 63 67 72 87 93 107 114 121 
0 1 5 12 21 26 34 39 45 50 55 60 63 67 72 79 83 88 106 113 
0 1 5 12 21 26 34 39 45 50 55 60 63 67 72 79 83 106 113 120 
0 1 5 12 21 26 34 39 48 55 60 63 67 72 76 81 88 106 111 116 
0 1 5 12 21 26 34 39 48 55 60 63 67 72 76 81 106 111 116 120 
0 1 5 12 21 26 39 45 50 55 60 63 65 72 79 83 100 106 113 120 
0 1 5 12 21 34 39 45 50 55 60 63 67 72 79 83 88 106 113 123 
0 1 5 12 21 34 39 48 55 60 63 67 72 76 81 88 106 111 115 123 
0 1 5 12 22 26 34 39 48 60 63 67 72 76 81 86 106 111 116 121 
0 1 5 12 26 34 39 45 50 55 60 63 67 72 79 83 88 106 113 118 
0 1 5 12 26 34 39 47 50 55 60 63 67 72 79 83 88 106 113 118 
0 1 5 12 26 34 39 48 53 60 63 67 72 76 81 86 106 111 116 121 
0 1 5 13 17 22 27 34 39 47 51 60 63 67 72 86 93 107 116 121 
0 1 5 13 18 26 34 39 52 60 61 63 67 72 80 85 107 120 
0 1 5 13 18 26 34 39 52 60 61 63 67 72 85 107 112 120 
0 1 5 13 18 26 34 39 52 60 63 67 72 77 85 107 112 120 
0 1 5 13 18 26 39 52 60 61 63 65 72 80 85 100 107 120 
0 1 5 13 18 26 39 52 60 61 63 65 72 85 100 107 112 120 
0 1 5 13 18 26 39 52 60 63 65 72 77 85 100 107 112 120 
0 1 5 13 19 26 34 39 47 52 60 63 67 72 85 93 107 113 120 
0 1 5 13 19 26 34 39 47 53 60 63 67 72 85 93 107 113 120 
0 1 5 13 19 26 34 39 47 53 60 63 67 72 85 93 107 114 120 
0 1 5 13 19 26 34 39 47 53 60 63 67 72 86 93 107 113 120 
0 1 5 13 19 26 34 39 47 53 60 63 67 72 86 93 107 113 121 
0 1 5 13 19 26 34 39 47 53 60 63 67 72 86 93 107 114 120 
0 1 5 13 19 26 34 39 47 53 60 63 67 72 86 93 107 114 121 
0 1 5 13 19 26 34 39 53 60 61 63 67 72 85 93 107 114 120 
0 1 5 13 19 26 34 39 53 60 61 63 67 72 86 93 107 114 120 
0 1 5 13 19 26 34 39 53 60 61 63 67 72 86 93 107 114 121 
0 1 5 13 19 26 39 47 52 60 63 65 72 85 93 100 107 113 120 
0 1 5 13 19 26 39 47 53 60 63 65 72 85 93 100 107 113 120 
0 1 5 13 19 27 34 39 47 53 60 63 67 72 86 93 107 113 121 
0 1 5 13 19 27 34 39 47 53 60 63 67 72 86 93 107 114 121 
0 1 5 13 19 27 34 39 53 60 61 63 67 72 86 93 107 114 121 
0 1 5 13 20 26 34 39 47 53 60 63 67 72 86 93 107 114 120 
0 1 5 13 20 26 34 39 47 53 60 63 67 72 86 93 107 114 121 
0 1 5 13 20 26 34 39 47 54 60 63 67 72 86 93 107 114 121 
0 1 5 13 20 26 34 39 53 60 61 63 67 72 80 86 107 114 120 
0 1 5 13 20 26 34 39 53 60 61 63 67 72 80 86 107 114 121 
0 1 5 13 20 26 34 39 53 60 61 63 67 72 86 93 107 114 120 
0 1 5 13 20 26 34 39 53 60 61 63 67 72 86 93 107 114 121 
0 1 5 13 20 26 34 39 54 60 61 63 67 72 80 86 107 114 121 
0 1 5 13 20 26 34 39 54 60 61 63 67 72 80 86 107 115 121 
0 1 5 13 20 26 34 39 54 60 61 63 67 72 86 93 107 114 121 
0 1 5 13 20 27 34 39 47 53 60 63 67 72 86 93 107 114 121 
0 1 5 13 20 27 34 39 47 54 60 63 67 72 86 93 107 114 121 
0 1 5 13 20 27 34 39 47 54 60 63 67 72 87 93 107 114 121 
0 1 5 13 20 27 34 39 49 54 60 63 67 72 77 82 87 107 112 121 
0 1 5 13 20 27 34 39 53 60 61 63 67 72 80 86 107 114 121 
0 1 5 13 20 27 34 39 53 60 61 63 67 72 86 93 107 114 121 
0 1 5 13 20 27 34 39 54 60 61 63 67 72 80 86 107 114 121 
0 1 5 13 20 27 34 39 54 60 61 63 67 72 80 86 107 115 121 
0 1 5 13 20 27 34 39 54 60 61 63 67 72 80 87 107 114 121 
0 1 5 13 20 27 34 39 54 60 61 63 67 72 80 87 107 115 121 
0 1 5 13 20 27 34 39 54 60 61 63 67 72 86 93 107 114 121 
0 1 5 13 20 27 34 39 54 60 61 63 67 72 87 93 107 114 121 
0 1 5 13 21 26 34 39 55 60 61 63 67 72 80 88 107 115 
0 1 5 13 21 26 34 39 55 60 61 63 67 72 80 107 115 120 
0 1 5 13 21 26 34 39 60 61 63 67 72 80 85 107 115 120 
0 1 5 13 21 26 39 55 60 61 63 65 72 80 100 107 115 120 
0 1 5 13 21 27 34 39 54 60 61 63 67 72 80 87 107 115 121 
0 1 5 13 21 34 39 55 60 61 63 67 72 80 88 107 115 123 
0 1 5 13 26 34 39 52 60 61 63 67 72 80 85 107 115 120 
0 1 5 17 21 34 39 44 50 55 60 63 67 72 77 83 88 107 111 123 
0 1 5 17 22 27 34 39 44 51 60 63 67 72 77 86 107 111 116 121 
0 1 5 17 26 34 39 44 50 55 60 63 67 72 77 83 88 107 111 118 
0 1 5 18 26 34 39 44 52 60 63 67 72 77 85 107 112 120 
0 1 5 20 26 29 34 39 44 49 54 60 63 67 72 77 86 107 114 121 
0 1 5 20 27 29 34 39 44 49 53 60 63 67 72 77 86 107 114 121 
0 1 5 20 27 29 34 39 44 49 54 60 63 67 72 77 82 86 107 121 
0 1 5 20 27 29 34 39 44 49 54 60 63 67 72 77 82 87 107 121 
0 1 5 20 27 29 34 39 44 49 54 60 63 67 72 77 86 107 114 121 
0 1 5 20 27 29 34 39 44 49 54 60 63 67 72 77 87 107 114 121 
0 1 5 20 27 34 39 44 49 54 60 63 67 72 77 82 87 107 112 121 
0 1 5 22 27 29 34 39 44 49 60 63 67 72 77 82 86 107 116 121 
0 1 5 27 29 34 39 44 49 54 60 63 67 72 77 82 87 107 117 121 
0 1 6 10 17 22 26 39 44 55 60 63 65 72 77 81 88 100 111 116 
0 1 6 10 17 22 26 39 44 60 63 65 72 77 81 86 100 111 116 121 
0 1 6 10 17 22 26 44 60 63 65 70 77 81 86 100 105 111 116 121 
0 1 6 10 17 26 39 44 50 55 60 63 65 72 77 83 88 100 111 118 
0 1 6 10 17 26 44 50 55 60 63 65 70 77 83 88 100 105 111 118 
0 1 6 10 18 26 39 44 52 60 63 65 72 77 85 100 112 120 
0 1 6 10 18 26 44 52 60 63 65 70 77 85 100 105 112 120 
0 1 6 10 20 26 29 39 44 49 54 60 63 65 72 77 86 100 114 121 
0 1 6 10 22 26 29 39 44 49 60 63 65 72 77 81 86 100 116 121 
0 1 6 11 16 20 27 32 35 40 49 54 64 68 75 82 87 105 110 121 
0 1 6 11 16 20 27 32 35 40 49 54 64 68 75 82 87 105 110 122 
0 1 6 11 16 20 27 32 35 40 54 64 68 75 80 87 105 110 115 121 
0 1 6 11 16 20 27 32 35 40 54 64 68 75 80 87 105 110 115 122 
0 1 6 11 16 20 27 35 40 49 54 60 63 68 75 82 87 105 110 121 
0 1 6 11 16 20 27 35 40 49 54 60 63 75 82 87 100 105 110 121 
0 1 6 11 16 20 27 35 40 49 54 60 64 75 82 87 100 105 110 121 
0 1 6 11 16 20 27 35 40 54 60 63 68 75 80 87 105 110 115 121 
0 1 6 11 16 20 27 35 40 54 60 63 75 80 87 100 105 110 115 121 
0 1 6 11 16 20 27 35 40 54 60 64 75 80 87 100 105 110 115 121 
0 1 6 11 16 21 26 35 40 45 50 55 60 63 68 73 79 83 88 
0 1 6 11 16 21 26 35 40 45 50 55 60 63 68 73 79 83 120 
0 1 6 11 16 21 26 35 40 45 50 55 60 63 68 73 79 88 115 
0 1 6 11 16 21 26 35 40 45 50 55 60 63 68 73 79 115 120 
0 1 6 11 16 21 26 35 40 45 50 55 60 63 68 73 83 88 110 
0 1 6 11 16 21 26 35 40 45 50 55 60 63 68 73 83 110 120 
0 1 6 11 16 21 26 35 40 45 50 55 60 63 68 73 88 110 115 
0 1 6 11 16 21 26 35 40 45 50 55 60 63 68 79 83 88 105 
0 1 6 11 16 21 26 35 40 45 50 55 60 63 68 79 83 105 120 
0 1 6 11 16 21 26 35 40 45 50 55 60 63 68 79 88 105 115 
0 1 6 11 16 21 26 35 40 45 50 55 60 63 68 83 88 105 110 
0 1 6 11 16 21 26 35 40 45 50 55 60 63 68 88 105 110 115 
0 1 6 11 16 21 26 35 40 45 50 55 60 63 73 79 83 88 100 
0 1 6 11 16 21 26 35 40 45 50 55 60 63 73 79 88 100 115 
0 1 6 11 16 21 26 35 40 45 50 55 60 63 73 83 88 100 110 
0 1 6 11 16 21 26 35 40 45 50 55 60 63 79 83 88 100 105 
0 1 6 11 16 21 26 35 40 45 50 55 60 64 68 73 79 83 120 
0 1 6 11 16 21 26 35 40 45 50 55 60 64 68 73 79 88 115 
0 1 6 11 16 21 26 35 40 45 50 55 60 64 68 73 79 115 120 
0 1 6 11 16 21 26 35 40 45 50 55 60 64 68 73 83 88 110 
0 1 6 11 16 21 26 35 40 45 50 55 60 64 68 73 83 110 120 
0 1 6 11 16 21 26 35 40 45 50 55 60 64 68 73 88 110 115 
0 1 6 11 16 21 26 35 40 45 50 55 60 64 68 73 110 115 120 
0 1 6 11 16 21 26 35 40 45 50 55 60 64 68 79 83 88 105 
0 1 6 11 16 21 26 35 40 45 50 55 60 64 68 79 83 105 120 
0 1 6 11 16 21 26 35 40 45 50 55 60 64 68 79 88 105 115 
0 1 6 11 16 21 26 35 40 45 50 55 60 64 68 79 105 115 120 
0 1 6 11 16 21 26 35 40 45 50 55 60 64 68 83 88 105 110 
0 1 6 11 16 21 26 35 40 45 50 55 60 64 68 83 105 110 120 
0 1 6 11 16 21 26 35 40 45 50 55 60 64 68 88 105 110 115 
0 1 6 11 16 21 26 35 40 45 50 55 60 64 68 105 110 115 120 
0 1 6 11 16 21 26 35 40 45 50 55 60 64 73 79 83 88 100 
0 1 6 11 16 21 26 35 40 45 50 55 60 64 73 79 83 100 120 
0 1 6 11 16 21 26 35 40 45 50 55 60 64 73 79 88 100 115 
0 1 6 11 16 21 26 35 40 45 50 55 60 64 73 79 100 115 120 
0 1 6 11 16 21 26 35 40 45 50 55 60 64 73 83 88 100 110 
0 1 6 11 16 21 26 35 40 45 50 55 60 64 73 83 100 110 120 
0 1 6 11 16 21 26 35 40 45 50 55 60 64 73 88 100 110 115 
0 1 6 11 16 21 26 35 40 45 50 55 60 64 73 100 110 115 120 
0 1 6 11 16 21 26 35 40 45 50 55 60 64 79 83 88 100 105 
0 1 6 11 16 21 26 35 40 45 50 55 60 64 79 83 100 105 120 
0 1 6 11 16 21 26 35 40 45 50 55 60 64 79 88 100 105 115 
0 1 6 11 16 21 26 35 40 45 50 55 60 64 79 100 105 115 120 
0 1 6 11 16 21 26 35 40 45 50 55 60 64 83 88 100 105 110 
0 1 6 11 16 21 26 35 40 45 50 55 60 64 83 100 105 110 120 
0 1 6 11 16 21 26 35 40 45 50 55 60 64 88 100 105 110 115 
0 1 6 11 16 21 26 35 40 45 50 55 60 64 100 105 110 115 120 
0 1 6 11 16 21 26 35 40 45 50 60 63 68 73 79 85 115 120 
0 1 6 11 16 21 26 35 40 45 50 60 63 68 73 85 110 115 120 
0 1 6 11 16 21 26 35 40 45 50 60 63 68 79 85 105 115 120 
0 1 6 11 16 21 26 35 40 45 50 60 63 68 85 105 110 115 120 
0 1 6 11 16 21 26 35 40 45 50 60 63 73 79 85 100 115 120 
0 1 6 11 16 21 26 35 40 45 50 60 63 73 85 100 110 115 120 
0 1 6 11 16 21 26 35 40 45 50 60 63 79 85 100 105 115 120 
0 1 6 11 16 21 26 35 40 45 50 60 64 68 73 79 85 115 120 
0 1 6 11 16 21 26 35 40 45 50 60 64 68 73 85 110 115 120 
0 1 6 11 16 21 26 35 40 45 50 60 64 68 79 85 105 115 120 
0 1 6 11 16 21 26 35 40 45 50 60 64 68 85 105 110 115 120 
0 1 6 11 16 21 26 35 40 45 50 60 64 73 79 85 100 115 120 
0 1 6 11 16 21 26 35 40 45 50 60 64 73 85 100 110 115 120 
0 1 6 11 16 21 26 35 40 45 50 60 64 79 85 100 105 115 120 
0 1 6 11 16 21 26 35 40 45 50 60 64 85 100 105 110 115 120 
0 1 6 11 16 21 26 35 40 45 55 60 63 68 73 80 88 110 115 
0 1 6 11 16 21 26 35 40 45 55 60 63 68 73 80 110 115 120 
0 1 6 11 16 21 26 35 40 45 55 60 63 68 80 88 105 110 115 
0 1 6 11 16 21 26 35 40 45 55 60 63 68 80 105 110 115 120 
0 1 6 11 16 21 26 35 40 45 55 60 63 73 80 88 100 110 115 
0 1 6 11 16 21 26 35 40 45 55 60 63 73 80 100 110 115 120 
0 1 6 11 16 21 26 35 40 45 55 60 63 80 88 100 105 110 115 
0 1 6 11 16 21 26 35 40 45 55 60 64 68 73 80 88 110 115 
0 1 6 11 16 21 26 35 40 45 55 60 64 68 73 80 110 115 120 
0 1 6 11 16 21 26 35 40 45 55 60 64 68 80 88 105 110 115 
0 1 6 11 16 21 26 35 40 45 55 60 64 68 80 105 110 115 120 
0 1 6 11 16 21 26 35 40 45 55 60 64 73 80 88 100 110 115 
0 1 6 11 16 21 26 35 40 45 55 60 64 73 80 100 110 115 120 
0 1 6 11 16 21 26 35 40 45 55 60 64 80 88 100 105 110 115 
0 1 6 11 16 21 26 35 40 45 55 60 64 80 100 105 110 115 120 
0 1 6 11 16 21 26 35 40 45 60 63 68 73 80 85 110 115 120 
0 1 6 11 16 21 26 35 40 45 60 63 68 80 85 105 110 115 120 
0 1 6 11 16 21 26 35 40 45 60 63 73 80 85 100 110 115 120 
0 1 6 11 16 21 26 35 40 45 60 64 68 73 80 85 110 115 120 
0 1 6 11 16 21 26 35 40 45 60 64 68 80 85 105 110 115 120 
0 1 6 11 16 21 26 35 40 45 60 64 73 80 85 100 110 115 120 
0 1 6 11 16 21 26 35 40 45 60 64 80 85 100 105 110 115 120 
0 1 6 11 16 21 26 35 40 50 55 60 63 68 75 83 88 105 110 
0 1 6 11 16 21 26 35 40 50 55 60 63 68 75 83 105 110 120 
0 1 6 11 16 21 26 35 40 50 55 60 63 68 75 88 105 110 115 
0 1 6 11 16 21 26 35 40 50 55 60 63 68 75 105 110 115 120 
0 1 6 11 16 21 26 35 40 50 55 60 63 75 83 88 100 105 110 
0 1 6 11 16 21 26 35 40 50 55 60 63 75 83 100 105 110 120 
0 1 6 11 16 21 26 35 40 50 55 60 63 75 88 100 105 110 115 
0 1 6 11 16 21 26 35 40 50 55 60 64 68 75 83 88 105 110 
0 1 6 11 16 21 26 35 40 50 55 60 64 68 75 83 105 110 120 
0 1 6 11 16 21 26 35 40 50 55 60 64 68 75 88 105 110 115 
0 1 6 11 16 21 26 35 40 50 55 60 64 68 75 105 110 115 120 
0 1 6 11 16 21 26 35 40 50 55 60 64 75 83 88 100 105 110 
0 1 6 11 16 21 26 35 40 50 55 60 64 75 83 100 105 110 120 
0 1 6 11 16 21 26 35 40 50 55 60 64 75 88 100 105 110 115 
0 1 6 11 16 21 26 35 40 50 55 60 64 75 100 105 110 115 120 
0 1 6 11 16 21 26 35 40 50 60 63 68 75 85 105 110 115 120 
0 1 6 11 16 21 26 35 40 50 60 64 68 75 85 105 110 115 120 
0 1 6 11 16 21 26 35 40 50 60 64 75 85 100 105 110 115 120 
0 1 6 11 16 21 26 35 40 55 60 63 68 75 80 88 105 110 115 
0 1 6 11 16 21 26 35 40 55 60 63 68 75 80 105 110 115 120 
0 1 6 11 16 21 26 35 40 55 60 63 75 80 88 100 105 110 115 
0 1 6 11 16 21 26 35 40 55 60 64 68 75 80 88 105 110 115 
0 1 6 11 16 21 26 35 40 55 60 64 68 75 80 105 110 115 120 
0 1 6 11 16 21 26 35 40 55 60 64 75 80 88 100 105 110 115 
0 1 6 11 16 21 26 35 40 55 60 64 75 80 100 105 110 115 120 
0 1 6 11 16 21 26 35 40 60 63 68 75 80 85 105 110 115 120 
0 1 6 11 16 21 26 35 40 60 64 68 75 80 85 105 110 115 120 
0 1 6 11 16 21 26 35 40 60 64 75 80 85 100 105 110 115 120 
0 1 6 11 16 21 26 35 45 50 55 60 63 70 79 83 88 100 105 
0 1 6 11 16 21 26 35 45 50 55 60 63 70 79 83 100 105 120 
0 1 6 11 16 21 26 35 45 50 55 60 63 70 79 88 100 105 115 
0 1 6 11 16 21 26 35 45 50 55 60 63 70 79 100 105 115 120 
0 1 6 11 16 21 26 35 45 50 55 60 63 70 83 88 100 105 110 
0 1 6 11 16 21 26 35 45 50 55 60 63 70 83 100 105 110 120 
0 1 6 11 16 21 26 35 45 50 55 60 63 70 88 100 105 110 115 
0 1 6 11 16 21 26 35 45 50 60 63 70 79 85 100 105 115 120 
0 1 6 11 16 21 26 35 45 55 60 63 70 80 88 100 105 110 115 
0 1 6 11 16 21 26 35 50 55 60 63 70 75 83 88 100 105 110 
0 1 6 11 16 21 26 35 50 55 60 63 70 75 83 100 105 110 120 
0 1 6 11 16 21 26 35 50 55 60 63 70 75 88 100 105 110 115 
0 1 6 11 16 21 26 35 55 60 63 70 75 80 88 100 105 110 115 
0 1 6 11 16 21 26 40 45 50 55 60 63 65 73 79 83 88 100 
0 1 6 11 16 21 26 40 45 50 55 60 63 65 73 79 83 100 120 
0 1 6 11 16 21 26 40 45 50 55 60 63 65 73 79 88 100 115 
0 1 6 11 16 21 26 40 45 50 55 60 63 65 73 79 100 115 120 
0 1 6 11 16 21 26 40 45 50 55 60 63 65 73 83 88 100 110 
0 1 6 11 16 21 26 40 45 50 55 60 63 65 73 83 100 110 120 
0 1 6 11 16 21 26 40 45 50 55 60 63 65 73 88 100 110 115 
0 1 6 11 16 21 26 40 45 50 55 60 63 65 73 100 110 115 120 
0 1 6 11 16 21 26 40 45 50 55 60 63 65 79 83 88 100 105 
0 1 6 11 16 21 26 40 45 50 55 60 63 65 79 83 100 105 120 
0 1 6 11 16 21 26 40 45 50 55 60 63 65 79 88 100 105 115 
0 1 6 11 16 21 26 40 45 50 55 60 63 65 79 100 105 115 120 
0 1 6 11 16 21 26 40 45 50 55 60 63 65 83 88 100 105 110 
0 1 6 11 16 21 26 40 45 50 55 60 63 65 83 100 105 110 120 
0 1 6 11 16 21 26 40 45 50 55 60 63 65 88 100 105 110 115 
0 1 6 11 16 21 26 40 45 50 60 63 65 73 79 85 100 115 120 
0 1 6 11 16 21 26 40 45 50 60 63 65 73 85 100 110 115 120 
0 1 6 11 16 21 26 40 45 50 60 63 65 79 85 100 105 115 120 
0 1 6 11 16 21 26 40 45 55 60 63 65 73 80 88 100 110 115 
0 1 6 11 16 21 26 40 45 55 60 63 65 73 80 100 110 115 120 
0 1 6 11 16 21 26 40 45 55 60 63 65 80 88 100 105 110 115 
0 1 6 11 16 21 26 40 45 60 63 65 73 80 85 100 110 115 120 
0 1 6 11 16 21 26 40 50 55 60 63 65 75 83 88 100 105 110 
0 1 6 11 16 21 26 40 50 55 60 63 65 75 83 100 105 110 120 
0 1 6 11 16 21 26 40 50 55 60 63 65 75 88 100 105 110 115 
0 1 6 11 16 21 26 40 55 60 63 65 75 80 88 100 105 110 115 
0 1 6 11 16 21 26 45 50 55 60 63 65 70 79 83 88 100 105 
0 1 6 11 16 21 26 45 50 55 60 63 65 70 79 83 100 105 120 
0 1 6 11 16 21 26 45 50 55 60 63 65 70 79 88 100 105 115 
0 1 6 11 16 21 26 45 50 55 60 63 65 70 79 100 105 115 120 
0 1 6 11 16 21 26 45 50 55 60 63 65 70 83 88 100 105 110 
0 1 6 11 16 21 26 45 50 55 60 63 65 70 83 100 105 110 120 
0 1 6 11 16 21 26 45 50 55 60 63 65 70 88 100 105 110 115 
0 1 6 11 16 21 26 45 50 60 63 65 70 79 85 100 105 115 120 
0 1 6 11 16 21 26 45 55 60 63 65 70 80 88 100 105 110 115 
0 1 6 11 16 21 26 50 55 60 63 65 70 75 83 88 100 105 110 
0 1 6 11 16 21 26 50 55 60 63 65 70 75 83 100 105 110 120 
0 1 6 11 16 21 26 50 55 60 63 65 70 75 88 100 105 110 115 
0 1 6 11 16 21 26 55 60 63 65 70 75 80 88 100 105 110 115 
0 1 6 11 16 21 27 32 35 40 45 50 55 64 68 73 79 87 115 122 
0 1 6 11 16 21 27 32 35 40 45 50 55 64 68 73 87 110 115 122 
0 1 6 11 16 21 27 32 35 40 45 50 55 64 68 79 87 105 115 122 
0 1 6 11 16 21 27 32 35 40 45 54 64 68 73 80 87 110 115 121 
0 1 6 11 16 21 27 32 35 40 45 54 64 68 73 80 87 110 115 122 
0 1 6 11 16 21 27 32 35 40 45 54 64 68 80 87 105 110 115 121 
0 1 6 11 16 21 27 32 35 40 45 55 64 68 73 80 87 110 115 122 
0 1 6 11 16 21 27 32 35 40 45 55 64 68 80 87 105 110 115 122 
0 1 6 11 16 21 27 32 35 40 50 55 64 68 75 87 105 110 115 122 
0 1 6 11 16 21 27 32 35 40 54 64 68 75 80 87 105 110 115 122 
0 1 6 11 16 21 27 32 35 40 55 64 68 75 80 87 105 110 115 122 
0 1 6 11 16 21 30 35 40 45 50 55 64 68 73 79 88 115 123 
0 1 6 11 16 21 30 35 40 45 50 55 64 68 73 83 88 110 123 
0 1 6 11 16 21 30 35 40 45 50 55 64 68 73 88 110 115 123 
0 1 6 11 16 21 30 35 40 45 50 55 64 68 79 83 88 105 123 
0 1 6 11 16 21 30 35 40 45 50 55 64 68 79 88 105 115 123 
0 1 6 11 16 21 30 35 40 45 50 55 64 68 83 88 105 110 123 
0 1 6 11 16 21 30 35 40 45 50 55 64 68 88 105 110 115 123 
0 1 6 11 16 21 30 35 40 45 55 64 68 73 80 88 110 115 123 
0 1 6 11 16 21 30 35 40 45 55 64 68 80 88 105 110 115 123 
0 1 6 11 16 21 30 35 40 50 55 64 68 75 83 88 105 110 123 
0 1 6 11 16 21 30 35 40 50 55 64 68 75 88 105 110 115 123 
0 1 6 11 16 21 30 35 40 55 64 68 75 80 88 105 110 115 123 
0 1 6 11 16 21 35 40 45 55 60 63 68 73 80 88 110 115 123 
0 1 6 11 16 21 35 40 45 55 60 63 68 80 88 105 110 115 123 
0 1 6 11 16 21 35 40 45 55 60 63 73 80 88 100 110 115 123 
0 1 6 11 16 21 35 40 45 55 60 64 68 73 80 88 110 115 123 
0 1 6 11 16 21 35 40 45 55 60 64 68 80 88 105 110 115 123 
0 1 6 11 16 21 35 40 45 55 60 64 73 80 88 100 110 115 123 
0 1 6 11 16 21 35 40 45 55 60 64 80 88 100 105 110 115 123 
0 1 6 11 16 21 35 40 50 55 60 63 68 75 83 88 105 110 123 
0 1 6 11 16 21 35 40 50 55 60 63 68 75 88 105 110 115 123 
0 1 6 11 16 21 35 40 50 55 60 63 75 83 88 100 105 110 123 
0 1 6 11 16 21 35 40 50 55 60 64 68 75 83 88 105 110 123 
0 1 6 11 16 21 35 40 50 55 60 64 68 75 88 105 110 115 123 
0 1 6 11 16 21 35 40 50 55 60 64 75 83 88 100 105 110 123 
0 1 6 11 16 21 35 40 50 55 60 64 75 88 100 105 110 115 123 
0 1 6 11 16 21 35 40 55 60 63 68 75 80 88 105 110 115 123 
0 1 6 11 16 21 35 40 55 60 64 68 75 80 88 105 110 115 123 
0 1 6 11 16 21 35 40 55 60 64 75 80 88 100 105 110 115 123 
0 1 6 11 16 21 35 45 50 55 60 63 70 79 83 88 100 105 123 
0 1 6 11 16 21 35 45 50 55 60 63 70 79 88 100 105 115 123 
0 1 6 11 16 21 35 45 50 55 60 63 70 83 88 100 105 110 123 
0 1 6 11 16 21 35 50 55 60 63 70 75 83 88 100 105 110 123 
0 1 6 11 16 22 27 32 35 40 49 56 64 68 75 82 105 110 116 121 
0 1 6 11 16 22 27 32 35 40 49 56 64 68 75 82 105 110 117 121 
0 1 6 11 16 22 35 40 49 55 60 64 68 75 82 88 105 110 116 123 
0 1 6 11 16 22 35 40 49 55 60 64 75 82 88 100 105 110 116 123 
0 1 6 11 16 24 30 35 40 45 50 64 68 73 83 88 110 118 123 
0 1 6 11 16 24 30 35 40 45 50 64 68 79 83 88 105 118 123 
0 1 6 11 16 24 30 35 40 45 50 64 68 83 88 105 110 118 123 
0 1 6 11 16 24 30 35 40 50 64 68 75 83 88 105 110 118 123 
0 1 6 11 16 24 35 40 45 50 60 64 68 73 83 88 110 118 123 
0 1 6 11 16 24 35 40 45 50 60 64 68 79 83 88 105 118 123 
0 1 6 11 16 24 35 40 45 50 60 64 68 83 88 105 110 118 123 
0 1 6 11 16 24 35 40 45 50 60 64 73 83 88 100 110 118 123 
0 1 6 11 16 24 35 40 45 50 60 64 79 83 88 100 105 118 123 
0 1 6 11 16 24 35 40 45 50 60 64 83 88 100 105 110 118 123 
0 1 6 11 16 24 35 40 50 60 64 68 75 83 88 105 110 118 123 
0 1 6 11 16 24 35 40 50 60 64 75 83 88 100 105 110 118 123 
0 1 6 11 16 26 35 40 45 52 60 63 68 73 80 85 110 115 120 
0 1 6 11 16 26 35 40 45 52 60 63 68 80 85 105 110 115 120 
0 1 6 11 16 26 35 40 45 52 60 63 73 80 85 100 110 115 120 
0 1 6 11 16 26 35 40 45 52 60 64 68 73 80 85 110 115 120 
0 1 6 11 16 26 35 40 45 52 60 64 68 80 85 105 110 115 120 
0 1 6 11 16 26 35 40 45 52 60 64 73 80 85 100 110 115 120 
0 1 6 11 16 26 35 40 45 52 60 64 80 85 100 105 110 115 120 
0 1 6 11 16 26 35 40 50 55 60 63 68 75 83 88 105 110 118 
0 1 6 11 16 26 35 40 50 55 60 64 68 75 83 88 105 110 118 
0 1 6 11 16 26 35 40 50 55 60 64 75 83 88 100 105 110 118 
0 1 6 11 16 26 35 40 52 60 63 68 75 80 85 105 110 115 120 
0 1 6 11 16 26 35 40 52 60 64 68 75 80 85 105 110 115 120 
0 1 6 11 16 26 35 40 52 60 64 75 80 85 100 105 110 115 120 
0 1 6 11 16 26 40 45 52 60 63 65 73 80 85 100 110 115 120 
0 1 6 11 16 30 35 40 50 55 64 68 75 83 88 105 110 118 123 
0 1 6 11 16 35 40 50 55 60 63 68 75 83 88 105 110 118 123 
0 1 6 11 16 35 40 50 55 60 64 68 75 83 88 105 110 118 123 
0 1 6 11 16 35 40 50 55 60 64 75 83 88 100 105 110 118 123 
0 1 6 11 17 22 27 32 35 40 45 51 56 64 68 77 84 105 112 121 
0 1 6 11 18 26 35 40 44 52 60 63 77 85 100 105 112 120 
0 1 6 11 18 26 35 40 45 52 60 63 68 73 77 85 112 120 
0 1 6 11 18 26 35 40 45 52 60 63 68 73 79 85 112 120 
0 1 6 11 18 26 35 40 45 52 60 63 68 73 79 85 113 120 
0 1 6 11 18 26 35 40 45 52 60 63 68 77 85 105 112 120 
0 1 6 11 18 26 35 40 45 52 60 63 68 79 85 105 112 120 
0 1 6 11 18 26 35 40 45 52 60 63 68 79 85 105 113 120 
0 1 6 11 18 26 35 40 45 52 60 63 73 77 85 100 112 120 
0 1 6 11 18 26 35 40 45 52 60 63 73 79 85 100 112 120 
0 1 6 11 18 26 35 40 45 52 60 63 73 79 85 100 113 120 
0 1 6 11 18 26 35 40 45 52 60 63 77 85 100 105 112 120 
0 1 6 11 18 26 35 40 45 52 60 63 79 85 100 105 113 120 
0 1 6 11 18 26 35 40 45 52 60 64 68 77 85 105 112 120 
0 1 6 11 18 26 35 40 45 52 60 64 68 79 85 105 113 120 
0 1 6 11 18 26 35 40 45 52 60 64 73 77 85 100 112 120 
0 1 6 11 18 26 35 40 45 52 60 64 73 79 85 100 113 120 
0 1 6 11 18 26 35 40 45 52 60 64 79 85 100 105 113 120 
0 1 6 11 18 26 35 40 52 60 61 63 68 75 80 85 105 110 120 
0 1 6 11 18 26 35 40 52 60 61 64 68 75 80 85 105 110 120 
0 1 6 11 18 26 35 40 52 60 61 64 75 80 85 100 105 110 120 
0 1 6 11 18 26 35 45 52 60 63 70 79 85 100 105 113 120 
0 1 6 11 18 26 40 45 52 60 63 65 73 77 85 100 112 120 
0 1 6 11 18 26 40 45 52 60 63 65 73 79 85 100 112 120 
0 1 6 11 18 26 40 45 52 60 63 65 73 79 85 100 113 120 
0 1 6 11 18 26 40 45 52 60 63 65 79 85 100 105 113 120 
0 1 6 11 18 26 45 52 60 63 65 70 79 85 100 105 113 120 
0 1 6 11 19 26 35 40 45 52 60 63 68 73 79 85 113 120 
0 1 6 11 19 26 35 40 45 52 60 63 68 79 85 105 113 120 
0 1 6 11 19 26 35 40 45 52 60 63 73 79 85 100 113 120 
0 1 6 11 19 26 35 40 45 52 60 63 79 85 100 105 113 120 
0 1 6 11 19 26 35 40 45 53 60 63 68 73 79 85 113 120 
0 1 6 11 19 26 35 40 45 53 60 63 68 73 79 86 113 120 
0 1 6 11 19 26 35 40 45 53 60 63 68 73 79 86 113 121 
0 1 6 11 19 26 35 40 45 53 60 63 68 79 85 105 113 120 
0 1 6 11 19 26 35 40 45 53 60 63 68 79 86 105 113 120 
0 1 6 11 19 26 35 40 45 53 60 63 68 79 86 105 113 121 
0 1 6 11 19 26 35 40 45 53 60 63 73 79 85 100 113 120 
0 1 6 11 19 26 35 40 45 53 60 63 73 79 86 100 113 120 
0 1 6 11 19 26 35 40 45 53 60 63 73 79 86 100 113 121 
0 1 6 11 19 26 35 40 45 53 60 63 79 85 100 105 113 120 
0 1 6 11 19 26 35 40 45 53 60 63 79 86 100 105 113 121 
0 1 6 11 19 26 35 40 45 53 60 64 68 79 85 105 113 120 
0 1 6 11 19 26 35 40 45 53 60 64 68 79 86 105 113 120 
0 1 6 11 19 26 35 40 45 53 60 64 68 79 86 105 113 121 
0 1 6 11 19 26 35 40 45 53 60 64 73 79 85 100 113 120 
0 1 6 11 19 26 35 40 45 53 60 64 73 79 86 100 113 120 
0 1 6 11 19 26 35 40 45 53 60 64 73 79 86 100 113 121 
0 1 6 11 19 26 35 40 45 53 60 64 79 85 100 105 113 120 
0 1 6 11 19 26 35 40 45 53 60 64 79 86 100 105 113 120 
0 1 6 11 19 26 35 40 45 53 60 64 79 86 100 105 113 121 
0 1 6 11 19 26 35 45 53 60 63 70 79 86 100 105 113 121 
0 1 6 11 19 26 40 45 52 60 63 65 73 79 85 100 113 120 
0 1 6 11 19 26 40 45 53 60 63 65 73 79 85 100 113 120 
0 1 6 11 19 26 45 53 60 63 65 70 79 86 100 105 113 121 
0 1 6 11 19 27 32 35 40 45 53 64 68 79 86 105 113 121 
0 1 6 11 19 27 35 40 45 53 60 63 68 79 86 105 113 121 
0 1 6 11 21 26 35 40 55 60 61 63 68 75 80 88 105 110 115 
0 1 6 11 21 26 35 40 55 60 61 63 68 75 80 105 110 115 120 
0 1 6 11 21 26 35 40 55 60 61 64 68 75 80 88 105 110 115 
0 1 6 11 21 26 35 40 55 60 61 64 68 75 80 105 110 115 120 
0 1 6 11 21 26 35 40 55 60 61 64 75 80 88 100 105 110 115 
0 1 6 11 21 26 35 40 55 60 61 64 75 80 100 105 110 115 120 
0 1 6 11 21 26 35 40 60 61 63 68 75 80 85 105 110 115 120 
0 1 6 11 21 26 35 40 60 61 64 68 75 80 85 105 110 115 120 
0 1 6 11 21 26 35 40 60 61 64 75 80 85 100 105 110 115 120 
0 1 6 11 21 27 32 35 40 55 61 64 68 75 80 87 105 110 115 122 
0 1 6 11 21 27 35 40 54 60 61 63 68 75 80 87 105 110 115 121 
0 1 6 11 21 30 35 40 55 61 64 68 75 80 88 105 110 115 123 
0 1 6 11 21 35 40 55 60 61 63 68 75 80 88 105 110 115 123 
0 1 6 11 21 35 40 55 60 61 64 68 75 80 88 105 110 115 123 
0 1 6 11 21 35 40 55 60 61 64 75 80 88 100 105 110 115 123 
0 1 6 11 22 29 35 44 49 55 60 63 70 77 82 88 100 105 116 123 
0 1 6 11 26 35 40 52 60 61 63 68 75 80 85 105 110 115 120 
0 1 6 11 26 35 40 52 60 61 64 68 75 80 85 105 110 115 120 
0 1 6 11 26 35 40 52 60 61 64 75 80 85 100 105 110 115 120 
0 1 6 13 18 26 35 39 52 60 61 63 72 80 85 100 107 120 
0 1 6 13 18 26 35 39 52 60 61 63 72 85 100 107 112 120 
0 1 6 13 18 26 35 39 52 60 63 72 77 85 100 107 112 120 
0 1 6 13 18 26 35 40 52 60 61 63 68 72 80 85 107 120 
0 1 6 13 18 26 35 40 52 60 61 63 68 72 85 107 112 120 
0 1 6 13 18 26 35 40 52 60 61 63 68 73 80 85 107 120 
0 1 6 13 18 26 35 40 52 60 61 63 68 73 80 85 108 120 
0 1 6 13 18 26 35 40 52 60 61 63 68 73 85 107 112 120 
0 1 6 13 18 26 35 40 52 60 61 63 68 73 85 108 112 120 
0 1 6 13 18 26 35 40 52 60 61 63 72 80 85 100 107 120 
0 1 6 13 18 26 35 40 52 60 61 63 73 80 85 100 108 120 
0 1 6 13 18 26 35 40 52 60 61 63 73 85 100 107 112 120 
0 1 6 13 18 26 35 40 52 60 61 63 73 85 100 108 112 120 
0 1 6 13 18 26 35 40 52 60 61 64 68 73 85 107 112 120 
0 1 6 13 18 26 35 40 52 60 61 64 68 73 85 108 112 120 
0 1 6 13 18 26 35 40 52 60 61 64 72 80 85 100 107 120 
0 1 6 13 18 26 35 40 52 60 61 64 72 85 100 107 112 120 
0 1 6 13 18 26 35 40 52 60 61 64 73 85 100 108 112 120 
0 1 6 13 18 26 35 40 52 60 64 68 72 77 85 107 112 120 
0 1 6 13 18 26 35 40 52 60 64 68 73 77 85 107 112 120 
0 1 6 13 18 26 35 40 52 60 64 73 77 85 100 107 112 120 
0 1 6 13 18 26 39 52 60 61 63 65 72 80 85 100 107 120 
0 1 6 13 18 26 40 52 60 61 63 65 72 80 85 100 107 120 
0 1 6 13 18 26 40 52 60 61 63 65 73 80 85 100 107 120 
0 1 6 13 18 26 40 52 60 61 63 65 73 80 85 100 108 120 
0 1 6 13 18 26 40 52 60 61 63 65 73 85 100 108 112 120 
0 1 6 13 19 26 35 40 53 60 61 63 73 85 93 100 108 114 120 
0 1 6 13 19 26 35 40 53 60 61 64 73 85 93 100 108 114 120 
0 1 6 13 21 26 35 40 55 60 61 63 68 73 80 108 115 120 
0 1 6 13 21 26 35 40 55 60 61 63 73 80 100 108 115 120 
0 1 6 13 21 26 35 40 55 60 61 64 73 80 100 108 115 120 
0 1 6 13 21 26 35 40 60 61 63 68 73 80 85 107 115 120 
0 1 6 13 21 26 35 40 60 61 63 68 73 80 85 108 115 120 
0 1 6 13 21 26 35 40 60 61 63 73 80 85 100 108 115 120 
0 1 6 13 21 26 35 40 60 61 64 68 73 80 85 107 115 120 
0 1 6 13 21 26 35 40 60 61 64 73 80 85 100 107 115 120 
0 1 6 13 21 26 35 40 60 61 64 73 80 85 100 108 115 120 
0 1 6 13 26 35 40 52 60 61 63 73 80 85 100 108 115 120 
0 1 6 13 26 40 52 60 61 63 65 73 80 85 100 108 115 120 
0 1 6 15 18 26 35 40 52 60 63 73 79 85 100 108 113 120 
0 1 6 15 18 26 35 40 52 60 64 73 79 85 100 108 113 120 
0 1 6 15 18 26 40 52 60 61 63 65 73 80 85 100 108 120 
0 1 6 15 18 26 40 52 60 63 65 73 79 85 100 108 113 120 
0 1 6 15 19 26 35 40 48 52 60 63 68 73 85 108 113 120 
0 1 6 15 19 26 35 40 48 53 60 63 68 73 85 108 113 120 
0 1 6 15 19 26 35 40 48 53 60 63 68 73 86 108 113 120 
0 1 6 15 19 26 35 40 48 53 60 63 73 85 100 108 113 120 
0 1 6 15 19 26 35 40 48 53 60 64 68 73 85 108 113 120 
0 1 6 15 19 26 35 40 53 60 63 68 73 79 85 108 113 120 
0 1 6 15 19 26 35 40 53 60 63 68 73 79 86 108 113 120 
0 1 6 15 19 26 35 40 53 60 64 68 73 79 86 108 113 120 
0 1 6 15 20 26 35 40 53 60 61 63 68 73 80 86 108 114 120 
0 1 6 15 21 26 35 40 48 60 64 68 73 80 85 108 115 120 
0 1 6 15 21 26 35 40 60 61 63 68 73 80 85 108 115 120 
0 1 6 19 26 35 40 45 53 60 63 68 73 79 86 108 113 120 
0 1 7 13 19 26 34 40 47 52 60 63 67 73 85 93 101 107 113 120 
0 1 7 13 19 26 34 40 47 53 60 63 67 73 85 93 101 107 113 120 
0 1 7 13 19 26 34 40 47 53 60 63 67 73 85 93 101 107 114 120 
0 1 7 13 19 26 34 40 47 53 60 63 67 73 86 93 101 107 113 120 
0 1 7 13 19 26 34 40 47 53 60 63 67 73 86 93 101 107 114 120 
0 1 7 13 19 26 34 40 47 53 60 63 67 73 86 93 101 107 114 121 
0 1 7 13 19 26 34 40 53 60 61 63 67 73 85 93 101 107 114 120 
0 1 7 13 19 26 34 40 53 60 61 63 67 73 85 93 101 108 114 120 
0 1 7 13 19 26 34 40 53 60 61 63 67 73 86 93 101 107 114 120 
0 1 7 13 19 26 34 40 53 60 61 63 67 73 86 93 101 107 114 121 
0 1 7 13 19 26 34 40 53 60 61 63 67 73 86 93 101 108 114 120 
0 1 7 13 19 26 34 40 53 60 61 63 67 73 86 93 101 108 114 121 
0 1 7 13 20 26 34 40 47 53 60 63 67 73 86 93 101 107 114 120 
0 1 7 13 20 26 34 40 53 60 61 63 67 73 80 86 101 107 114 120 
0 1 7 13 20 26 34 40 53 60 61 63 67 73 80 86 101 107 114 121 
0 1 7 13 20 26 34 40 53 60 61 63 67 73 80 86 101 108 114 120 
0 1 7 13 20 26 34 40 53 60 61 63 67 73 80 86 101 108 114 121 
0 1 7 13 20 26 34 40 53 60 61 63 67 73 86 93 101 107 114 121 
0 1 7 13 20 26 34 40 53 60 61 63 67 73 86 93 101 108 114 120 
0 1 7 13 20 26 34 40 53 60 61 63 67 73 86 93 101 108 114 121 
0 1 7 13 20 26 34 40 54 60 61 63 67 73 86 93 101 108 114 121 
0 1 7 13 20 26 34 41 53 60 61 63 67 73 80 86 101 108 114 120 
0 1 7 13 20 26 34 41 53 60 61 63 67 73 80 86 101 108 114 121 
0 1 7 13 20 26 34 41 53 60 61 63 67 73 80 86 102 108 114 120 
0 1 7 13 20 26 34 41 53 60 61 63 67 73 80 86 102 108 114 121 
0 1 7 13 20 26 34 41 53 60 61 63 67 73 86 93 101 108 114 121 
0 1 7 13 21 26 34 40 60 61 63 67 73 80 85 101 107 115 120 
0 1 7 13 21 26 34 40 60 61 63 67 73 80 85 101 108 115 120 
0 1 7 13 21 26 34 41 60 61 63 67 73 80 85 101 108 115 120 
0 1 7 15 20 26 34 40 53 60 61 63 67 73 80 86 101 108 114 120 
0 1 7 15 20 26 34 41 53 60 61 63 67 73 80 86 101 108 114 121 
0 1 7 15 20 26 34 41 54 60 61 63 67 73 80 86 102 108 114 121 
0 1 8 13 18 26 34 42 52 60 61 63 67 75 80 85 102 120 
0 1 8 13 18 26 34 42 52 60 61 63 67 75 85 102 112 120 
0 1 8 13 18 26 34 42 52 60 61 63 67 80 85 102 107 120 
0 1 8 13 18 26 34 42 52 60 61 63 67 85 102 107 112 120 
0 1 8 13 18 26 34 42 52 60 63 67 77 85 102 107 112 120 
0 1 8 13 18 26 35 42 52 60 61 63 67 75 80 85 102 120 
0 1 8 13 21 26 34 42 60 61 63 67 75 80 85 102 115 120 
0 1 8 13 21 26 34 42 60 61 63 67 80 85 102 107 115 120 
0 1 8 13 21 26 35 42 60 61 63 67 75 80 85 102 115 120 
0 1 8 13 26 34 42 52 60 61 63 67 75 80 85 102 115 120 
0 1 8 13 26 35 42 52 60 61 63 67 75 80 85 102 115 120 
0 1 8 16 21 26 35 42 55 60 64 68 75 80 103 110 115 120 
0 1 8 16 21 26 35 42 60 64 68 75 80 85 102 110 115 120 
0 1 8 16 26 35 42 52 60 64 67 75 80 85 102 110 115 120 
0 2 10 18 26 36 44 52 60 64 69 77 85 104 112 120 
