0 1 7 10 13 20 32 34 41 54 63 66 73 86 108 115 118 121 
0 1 7 10 13 20 32 34 41 54 64 66 73 86 108 115 118 121 
0 2 5 9 13 25 35 51 56 62 72 77 81 88 100 104 111 115 120 127 
0 2 5 9 15 25 35 51 56 61 62 72 77 88 100 104 111 115 120 127 
0 2 5 9 15 25 35 51 56 61 62 72 77 88 100 104 111 116 120 127 
0 2 5 9 15 25 35 51 56 62 72 77 81 88 100 104 111 115 120 127 
0 2 5 9 15 25 35 52 56 61 62 72 77 84 88 100 104 111 115 127 
0 2 5 9 15 25 35 52 56 61 62 72 77 88 100 104 111 115 120 127 
0 2 5 9 15 25 35 52 56 62 72 77 81 84 88 100 104 111 115 127 
0 2 5 9 25 35 51 56 61 67 72 77 83 88 100 106 111 115 122 127 
0 2 5 9 25 35 51 56 61 67 72 77 83 88 100 106 111 116 122 127 
0 2 7 11 18 23 32 33 40 44 49 56 65 69 81 86 108 113 120 124 
0 2 7 11 18 23 32 33 40 44 49 56 65 70 81 86 108 113 120 124 
0 2 7 11 18 23 32 33 40 44 49 56 65 70 81 86 108 113 120 125 
0 2 7 11 18 23 32 33 40 44 49 56 65 70 81 86 109 113 120 124 
0 2 7 12 18 23 28 32 33 40 45 49 56 70 77 86 102 108 118 124 
0 2 7 12 18 23 28 32 33 40 45 49 56 70 77 86 102 108 118 125 
0 2 7 12 18 23 28 32 33 40 45 49 56 70 77 86 102 109 118 125 
0 2 7 12 18 23 28 32 33 40 45 49 56 70 86 102 108 113 118 125 
0 2 7 12 18 23 28 32 33 40 45 49 56 70 86 102 109 113 118 125 
0 2 7 12 18 23 28 32 33 40 45 50 56 70 77 82 86 102 109 125 
0 2 7 12 18 23 28 32 33 40 45 50 56 70 77 86 102 109 118 125 
0 2 7 12 18 23 28 32 33 40 45 50 56 70 82 86 102 109 113 125 
0 2 7 12 18 23 28 32 33 40 45 50 56 70 86 102 109 113 118 125 
0 2 7 12 18 23 28 32 34 40 45 49 56 66 70 86 109 113 118 125 
0 2 7 12 18 23 28 32 34 40 45 50 56 66 70 82 86 109 113 125 
0 2 7 12 18 23 28 32 34 40 45 50 56 66 70 86 109 113 118 125 
0 2 7 12 18 23 28 32 34 40 45 50 56 70 77 86 102 109 118 125 
0 2 7 12 18 23 28 32 34 40 45 50 56 70 82 86 102 109 113 125 
0 2 7 13 18 23 30 32 35 40 44 51 56 65 81 104 108 113 120 124 
0 2 7 13 18 23 30 32 35 40 45 51 56 65 77 81 104 108 120 124 
0 2 7 13 18 23 32 35 40 44 51 56 62 65 81 88 104 108 113 120 
0 2 7 15 18 23 32 33 40 44 56 65 70 81 86 104 109 113 120 124 
0 2 7 15 18 23 32 33 40 44 56 65 70 81 86 104 109 113 120 125 
0 2 7 15 18 23 32 33 40 45 56 65 70 77 81 86 104 109 120 124 
0 2 7 15 18 23 32 33 40 45 56 65 70 77 81 86 104 109 120 125 
0 2 7 15 18 23 32 33 40 45 56 65 70 77 82 86 104 109 120 125 
0 2 7 15 18 23 32 33 40 45 56 65 70 81 86 104 109 113 120 125 
0 2 7 15 18 23 32 35 40 45 51 56 62 65 72 77 81 88 104 120 
0 2 7 15 18 23 32 40 45 56 62 65 70 77 81 86 104 109 120 125 
0 2 7 15 18 23 32 40 45 56 62 65 70 82 86 104 109 113 120 125 
0 2 7 15 18 23 32 40 45 56 62 66 70 77 82 86 104 109 120 125 
0 2 7 15 18 23 32 40 45 56 62 66 70 82 86 104 109 113 120 125 
0 2 7 15 19 23 32 40 45 52 56 62 66 70 77 81 104 109 120 125 
0 2 7 15 19 23 32 40 45 56 62 66 70 77 81 86 104 109 120 125 
0 2 7 18 23 32 33 40 45 49 56 65 70 77 81 86 104 108 120 124 
0 2 10 18 26 40 48 56 69 77 85 100 108 116 124 126 
