0 1 4 7 18 32 43 48 55 67 72 84 90 93 105 110 117 122 
0 1 4 7 18 32 44 48 55 67 72 84 90 93 105 110 117 122 
0 1 5 10 15 18 22 32 34 38 42 80 84 88 96 101 105 109 113 118 122 
0 1 6 12 22 28 29 38 43 53 66 79 88 96 104 110 117 120 
0 1 6 13 18 25 33 38 45 50 57 69 76 81 88 96 102 109 114 121 
0 1 6 13 18 25 33 38 45 50 57 69 76 81 88 97 102 109 114 121 
0 3 6 11 18 23 43 46 50 55 62 66 69 74 81 86 96 107 114 119 
0 3 10 17 22 35 42 46 49 54 62 66 73 80 85 96 99 106 113 118 
0 3 10 18 23 35 42 46 50 55 62 66 73 81 86 96 99 106 114 119 
0 6 15 22 38 46 47 54 62 69 77 85 96 102 110 118 
