0 1 5 9 13 32 34 38 42 64 66 70 74 95 100 104 108 
0 2 5 9 15 22 26 32 37 42 49 69 76 78 81 88 98 110 117 122 
0 2 5 9 15 22 32 37 42 49 69 76 78 81 88 98 105 110 117 122 
0 2 5 9 22 26 30 32 37 42 49 69 76 78 81 88 98 110 117 122 
0 2 5 9 22 30 32 37 42 49 69 76 78 81 88 98 105 110 117 122 
0 2 5 10 15 22 32 37 42 49 69 76 78 81 88 98 105 110 117 122 
0 2 5 10 15 22 32 37 49 57 69 76 78 81 88 98 105 110 117 122 
0 2 5 10 22 30 32 37 42 49 69 76 78 81 88 98 105 110 117 122 
0 2 7 15 19 26 34 42 54 59 61 63 66 73 85 96 102 107 114 119 
0 2 7 15 19 26 35 42 54 59 61 63 66 73 85 96 102 107 114 119 
0 2 7 15 19 26 35 42 54 59 61 63 66 73 86 96 102 107 114 119 
