0 1 8 16 19 37 44 55 58 62 71 78 82 93 101 108 119 122 
0 1 8 16 23 37 44 51 58 62 71 78 86 93 101 108 115 122 
0 1 8 19 37 44 55 58 61 62 71 78 82 101 108 111 119 122 
0 1 9 12 19 37 48 55 58 62 72 75 78 82 101 112 119 122 
0 1 9 16 19 37 44 55 58 62 72 78 82 93 101 108 119 122 
0 2 5 13 16 27 41 52 55 62 65 68 76 90 93 105 116 119 
0 2 6 10 16 20 25 30 34 38 48 52 56 74 78 79 103 107 117 121 125 
0 2 6 10 20 24 30 34 38 48 52 56 74 78 79 82 103 107 111 121 125 
0 2 6 10 20 25 30 34 38 48 52 56 74 78 79 103 107 111 117 121 125 
0 2 6 11 25 29 30 34 38 42 52 56 78 83 87 93 103 107 111 115 125 
