0 1 4 11 18 26 33 40 51 54 71 79 85 101 108 111 122 125 
0 1 4 11 18 26 33 40 51 58 71 79 85 101 108 111 118 125 
0 1 4 11 18 26 33 40 54 61 71 79 85 101 108 115 122 125 
0 1 4 11 18 26 33 40 58 61 71 79 85 101 108 115 118 125 
0 1 4 11 18 26 33 41 49 57 71 79 85 101 109 117 125 
0 1 4 11 18 26 33 44 51 54 71 79 85 101 104 111 122 125 
0 1 4 11 18 26 33 44 54 61 71 79 85 101 104 115 122 125 
0 1 4 11 18 26 33 44 58 61 71 79 85 101 104 115 118 125 
0 1 4 11 18 26 37 40 51 54 71 79 85 97 108 111 122 125 
0 1 4 11 18 26 37 40 51 58 71 79 85 97 108 111 118 125 
0 1 4 11 18 26 37 40 54 61 71 79 85 97 108 115 122 125 
0 1 4 11 18 26 37 40 58 61 71 79 85 97 108 115 118 125 
0 1 4 11 18 26 37 44 51 54 71 79 85 97 104 111 122 125 
0 1 4 11 18 26 37 44 51 58 71 79 85 97 104 111 118 125 
0 1 4 11 18 26 37 44 54 61 71 79 85 97 104 115 122 125 
0 1 4 11 18 26 38 41 49 57 71 79 85 98 109 117 125 
0 1 4 11 18 26 38 47 49 57 71 79 85 98 106 117 125 
0 1 4 11 18 26 38 47 54 57 71 79 85 98 106 114 125 
0 1 4 11 18 26 38 47 54 71 79 85 98 106 114 122 125 
0 1 4 11 18 26 38 47 57 71 79 85 98 106 114 117 125 
0 1 4 11 18 26 38 49 57 71 79 85 98 106 109 117 125 
0 1 4 11 18 26 41 49 57 71 79 85 98 101 109 117 125 
0 1 4 11 19 26 33 40 51 54 71 79 85 101 108 111 122 125 
0 1 4 11 19 26 33 40 51 54 71 79 86 101 108 111 122 125 
0 1 4 11 19 26 33 40 51 58 71 79 85 101 108 111 118 125 
0 1 4 11 19 26 33 40 51 58 71 79 86 101 108 111 118 125 
0 1 4 11 19 26 33 40 54 61 71 79 85 101 108 115 122 125 
0 1 4 11 19 26 33 40 54 61 71 79 86 101 108 115 122 125 
0 1 4 11 19 26 33 40 58 61 71 79 85 101 108 115 118 125 
0 1 4 11 19 26 33 41 49 57 71 79 85 101 109 117 125 
0 1 4 11 19 26 33 41 49 57 71 79 86 101 109 117 125 
0 1 4 11 19 26 33 44 51 54 71 79 85 101 104 111 122 125 
0 1 4 11 19 26 33 44 51 54 71 79 86 101 104 111 122 125 
0 1 4 11 19 26 33 44 51 58 71 79 85 101 104 111 118 125 
0 1 4 11 19 26 33 44 54 61 71 79 85 101 104 115 122 125 
0 1 4 11 19 26 33 44 58 61 71 79 85 101 104 115 118 125 
0 1 4 11 19 26 37 40 51 54 71 79 85 97 108 111 122 125 
0 1 4 11 19 26 37 40 51 58 71 79 85 97 108 111 118 125 
0 1 4 11 19 26 37 40 58 61 71 79 85 97 108 115 118 125 
0 1 4 11 19 26 37 44 51 54 71 79 85 97 104 111 122 125 
0 1 4 11 19 26 37 44 51 54 71 79 86 97 104 111 122 125 
0 1 4 11 19 26 37 44 51 58 71 79 85 97 104 111 118 125 
0 1 4 11 19 26 37 44 51 58 71 79 86 97 104 111 118 125 
0 1 4 11 19 26 37 44 54 61 71 79 85 97 104 115 122 125 
0 1 4 11 19 26 37 44 54 61 71 79 86 97 104 115 122 125 
0 1 4 11 19 26 37 44 58 61 71 79 85 97 104 115 118 125 
0 1 4 11 19 26 37 44 58 61 71 79 86 97 104 115 118 125 
0 1 4 11 19 26 38 41 49 57 71 79 85 98 109 117 125 
0 1 4 11 19 26 38 41 49 57 71 79 86 98 109 117 125 
0 1 4 11 19 26 38 47 49 57 71 79 85 98 106 117 125 
0 1 4 11 19 26 38 47 49 57 71 79 86 98 106 117 125 
0 1 4 11 19 26 38 47 54 57 71 79 85 98 106 114 125 
0 1 4 11 19 26 38 47 54 57 71 79 86 98 106 114 125 
0 1 4 11 19 26 38 47 57 71 79 86 98 106 114 117 125 
0 1 4 11 19 26 38 49 57 71 79 85 98 106 109 117 125 
0 1 4 11 19 26 38 49 57 71 79 86 98 106 109 117 125 
0 1 4 11 19 26 41 49 57 71 79 85 98 101 109 117 125 
0 1 4 11 19 26 41 49 57 71 79 86 98 101 109 117 125 
0 1 4 11 19 27 38 41 49 57 71 79 86 98 109 117 125 
0 1 4 11 19 27 38 47 49 57 71 79 86 98 106 117 125 
0 1 4 11 19 27 38 49 57 71 79 86 98 106 109 117 125 
0 1 4 11 19 27 41 49 57 71 79 86 98 101 109 117 125 
0 1 4 12 19 26 33 40 51 54 71 79 85 101 108 111 122 125 
0 1 4 12 19 26 33 40 51 58 71 79 85 101 108 111 118 125 
0 1 4 12 19 26 33 40 54 61 71 79 85 101 108 115 122 125 
0 1 4 12 19 26 33 41 49 57 71 79 85 101 109 117 125 
0 1 4 12 19 26 33 44 51 54 71 79 85 101 104 111 122 125 
0 1 4 12 19 26 37 40 51 54 71 79 85 97 108 111 122 125 
0 1 4 12 19 26 37 40 51 54 71 79 86 97 108 111 122 125 
0 1 4 12 19 26 37 40 51 54 71 86 93 97 108 111 122 125 
0 1 4 12 19 26 37 40 51 58 71 79 85 97 108 111 118 125 
0 1 4 12 19 26 37 40 51 58 71 79 86 97 108 111 118 125 
0 1 4 12 19 26 37 40 51 58 71 86 93 97 108 111 118 125 
0 1 4 12 19 26 37 40 54 61 71 79 85 97 108 115 122 125 
0 1 4 12 19 26 37 40 54 61 71 79 86 97 108 115 122 125 
0 1 4 12 19 26 37 40 58 61 71 79 85 97 108 115 118 125 
0 1 4 12 19 26 37 40 58 61 71 79 86 97 108 115 118 125 
0 1 4 12 19 26 37 40 58 61 71 86 93 97 108 115 118 125 
0 1 4 12 19 26 37 44 51 54 71 79 85 97 104 111 122 125 
0 1 4 12 19 26 37 44 51 54 71 79 86 97 104 111 122 125 
0 1 4 12 19 26 37 44 51 58 71 79 85 97 104 111 118 125 
0 1 4 12 19 26 37 44 51 58 71 79 86 97 104 111 118 125 
0 1 4 12 19 26 37 44 51 58 71 86 93 97 104 111 118 125 
0 1 4 12 19 26 37 44 54 61 71 79 85 97 104 115 122 125 
0 1 4 12 19 26 37 44 54 61 71 79 86 97 104 115 122 125 
0 1 4 12 19 26 37 44 58 61 71 79 85 97 104 115 118 125 
0 1 4 12 19 26 37 44 58 61 71 79 86 97 104 115 118 125 
0 1 4 12 19 26 37 44 58 61 71 86 93 97 104 115 118 125 
0 1 4 12 19 26 38 41 49 57 71 79 85 98 109 117 125 
0 1 4 12 19 26 38 41 49 57 71 79 86 98 109 117 125 
0 1 4 12 19 26 38 41 49 57 71 86 93 98 109 117 125 
0 1 4 12 19 26 38 47 49 57 71 79 85 98 106 117 125 
0 1 4 12 19 26 38 47 49 57 71 79 86 98 106 117 125 
0 1 4 12 19 26 38 47 49 57 71 86 93 98 106 117 125 
0 1 4 12 19 26 38 47 54 57 71 79 85 98 106 114 125 
0 1 4 12 19 26 38 47 54 57 71 79 86 98 106 114 125 
0 1 4 12 19 26 38 47 54 57 71 86 93 98 106 114 125 
0 1 4 12 19 26 38 47 54 71 79 85 98 106 114 122 125 
0 1 4 12 19 26 38 47 54 71 86 93 98 106 114 122 125 
0 1 4 12 19 26 38 47 57 71 79 85 98 106 114 117 125 
0 1 4 12 19 26 38 47 57 71 79 86 98 106 114 117 125 
0 1 4 12 19 26 38 47 57 71 86 93 98 106 114 117 125 
0 1 4 12 19 26 38 49 57 71 79 85 98 106 109 117 125 
0 1 4 12 19 26 38 49 57 71 79 86 98 106 109 117 125 
0 1 4 12 19 26 38 49 57 71 86 93 98 106 109 117 125 
0 1 4 12 19 26 41 49 57 71 79 85 98 101 109 117 125 
0 1 4 12 19 26 41 49 57 71 79 86 98 101 109 117 125 
0 1 4 12 19 27 38 41 49 57 71 79 86 98 109 117 125 
0 1 4 12 19 27 38 47 49 57 71 79 86 98 106 117 125 
0 1 4 12 19 27 38 47 49 57 71 86 93 98 106 117 125 
0 1 4 12 19 27 38 47 54 57 71 86 93 98 106 114 125 
0 1 4 12 19 27 38 47 57 71 79 86 98 106 114 117 125 
0 1 4 12 19 27 38 47 57 71 86 93 98 106 114 117 125 
0 1 4 12 19 27 38 49 57 71 79 86 98 106 109 117 125 
0 1 4 12 19 27 38 49 57 71 86 93 98 106 109 117 125 
0 1 4 12 20 23 38 41 49 57 71 90 93 98 109 117 125 
0 1 4 12 20 23 38 47 49 57 71 90 93 98 106 117 125 
0 1 4 12 20 23 38 47 54 57 71 90 93 98 106 114 125 
0 1 4 12 20 23 38 47 54 71 90 93 98 106 114 122 125 
0 1 4 12 20 23 38 47 57 71 90 93 98 106 114 117 125 
0 1 4 12 20 23 38 49 57 71 90 93 98 106 109 117 125 
0 1 4 12 20 23 41 49 57 71 90 93 98 101 109 117 125 
0 1 4 12 20 27 38 47 49 57 71 86 93 98 106 117 125 
0 1 4 12 20 27 38 47 54 57 71 86 93 98 106 114 125 
0 1 4 12 20 27 38 47 54 71 86 93 98 106 114 122 125 
0 1 4 12 20 27 38 47 57 71 86 93 98 106 114 117 125 
0 1 4 12 23 26 29 33 40 51 54 71 82 101 108 111 122 125 
0 1 4 12 23 26 29 33 40 54 61 71 82 101 108 115 122 125 
0 1 4 12 23 26 29 33 41 49 57 71 82 101 109 117 125 
0 1 4 12 23 26 29 33 44 51 54 71 82 101 104 111 122 125 
0 1 4 12 23 26 29 38 41 49 57 71 82 98 109 117 125 
0 1 4 12 23 26 29 38 47 49 57 71 82 98 106 117 125 
0 1 4 12 23 26 29 38 47 54 57 71 82 98 106 114 125 
0 1 4 12 23 26 33 40 51 54 71 82 93 101 108 111 122 125 
0 1 4 12 23 26 33 41 49 57 71 82 93 101 109 117 125 
0 1 4 12 23 26 38 41 49 57 71 82 93 98 109 117 125 
0 1 4 12 23 26 38 47 49 57 71 82 93 98 106 117 125 
0 1 4 12 23 26 38 47 54 57 71 82 93 98 106 114 125 
0 1 4 12 23 26 38 47 54 71 82 93 98 106 114 122 125 
0 1 4 12 23 26 38 47 57 71 82 93 98 106 114 117 125 
0 1 4 12 23 26 41 49 57 71 82 93 98 101 109 117 125 
0 1 4 12 23 29 38 41 49 57 71 82 90 98 109 117 125 
0 1 4 12 23 29 38 47 49 57 71 82 90 98 106 117 125 
0 1 4 12 23 29 38 47 54 71 82 90 98 106 114 122 125 
0 1 4 12 23 29 38 47 57 71 82 90 98 106 114 117 125 
0 1 4 12 23 29 38 49 57 71 82 90 98 106 109 117 125 
0 1 4 12 26 29 33 40 51 54 71 82 85 101 108 111 122 125 
0 1 4 12 26 29 33 40 51 58 71 82 85 101 108 111 118 125 
0 1 4 12 26 29 33 40 54 61 71 82 85 101 108 115 122 125 
0 1 4 12 26 29 33 41 49 57 71 82 85 101 109 117 125 
0 1 4 12 26 29 33 44 51 54 71 82 85 101 104 111 122 125 
0 1 4 12 26 29 38 47 49 57 71 82 85 98 106 117 125 
0 1 4 12 26 29 38 47 54 71 82 85 98 106 114 122 125 
0 1 4 12 26 29 38 49 57 71 82 85 98 106 109 117 125 
0 1 4 18 26 29 38 41 49 57 71 74 85 98 109 117 125 
0 1 4 18 26 29 38 47 54 57 71 74 85 98 106 114 125 
0 1 4 18 26 29 38 47 54 71 74 85 98 106 114 122 125 
0 1 8 11 18 26 33 40 51 54 67 79 85 101 108 111 122 125 
0 1 8 11 18 26 33 40 54 61 67 79 85 101 108 115 122 125 
0 1 8 11 18 26 33 40 58 61 67 79 85 101 108 115 118 125 
0 1 8 11 18 26 33 41 49 57 67 79 85 101 109 117 125 
0 1 8 11 18 26 38 41 49 57 67 79 85 98 109 117 125 
0 1 8 11 18 26 38 47 49 57 67 79 85 98 106 117 125 
0 1 8 11 18 26 38 47 54 57 67 79 85 98 106 114 125 
0 1 8 11 18 26 38 47 54 67 79 85 98 106 114 122 125 
0 1 8 11 19 26 33 40 51 54 67 79 85 101 108 111 122 125 
0 1 8 11 19 26 33 40 51 58 67 79 85 101 108 111 118 125 
0 1 8 11 19 26 33 40 58 61 67 79 85 101 108 115 118 125 
0 1 8 11 19 26 33 41 49 57 67 79 85 101 109 117 125 
0 1 8 11 19 26 33 41 49 57 67 79 86 101 109 117 125 
0 1 8 11 19 26 33 44 51 54 67 79 85 101 104 111 122 125 
0 1 8 11 19 26 33 44 51 58 67 79 85 101 104 111 118 125 
0 1 8 11 19 26 33 44 51 58 67 79 86 101 104 111 118 125 
0 1 8 11 19 26 33 44 54 61 67 79 85 101 104 115 122 125 
0 1 8 11 19 26 33 44 58 61 67 79 85 101 104 115 118 125 
0 1 8 11 19 26 38 41 49 57 67 79 85 98 109 117 125 
0 1 8 11 19 26 38 41 49 57 67 79 86 98 109 117 125 
0 1 8 11 19 26 38 47 49 57 67 79 85 98 106 117 125 
0 1 8 11 19 26 38 47 49 57 67 79 86 98 106 117 125 
0 1 8 11 19 26 38 47 54 57 67 79 85 98 106 114 125 
0 1 8 11 19 26 38 47 54 57 67 79 86 98 106 114 125 
0 1 8 11 19 26 38 47 57 67 79 86 98 106 114 117 125 
0 1 8 11 19 26 38 49 57 67 79 85 98 106 109 117 125 
0 1 8 11 19 26 38 49 57 67 79 86 98 106 109 117 125 
0 1 8 11 19 26 41 49 57 67 79 85 98 101 109 117 125 
0 1 8 11 19 26 41 49 57 67 79 86 98 101 109 117 125 
0 1 8 11 19 27 38 41 49 57 67 79 86 98 109 117 125 
0 1 8 11 19 27 38 47 49 57 67 79 86 98 106 117 125 
0 1 8 11 19 27 38 49 57 67 79 86 98 106 109 117 125 
0 1 8 11 19 27 41 49 57 67 79 86 98 101 109 117 125 
0 1 8 16 19 26 33 40 46 48 51 68 75 86 101 108 119 122 
0 1 8 16 19 26 33 40 46 48 55 68 75 86 101 108 115 122 
0 1 8 16 19 26 33 40 46 51 54 68 75 86 101 108 111 122 
0 1 8 16 19 26 33 40 46 51 68 75 86 101 108 111 119 122 
0 1 8 16 19 26 33 40 46 54 61 68 75 86 101 108 115 122 
0 1 8 16 19 26 33 40 46 55 61 68 75 86 101 108 115 122 
0 1 8 16 19 26 33 40 48 55 58 68 75 86 96 101 108 115 
0 1 8 16 19 26 33 40 51 58 68 75 86 96 101 108 111 119 
0 1 8 16 19 26 33 40 55 58 61 68 75 86 96 101 108 115 
0 1 8 16 19 26 33 41 44 46 51 68 75 86 101 112 119 122 
0 1 8 16 19 26 33 41 44 51 58 68 75 86 96 101 112 119 
0 1 8 16 19 26 33 41 44 55 58 68 75 86 96 101 112 115 
0 1 8 16 19 26 33 41 46 48 51 68 75 86 101 108 119 122 
0 1 8 16 19 26 33 41 46 48 55 68 75 86 101 108 115 122 
0 1 8 16 19 26 33 41 48 55 58 68 75 86 96 101 108 115 
0 1 8 16 19 26 33 44 46 51 54 68 75 86 101 104 111 122 
0 1 8 16 19 26 33 44 46 51 68 75 86 101 104 111 119 122 
0 1 8 16 19 26 33 44 46 51 68 75 86 101 104 112 119 122 
0 1 8 16 19 26 33 44 46 54 61 68 75 86 101 104 115 122 
0 1 8 16 19 26 33 44 51 58 68 75 86 96 101 104 111 119 
0 1 8 16 19 26 33 44 51 58 68 75 86 96 101 104 112 119 
0 1 8 16 19 26 33 44 55 58 61 68 75 86 96 101 104 115 
0 1 8 16 19 26 33 44 55 58 68 75 86 96 101 104 112 115 
0 1 8 16 19 26 37 40 46 48 51 68 75 86 97 108 119 122 
0 1 8 16 19 26 37 40 46 51 54 68 75 86 97 108 111 122 
0 1 8 16 19 26 37 40 46 51 68 75 86 97 108 111 119 122 
0 1 8 16 19 26 37 40 46 54 61 68 75 86 97 108 115 122 
0 1 8 16 19 26 37 40 48 51 58 68 75 86 96 97 108 119 
0 1 8 16 19 26 37 40 51 58 68 75 86 96 97 108 111 119 
0 1 8 16 19 26 37 44 46 51 54 68 75 86 97 104 111 122 
0 1 8 16 19 26 37 44 46 51 68 75 86 97 104 111 119 122 
0 1 8 16 19 26 37 44 51 58 68 75 86 96 97 104 111 119 
0 1 8 16 19 26 37 44 51 58 68 75 86 96 97 104 112 119 
0 1 8 16 19 26 37 44 51 58 68 75 86 96 97 105 112 119 
0 1 8 16 19 26 37 44 51 58 68 75 86 96 98 105 112 119 
0 1 8 16 19 26 37 44 55 58 61 68 75 86 96 97 104 115 
0 1 8 16 19 26 37 44 55 58 68 75 86 96 97 104 112 115 
0 1 8 16 19 26 37 44 55 58 68 75 86 96 97 105 112 115 
0 1 8 16 19 26 37 44 55 58 68 75 86 96 98 105 112 115 
0 1 8 16 19 26 37 48 51 58 68 75 86 96 97 105 108 119 
0 1 8 16 19 26 37 48 51 58 68 75 86 96 98 105 108 119 
0 1 8 16 19 26 37 48 55 58 68 75 86 96 98 105 108 115 
0 1 8 16 19 26 38 46 47 54 68 75 86 98 106 114 122 
0 1 8 16 19 26 41 44 51 58 68 75 86 96 98 101 112 119 
0 1 8 16 19 27 37 44 51 58 68 75 86 96 98 105 112 119 
0 1 8 16 19 27 37 44 55 58 68 75 86 96 98 105 112 115 
0 1 8 16 19 27 37 48 55 58 68 75 86 96 98 105 108 115 
0 1 8 16 19 27 38 41 49 57 67 75 86 98 109 117 125 
0 1 8 16 19 27 38 41 49 57 68 75 86 98 109 117 125 
0 1 8 16 19 27 38 47 49 57 67 75 86 98 106 117 125 
0 1 8 16 19 27 38 47 49 57 68 75 86 98 106 117 125 
0 1 8 16 19 27 38 47 54 57 67 75 86 98 106 114 125 
0 1 8 16 19 27 38 47 57 67 75 86 98 106 114 117 125 
0 1 8 16 19 27 38 49 57 67 75 86 98 106 109 117 125 
0 1 8 16 23 26 33 40 46 48 55 68 75 82 101 108 115 122 
0 1 8 16 23 26 33 40 46 51 54 68 75 82 101 108 111 122 
0 1 8 16 23 26 33 40 46 51 68 75 82 101 108 111 119 122 
0 1 8 16 23 26 33 40 46 55 61 68 75 82 101 108 115 122 
0 1 8 16 23 26 33 41 44 46 55 68 75 82 101 112 115 122 
0 1 8 16 23 26 33 41 44 51 58 68 75 82 96 101 112 119 
0 1 8 16 23 26 33 41 44 55 58 68 75 82 96 101 112 115 
0 1 8 16 23 26 33 41 46 48 55 68 75 82 101 108 115 122 
0 1 8 16 23 26 33 41 48 55 58 68 75 82 96 101 108 115 
0 1 8 16 23 26 33 44 46 51 54 68 75 82 101 104 111 122 
0 1 8 16 23 26 33 44 46 55 68 75 82 101 104 112 115 122 
0 1 8 16 23 26 33 44 51 58 68 75 82 96 101 104 111 119 
0 1 8 16 23 26 33 44 51 58 68 75 82 96 101 104 112 119 
0 1 8 16 23 26 33 44 55 58 68 75 82 96 101 104 112 115 
0 1 8 16 23 26 37 40 46 51 54 68 75 82 97 108 111 122 
0 1 8 16 23 26 37 40 46 55 61 68 75 82 97 108 115 122 
0 1 8 16 23 26 37 40 51 58 68 75 82 96 97 108 111 119 
0 1 8 16 23 26 37 44 51 58 68 75 82 96 97 104 111 119 
0 1 8 16 23 26 37 44 51 58 68 75 82 96 97 104 112 119 
0 1 8 16 23 26 37 44 51 58 68 75 82 96 97 105 112 119 
0 1 8 16 23 26 37 44 55 58 68 75 82 96 97 104 112 115 
0 1 8 16 23 26 38 46 47 54 68 75 82 98 106 114 122 
0 1 8 16 23 26 41 44 51 58 68 75 82 96 98 101 112 119 
0 1 8 18 26 29 38 47 54 57 67 74 85 98 106 114 125 
0 1 8 18 26 29 38 47 54 67 74 85 98 106 114 122 125 
0 1 8 23 26 29 33 44 51 58 68 75 82 96 101 104 111 118 
0 1 8 23 26 29 33 44 51 58 68 75 82 96 101 104 112 119 
0 1 9 12 23 26 41 44 46 51 68 82 93 98 101 112 119 122 
0 3 10 14 18 26 33 40 48 56 70 77 85 101 108 116 124 
0 3 10 14 18 26 33 41 48 56 70 77 85 101 108 116 124 
0 3 10 14 18 26 37 40 48 56 70 77 85 97 108 116 124 
0 3 10 14 18 26 37 48 56 70 77 85 97 105 108 116 124 
0 3 10 18 26 33 41 44 52 60 70 77 85 94 101 112 120 
0 3 10 18 26 33 41 44 52 60 70 77 85 95 101 112 120 
0 3 10 18 26 33 41 48 56 70 77 85 95 101 108 116 124 
0 3 10 18 26 33 44 52 60 69 77 85 95 101 104 112 120 
0 3 10 18 26 37 44 52 60 69 77 85 95 97 104 112 120 
0 3 10 18 26 37 44 52 60 70 77 85 94 97 105 112 120 
0 3 10 18 26 37 44 52 60 70 77 85 95 97 105 112 120 
0 3 10 18 26 37 48 56 70 77 85 95 97 105 108 116 124 
0 3 11 14 18 26 33 41 48 56 70 77 85 101 109 116 124 
0 3 11 14 18 26 33 41 48 56 70 79 85 101 109 116 124 
0 3 11 14 18 26 37 45 48 56 70 77 85 97 105 116 124 
0 3 11 14 18 26 37 45 48 56 70 79 85 97 105 116 124 
0 3 11 14 18 26 37 45 56 70 79 85 97 105 113 116 124 
0 3 11 14 19 26 37 45 53 56 70 79 85 98 105 113 124 
0 3 11 18 26 37 44 52 60 70 77 85 95 97 105 112 120 
0 3 11 18 26 37 45 52 60 70 77 85 95 97 105 112 120 
