0 1 5 9 12 16 20 35 39 47 50 54 78 83 99 114 119 127 
0 1 5 9 15 25 30 34 45 49 54 58 68 73 77 88 98 109 113 118 
0 1 5 9 15 25 30 34 45 50 54 58 68 73 77 88 98 109 113 118 
0 1 5 9 15 25 30 34 49 54 58 68 73 77 88 98 102 109 113 117 
0 1 5 9 15 25 30 34 49 54 58 68 73 77 88 98 102 109 113 118 
0 1 5 9 15 25 34 45 49 54 58 62 68 73 77 88 98 109 113 118 
0 1 5 9 15 25 34 45 50 54 58 62 68 73 77 88 98 109 113 118 
0 1 5 9 16 25 34 40 45 49 58 68 77 84 88 100 109 113 118 124 
0 1 5 9 25 34 45 49 54 58 62 68 73 77 84 88 98 109 113 118 
0 1 5 9 25 34 45 50 54 58 62 68 73 77 84 88 98 109 113 118 
0 1 5 10 15 21 25 30 34 45 49 54 68 73 78 88 98 109 113 118 
0 1 5 10 15 21 25 30 34 45 50 54 68 73 78 88 98 109 113 118 
0 1 5 10 15 21 25 30 45 50 54 68 73 78 88 98 105 109 113 118 
0 1 5 10 15 21 25 34 45 49 54 62 68 73 78 88 98 109 113 118 
0 1 5 10 15 21 25 34 45 49 54 62 68 73 78 88 98 109 114 118 
0 1 5 10 15 21 25 45 50 54 62 68 73 78 88 98 105 109 113 118 
0 1 5 10 15 21 25 45 50 54 62 68 73 78 88 98 105 109 114 118 
0 1 5 10 15 25 30 34 45 49 54 68 73 77 78 88 98 109 113 118 
0 1 5 10 15 25 30 34 45 49 54 68 73 77 78 88 98 109 114 118 
0 1 5 10 15 25 30 34 45 50 54 68 73 77 78 88 98 109 113 118 
0 1 5 10 15 25 30 34 45 50 54 68 73 77 78 88 98 109 114 118 
0 1 5 10 15 25 34 45 49 54 62 68 73 77 78 88 98 109 113 118 
0 1 5 10 15 25 34 45 50 54 62 68 73 77 78 88 98 109 114 118 
0 1 5 10 16 21 25 34 40 45 49 56 68 78 84 88 100 109 118 124 
0 1 5 10 16 21 25 34 40 45 49 68 78 84 88 100 109 113 118 124 
0 1 5 10 16 21 25 34 41 45 49 56 68 78 84 88 100 109 118 124 
0 1 5 10 16 25 34 40 45 49 56 68 77 78 84 88 100 109 118 124 
0 1 5 10 16 25 34 40 45 49 58 68 77 84 88 100 109 113 118 124 
0 1 5 10 16 25 34 41 45 49 56 68 77 78 84 88 100 109 118 124 
0 1 5 10 21 26 41 45 50 54 62 68 73 78 84 89 105 109 114 118 
0 1 6 10 19 25 34 41 50 59 62 69 73 79 84 103 110 114 119 125 
0 1 6 10 19 26 34 41 50 59 62 69 73 79 84 103 110 114 118 125 
0 1 6 11 16 19 30 34 46 52 61 65 79 83 97 102 107 112 115 125 
0 1 6 11 16 21 30 34 46 52 57 65 83 88 97 102 107 112 117 125 
0 1 6 11 16 30 34 46 52 57 61 65 79 83 88 97 102 107 112 125 
0 1 6 11 19 30 34 42 46 52 61 65 73 79 83 97 102 107 115 125 
0 1 6 11 19 34 42 46 52 55 61 65 73 79 83 86 97 102 107 115 
0 1 6 11 21 30 34 42 46 52 57 65 73 83 88 97 102 107 117 125 
0 2 10 18 26 34 42 50 58 69 77 85 96 102 110 118 
0 3 8 13 21 26 44 46 49 54 75 80 85 95 99 104 109 117 122 127 
0 4 11 14 19 26 29 34 41 45 49 60 62 79 94 109 113 124 
0 4 11 14 19 26 29 34 45 49 60 62 79 94 98 109 113 124 
0 4 11 14 19 29 34 45 49 60 62 79 82 94 98 109 113 124 
0 4 14 19 29 34 38 49 53 62 67 79 82 94 98 102 113 117 
