0 1 5 9 17 22 26 34 41 57 65 72 76 81 88 97 102 113 125 
0 1 5 9 17 22 26 34 41 57 72 76 78 81 88 97 102 113 125 
0 1 5 10 17 22 26 34 39 44 60 63 65 72 76 81 86 102 116 125 
0 1 5 10 17 22 26 34 39 44 60 63 67 72 76 81 102 111 116 125 
0 1 5 10 17 22 26 34 39 44 60 63 72 76 81 86 102 111 116 125 
0 1 5 10 17 22 26 34 39 60 63 67 72 76 81 88 102 111 116 125 
0 1 5 10 17 22 26 34 41 57 65 72 76 81 88 97 102 113 125 
0 1 5 10 17 22 26 34 41 57 65 72 76 81 88 97 102 114 125 
0 1 5 10 17 22 26 34 41 57 72 76 78 81 88 97 102 113 125 
0 1 5 10 17 22 26 34 41 58 65 72 76 81 88 97 102 113 125 
0 1 5 10 17 22 26 34 41 58 65 72 76 81 88 98 102 114 125 
0 1 5 10 17 22 26 39 44 53 60 63 65 72 76 81 86 102 116 125 
0 1 5 10 17 22 26 39 44 53 60 63 65 72 77 81 86 102 116 125 
0 1 5 10 17 22 26 39 44 53 60 63 67 72 76 81 102 111 116 125 
0 1 5 10 17 22 26 39 44 53 60 63 67 72 77 81 102 111 116 125 
0 1 5 10 17 22 26 41 53 57 65 72 76 81 88 97 102 113 125 
0 1 5 10 17 22 26 41 53 57 65 72 76 81 88 97 102 114 125 
0 1 5 10 17 22 26 41 53 57 65 72 77 81 88 97 102 113 125 
0 1 5 10 17 22 26 41 53 57 65 72 77 81 88 97 102 114 125 
0 1 5 10 17 22 26 41 53 57 72 76 78 81 88 97 102 113 125 
0 1 5 10 17 22 26 41 53 57 72 77 78 81 88 97 102 113 125 
0 1 5 10 17 22 26 41 53 58 65 72 76 81 88 97 102 113 125 
0 1 5 10 17 22 26 41 53 58 65 72 76 81 88 97 102 114 125 
0 1 5 10 17 22 26 41 53 58 65 72 77 81 88 97 102 113 125 
0 1 5 10 17 22 26 41 53 58 72 76 78 81 88 97 102 113 125 
0 1 5 10 17 22 26 41 53 58 72 77 78 81 88 97 102 113 125 
0 1 5 10 17 22 26 42 53 58 65 72 76 81 88 97 102 113 125 
0 1 5 10 17 22 37 41 53 58 65 72 76 88 97 102 109 113 125 
0 1 5 10 17 22 37 41 53 58 65 72 76 88 97 102 109 114 125 
0 1 5 10 17 22 37 41 53 58 65 72 76 88 98 102 109 114 125 
0 1 5 10 17 22 37 41 53 58 65 72 77 88 96 97 102 109 113 
0 1 5 10 17 22 37 41 53 58 65 72 77 88 96 97 102 109 114 
0 1 5 10 17 22 37 41 53 58 65 72 77 88 96 97 109 113 121 
0 1 5 10 17 22 37 41 53 58 65 72 77 88 96 97 109 114 121 
0 1 5 10 17 22 37 41 53 58 65 72 77 88 96 98 102 109 114 
0 1 5 10 17 22 37 41 53 58 65 72 77 88 96 98 109 114 121 
0 1 5 10 17 22 37 41 53 58 65 72 77 88 97 102 109 113 125 
0 1 5 10 17 22 37 41 53 58 65 72 77 88 97 102 109 114 125 
0 1 5 10 17 22 37 41 53 58 65 72 77 88 97 109 113 121 125 
0 1 5 10 17 22 37 41 53 58 65 72 77 88 97 109 114 121 125 
0 1 5 10 17 22 37 41 53 58 65 72 77 88 98 102 109 114 125 
0 1 5 10 17 22 37 41 53 58 65 72 77 88 98 109 114 121 125 
0 1 5 10 17 22 37 42 53 58 65 72 76 88 97 102 109 113 125 
0 1 5 10 17 22 37 42 53 58 65 72 76 88 97 102 109 114 125 
0 1 5 10 17 22 37 42 53 58 65 72 76 88 98 102 109 114 125 
0 1 5 10 17 22 37 42 53 58 65 72 76 89 97 102 109 114 125 
0 1 5 10 17 22 37 42 53 58 65 72 76 89 98 102 109 114 125 
0 1 5 10 17 22 37 42 53 58 65 72 77 88 96 97 102 109 113 
0 1 5 10 17 22 37 42 53 58 65 72 77 88 96 97 102 109 114 
0 1 5 10 17 22 37 42 53 58 65 72 77 88 96 97 109 113 121 
0 1 5 10 17 22 37 42 53 58 65 72 77 88 96 97 109 114 121 
0 1 5 10 17 22 37 42 53 58 65 72 77 88 96 98 102 109 114 
0 1 5 10 17 22 37 42 53 58 65 72 77 88 97 102 109 113 125 
0 1 5 10 17 22 37 42 53 58 65 72 77 88 97 102 109 114 125 
0 1 5 10 17 22 37 42 53 58 65 72 77 88 97 109 113 121 125 
0 1 5 10 17 22 37 42 53 58 65 72 77 88 97 109 114 121 125 
0 1 5 10 17 22 37 42 53 58 65 72 77 88 98 102 109 114 125 
0 1 5 10 17 22 37 42 53 58 65 72 77 88 98 109 114 121 125 
0 1 5 10 17 22 37 42 53 58 65 72 77 89 96 97 102 109 114 
0 1 5 10 17 22 37 42 53 58 65 72 77 89 96 98 102 109 114 
0 1 5 10 17 22 37 42 53 58 65 72 77 89 97 102 109 114 125 
0 1 5 10 17 22 37 42 53 58 65 72 77 89 97 109 114 121 125 
0 1 5 10 17 22 37 42 53 58 65 72 77 89 98 102 109 114 125 
0 1 5 10 17 22 37 42 53 58 65 72 77 89 98 109 114 121 125 
0 1 5 10 17 22 39 44 53 60 63 65 72 76 81 86 102 109 116 125 
0 1 5 10 17 22 39 44 53 60 63 65 72 77 81 86 102 109 116 125 
0 1 5 10 17 22 41 53 57 65 72 77 81 88 97 102 109 113 125 
0 1 5 10 17 22 41 53 57 65 72 77 81 88 97 102 109 114 125 
0 1 5 10 17 22 41 53 58 65 72 77 81 88 97 102 109 113 125 
0 1 5 10 17 22 41 53 58 65 72 77 81 88 97 102 109 114 125 
0 1 5 10 17 22 41 53 58 65 72 77 81 88 98 102 109 114 125 
0 1 5 10 17 22 42 53 58 65 72 76 81 89 97 102 109 114 125 
0 1 5 10 17 22 42 53 58 65 72 76 81 89 98 102 109 114 125 
0 1 5 10 22 26 29 39 44 53 63 72 77 81 86 100 111 116 121 125 
0 1 5 10 22 26 39 44 53 60 63 72 77 81 86 100 111 116 121 125 
0 1 5 10 22 29 37 44 53 58 63 65 72 77 86 96 100 109 116 121 
0 1 5 12 17 22 28 36 41 53 67 72 76 83 88 97 102 108 125 
0 1 5 12 17 22 28 36 41 53 67 72 76 83 88 97 102 109 125 
0 1 5 12 17 22 28 36 41 53 67 72 77 83 88 97 102 109 125 
0 1 5 12 17 22 28 36 41 53 67 72 77 83 88 97 109 121 125 
0 1 5 12 17 22 28 36 41 53 72 76 83 88 97 102 109 113 125 
0 1 5 12 17 22 28 36 41 53 72 77 83 88 97 102 109 113 125 
0 1 5 12 17 22 28 36 41 53 72 77 83 88 97 109 113 121 125 
0 1 5 12 17 22 28 36 44 53 60 67 72 76 83 102 108 116 125 
0 1 5 12 17 22 28 36 44 53 60 67 72 76 83 102 109 116 125 
0 1 5 12 17 22 28 36 44 53 60 67 72 77 83 102 109 116 125 
0 1 5 12 17 22 28 36 44 53 60 67 72 77 83 109 116 121 125 
0 1 5 12 17 22 28 36 53 60 67 72 76 83 88 97 102 108 125 
0 1 5 12 17 22 28 36 53 60 67 72 76 83 88 97 102 109 125 
0 1 5 12 17 22 28 36 53 60 67 72 76 83 88 102 109 116 125 
0 1 5 12 17 22 28 36 53 60 67 72 77 83 88 97 102 109 125 
0 1 5 12 17 22 28 36 53 60 67 72 77 83 88 102 109 116 125 
0 1 5 12 17 22 28 37 41 53 67 72 76 83 88 97 102 108 125 
0 1 5 12 17 22 28 37 41 53 67 72 76 83 88 97 102 109 125 
0 1 5 12 17 22 28 37 41 53 67 72 77 83 88 97 102 109 125 
0 1 5 12 17 22 28 37 41 53 72 76 83 88 97 102 108 113 125 
0 1 5 12 17 22 28 37 41 53 72 76 83 88 97 102 109 113 125 
0 1 5 12 17 22 28 37 41 53 72 77 83 88 97 109 113 121 125 
0 1 5 12 17 22 28 37 44 53 60 67 72 76 83 102 108 116 125 
0 1 5 12 17 22 28 37 44 53 60 67 72 76 83 102 109 116 125 
0 1 5 12 17 22 28 37 44 53 60 67 72 76 84 102 109 116 125 
0 1 5 12 17 22 28 37 44 53 60 67 72 77 83 102 109 116 125 
0 1 5 12 17 22 28 37 44 53 60 67 72 77 84 102 109 116 125 
0 1 5 12 17 22 28 37 44 53 60 67 72 77 84 109 116 121 125 
0 1 5 12 17 22 28 37 53 60 67 72 76 83 88 97 102 108 125 
0 1 5 12 17 22 28 37 53 60 67 72 76 83 88 97 102 109 125 
0 1 5 12 17 22 28 37 53 60 67 72 76 83 88 102 108 116 125 
0 1 5 12 17 22 28 37 53 60 67 72 76 83 88 102 109 116 125 
0 1 5 12 17 22 28 37 53 60 67 72 76 84 88 97 102 109 125 
0 1 5 12 17 22 28 37 53 60 67 72 76 84 88 102 109 116 125 
0 1 5 12 17 22 28 37 53 60 67 72 77 83 88 97 102 109 125 
0 1 5 12 17 22 28 37 53 60 67 72 77 83 88 102 109 116 125 
0 1 5 12 17 22 28 37 53 60 67 72 77 84 88 97 102 109 125 
0 1 5 12 17 22 28 37 53 60 67 72 77 84 88 97 109 121 125 
0 1 5 12 17 22 28 37 53 60 67 72 77 84 88 102 109 116 125 
0 1 5 12 17 22 28 37 53 60 67 72 77 84 88 109 116 121 125 
0 1 5 12 17 22 30 36 41 53 67 72 77 83 88 97 102 109 125 
0 1 5 12 17 22 30 36 44 53 60 67 72 76 83 102 109 116 125 
0 1 5 12 17 22 30 36 44 53 60 67 72 77 83 102 109 116 125 
0 1 5 12 17 22 30 36 53 60 67 72 77 83 88 97 102 109 125 
0 1 5 12 17 22 30 36 53 60 67 72 77 83 88 102 109 116 125 
0 1 5 12 17 22 30 37 41 53 67 72 76 83 88 97 102 109 125 
0 1 5 12 17 22 30 37 44 53 60 67 72 76 83 102 109 116 125 
0 1 5 12 17 22 30 37 44 53 60 67 72 76 84 102 109 116 125 
0 1 5 12 17 22 30 37 44 53 60 67 72 77 83 96 102 109 116 
0 1 5 12 17 22 30 37 44 53 60 67 72 77 83 96 109 116 121 
0 1 5 12 17 22 30 37 44 53 60 67 72 77 83 102 109 116 125 
0 1 5 12 17 22 30 37 44 53 60 67 72 77 84 96 102 109 116 
0 1 5 12 17 22 30 37 44 53 60 67 72 77 84 96 109 116 121 
0 1 5 12 17 22 30 37 44 53 60 67 72 77 84 102 109 116 125 
0 1 5 12 17 22 30 37 44 53 60 67 72 77 84 109 116 121 125 
0 1 5 12 17 22 30 37 44 53 60 68 72 76 84 102 109 116 125 
0 1 5 12 17 22 30 37 44 53 60 68 72 77 84 96 102 109 116 
0 1 5 12 17 22 30 37 44 53 60 68 72 77 84 96 109 116 121 
0 1 5 12 17 22 30 37 44 53 60 68 72 77 84 102 109 116 125 
0 1 5 12 17 22 30 37 44 53 60 68 72 77 84 109 116 121 125 
0 1 5 12 17 22 30 37 53 60 67 72 76 83 88 97 102 109 125 
0 1 5 12 17 22 30 37 53 60 67 72 76 84 88 97 102 109 125 
0 1 5 12 17 22 30 37 53 60 67 72 76 84 88 102 109 116 125 
0 1 5 12 17 22 30 37 53 60 67 72 77 83 88 96 102 109 116 
0 1 5 12 17 22 30 37 53 60 67 72 77 83 88 96 109 116 121 
0 1 5 12 17 22 30 37 53 60 67 72 77 83 88 97 102 109 125 
0 1 5 12 17 22 30 37 53 60 67 72 77 83 88 102 109 116 125 
0 1 5 12 17 22 30 37 53 60 67 72 77 84 88 102 109 116 125 
0 1 5 12 22 30 37 44 53 60 67 72 77 83 96 100 109 116 121 
0 1 5 12 22 30 37 44 53 60 67 72 77 84 96 100 109 116 121 
0 1 5 12 22 30 37 44 53 60 68 72 77 84 100 109 116 121 125 
0 1 5 13 17 22 30 37 44 53 60 67 72 76 84 102 109 116 125 
0 1 5 13 17 22 30 37 44 53 60 67 72 77 83 96 102 109 116 
0 1 5 13 17 22 30 37 44 53 60 67 72 77 83 96 109 116 121 
0 1 5 13 17 22 30 37 44 53 60 67 72 77 83 102 109 116 125 
0 1 5 13 17 22 30 37 44 53 60 67 72 77 84 96 109 116 121 
0 1 5 13 17 22 30 37 44 53 60 67 72 77 84 102 109 116 125 
0 1 5 13 17 22 30 37 44 53 60 68 72 76 84 102 109 116 125 
0 1 5 13 17 22 30 37 44 53 60 68 72 77 84 109 116 121 125 
0 1 5 13 17 22 30 37 53 60 67 72 77 83 88 96 109 116 121 
0 1 5 13 22 30 32 37 44 53 67 72 77 84 96 100 109 116 121 
0 1 5 13 22 30 37 44 53 60 67 72 77 83 96 100 109 116 121 
0 1 5 13 22 30 37 44 53 60 67 72 77 84 96 100 109 116 121 
0 1 5 17 22 28 36 41 53 57 72 76 78 88 97 102 108 113 125 
0 1 6 11 17 22 27 35 42 58 65 72 77 82 88 97 102 107 114 
0 1 6 11 17 22 27 35 42 58 65 72 77 82 88 97 107 114 121 
0 1 6 11 17 22 27 35 42 58 65 72 77 82 88 98 107 114 121 
0 1 6 12 17 22 28 37 44 53 60 67 72 77 83 102 109 116 125 
0 1 6 12 17 22 28 37 44 53 60 67 72 77 84 102 109 116 125 
0 1 6 12 17 22 30 37 44 53 60 67 72 77 83 96 102 109 116 
0 1 6 12 17 22 30 37 44 53 60 67 72 77 83 102 109 116 125 
0 1 6 12 17 22 30 37 44 53 60 67 72 77 84 102 109 116 125 
0 6 15 22 38 46 47 54 62 69 77 85 96 102 110 118 
