0 1 5 10 16 21 25 34 38 45 49 54 60 64 66 77 82 100 115 
0 1 5 10 16 21 25 34 38 45 49 54 64 66 77 82 86 100 115 
0 1 5 10 16 21 25 34 38 45 49 54 64 66 77 82 86 100 116 
0 1 5 10 16 21 25 34 39 45 49 54 64 66 77 82 86 100 116 
0 1 5 10 16 21 34 39 45 49 54 64 66 77 82 86 95 100 116 
0 1 5 10 16 21 34 39 45 50 54 64 66 77 82 86 95 100 116 
0 1 5 10 17 21 25 34 38 45 49 54 64 66 77 82 86 100 116 
0 1 5 10 17 21 25 34 38 49 54 64 66 71 77 82 86 100 116 
0 1 5 10 17 21 25 34 39 45 49 54 59 67 77 82 86 100 116 
0 1 5 10 17 21 25 34 39 45 49 54 64 66 77 82 86 100 116 
0 1 5 10 17 21 25 34 39 45 49 54 64 67 77 82 86 100 116 
0 1 5 10 17 21 25 34 39 49 54 59 67 71 77 82 86 100 116 
0 1 5 10 17 21 25 34 39 49 54 64 66 71 77 82 86 100 116 
0 1 5 10 17 21 25 34 39 49 54 64 67 71 77 82 86 100 116 
0 1 5 10 17 21 34 39 45 49 54 59 67 77 82 86 95 100 116 
0 1 5 10 17 21 34 39 45 49 54 64 66 77 82 86 95 100 116 
0 1 5 10 17 21 34 39 45 49 54 64 67 77 82 86 95 100 116 
0 1 5 10 17 21 34 39 45 50 54 59 67 77 82 86 95 100 116 
0 1 5 10 17 21 34 39 45 50 54 64 66 77 82 86 95 100 116 
0 1 5 10 17 21 34 39 45 50 54 64 67 77 82 86 95 100 116 
0 1 5 10 17 21 34 39 49 54 59 67 71 77 82 86 95 100 116 
0 1 5 10 17 21 34 39 49 54 64 66 71 77 82 86 95 100 116 
0 1 5 10 17 21 34 39 49 54 64 67 71 77 82 86 95 100 116 
0 1 5 10 17 21 34 39 50 54 59 67 71 77 82 86 95 100 116 
0 1 5 10 17 21 34 39 50 54 59 67 71 77 82 86 95 101 116 
0 1 5 10 17 21 34 39 50 54 59 67 71 77 82 87 95 101 116 
0 1 5 10 17 21 34 39 50 54 64 66 71 77 82 86 95 100 116 
0 1 5 10 17 21 34 39 50 54 64 66 71 77 82 86 95 101 116 
0 1 5 10 17 21 34 39 50 54 64 67 71 77 82 86 95 100 116 
0 1 5 10 17 21 34 39 50 54 64 67 71 77 82 86 95 101 116 
0 1 5 10 21 25 34 45 49 54 64 67 77 78 82 86 100 115 118 
0 1 5 11 16 21 27 34 40 45 49 60 63 77 81 96 100 111 115 
0 1 5 11 16 21 27 34 45 49 60 63 65 77 81 96 100 111 115 
0 1 5 11 16 21 27 34 45 49 60 63 66 77 81 96 100 111 115 
0 1 5 11 16 21 27 34 45 49 60 64 66 77 81 96 100 111 115 
0 1 5 11 16 21 34 45 49 53 60 63 65 77 81 96 100 111 115 
0 1 5 12 16 21 27 32 34 45 49 64 66 77 81 95 100 111 116 
0 1 5 12 16 21 27 32 34 45 49 64 66 77 81 96 100 111 116 
0 1 5 12 16 21 27 32 34 45 50 64 66 73 77 81 95 111 116 
0 1 5 12 16 21 27 32 34 45 50 64 66 77 81 95 100 111 116 
0 1 5 12 16 21 27 32 34 45 50 64 66 77 81 95 101 111 116 
0 1 5 12 16 21 27 34 45 49 60 63 66 77 81 95 100 111 115 
0 1 5 12 16 21 27 34 45 49 60 63 66 77 81 95 100 111 116 
0 1 5 12 16 21 27 34 45 49 60 63 66 77 81 96 100 111 115 
0 1 5 12 16 21 27 34 45 49 60 63 66 77 81 96 100 111 116 
0 1 5 12 16 21 27 34 45 49 60 64 66 77 81 95 100 111 115 
0 1 5 12 16 21 27 34 45 49 60 64 66 77 81 95 100 111 116 
0 1 5 12 16 21 27 34 45 49 60 64 66 77 81 96 100 111 115 
0 1 5 12 16 21 27 34 45 49 60 64 66 77 81 96 100 111 116 
0 1 5 12 16 21 27 34 45 49 64 66 77 81 86 95 100 111 116 
0 1 5 12 16 21 27 34 45 49 64 66 77 81 86 96 100 111 116 
0 1 5 12 16 21 27 34 45 50 60 63 66 77 81 95 100 111 115 
0 1 5 12 16 21 27 34 45 50 60 63 66 77 81 95 100 111 116 
0 1 5 12 16 21 27 34 45 50 60 64 66 77 81 95 100 111 115 
0 1 5 12 16 21 27 34 45 50 60 64 66 77 81 95 100 111 116 
0 1 5 12 16 21 27 34 45 50 64 66 77 81 86 95 100 111 116 
0 1 5 12 16 21 32 34 45 49 54 64 66 77 81 95 100 111 116 
0 1 5 12 16 21 32 34 45 49 54 64 66 77 82 95 100 111 116 
0 1 5 12 16 21 32 34 45 49 54 64 66 77 82 95 100 112 116 
0 1 5 12 16 21 32 34 45 50 54 64 66 73 77 81 95 111 116 
0 1 5 12 16 21 32 34 45 50 54 64 66 73 77 82 95 111 116 
0 1 5 12 16 21 32 34 45 50 54 64 66 73 77 82 95 112 116 
0 1 5 12 16 21 32 34 45 50 54 64 66 77 81 95 100 111 116 
0 1 5 12 16 21 32 34 45 50 54 64 66 77 81 95 101 111 116 
0 1 5 12 16 21 32 34 45 50 54 64 66 77 82 95 100 111 116 
0 1 5 12 16 21 32 34 45 50 54 64 66 77 82 95 101 111 116 
0 1 5 12 16 21 32 34 45 50 54 64 66 77 82 95 101 112 116 
0 1 5 12 16 21 34 45 49 54 60 63 66 77 81 95 100 111 116 
0 1 5 12 16 21 34 45 49 54 60 64 66 77 81 95 100 111 116 
0 1 5 12 16 21 34 45 49 54 60 64 66 77 82 95 100 111 116 
0 1 5 12 16 21 34 45 49 54 64 66 77 81 86 95 100 111 116 
0 1 5 12 16 21 34 45 49 54 64 66 77 82 86 95 100 111 116 
0 1 5 12 16 21 34 45 50 54 60 63 66 77 81 95 100 111 116 
0 1 5 12 16 21 34 45 50 54 60 64 66 77 81 95 100 111 116 
0 1 5 12 16 21 34 45 50 54 60 64 66 77 82 95 100 111 116 
0 1 5 12 16 21 34 45 50 54 64 66 77 81 86 95 100 111 116 
0 1 5 12 17 21 27 32 34 45 49 64 66 77 81 95 100 111 116 
0 1 5 12 17 21 27 32 34 45 49 64 66 77 81 96 100 111 116 
0 1 5 12 17 21 27 32 34 45 50 64 66 73 77 81 95 111 116 
0 1 5 12 17 21 27 32 34 45 50 64 66 77 81 95 100 111 116 
0 1 5 12 17 21 27 32 34 45 50 64 66 77 81 95 101 111 116 
0 1 5 12 17 21 27 32 34 50 64 66 71 77 81 95 101 111 116 
0 1 5 12 17 21 27 34 45 49 60 63 66 77 81 95 100 111 116 
0 1 5 12 17 21 27 34 45 49 60 63 66 77 81 96 100 111 116 
0 1 5 12 17 21 27 34 45 49 60 64 66 77 81 95 100 111 116 
0 1 5 12 17 21 27 34 45 49 60 64 66 77 81 96 100 111 116 
0 1 5 12 17 21 27 34 45 49 64 66 77 81 86 95 100 111 116 
0 1 5 12 17 21 27 34 45 49 64 66 77 81 86 96 100 111 116 
0 1 5 12 17 21 27 34 45 50 60 63 66 77 81 95 100 111 116 
0 1 5 12 17 21 27 34 45 50 60 64 66 77 81 95 100 111 116 
0 1 5 12 17 21 27 34 45 50 64 66 77 81 86 95 100 111 116 
0 1 5 12 17 21 27 34 49 64 66 71 77 81 86 95 100 111 116 
0 1 5 12 17 21 27 34 49 64 66 71 77 81 86 96 100 111 116 
0 1 5 12 17 21 32 34 45 49 54 64 66 77 81 95 100 111 116 
0 1 5 12 17 21 32 34 45 49 54 64 66 77 82 95 100 111 116 
0 1 5 12 17 21 32 34 45 50 54 64 66 73 77 81 95 111 116 
0 1 5 12 17 21 32 34 45 50 54 64 66 73 77 82 95 111 116 
0 1 5 12 17 21 32 34 45 50 54 64 66 73 77 82 95 112 116 
0 1 5 12 17 21 32 34 45 50 54 64 66 77 81 95 101 111 116 
0 1 5 12 17 21 32 34 45 50 54 64 66 77 82 95 101 111 116 
0 1 5 12 17 21 32 34 45 50 54 64 66 77 82 95 101 112 116 
0 1 5 12 17 21 32 34 47 50 54 64 66 77 81 95 101 111 116 
0 1 5 12 17 21 32 34 47 50 54 64 66 77 82 95 101 111 116 
0 1 5 12 17 21 32 34 47 50 54 64 66 77 82 95 101 112 116 
0 1 5 12 17 21 32 34 50 54 64 66 71 77 81 95 101 111 116 
0 1 5 12 17 21 32 34 50 54 64 66 71 77 82 95 101 111 116 
0 1 5 12 17 21 32 34 50 54 64 66 71 77 82 95 101 112 116 
0 1 5 12 17 21 34 45 49 54 60 63 66 77 81 95 100 111 116 
0 1 5 12 17 21 34 45 49 54 60 64 66 77 81 95 100 111 116 
0 1 5 12 17 21 34 45 49 54 60 64 66 77 82 95 100 111 116 
0 1 5 12 17 21 34 45 49 54 64 66 77 81 86 95 100 111 116 
0 1 5 12 17 21 34 45 50 54 60 63 66 77 81 95 100 111 116 
0 1 5 12 17 21 34 45 50 54 60 64 66 77 81 95 100 111 116 
0 1 5 12 17 21 34 45 50 54 60 64 66 77 82 95 100 111 116 
0 1 5 16 21 25 34 38 45 49 54 60 63 66 77 81 100 111 115 
0 1 5 16 21 25 34 38 45 49 54 60 64 66 77 81 100 111 115 
0 1 5 16 21 25 34 38 45 49 54 60 64 66 77 82 100 111 115 
0 1 5 16 21 27 34 38 45 49 60 63 66 77 81 96 100 111 115 
0 1 5 16 21 27 34 38 45 49 60 64 66 77 81 96 100 111 115 
0 1 5 16 21 32 34 39 45 50 54 64 66 77 82 95 101 112 116 
0 1 5 16 21 34 38 45 49 54 60 63 66 77 81 96 100 111 115 
0 1 5 16 21 34 38 45 49 54 60 64 66 77 81 96 100 111 115 
0 1 6 10 16 21 25 34 38 45 49 54 60 64 66 77 82 100 115 
0 1 6 10 16 21 25 34 38 45 49 54 60 64 66 82 100 105 115 
0 1 6 10 16 21 25 34 38 45 49 54 64 66 77 82 86 100 115 
0 1 6 10 16 21 25 34 38 45 49 54 64 66 77 82 86 100 116 
0 1 6 10 16 21 25 34 38 45 49 54 64 66 82 86 100 105 115 
0 1 6 10 16 21 25 34 38 45 49 54 64 66 82 86 100 105 116 
0 1 6 10 16 21 25 34 38 45 54 60 64 66 75 82 100 105 115 
0 1 6 10 16 21 25 34 38 45 54 64 66 75 82 86 100 105 115 
0 1 6 10 16 21 25 34 38 45 54 64 66 75 82 86 100 105 116 
0 1 6 10 16 21 25 34 39 45 49 54 64 66 77 82 86 100 116 
0 1 6 10 16 21 25 34 39 45 54 64 66 75 82 86 100 105 116 
0 1 6 10 16 21 25 38 45 54 60 64 66 75 82 100 105 115 125 
0 1 6 10 16 21 25 38 45 54 64 66 75 82 86 100 105 115 125 
0 1 6 10 16 21 25 38 45 54 64 66 75 82 86 100 105 116 125 
0 1 6 10 16 21 25 39 45 54 64 66 75 82 86 100 105 116 125 
0 1 6 10 16 21 26 34 39 45 50 54 64 66 82 86 100 105 116 
0 1 6 10 16 21 26 39 45 50 54 64 66 82 86 100 105 116 125 
0 1 6 10 16 21 26 39 45 54 64 66 75 82 86 100 105 116 125 
0 1 6 10 16 21 34 39 45 49 54 64 66 77 82 86 95 100 116 
0 1 6 10 16 21 34 39 45 50 54 64 66 77 82 86 95 100 116 
0 1 6 10 16 21 34 39 45 50 54 64 66 82 86 95 100 105 116 
0 1 6 10 17 21 25 34 38 45 49 54 64 66 77 82 86 100 116 
0 1 6 10 17 21 25 34 38 45 54 64 66 75 82 86 100 105 116 
0 1 6 10 17 21 25 34 38 49 54 64 66 71 77 82 86 100 116 
0 1 6 10 17 21 25 34 38 49 54 64 66 71 82 86 100 105 116 
0 1 6 10 17 21 25 34 38 54 64 66 71 75 82 86 100 105 116 
0 1 6 10 17 21 25 34 39 45 54 59 67 75 82 86 100 105 116 
0 1 6 10 17 21 25 34 39 45 54 64 66 75 82 86 100 105 116 
0 1 6 10 17 21 25 34 39 45 54 64 67 75 82 86 100 105 116 
0 1 6 10 17 21 25 34 39 49 54 59 67 71 77 82 86 100 116 
0 1 6 10 17 21 25 34 39 49 54 59 67 71 82 86 100 105 116 
0 1 6 10 17 21 25 34 39 49 54 64 66 71 77 82 86 100 116 
0 1 6 10 17 21 25 34 39 49 54 64 66 71 82 86 100 105 116 
0 1 6 10 17 21 25 34 39 49 54 64 67 71 77 82 86 100 116 
0 1 6 10 17 21 25 34 39 49 54 64 67 71 82 86 100 105 116 
0 1 6 10 17 21 25 34 39 54 59 67 71 75 82 86 100 105 116 
0 1 6 10 17 21 25 34 39 54 64 66 71 75 82 86 100 105 116 
0 1 6 10 17 21 25 38 45 54 64 66 75 82 86 100 105 116 125 
0 1 6 10 17 21 25 39 45 54 59 67 75 82 86 100 105 116 125 
0 1 6 10 17 21 25 39 45 54 64 66 75 82 86 100 105 116 125 
0 1 6 10 17 21 25 39 54 59 67 71 75 82 86 100 105 116 125 
0 1 6 10 17 21 26 34 39 45 50 54 59 67 82 86 100 105 116 
0 1 6 10 17 21 26 34 39 45 50 54 64 66 82 86 100 105 116 
0 1 6 10 17 21 26 34 39 45 50 54 64 67 82 86 100 105 116 
0 1 6 10 17 21 26 34 39 45 50 55 59 67 82 86 100 105 116 
0 1 6 10 17 21 26 34 39 45 50 55 64 67 82 86 100 105 116 
0 1 6 10 17 21 26 34 39 50 54 59 67 71 82 86 100 105 116 
0 1 6 10 17 21 26 34 39 50 54 59 67 71 82 86 101 105 116 
0 1 6 10 17 21 26 34 39 50 54 64 66 71 82 86 100 105 116 
0 1 6 10 17 21 26 34 39 50 54 64 66 71 82 86 101 105 116 
0 1 6 10 17 21 26 34 39 50 54 64 67 71 82 86 100 105 116 
0 1 6 10 17 21 26 34 39 50 54 64 67 71 82 86 101 105 116 
0 1 6 10 17 21 26 34 39 50 55 59 67 71 82 86 100 105 116 
0 1 6 10 17 21 26 34 39 50 55 59 67 71 82 86 101 105 116 
0 1 6 10 17 21 26 34 39 50 55 64 67 71 82 86 100 105 116 
0 1 6 10 17 21 26 34 39 50 55 64 67 71 82 86 101 105 116 
0 1 6 10 17 21 26 39 45 50 54 59 67 82 86 100 105 116 125 
0 1 6 10 17 21 26 39 45 50 54 64 66 82 86 100 105 116 125 
0 1 6 10 17 21 26 39 45 50 54 64 67 82 86 100 105 116 125 
0 1 6 10 17 21 26 39 45 50 55 59 67 82 86 100 105 116 125 
0 1 6 10 17 21 26 39 45 50 55 59 67 86 100 105 110 116 125 
0 1 6 10 17 21 26 39 45 50 55 64 67 79 82 86 100 116 125 
0 1 6 10 17 21 26 39 45 50 55 64 67 79 86 100 110 116 125 
0 1 6 10 17 21 26 39 45 50 55 64 67 82 86 100 105 116 125 
0 1 6 10 17 21 26 39 45 54 59 67 75 82 86 100 105 116 125 
0 1 6 10 17 21 26 39 45 55 59 67 75 79 82 86 100 116 125 
0 1 6 10 17 21 26 39 45 55 59 67 75 79 86 100 110 116 125 
0 1 6 10 17 21 26 39 45 55 59 67 75 82 86 100 105 116 125 
0 1 6 10 17 21 26 39 45 55 64 67 75 79 82 86 100 116 125 
0 1 6 10 17 21 26 39 50 54 59 67 71 82 86 100 105 116 125 
0 1 6 10 17 21 26 39 50 54 59 67 71 82 86 101 105 116 125 
0 1 6 10 17 21 26 39 50 54 59 67 71 82 87 101 105 116 125 
0 1 6 10 17 21 26 39 50 54 64 66 71 82 86 100 105 116 125 
0 1 6 10 17 21 26 39 50 54 64 67 71 82 86 100 105 116 125 
0 1 6 10 17 21 26 39 50 55 59 67 71 82 86 100 105 116 125 
0 1 6 10 17 21 26 39 50 55 64 67 71 79 82 86 100 116 125 
0 1 6 10 17 21 26 39 50 55 64 67 71 79 82 86 101 116 125 
0 1 6 10 17 21 26 39 55 59 67 71 75 79 82 86 100 116 125 
0 1 6 10 17 21 34 39 45 50 54 59 67 82 86 95 100 105 116 
0 1 6 10 17 21 34 39 45 50 54 64 66 82 86 95 100 105 116 
0 1 6 10 17 21 34 39 45 50 54 64 67 82 86 95 100 105 116 
0 1 6 10 17 21 34 39 50 54 64 66 71 82 86 95 100 105 116 
0 1 6 10 17 21 34 39 50 54 64 66 71 82 86 95 101 105 116 
0 1 6 10 17 21 34 39 50 54 64 67 71 82 86 95 100 105 116 
0 1 6 10 21 25 34 45 49 54 64 67 77 78 82 86 100 115 118 
0 1 6 11 16 21 26 35 40 45 50 55 60 63 73 79 83 88 
0 1 6 11 16 21 26 35 40 45 50 55 60 63 73 79 88 110 
0 1 6 11 16 21 26 35 40 45 50 55 60 63 73 83 88 105 
0 1 6 11 16 21 26 35 40 45 50 55 60 68 79 83 100 115 
0 1 6 11 16 21 26 35 45 50 55 60 63 65 79 83 100 115 
0 1 6 11 16 21 26 35 45 50 55 60 63 65 79 100 110 115 
0 1 6 11 16 21 26 35 45 50 55 60 65 68 79 83 100 115 
0 1 6 11 16 21 26 35 45 50 55 60 65 68 83 100 105 115 
0 1 6 11 16 21 35 45 50 60 63 66 77 80 94 100 110 115 
0 1 6 11 17 21 26 35 39 50 54 59 67 71 82 87 101 105 116 
0 1 6 11 17 21 26 35 39 50 55 59 67 71 82 87 101 105 116 
0 1 6 11 17 21 26 35 39 50 55 59 67 71 87 101 105 110 116 
0 1 6 12 16 21 32 34 45 50 54 64 66 77 82 95 101 111 116 
0 1 6 12 16 21 32 34 45 50 54 64 66 77 82 95 101 112 116 
0 1 6 12 16 21 32 35 45 50 54 64 66 77 82 95 101 112 116 
0 1 6 12 16 21 34 45 49 54 60 64 66 77 82 95 100 111 116 
0 1 6 12 16 21 34 45 49 54 64 66 77 82 86 95 100 111 116 
0 1 6 12 16 21 34 45 50 54 60 64 66 77 82 95 100 111 116 
0 1 6 12 16 21 34 45 50 54 64 66 77 82 86 95 100 111 116 
0 1 6 12 16 21 34 45 50 54 64 66 82 86 95 100 105 111 116 
0 1 6 12 17 21 28 32 34 45 50 64 67 73 79 82 95 111 116 
0 1 6 12 17 21 28 32 34 45 50 64 67 73 79 82 95 112 116 
0 1 6 12 17 21 28 32 34 45 50 64 67 79 82 95 101 111 116 
0 1 6 12 17 21 28 32 34 45 50 64 67 79 82 95 101 112 116 
0 1 6 12 17 21 28 32 35 45 50 64 67 73 79 82 95 112 116 
0 1 6 12 17 21 28 32 35 45 50 64 67 79 82 95 101 112 116 
0 1 6 12 17 21 28 34 45 50 64 67 79 82 86 95 100 111 116 
0 1 6 12 17 21 34 45 49 54 60 64 66 77 82 95 100 111 116 
0 1 6 12 17 21 34 45 49 54 64 66 77 82 86 95 100 111 116 
0 1 6 12 17 21 34 45 50 54 64 66 77 82 86 95 100 111 116 
0 1 6 12 17 21 34 45 50 54 64 66 82 86 95 100 105 111 116 
0 6 15 22 38 46 47 54 62 69 77 85 96 102 110 118 
