0 2 5 9 15 20 41 46 52 56 63 67 71 79 82 88 96 99 110 121 
0 2 7 13 17 24 28 34 40 44 55 71 75 78 81 86 99 103 114 125 
0 2 7 13 17 24 28 34 40 45 55 71 75 78 81 86 99 103 114 125 
0 2 7 13 17 24 30 34 40 44 56 71 75 82 86 99 103 110 114 125 
0 2 7 13 18 24 28 34 38 45 55 60 71 75 78 86 99 103 114 125 
0 2 7 13 18 24 28 34 40 45 55 71 75 78 81 86 99 103 114 125 
0 2 7 13 18 24 28 34 45 55 60 71 75 78 81 86 99 103 114 125 
0 2 7 13 18 24 28 34 45 55 60 71 75 78 82 86 99 103 114 125 
0 2 7 13 18 24 28 34 45 56 60 71 75 78 82 86 99 103 114 125 
0 2 7 13 18 24 30 34 40 45 56 71 75 82 86 99 103 110 114 125 
0 2 7 13 18 24 30 34 45 56 60 65 71 75 82 86 99 103 114 125 
0 2 7 13 18 24 30 34 45 56 60 71 75 78 82 86 99 103 114 125 
0 2 7 13 18 24 30 34 45 56 60 71 75 82 86 99 103 110 114 125 
0 2 7 13 24 28 34 40 45 46 55 71 75 78 81 86 99 103 114 125 
0 2 7 13 24 28 34 40 45 46 55 71 78 81 86 99 103 114 121 125 
0 2 7 13 24 30 34 40 45 46 56 71 75 82 86 99 103 110 114 125 
0 2 7 13 24 30 34 40 45 46 56 71 82 86 99 103 110 114 121 125 
0 2 7 15 18 24 30 34 41 45 56 67 71 75 82 99 103 110 115 125 
0 2 7 15 18 24 30 34 41 45 56 71 75 82 86 99 103 110 114 125 
0 2 7 15 18 24 30 34 41 45 56 71 75 82 86 99 103 110 115 125 
0 2 7 15 24 30 34 41 45 46 56 67 71 75 82 99 103 110 115 125 
0 2 7 15 24 30 34 41 45 46 56 67 71 82 99 103 110 115 121 125 
0 2 9 13 24 34 40 45 46 51 56 66 71 82 99 103 110 114 121 125 
0 2 9 13 24 34 40 45 46 51 56 71 82 86 99 103 110 114 121 125 
0 2 9 13 24 34 41 45 46 51 56 67 71 82 99 103 110 114 121 125 
0 2 9 15 24 34 41 45 46 51 56 63 67 71 82 99 103 110 121 125 
0 2 9 15 24 34 41 45 46 51 56 67 71 82 99 103 110 115 121 125 
0 2 13 24 28 34 40 45 46 51 55 66 71 81 99 103 109 114 121 125 
0 3 7 11 16 20 24 28 31 34 59 64 68 72 78 81 85 89 121 125 
0 3 7 11 18 24 28 34 38 45 60 71 76 78 80 86 97 104 114 119 
0 3 7 11 18 24 28 34 38 45 60 71 76 78 86 97 104 114 119 125 
0 3 7 11 18 28 34 38 45 60 71 76 78 86 97 104 108 114 119 125 
0 3 7 11 19 28 29 34 38 42 47 64 68 72 76 78 80 100 104 108 
0 3 7 11 19 28 29 34 38 42 47 64 68 72 76 80 84 100 104 108 
0 3 7 11 19 29 34 38 42 47 64 68 72 76 78 80 100 104 108 112 
0 3 7 11 24 28 31 34 38 42 59 64 68 72 78 89 100 104 121 125 
0 3 7 13 18 24 30 34 40 45 56 71 76 82 86 99 104 110 114 125 
0 3 7 13 18 24 30 34 40 45 56 71 82 86 99 104 110 114 121 125 
0 3 7 13 18 24 30 34 45 56 60 65 71 76 82 86 99 104 114 125 
0 3 7 13 18 24 30 34 45 56 60 65 71 82 86 99 104 114 121 125 
0 3 7 13 18 24 30 34 45 56 60 71 76 82 86 104 110 114 119 125 
0 3 7 13 18 24 30 34 45 56 60 71 82 86 99 104 110 114 121 125 
0 3 7 13 18 30 34 45 56 60 65 71 82 86 99 104 108 114 121 125 
