0 1 5 8 12 18 36 41 59 61 62 75 78 81 86 100 105 111 118 122 
0 1 5 8 12 18 36 41 59 61 62 75 78 81 86 100 105 111 118 123 
0 1 5 8 12 18 36 41 59 61 62 75 78 82 86 100 105 111 118 122 
0 1 5 11 18 23 30 36 40 58 61 68 75 78 81 86 100 104 111 122 
0 1 5 11 23 30 34 40 52 58 61 68 75 78 86 98 104 111 116 122 
0 1 5 12 18 23 30 36 40 58 61 68 75 78 81 86 100 104 111 122 
0 1 5 12 18 23 30 36 40 58 61 68 75 78 81 86 100 105 111 122 
0 1 5 12 18 23 30 36 40 58 61 75 78 81 86 100 105 111 118 122 
0 1 5 12 18 23 30 36 40 58 61 75 78 82 86 100 105 111 118 122 
0 1 5 12 18 23 30 36 41 58 61 68 75 78 81 86 100 104 111 122 
0 1 5 12 18 23 30 36 41 58 61 68 75 78 81 86 100 105 111 122 
0 1 5 12 18 23 30 36 41 58 61 75 78 81 86 100 105 111 118 122 
0 1 5 12 18 23 30 36 41 58 61 75 78 82 86 100 105 111 118 122 
0 1 5 12 18 23 36 40 58 61 62 68 75 78 81 86 100 104 111 122 
0 1 5 12 18 23 36 40 58 61 62 68 75 78 81 86 100 105 111 122 
0 1 5 12 18 23 36 40 58 61 62 75 78 81 86 100 105 111 118 122 
0 1 5 12 18 23 36 40 58 61 62 75 78 81 86 100 105 111 118 123 
0 1 5 12 18 23 36 40 58 61 62 75 78 82 86 100 105 111 118 122 
0 1 5 12 18 23 36 40 58 61 62 75 78 82 86 100 105 111 118 123 
0 1 5 12 18 23 36 41 58 61 62 68 75 78 81 86 100 105 111 122 
0 1 5 12 18 23 36 41 58 61 62 68 75 78 81 86 100 105 111 123 
0 1 5 12 18 23 36 41 58 61 62 75 78 81 86 100 105 111 118 122 
0 1 5 12 18 23 36 41 58 61 62 75 78 81 86 100 105 111 118 123 
0 1 5 12 18 23 36 41 58 61 62 75 78 82 86 100 105 111 118 122 
0 1 5 12 18 23 36 41 58 61 62 75 78 82 86 100 105 111 118 123 
0 1 5 12 18 23 36 41 59 61 62 68 75 78 81 86 100 105 111 123 
0 1 5 12 18 23 36 41 59 61 62 75 78 81 86 100 105 111 118 122 
0 1 5 12 18 23 36 41 59 61 62 75 78 81 86 100 105 111 118 123 
0 1 5 12 18 23 36 41 59 61 62 75 78 82 86 100 105 111 118 122 
0 1 5 12 18 23 36 41 59 61 62 75 78 82 86 100 105 111 118 123 
0 1 5 12 23 30 34 41 52 58 61 68 75 78 86 98 105 111 116 122 
0 1 5 12 23 30 34 41 52 58 61 69 75 78 86 98 105 111 116 122 
0 1 5 12 23 34 41 52 58 61 62 68 75 78 86 98 105 111 116 122 
0 1 6 12 19 23 41 52 59 61 62 69 75 78 82 86 105 111 116 123 
0 1 6 12 19 23 41 52 59 61 62 69 75 78 82 87 105 111 116 123 
0 1 6 12 19 23 41 52 59 61 62 69 75 78 82 87 105 112 116 123 
0 1 6 12 19 24 41 52 59 61 62 69 75 78 82 87 105 111 116 123 
0 2 5 13 26 31 35 43 56 72 80 85 103 111 114 117 124 
0 2 5 24 28 31 35 55 59 80 85 89 111 114 117 121 125 
0 2 7 10 20 29 32 33 38 43 65 83 88 102 107 112 120 125 
0 2 7 10 20 29 32 38 43 48 65 83 88 102 107 112 120 125 
0 2 7 10 20 32 38 43 48 62 65 83 88 102 107 112 120 125 
0 2 7 12 20 25 29 38 43 48 65 70 83 88 102 107 112 125 
0 2 7 12 20 25 29 38 43 48 65 70 83 88 107 112 117 125 
0 2 7 12 20 25 29 43 48 53 65 70 83 88 102 107 112 125 
0 2 7 12 20 25 35 38 48 58 62 65 70 75 88 107 112 117 
0 2 7 12 20 25 35 40 48 53 58 62 65 70 75 112 117 122 
0 2 7 12 20 25 35 43 48 53 62 65 70 75 88 107 112 117 
0 2 7 12 20 25 35 43 48 53 62 65 70 75 88 112 117 122 
0 2 7 12 20 25 35 48 53 58 62 65 70 75 88 107 112 117 
0 2 7 12 20 25 35 48 53 58 62 65 70 75 88 112 117 122 
0 2 7 12 20 25 38 43 48 62 65 70 75 83 88 102 107 112 
0 2 7 12 20 25 38 43 48 62 65 70 75 83 88 102 112 122 
0 2 7 12 20 25 38 48 58 62 65 70 75 83 88 102 112 122 
0 2 7 12 20 25 38 48 58 62 65 70 75 83 88 107 112 117 
0 2 7 12 20 25 43 48 53 62 65 70 75 83 88 107 112 117 
0 2 7 12 25 29 43 48 53 65 70 83 88 99 102 107 112 125 
0 6 13 14 20 26 37 43 50 57 66 73 86 93 97 104 111 117 124 
