0 1 5 12 17 24 30 36 41 48 53 60 69 74 81 86 99 106 111 118 123 
0 1 5 12 17 24 30 40 44 49 60 69 74 81 86 98 103 114 118 123 
0 1 5 12 17 24 30 40 44 49 60 69 74 81 86 98 103 114 119 123 
0 1 5 12 17 24 30 40 44 49 60 69 74 81 86 99 103 114 118 123 
0 1 5 12 17 24 30 40 44 49 60 69 74 81 86 99 103 114 119 123 
0 1 5 12 17 24 30 40 45 49 60 69 74 81 86 98 103 114 118 123 
0 1 5 12 17 24 30 40 45 49 60 69 74 81 86 99 103 114 118 123 
0 1 5 12 17 24 30 40 45 49 60 69 74 81 86 99 103 114 119 123 
0 1 5 16 20 25 36 41 48 53 60 69 73 79 89 99 106 111 118 123 
0 1 5 16 20 25 36 41 48 53 60 69 74 79 89 99 106 111 118 123 
0 1 5 16 21 25 36 41 48 53 60 69 73 79 89 99 106 111 118 123 
0 1 6 10 29 36 40 43 53 84 88 93 94 106 116 119 123 127 
0 1 6 10 29 36 41 48 53 58 84 88 93 94 106 111 123 127 
0 1 6 10 29 36 41 48 53 84 88 93 94 106 111 118 123 127 
0 1 6 10 29 36 41 53 58 84 88 93 94 106 111 116 123 127 
0 1 6 10 29 36 48 53 58 84 88 93 94 101 106 111 123 127 
0 1 8 12 17 24 30 32 36 40 45 56 65 70 81 86 99 110 114 119 
0 1 8 12 17 24 30 32 36 40 45 56 65 70 81 86 99 110 115 119 
0 1 8 12 17 24 30 32 36 41 45 56 65 70 81 86 99 110 114 119 
0 1 8 12 17 24 30 32 36 41 45 56 65 70 81 86 99 110 115 119 
0 1 8 12 17 24 30 32 40 44 49 56 65 70 81 86 98 103 114 119 
0 1 8 12 17 24 30 32 40 44 49 56 65 70 81 86 99 103 114 119 
0 1 8 12 17 24 30 32 40 45 49 56 65 70 81 86 98 103 114 119 
0 1 8 12 17 24 30 32 40 45 49 56 65 70 81 86 99 103 114 119 
0 1 8 12 17 24 30 32 40 45 56 65 70 81 86 98 103 110 114 119 
0 1 8 12 17 24 30 32 40 45 56 65 70 81 86 98 103 110 115 119 
0 1 8 12 17 24 30 32 40 45 56 65 70 81 86 99 103 110 114 119 
0 1 8 12 17 24 30 32 40 45 56 65 70 81 86 99 103 110 115 119 
0 1 8 12 17 24 30 36 40 45 56 60 65 70 81 86 99 110 114 119 
0 1 8 12 17 24 30 36 40 45 56 60 65 70 81 86 99 110 115 119 
0 1 8 12 17 24 30 36 41 45 56 60 65 70 81 86 99 110 114 119 
0 1 8 12 17 24 30 36 41 45 56 60 65 70 81 86 99 110 115 119 
0 1 8 12 17 24 30 40 44 49 56 60 65 70 81 86 98 103 114 119 
0 1 8 12 17 24 30 40 44 49 56 60 65 70 81 86 99 103 114 119 
0 1 8 12 17 24 30 40 44 49 60 65 70 81 86 98 103 114 118 123 
0 1 8 12 17 24 30 40 44 49 60 65 70 81 86 98 103 114 119 123 
0 1 8 12 17 24 30 40 44 49 60 65 70 81 86 99 103 114 118 123 
0 1 8 12 17 24 30 40 44 49 60 65 70 81 86 99 103 114 119 123 
0 1 8 12 17 24 30 40 45 49 56 60 65 70 81 86 98 103 114 119 
0 1 8 12 17 24 30 40 45 49 56 60 65 70 81 86 99 103 114 119 
0 1 8 12 17 24 30 40 45 49 60 65 70 81 86 98 103 114 118 123 
0 1 8 12 17 24 30 40 45 49 60 65 70 81 86 98 103 114 119 123 
0 1 8 12 17 24 30 40 45 49 60 65 70 81 86 99 103 114 118 123 
0 1 8 12 17 24 30 40 45 49 60 65 70 81 86 99 103 114 119 123 
0 1 8 12 17 24 30 40 45 56 60 65 70 81 86 98 103 110 114 119 
0 1 8 12 17 24 30 40 45 56 60 65 70 81 86 98 103 110 115 119 
0 1 8 12 17 24 30 40 45 56 60 65 70 81 86 99 103 110 115 119 
0 1 8 13 17 24 30 32 36 40 45 56 65 70 81 86 99 110 114 119 
0 1 8 13 17 24 30 32 36 40 45 56 65 70 81 86 99 110 115 119 
0 1 8 13 17 24 30 32 36 41 45 56 65 70 81 86 99 110 114 119 
0 1 8 13 17 24 30 32 36 41 45 56 65 70 81 86 99 110 115 119 
0 1 8 13 17 24 30 32 40 44 49 56 65 70 81 86 98 103 114 119 
0 1 8 13 17 24 30 32 40 44 49 56 65 70 81 86 99 103 114 119 
0 1 8 13 17 24 30 32 40 45 49 56 65 70 81 86 98 103 114 119 
0 1 8 13 17 24 30 32 40 45 49 56 65 70 81 86 99 103 114 119 
0 1 8 13 17 24 30 32 40 45 56 65 70 81 86 98 103 110 114 119 
0 1 8 13 17 24 30 32 40 45 56 65 70 81 86 98 103 110 115 119 
0 1 8 13 17 24 30 36 40 45 56 60 65 70 81 86 99 110 114 119 
0 1 8 13 17 24 30 36 40 45 56 60 65 70 81 86 99 110 115 119 
0 1 8 13 17 24 30 36 41 45 56 60 65 70 81 86 99 110 114 119 
0 1 8 13 17 24 30 36 41 45 56 60 65 70 81 86 99 110 115 119 
0 1 8 13 17 24 30 40 44 49 56 60 65 70 81 86 98 103 114 119 
0 1 8 13 17 24 30 40 44 49 56 60 65 70 81 86 99 103 114 119 
0 1 8 13 17 24 30 40 45 49 56 60 65 70 81 86 98 103 114 119 
0 1 8 13 17 24 30 40 45 49 56 60 65 70 81 86 99 103 114 119 
0 1 8 13 17 24 30 40 45 56 60 65 70 81 86 98 103 110 115 119 
0 1 8 13 20 24 30 32 40 45 56 65 70 77 82 98 103 110 114 119 
0 1 8 13 20 24 30 32 40 45 56 65 70 77 82 98 103 110 115 119 
0 1 8 13 20 24 30 32 40 45 56 65 70 77 82 99 103 110 114 119 
0 1 8 13 20 24 30 40 45 56 60 65 70 77 82 98 103 110 114 119 
0 1 8 13 20 24 30 40 45 56 60 65 70 77 82 98 103 110 115 119 
0 1 8 13 20 24 30 40 45 56 60 65 70 77 82 99 103 110 114 119 
0 1 8 13 20 24 30 40 45 56 60 65 70 77 82 99 103 110 115 119 
0 1 8 13 20 25 30 40 45 56 60 65 70 77 82 98 103 110 114 119 
0 1 8 13 20 25 30 40 45 56 60 65 70 77 82 98 103 110 115 119 
0 1 8 13 20 25 30 40 45 56 60 65 70 77 82 99 103 110 114 119 
0 2 7 12 19 24 28 40 45 49 54 76 78 81 98 103 119 124 
0 2 7 12 19 24 28 40 45 50 76 78 81 98 103 115 120 124 
0 2 7 12 19 24 30 40 45 49 54 76 78 81 98 103 119 124 
0 2 7 12 19 24 30 40 45 49 54 76 78 81 99 103 119 124 
0 2 7 12 19 24 30 40 45 50 76 78 81 98 103 115 120 124 
0 2 7 12 19 24 30 40 45 50 76 78 81 99 103 115 120 124 
0 2 7 12 19 24 30 41 45 50 76 78 81 99 103 115 120 124 
0 2 7 12 19 24 30 41 45 50 76 78 81 99 104 115 120 124 
0 2 7 12 19 24 30 41 47 50 76 78 81 99 104 115 120 124 
0 2 7 12 19 24 30 45 50 76 78 81 99 103 108 115 120 124 
0 2 7 12 19 24 40 45 50 76 78 81 88 98 103 115 120 124 
0 2 7 12 24 30 40 45 49 54 76 78 81 86 98 103 119 124 
0 2 7 12 24 30 40 45 49 54 76 78 81 86 99 103 119 124 
0 2 7 12 24 30 40 45 50 76 78 81 86 98 103 115 120 124 
0 2 7 12 24 30 40 45 50 76 78 81 86 99 103 115 120 124 
0 2 7 12 24 30 45 49 54 76 78 81 86 99 103 108 119 124 
0 2 7 12 24 30 45 50 54 76 78 81 86 99 103 108 119 124 
0 2 7 12 24 30 45 50 54 76 78 81 86 99 103 108 120 124 
0 2 7 12 24 30 45 50 55 76 78 81 86 99 103 108 120 124 
0 2 7 12 24 30 45 50 55 76 78 81 86 99 103 108 120 125 
0 2 7 12 24 30 45 50 76 78 81 86 99 103 108 115 120 124 
0 2 7 15 19 24 35 40 45 46 57 71 76 88 98 110 115 120 
0 2 7 15 19 24 36 40 45 46 57 71 76 88 98 110 115 120 
0 2 7 15 19 24 36 40 45 46 57 71 76 88 110 115 120 127 
0 2 7 15 19 24 40 45 46 50 57 71 76 88 98 103 115 120 
0 2 7 15 19 24 40 45 46 50 71 76 88 98 103 115 120 125 
0 2 7 15 19 24 40 45 46 57 71 76 88 98 103 110 115 120 
0 2 7 19 24 28 32 40 44 49 71 76 81 98 103 114 119 124 
0 2 7 19 24 28 32 40 45 49 71 76 81 98 103 114 119 124 
0 2 7 19 24 28 32 40 45 49 71 76 81 98 103 115 119 124 
0 2 7 19 24 28 32 40 45 50 71 76 81 98 103 115 119 124 
0 2 7 19 24 28 32 40 45 50 71 76 81 98 103 115 120 124 
0 2 7 19 24 28 32 40 45 71 76 81 98 103 110 115 119 124 
0 2 7 19 24 28 40 45 46 50 71 76 81 98 103 115 120 124 
0 2 7 19 24 30 32 40 44 49 71 76 81 98 103 114 119 124 
0 2 7 19 24 30 32 40 44 49 71 76 81 99 103 114 119 124 
0 2 7 19 24 30 32 40 45 49 71 76 81 98 103 114 119 124 
0 2 7 19 24 30 32 40 45 50 71 76 81 98 103 115 119 124 
0 2 7 19 24 30 32 40 45 50 71 76 81 98 103 115 120 124 
0 2 7 19 24 30 32 40 45 50 71 76 81 99 103 115 119 124 
0 2 7 19 24 30 32 40 45 71 76 81 98 103 110 115 119 124 
0 2 7 19 24 30 32 40 45 71 76 81 99 103 110 115 119 124 
0 2 7 19 24 30 40 45 46 50 57 71 76 81 99 103 115 120 
0 2 7 19 24 30 40 45 46 50 71 76 81 98 103 115 120 125 
0 2 7 19 24 30 40 45 46 50 71 76 81 99 103 115 120 125 
0 2 7 19 24 30 40 45 46 57 71 76 81 99 103 110 115 120 
0 2 7 19 24 30 45 46 50 57 71 76 81 99 103 108 115 120 
0 3 7 12 19 24 35 39 44 51 56 65 76 81 88 96 98 109 114 121 
0 3 7 12 19 24 35 39 44 51 56 65 76 81 88 98 109 114 121 125 
0 3 7 12 19 24 35 40 44 51 56 65 76 81 88 98 109 114 121 125 
0 3 8 12 19 24 35 39 44 51 56 65 76 81 88 98 109 114 121 125 
0 3 8 12 19 24 35 40 44 51 56 65 76 81 88 96 98 109 114 121 
0 3 8 12 19 24 35 40 44 51 56 65 76 81 88 98 109 114 121 125 
0 3 8 19 24 29 31 35 40 51 56 61 72 77 88 96 105 110 121 127 
0 3 8 19 24 29 31 35 40 52 56 61 72 77 88 96 105 110 121 127 
0 3 8 19 24 29 31 36 40 52 56 61 72 77 88 96 105 110 121 127 
0 3 8 19 24 29 35 40 51 56 61 65 72 77 88 96 98 105 110 121 
0 3 8 19 24 35 40 51 56 65 72 76 81 88 96 98 105 109 114 121 
