0 1 6 14 19 35 42 50 
0 1 6 14 19 35 43 50 
0 1 6 14 19 35 43 51 
0 1 6 14 19 36 43 51 
0 1 6 14 19 36 44 51 
0 1 6 14 22 35 42 50 
0 1 6 14 22 35 43 50 
0 1 6 14 22 35 43 51 
0 1 6 14 22 36 43 50 
0 1 6 20 25 35 42 50 
0 1 6 20 25 35 43 50 
0 1 6 20 25 35 43 51 
0 1 6 20 25 36 43 50 
0 1 6 20 25 36 43 51 
0 1 6 20 25 36 44 51 
0 1 8 15 20 33 40 45 53 
0 1 8 15 20 33 41 46 53 
0 1 8 15 20 35 43 50 
0 1 8 15 20 36 43 50 
0 2 7 14 19 35 40 47 52 
0 2 7 14 19 35 43 51 
0 2 7 14 19 36 43 51 
0 2 7 14 19 36 44 52 
0 2 7 14 22 35 43 51 
0 2 7 14 22 36 43 51 
0 2 7 14 22 36 44 51 
0 2 7 14 22 36 44 52 
0 2 7 15 20 36 44 52 
0 3 8 15 22 36 44 52 
0 3 11 19 27 33 40 47 
0 3 11 19 27 33 40 48 
0 3 11 19 36 44 52 
0 4 11 19 26 33 40 48 
0 4 11 19 26 33 41 48 
0 4 11 19 26 33 41 49 
0 4 13 19 26 33 41 48 
0 5 12 13 19 35 42 49 
0 5 12 13 20 35 42 49 
0 5 12 13 20 35 42 50 
0 5 12 20 25 35 42 49 
0 6 20 25 26 35 42 49 
