0 1 6 13 23 30 37 38 45 63 68 
0 1 6 13 23 30 37 38 45 63 71 
0 1 6 13 23 30 37 38 45 64 69 
0 1 6 13 23 30 37 38 45 64 71 
0 1 6 13 23 30 37 38 46 63 68 
0 1 6 13 23 30 37 38 46 63 71 
0 1 6 13 23 30 37 38 46 64 69 
0 1 6 13 23 30 37 38 46 64 71 
0 1 6 13 23 30 37 39 46 56 64 
0 1 6 13 23 30 37 39 46 63 70 
0 1 6 13 23 30 37 39 46 64 69 
0 1 6 13 23 30 37 40 45 63 70 
0 1 6 13 23 30 37 40 45 63 71 
0 1 6 13 23 30 37 40 45 64 71 
0 1 6 13 23 30 37 40 48 63 70 
0 1 6 13 23 30 37 40 48 63 71 
0 1 6 13 23 30 37 41 46 56 64 
0 1 6 13 23 30 37 41 46 63 71 
0 1 6 13 23 30 37 41 46 64 71 
0 1 6 13 23 30 37 41 48 56 64 
0 1 6 13 23 30 37 41 48 63 71 
0 1 6 13 23 30 37 41 48 64 71 
0 1 6 13 23 30 37 45 53 63 68 
0 1 6 13 23 30 37 45 53 63 70 
0 1 6 13 23 30 38 45 58 63 71 
0 1 6 13 23 30 38 45 59 64 71 
0 1 6 13 23 30 38 46 58 63 71 
0 1 6 13 23 30 39 46 56 58 65 
0 1 6 13 23 30 39 46 56 59 64 
0 1 6 13 23 30 39 46 58 63 70 
0 1 6 13 23 30 39 46 58 65 70 
0 1 6 13 23 30 40 45 58 63 70 
0 1 6 13 23 30 40 45 58 63 71 
0 1 6 13 23 30 40 45 58 65 70 
0 1 6 13 23 30 40 48 58 63 70 
0 1 6 13 23 30 40 48 58 63 71 
0 1 6 13 23 30 40 48 58 65 70 
0 1 6 13 23 30 40 48 58 65 72 
0 1 6 13 23 30 40 48 58 66 71 
0 1 6 13 23 30 40 48 58 66 72 
0 1 6 13 23 30 40 48 59 66 71 
0 1 6 13 23 30 40 48 59 66 72 
0 1 6 13 23 30 41 46 56 58 65 
0 1 6 13 23 30 41 46 56 59 64 
0 1 6 13 23 30 41 46 56 59 67 
0 1 6 13 23 30 41 46 58 63 71 
0 1 6 13 23 30 41 46 58 66 71 
0 1 6 13 23 30 41 46 59 64 71 
0 1 6 13 23 30 41 46 59 66 71 
0 1 6 13 23 30 41 48 55 58 66 
0 1 6 13 23 30 41 48 55 59 66 
0 1 6 13 23 30 41 48 55 59 67 
0 1 6 13 23 30 41 48 56 58 65 
0 1 6 13 23 30 41 48 56 59 64 
0 1 6 13 23 30 41 48 56 59 67 
0 1 6 13 23 30 41 48 58 63 71 
0 1 6 13 23 30 41 48 58 66 71 
0 1 6 13 23 30 41 48 59 64 71 
0 1 6 13 23 30 41 48 59 66 71 
0 1 6 13 23 30 45 53 58 63 70 
0 1 6 13 23 30 45 53 59 67 
0 1 6 13 23 31 37 38 45 63 68 
0 1 6 13 23 31 37 38 45 63 71 
0 1 6 13 23 31 37 38 45 64 69 
0 1 6 13 23 31 37 38 45 64 71 
0 1 6 13 23 31 37 38 46 63 68 
0 1 6 13 23 31 37 38 46 63 71 
0 1 6 13 23 31 37 38 46 64 69 
0 1 6 13 23 31 37 39 46 56 64 
0 1 6 13 23 31 37 39 46 63 70 
0 1 6 13 23 31 37 39 46 64 69 
0 1 6 13 23 31 37 40 45 63 70 
0 1 6 13 23 31 37 40 45 63 71 
0 1 6 13 23 31 37 40 48 63 70 
0 1 6 13 23 31 37 41 46 56 64 
0 1 6 13 23 31 37 41 46 63 71 
0 1 6 13 23 31 37 41 46 64 71 
0 1 6 13 23 31 37 41 48 56 64 
0 1 6 13 23 31 37 41 48 63 71 
0 1 6 13 23 31 37 41 48 64 71 
0 1 6 13 23 31 37 45 53 63 68 
0 1 6 13 23 31 37 45 53 63 70 
0 1 6 13 23 31 38 45 58 63 71 
0 1 6 13 23 31 38 46 58 63 71 
0 1 6 13 23 31 39 46 56 58 65 
0 1 6 13 23 31 39 46 56 59 64 
0 1 6 13 23 31 39 46 58 63 70 
0 1 6 13 23 31 39 46 58 65 70 
0 1 6 13 23 31 40 45 58 63 70 
0 1 6 13 23 31 40 45 58 63 71 
0 1 6 13 23 31 40 45 58 65 70 
0 1 6 13 23 31 40 45 59 64 71 
0 1 6 13 23 31 40 48 58 63 70 
0 1 6 13 23 31 40 48 58 63 71 
0 1 6 13 23 31 40 48 58 65 70 
0 1 6 13 23 31 40 48 58 65 72 
0 1 6 13 23 31 40 48 58 66 72 
0 1 6 13 23 31 40 48 59 66 71 
0 1 6 13 23 31 40 48 59 66 72 
0 1 6 13 23 31 41 46 56 58 65 
0 1 6 13 23 31 41 46 56 59 64 
0 1 6 13 23 31 41 46 56 59 67 
0 1 6 13 23 31 41 46 58 63 71 
0 1 6 13 23 31 41 46 58 66 71 
0 1 6 13 23 31 41 46 59 64 71 
0 1 6 13 23 31 41 48 56 58 65 
0 1 6 13 23 31 41 48 56 59 64 
0 1 6 13 23 31 41 48 56 59 67 
0 1 6 13 23 31 45 53 58 63 70 
0 1 6 13 23 31 45 53 59 67 
0 1 6 13 24 31 37 38 45 63 68 
0 1 6 13 24 31 37 38 45 63 71 
0 1 6 13 24 31 37 38 45 64 69 
0 1 6 13 24 31 37 38 45 64 71 
0 1 6 13 24 31 37 38 46 63 68 
0 1 6 13 24 31 37 38 46 63 71 
0 1 6 13 24 31 37 38 46 64 69 
0 1 6 13 24 31 37 38 46 64 71 
0 1 6 13 24 31 37 39 46 56 64 
0 1 6 13 24 31 37 39 46 63 70 
0 1 6 13 24 31 37 39 46 64 69 
0 1 6 13 24 31 37 40 45 63 70 
0 1 6 13 24 31 37 41 46 63 71 
0 1 6 13 24 31 37 41 46 64 71 
0 1 6 13 24 31 37 45 53 63 68 
0 1 6 13 24 31 37 45 53 63 70 
0 1 6 13 24 31 38 45 58 63 71 
0 1 6 13 24 31 38 45 59 64 71 
0 1 6 13 24 31 38 46 58 63 71 
0 1 6 13 24 31 38 46 59 64 71 
0 1 6 13 24 31 39 46 56 58 65 
0 1 6 13 24 31 39 46 56 59 64 
0 1 6 13 24 31 39 46 58 63 70 
0 1 6 13 24 31 39 46 58 65 70 
0 1 6 13 24 31 40 45 58 63 70 
0 1 6 13 24 31 40 45 58 63 71 
0 1 6 13 24 31 40 45 58 65 70 
0 1 6 13 24 31 40 45 59 64 71 
0 1 6 13 24 31 40 48 58 63 70 
0 1 6 13 24 31 40 48 58 63 71 
0 1 6 13 24 31 40 48 58 65 70 
0 1 6 13 24 31 40 48 58 65 72 
0 1 6 13 24 31 40 48 58 66 72 
0 1 6 13 24 31 40 48 59 64 71 
0 1 6 13 24 31 41 46 58 63 71 
0 1 6 13 24 31 41 46 59 64 71 
0 1 6 13 24 31 45 53 58 63 70 
0 1 6 13 24 31 45 53 59 67 
0 1 6 14 23 30 38 45 60 68 
0 1 6 14 23 30 38 46 60 68 
0 1 6 14 23 30 39 46 56 57 64 
0 1 6 14 23 30 39 46 56 57 65 
0 1 6 14 23 30 39 46 56 59 64 
0 1 6 14 23 30 39 46 56 60 65 
0 1 6 14 23 30 39 46 57 65 70 
0 1 6 14 23 30 40 45 57 65 70 
0 1 6 14 23 30 40 48 57 65 70 
0 1 6 14 23 30 40 48 57 65 72 
0 1 6 14 23 30 40 48 59 66 72 
0 1 6 14 23 30 40 48 60 65 72 
0 1 6 14 23 30 41 46 56 59 64 
0 1 6 14 23 30 41 46 56 59 67 
0 1 6 14 23 30 41 46 56 60 65 
0 1 6 14 23 30 41 46 56 60 67 
0 1 6 14 23 30 41 46 59 64 71 
0 1 6 14 23 30 45 53 59 67 
0 1 6 14 23 30 45 53 60 67 
0 1 6 14 23 30 45 53 60 68 
0 1 6 14 23 31 38 45 60 68 
0 1 6 14 23 31 38 46 60 68 
0 1 6 14 23 31 39 46 56 57 64 
0 1 6 14 23 31 39 46 56 57 65 
0 1 6 14 23 31 39 46 56 59 64 
0 1 6 14 23 31 39 46 56 60 65 
0 1 6 14 23 31 39 46 57 65 70 
0 1 6 14 23 31 40 45 57 64 71 
0 1 6 14 23 31 40 45 57 65 70 
0 1 6 14 23 31 40 45 59 64 71 
0 1 6 14 23 31 40 48 57 65 70 
0 1 6 14 23 31 40 48 57 65 72 
0 1 6 14 23 31 41 46 59 64 71 
0 1 6 14 23 31 45 53 59 67 
0 1 6 14 23 31 45 53 60 67 
0 1 6 14 23 31 45 53 60 68 
0 1 6 14 24 31 38 45 57 64 71 
0 1 6 14 24 31 38 45 59 64 71 
0 1 6 14 24 31 38 45 60 68 
0 1 6 14 24 31 38 46 57 64 71 
0 1 6 14 24 31 38 46 59 64 71 
0 1 6 14 24 31 38 46 60 68 
0 1 6 14 24 31 39 46 56 57 64 
0 1 6 14 24 31 39 46 57 65 70 
0 1 6 14 24 31 40 45 57 64 71 
0 1 6 14 24 31 40 45 57 65 70 
0 1 6 14 24 31 40 45 59 64 71 
0 1 6 14 24 31 45 53 59 67 
0 1 6 14 24 31 45 53 60 67 
0 1 6 14 24 31 45 53 60 68 
0 1 9 14 23 30 38 45 60 68 
0 1 9 14 23 30 38 46 60 68 
0 1 9 14 23 30 39 46 56 59 64 
0 1 9 14 23 30 39 46 56 60 65 
0 1 9 14 23 30 41 46 56 59 64 
0 1 9 14 23 30 41 46 56 59 67 
0 1 9 14 23 30 41 46 56 60 65 
0 1 9 14 23 30 41 46 56 60 67 
0 1 9 14 23 30 41 46 59 64 71 
0 1 9 14 23 30 41 46 59 66 71 
0 1 9 14 23 30 45 53 59 67 
0 1 9 14 23 30 45 53 60 67 
0 1 9 14 23 30 45 53 60 68 
0 1 9 14 23 31 38 45 60 68 
0 1 9 14 23 31 38 46 60 68 
0 1 9 14 23 31 39 46 56 59 64 
0 1 9 14 23 31 39 46 56 60 65 
0 1 9 14 23 31 40 45 59 64 71 
0 1 9 14 23 31 45 53 59 67 
0 1 9 14 23 31 45 53 60 67 
0 1 9 14 23 31 45 53 60 68 
0 1 9 23 30 35 38 45 61 68 
0 1 9 23 30 35 38 45 61 69 
0 1 9 23 30 35 38 45 62 69 
0 1 9 23 30 35 38 46 61 68 
0 1 9 23 30 35 38 46 62 69 
0 1 9 23 30 35 39 46 61 69 
0 1 9 23 30 35 39 46 62 69 
0 1 9 23 30 35 39 46 62 70 
0 1 9 23 30 35 41 46 56 59 67 
0 1 9 23 30 35 41 46 59 66 71 
0 1 9 23 30 35 45 53 59 67 
0 1 9 23 30 35 45 53 62 67 
0 1 9 23 30 36 38 45 60 68 
0 1 9 23 30 36 38 45 62 69 
0 1 9 23 30 36 38 46 60 68 
0 1 9 23 30 36 38 46 62 69 
0 1 9 23 30 36 39 46 62 70 
0 1 9 23 30 36 39 46 63 70 
0 1 9 23 30 36 41 46 56 60 67 
0 1 9 23 30 36 41 46 63 71 
0 1 9 23 30 36 45 53 60 67 
0 1 9 23 31 35 38 45 61 68 
0 1 9 23 31 35 38 45 61 69 
0 1 9 23 31 35 38 46 61 69 
0 1 9 23 31 35 45 53 62 70 
0 1 9 23 31 36 39 46 62 70 
0 1 9 23 31 36 45 53 60 67 
0 1 9 23 31 36 45 53 60 68 
0 1 9 23 31 36 45 53 62 67 
0 1 13 15 24 31 39 46 58 63 70 
0 1 13 15 24 31 39 46 58 65 70 
0 2 8 14 23 31 40 45 57 64 71 
0 2 8 14 23 31 40 45 57 65 70 
0 2 8 14 23 31 40 45 59 64 71 
0 2 8 14 23 31 40 45 59 66 71 
0 2 8 14 23 31 40 48 57 65 70 
0 2 8 14 23 31 40 48 57 65 72 
0 2 8 14 23 31 40 48 59 66 71 
0 2 8 14 23 31 40 48 59 66 72 
0 2 8 14 23 31 40 48 60 65 72 
0 2 8 14 23 31 41 48 56 60 65 
0 2 8 14 23 31 41 48 59 66 71 
0 2 8 14 23 31 45 53 60 68 
0 2 8 14 24 31 38 45 57 64 71 
0 2 8 14 24 31 38 45 59 64 71 
0 2 8 14 24 31 38 45 60 68 
0 2 8 14 24 31 40 45 57 65 70 
0 2 8 14 24 31 40 48 57 65 70 
0 2 8 14 24 31 40 48 57 65 72 
0 2 8 14 24 31 40 48 59 66 71 
0 2 8 14 24 31 40 48 59 66 72 
0 2 8 14 24 31 40 48 60 65 72 
0 2 8 14 24 31 41 48 56 60 65 
0 2 8 14 24 31 45 53 60 68 
0 2 8 14 24 32 38 45 57 64 71 
0 2 8 14 24 32 38 45 60 68 
0 2 8 14 24 32 38 46 60 68 
0 2 8 14 24 32 40 45 57 64 71 
0 2 8 14 24 32 40 45 57 65 70 
0 2 8 14 24 32 40 45 59 64 71 
0 2 8 14 24 32 40 45 59 66 71 
0 2 8 14 24 32 40 48 57 65 70 
0 2 8 14 24 32 40 48 57 65 72 
0 2 8 14 24 32 40 48 59 66 71 
0 2 8 14 24 32 40 48 59 66 72 
0 2 8 14 24 32 40 48 60 65 72 
0 2 8 14 24 32 41 46 56 59 64 
0 2 8 14 24 32 41 46 59 64 71 
0 2 8 14 24 32 41 46 59 66 71 
0 2 8 23 31 34 40 45 58 65 70 
0 2 8 23 31 34 40 48 58 65 70 
0 2 8 23 31 34 40 48 58 65 72 
0 2 8 23 31 34 40 48 58 66 71 
0 2 8 23 31 34 40 48 58 66 72 
0 2 8 23 31 34 40 48 60 65 72 
0 2 8 23 31 34 40 48 61 66 72 
0 2 8 24 31 34 38 45 60 68 
0 2 8 24 31 34 40 48 58 65 70 
0 2 8 24 31 34 40 48 58 65 72 
0 2 8 24 31 34 40 48 58 66 71 
0 2 8 24 32 34 40 45 58 65 70 
0 2 8 24 32 34 40 45 58 66 71 
0 2 8 24 32 34 41 46 58 66 71 
0 3 10 17 21 28 34 39 46 56 60 65 
0 3 10 17 21 28 34 41 46 56 60 65 
0 3 10 17 21 28 36 45 53 62 67 
0 3 10 17 23 28 34 39 46 56 60 65 
0 3 10 17 23 28 34 40 48 60 65 72 
0 3 10 17 23 28 34 40 48 61 66 72 
0 3 10 21 28 33 36 45 53 62 67 
0 3 11 17 21 28 35 40 45 62 70 
0 3 11 17 21 28 35 45 53 62 67 
0 3 11 17 21 28 35 45 53 62 70 
0 3 11 17 21 28 45 53 57 62 70 
0 3 11 17 23 28 35 40 45 62 70 
0 3 11 17 23 28 35 40 48 61 66 72 
0 3 11 17 23 28 35 40 48 62 70 
0 3 11 17 23 28 40 45 57 62 70 
0 3 11 17 23 28 40 45 57 65 70 
0 3 11 17 23 28 40 48 57 62 70 
0 3 11 24 32 35 40 45 62 70 
0 3 11 24 32 35 40 48 62 70 
0 3 11 24 32 35 41 48 55 61 66 
0 3 11 24 32 35 45 53 62 67 
0 3 11 24 32 35 45 53 62 70 
0 3 15 24 32 34 40 48 58 66 71 
0 3 15 24 32 34 40 48 58 66 72 
0 3 15 24 32 34 40 48 61 66 72 
0 3 15 24 32 34 41 48 55 58 66 
0 3 15 24 32 34 41 48 55 61 66 
0 4 11 16 21 28 35 45 53 62 70 
0 4 11 16 21 28 37 39 46 63 70 
0 4 11 16 21 28 37 45 53 63 70 
0 4 11 16 21 28 40 45 57 62 70 
0 4 11 16 21 28 45 53 57 62 70 
0 4 11 16 21 29 37 45 53 63 70 
0 4 11 16 21 29 40 45 57 62 70 
0 4 11 16 23 28 37 39 46 63 70 
0 4 11 16 23 28 40 45 57 62 70 
0 4 11 18 21 29 37 45 53 63 70 
0 4 12 16 21 28 36 45 53 62 70 
0 4 12 16 21 28 36 45 53 63 70 
0 4 12 16 21 28 40 45 57 62 70 
0 4 12 16 21 28 45 53 58 63 70 
