0 2 6 11 14 18 23 26 30 47 55 59 63 67 
0 2 6 11 14 18 23 26 43 51 55 59 63 89 
0 2 6 11 14 18 23 26 47 51 55 59 63 67 
0 2 6 11 14 18 23 26 47 51 55 59 63 89 
0 2 6 11 14 18 23 30 47 55 59 63 67 96 
0 2 6 11 14 18 23 43 51 55 59 63 89 96 
0 2 6 11 14 18 23 47 51 55 59 63 67 96 
0 2 6 11 14 18 26 34 43 51 59 63 67 76 
0 2 6 11 14 18 34 43 51 59 63 67 76 96 
0 2 6 11 14 18 34 43 51 59 67 76 85 96 
0 2 6 11 14 23 39 47 51 55 59 63 89 96 
0 2 6 11 14 30 34 39 47 59 63 67 76 96 
0 2 6 11 14 34 39 43 51 59 67 76 85 96 
0 2 6 11 14 34 39 47 51 59 63 67 76 96 
0 2 6 11 14 39 43 51 55 59 67 76 85 96 
0 2 6 14 24 30 34 39 47 59 63 76 88 96 
0 3 6 13 23 32 37 46 51 56 61 66 74 86 
0 3 6 13 23 32 37 46 51 61 66 74 78 86 
0 3 6 21 30 37 45 46 56 61 64 74 76 91 
0 3 6 21 37 46 51 56 61 66 74 76 86 91 
0 3 6 32 37 46 51 56 61 66 74 76 86 91 
0 3 8 13 18 23 27 32 37 42 48 56 61 66 
0 3 8 13 18 23 27 32 37 42 48 56 61 88 
0 3 8 13 18 23 27 32 37 42 48 56 66 83 
0 3 8 13 18 23 27 37 42 48 53 61 78 88 
0 3 8 13 18 23 32 37 48 56 63 73 83 88 
