0 3 7 12 16 20 22 26 31 35 39 50 67 87 
0 3 7 12 16 20 22 31 35 39 50 67 83 87 
0 3 7 12 16 20 22 31 35 50 67 74 83 87 
0 3 7 12 20 22 26 31 35 39 50 58 67 87 
0 3 7 12 20 22 31 35 39 50 58 67 83 87 
0 3 7 16 20 21 30 35 43 49 54 74 83 91 
0 3 7 16 20 21 35 39 43 49 54 83 87 91 
0 3 7 16 20 22 26 35 39 49 50 54 67 87 
0 3 7 16 20 22 31 35 39 50 54 67 83 87 
0 3 7 16 20 22 31 35 50 54 67 74 83 87 
0 5 10 11 17 20 32 42 54 64 77 82 87 94 
0 5 10 11 17 27 32 39 44 47 54 71 77 94 
0 5 10 11 17 27 32 39 47 54 71 77 87 94 
0 5 10 11 17 27 32 39 54 64 71 77 87 94 
0 5 10 11 17 27 32 44 47 54 71 77 82 94 
0 5 10 11 27 32 37 47 54 59 71 77 82 87 
