0 2 6 11 14 18 23 26 30 34 38 42 47 62 81 
0 2 6 11 14 18 23 26 30 34 38 42 47 77 81 
0 2 6 11 14 18 23 26 30 34 38 42 48 62 81 
0 2 6 11 14 18 23 26 30 34 38 42 48 77 81 
0 2 6 11 14 18 23 26 30 34 38 42 58 62 81 
0 2 6 11 14 18 23 26 30 34 38 43 48 77 81 
0 2 6 11 14 18 23 26 30 34 38 48 56 77 81 
0 2 6 11 14 18 23 30 34 38 42 47 62 81 89 
0 2 6 11 14 18 23 30 34 38 42 47 77 81 89 
0 2 6 11 14 18 23 30 34 38 42 48 62 81 89 
0 2 6 11 14 18 23 30 34 38 42 48 77 81 89 
0 2 6 11 14 18 23 30 34 38 42 58 62 81 89 
0 2 6 11 14 18 23 30 34 38 42 58 77 81 89 
0 2 6 11 14 18 23 30 34 38 43 48 77 81 89 
0 2 6 11 14 18 23 30 34 38 48 56 77 81 89 
0 2 6 11 14 18 23 30 38 48 56 73 77 81 89 
0 2 6 11 14 18 24 30 34 38 42 47 62 81 89 
0 2 6 11 14 19 23 26 30 34 38 43 48 77 81 
0 2 6 11 14 19 23 26 30 34 39 43 48 77 81 
0 2 6 11 14 19 23 26 30 34 43 48 52 77 81 
0 2 6 11 14 19 23 30 38 48 56 73 77 81 89 
0 2 6 11 14 19 23 30 39 48 56 73 77 81 89 
0 2 6 11 14 19 23 30 48 52 56 73 77 81 89 
0 2 6 11 14 23 26 30 34 38 42 48 54 62 81 
0 2 6 11 14 23 26 30 34 38 42 54 58 62 81 
0 2 6 11 15 19 23 26 30 39 48 56 63 73 81 
0 2 6 11 15 19 23 30 39 48 56 63 73 81 90 
0 3 6 14 25 33 36 44 52 55 63 75 83 94 
0 3 6 14 25 33 44 47 52 55 63 75 83 94 
