0 1 4 9 14 27 40 45 53 58 63 77 90 95 
0 1 4 9 14 27 40 45 58 63 77 82 90 95 
0 1 4 9 14 27 45 58 63 68 77 82 90 95 
0 1 4 9 27 40 45 53 58 63 77 85 90 95 
0 1 9 14 19 27 32 40 45 53 58 63 77 95 
0 1 9 14 19 27 32 40 45 58 63 77 82 95 
0 1 9 14 27 32 40 45 58 63 77 82 90 95 
0 2 5 9 16 23 28 40 52 59 64 74 78 84 91 
0 2 5 9 16 24 28 40 52 59 64 74 78 84 91 
0 2 9 14 20 26 33 40 45 57 63 77 82 89 95 
0 2 9 14 20 26 33 40 45 57 64 74 77 82 89 
0 2 9 14 20 26 33 40 45 57 64 74 78 82 89 
0 2 9 14 20 26 33 40 45 57 64 77 82 89 95 
0 2 9 14 26 33 40 45 46 57 64 74 77 82 89 
0 2 9 14 26 33 40 45 46 57 64 74 78 82 89 
0 2 9 14 26 33 40 45 46 57 64 77 82 89 95 
0 2 9 14 27 33 40 45 46 57 64 74 77 82 89 
0 2 9 14 27 33 40 45 46 57 64 74 78 82 89 
0 2 9 14 27 33 40 45 46 57 64 77 82 89 95 
0 4 9 12 17 22 35 47 53 58 61 66 73 85 
0 4 9 14 27 40 45 47 53 58 63 77 90 95 
