0 1 5 9 13 18 40 44 47 50 54 58 86 90 
0 1 5 9 13 40 44 47 50 54 58 62 90 94 
0 1 5 9 13 40 44 47 50 54 58 86 90 94 
0 1 5 9 14 18 36 40 47 50 54 67 82 86 
0 1 5 9 15 36 43 47 50 54 58 64 86 93 
0 1 5 9 15 36 43 47 50 54 64 82 86 93 
0 1 5 9 15 37 43 47 50 54 58 64 87 93 
0 1 5 9 16 37 43 47 50 54 58 65 87 93 
0 1 5 9 18 36 40 44 47 50 54 58 86 90 
0 1 5 9 18 36 40 44 47 50 54 82 86 90 
0 1 5 9 18 36 40 47 50 54 58 67 86 90 
0 1 5 9 18 36 40 47 50 54 67 82 86 90 
0 1 5 9 36 40 44 47 50 54 58 86 90 94 
0 1 5 9 36 40 44 47 50 54 82 86 90 94 
0 1 5 9 36 40 47 50 54 67 82 86 90 94 
0 1 5 12 16 33 43 47 50 54 61 65 83 93 
0 1 5 12 16 33 43 47 50 54 61 83 89 93 
0 1 5 12 16 33 44 47 50 54 61 65 83 94 
0 1 5 12 18 33 39 47 50 54 61 67 83 89 
0 1 5 12 18 33 40 44 47 50 54 61 83 90 
0 1 5 12 18 33 40 47 50 54 61 67 83 90 
0 1 5 12 33 40 44 47 50 54 61 83 90 94 
0 1 5 15 32 36 43 47 50 54 64 82 86 93 
0 1 5 18 32 36 40 44 47 50 54 82 86 90 
0 1 5 18 32 36 40 44 47 50 78 82 86 90 
0 1 5 18 32 36 40 47 50 54 67 82 86 90 
0 1 5 32 36 40 44 47 50 54 82 86 90 94 
0 1 5 32 36 40 44 47 50 78 82 86 90 94 
0 1 5 32 36 40 47 50 67 78 82 86 90 94 
0 1 7 13 28 34 40 44 47 50 56 62 78 84 90 94 
0 1 8 15 29 36 43 47 50 57 64 79 86 93 
0 1 28 32 36 40 44 47 50 78 82 86 90 94 
