0 1 8 12 26 31 36 47 50 57 61 76 81 86 
0 1 8 12 31 36 43 47 50 57 61 81 86 93 
0 1 8 12 31 36 43 47 50 57 62 81 86 93 
0 1 8 13 27 31 36 47 50 57 62 77 81 86 
0 1 8 13 27 31 36 47 50 57 62 77 82 86 
0 1 8 13 27 32 36 47 50 57 62 77 82 86 
0 1 8 13 31 36 43 47 50 57 62 81 86 93 
0 1 8 15 29 36 43 47 50 57 64 79 86 93 
0 1 11 31 36 40 45 47 50 59 81 86 90 95 
0 1 11 31 36 40 45 47 50 59 81 86 91 95 
0 1 12 26 31 36 40 47 50 61 76 81 86 90 
0 1 24 27 32 36 41 47 50 74 77 82 86 91 
0 1 27 31 36 41 45 47 50 77 81 86 91 95 
0 3 8 14 26 33 45 47 52 57 63 76 83 95 
0 3 8 14 26 33 45 47 52 57 64 76 83 95 
0 3 8 14 26 33 45 47 52 57 64 77 83 95 
0 3 8 15 24 27 33 47 52 57 64 77 84 95 
0 3 8 15 24 27 34 47 52 57 64 74 77 84 
0 3 8 15 24 27 34 47 52 57 64 77 84 95 
0 3 8 15 24 27 34 47 53 57 64 74 77 84 
0 3 8 15 24 27 34 47 53 57 64 77 84 95 
0 3 8 15 26 33 45 47 52 57 64 76 83 95 
0 3 8 15 26 33 45 47 52 57 64 76 84 95 
0 3 8 15 26 33 45 47 52 57 64 77 84 95 
0 3 8 15 26 34 45 47 52 57 64 76 84 95 
0 3 8 15 26 34 45 47 52 57 64 77 84 95 
0 3 8 15 26 34 45 47 53 57 64 76 84 95 
0 3 8 15 26 34 45 47 53 57 64 77 84 95 
0 3 8 15 27 34 45 47 52 57 64 77 84 95 
0 3 8 15 27 34 45 47 53 57 64 76 84 95 
0 3 11 14 33 41 45 47 52 59 63 83 91 95 
0 3 22 26 30 34 40 44 47 52 73 76 80 84 90 94 
