0 1 5 16 20 24 26 31 35 51 55 60 75 86 90 
0 1 5 16 20 24 26 31 35 51 55 60 81 85 90 
0 1 5 16 20 24 26 31 35 51 55 60 81 86 90 
0 1 5 16 20 24 26 31 35 51 56 60 75 86 90 
0 1 5 16 20 24 26 31 35 51 56 60 81 85 90 
0 1 5 16 20 24 26 31 35 51 56 60 81 86 90 
0 1 5 16 20 24 26 31 35 56 60 75 86 90 95 
0 1 5 16 20 24 26 31 35 56 60 75 86 91 95 
0 1 5 16 20 26 30 41 45 51 55 60 75 86 90 
0 1 5 16 20 26 30 41 45 51 55 60 81 85 90 
0 1 5 16 20 26 30 41 45 51 55 60 81 86 90 
0 1 5 16 24 26 31 35 46 51 55 60 75 86 90 
0 1 6 11 24 26 31 35 46 51 55 60 75 86 90 
0 1 6 11 24 26 31 35 46 51 56 60 75 86 90 
0 1 6 11 24 26 31 35 46 56 60 75 86 90 95 
0 1 6 16 24 26 31 35 46 51 55 60 75 86 90 
0 1 6 16 24 26 31 35 46 51 56 60 75 86 90 
0 1 6 16 24 26 31 35 46 56 60 75 86 90 95 
0 1 6 16 24 26 31 35 46 56 60 75 86 91 95 
0 1 6 17 24 26 31 35 46 51 55 60 75 86 90 
0 1 6 17 24 26 31 35 46 51 55 60 82 86 90 
0 1 6 17 24 26 31 35 46 51 56 60 75 86 90 
0 1 6 17 24 26 31 35 46 56 60 75 86 90 95 
0 1 6 17 24 26 31 35 46 56 60 75 86 91 95 
0 1 6 17 24 26 31 35 46 56 60 76 80 91 95 
0 1 6 17 24 26 31 35 46 56 60 76 86 91 95 
0 1 6 17 24 26 31 35 46 56 60 76 87 91 95 
0 1 6 17 24 26 31 35 46 56 60 82 86 91 95 
0 1 6 17 24 26 31 35 47 56 60 76 87 91 95 
0 1 12 16 20 24 26 30 41 51 55 60 81 85 90 
0 1 12 16 20 24 26 30 41 51 55 60 81 86 90 
0 1 12 16 20 24 26 30 41 51 56 60 81 85 90 
0 1 12 16 20 24 26 30 41 51 56 60 81 86 90 
0 1 12 16 20 24 26 31 35 51 55 60 81 85 90 
0 1 12 16 20 24 26 31 35 51 55 60 81 86 90 
0 1 12 16 20 24 26 31 41 51 55 60 81 85 90 
0 1 12 16 20 24 26 31 41 51 55 60 81 86 90 
0 1 12 16 20 24 26 31 41 51 56 60 81 85 90 
0 1 12 16 20 24 26 31 41 51 56 60 81 86 90 
0 1 12 16 20 24 26 31 42 51 55 60 81 85 90 
0 1 12 16 20 24 26 31 42 51 55 60 81 86 90 
0 1 12 16 20 24 26 31 42 51 56 60 81 85 90 
0 1 12 16 20 24 27 31 42 51 55 60 81 85 90 
0 1 12 16 24 26 30 41 46 51 55 60 81 86 90 
0 1 12 16 24 26 30 41 46 51 56 60 81 86 90 
0 1 12 16 24 26 30 41 51 56 60 77 81 86 90 
0 1 12 16 24 26 31 35 46 51 55 60 75 86 90 
0 1 12 16 24 26 31 35 46 51 55 60 81 86 90 
0 1 12 16 24 26 31 41 46 51 55 60 81 86 90 
0 1 12 16 24 27 31 42 46 51 56 60 82 86 91 
0 1 12 16 24 27 31 42 46 51 56 60 82 86 96 
0 1 12 16 24 27 31 42 51 56 60 77 81 86 96 
0 2 7 21 30 33 41 47 52 56 61 76 87 91 
0 3 7 18 22 33 37 47 52 56 67 73 83 87 
0 3 7 18 22 33 37 47 52 56 67 76 87 91 
0 3 7 18 22 33 37 47 52 56 67 83 87 91 
