0 1 5 9 13 17 43 49 52 56 60 64 95 
0 1 5 9 13 17 45 49 52 56 60 64 93 
0 1 5 9 13 20 39 43 49 52 56 60 91 
0 1 5 9 13 20 39 43 52 56 60 73 91 
0 1 5 9 13 20 39 49 52 56 60 67 91 
0 1 5 9 13 20 41 49 52 56 60 64 93 
0 1 5 9 13 20 41 49 52 56 60 67 89 
0 1 5 9 13 20 41 49 52 56 60 89 93 
0 1 5 9 13 20 41 52 56 60 73 89 93 
0 1 5 9 13 41 45 49 52 56 60 89 93 
0 1 5 9 16 20 35 39 49 52 56 67 87 
0 1 5 9 16 20 35 39 52 56 67 73 87 
0 1 5 9 16 20 35 49 52 56 63 67 87 
0 1 5 9 16 20 35 52 56 63 67 73 87 
0 1 5 9 16 20 37 52 56 67 73 85 89 
0 1 5 9 20 35 39 49 52 56 67 87 91 
0 1 5 9 20 37 41 49 52 56 60 89 93 
0 1 5 9 20 37 41 49 52 56 67 85 89 
0 1 5 9 20 37 41 49 52 56 85 89 93 
0 1 5 9 20 37 41 52 56 73 85 89 93 
0 1 6 13 20 27 34 41 57 64 73 79 86 93 
0 1 6 13 20 27 34 43 57 64 73 79 86 91 
0 1 6 13 20 27 36 41 57 64 73 79 84 93 
0 1 6 13 20 29 34 41 57 64 73 77 86 93 
0 1 6 13 20 29 36 41 57 64 73 77 84 93 
0 1 6 13 20 29 36 43 57 64 73 77 84 91 
0 1 6 15 20 27 34 43 57 62 73 79 86 91 
0 1 6 15 20 27 36 41 57 62 73 79 84 93 
0 1 6 15 20 29 34 43 57 62 73 77 86 91 
0 3 7 12 16 20 22 35 50 54 63 67 83 
0 3 7 12 16 20 26 35 49 54 63 67 83 
0 3 7 12 16 20 35 49 50 54 63 67 83 
0 3 7 15 20 21 22 43 50 54 58 62 91 
0 3 7 15 21 26 43 49 54 58 62 91 95 
0 3 7 16 20 22 35 39 50 54 58 67 87 
0 3 7 16 20 22 35 39 50 54 67 83 87 
0 3 7 16 20 22 35 50 54 63 67 83 87 
