0 1 5 15 19 21 27 31 45 53 57 61 84 88 92 
0 1 5 15 19 21 27 31 45 57 61 65 84 88 92 
0 1 5 19 21 27 31 45 57 61 65 78 84 88 92 
0 1 5 19 21 31 39 45 57 61 65 78 84 88 92 
0 1 15 19 21 27 31 41 45 53 57 61 80 84 88 
0 2 6 11 17 28 32 36 46 54 62 73 75 89 94 
0 2 6 11 17 28 32 36 46 54 62 73 75 90 94 
0 2 6 11 17 28 32 36 46 62 67 73 75 90 94 
0 2 6 11 17 28 32 36 46 63 67 73 75 90 94 
0 2 6 11 17 28 32 36 54 62 73 75 83 89 94 
0 2 6 11 17 28 32 36 54 62 73 75 83 90 94 
0 2 6 11 17 28 32 36 54 63 73 75 83 90 94 
0 2 6 11 17 28 32 36 62 67 73 75 83 90 94 
0 2 6 11 17 28 32 36 63 67 73 75 83 90 94 
0 2 6 11 17 28 32 37 46 63 67 73 75 90 94 
0 2 6 11 17 28 32 37 54 63 73 75 83 90 94 
0 2 6 11 17 28 36 45 56 62 67 73 75 83 90 
0 2 6 11 17 28 36 45 56 63 67 73 75 83 90 
0 2 6 11 26 32 36 41 46 52 67 73 75 79 94 
0 2 6 11 26 32 36 41 52 67 73 75 79 83 94 
0 2 6 11 28 32 36 46 54 62 73 75 79 89 94 
0 2 6 11 28 32 36 46 62 66 73 75 79 89 94 
0 2 6 11 28 32 36 46 62 67 73 75 79 90 94 
0 2 6 11 28 32 36 46 63 67 73 75 79 90 94 
0 2 6 11 28 32 36 54 62 73 75 79 83 89 94 
0 2 6 11 28 32 36 62 66 73 75 79 83 89 94 
0 2 6 11 32 36 40 46 52 62 66 73 75 79 94 
0 2 6 11 32 36 40 46 52 62 67 73 75 79 94 
0 2 6 11 32 36 40 46 62 66 73 75 79 89 94 
0 2 6 11 32 36 40 52 62 66 73 75 79 83 94 
0 2 6 11 32 36 41 63 67 73 75 79 83 90 94 
