0 1 6 16 19 27 32 45 56 61 66 79 84 89 94 
0 1 6 16 19 27 40 45 51 56 61 66 79 84 89 
0 1 6 16 19 27 40 45 56 61 66 79 84 89 94 
0 1 6 16 21 27 32 37 46 53 58 73 76 88 93 
0 1 6 16 21 27 32 37 46 53 66 73 76 88 93 
0 1 6 16 21 27 32 37 46 53 66 73 83 88 93 
0 1 6 16 21 27 32 37 46 54 59 71 76 89 94 
0 1 6 16 21 27 32 37 46 61 66 71 76 89 94 
0 1 6 16 21 27 32 45 46 53 58 73 83 88 93 
0 1 6 16 21 27 37 40 51 61 66 73 78 83 88 
0 5 10 11 15 27 32 37 54 59 71 77 82 87 
0 5 10 11 15 27 32 44 54 59 71 77 82 87 
0 5 10 11 27 32 37 47 54 59 71 77 82 87 
