0 1 5 9 15 20 26 35 41 45 49 52 78 89 96 
0 1 5 9 15 20 26 41 45 49 52 78 89 93 96 
0 1 5 9 16 20 24 26 31 35 41 49 52 78 96 
0 1 5 9 16 20 24 26 31 41 49 52 78 93 96 
0 1 5 9 16 20 24 26 35 41 49 52 78 89 96 
0 1 5 9 16 20 24 26 41 49 52 78 89 93 96 
0 1 5 9 16 20 24 27 31 35 39 49 52 78 83 
0 1 5 9 16 20 24 27 31 35 39 52 65 78 83 
0 1 5 9 16 20 24 27 31 35 41 49 52 78 96 
0 1 5 9 16 20 24 27 31 35 49 52 73 79 83 
0 1 5 9 16 20 24 27 31 35 49 52 78 83 96 
0 1 5 9 16 20 24 27 31 39 49 52 78 83 93 
0 1 5 9 16 20 24 27 31 39 52 65 78 83 93 
0 1 5 9 16 20 24 27 31 41 49 52 78 93 96 
0 1 5 9 16 20 24 27 35 41 49 52 78 89 96 
0 1 5 9 16 20 24 27 35 49 52 73 79 83 89 
0 1 5 9 16 20 24 27 39 49 52 78 83 89 93 
0 1 5 9 16 24 27 31 35 49 52 61 73 78 83 
0 1 5 9 16 24 27 31 35 49 52 61 73 79 83 
0 1 5 9 16 24 27 35 49 52 61 73 78 83 89 
0 1 5 9 16 24 27 35 49 52 61 73 79 83 89 
0 1 5 9 18 31 35 39 49 52 56 61 78 83 87 
0 1 5 9 18 31 35 49 52 56 61 73 78 83 87 
0 1 5 9 18 31 35 49 52 56 61 73 79 83 87 
0 1 5 9 20 24 26 31 35 41 49 52 56 78 96 
0 1 5 9 20 24 26 31 35 49 52 56 73 78 83 
0 1 5 9 20 24 26 31 35 49 52 56 73 79 83 
0 1 5 9 20 24 26 31 35 49 52 56 78 82 96 
0 1 5 9 20 24 26 31 35 49 52 56 78 83 96 
0 1 5 9 20 24 26 31 41 49 52 56 78 93 96 
0 1 5 9 20 24 26 31 49 52 56 73 78 83 93 
0 1 5 9 20 24 26 31 49 52 56 78 83 93 96 
0 1 5 9 20 24 27 31 35 49 52 56 73 78 83 
0 1 5 9 20 24 27 31 35 49 52 56 78 83 96 
0 1 5 9 20 24 27 31 35 49 52 57 78 83 96 
0 1 5 9 20 24 27 31 49 52 56 73 78 83 93 
0 1 5 9 20 24 27 31 49 52 56 78 83 93 96 
0 1 5 9 20 24 31 35 49 52 57 78 82 85 96 
0 1 5 9 20 26 30 35 39 45 49 52 56 78 83 
0 1 5 9 20 26 30 35 41 45 49 52 56 78 96 
0 1 5 9 20 26 30 35 45 49 52 56 73 78 83 
0 1 5 9 20 26 30 35 45 49 52 56 73 79 83 
0 1 5 9 20 26 30 35 45 49 52 56 78 83 96 
0 1 5 9 20 26 30 41 45 49 52 56 78 93 96 
0 1 5 9 20 26 30 45 49 52 56 78 83 93 96 
0 1 5 9 20 26 31 35 39 49 52 56 78 83 87 
0 1 5 9 20 26 31 35 39 52 56 65 78 83 87 
0 1 5 9 20 26 31 35 41 45 49 52 56 78 96 
0 1 5 9 20 26 31 35 45 49 52 56 73 79 83 
0 1 5 9 20 26 31 35 45 49 52 56 78 83 96 
0 1 5 9 20 26 31 35 49 52 56 78 83 87 96 
0 1 5 9 20 26 31 39 45 49 52 56 78 83 93 
0 1 5 9 20 26 31 39 45 52 56 65 78 83 93 
0 1 5 9 20 26 31 39 52 56 65 78 83 87 93 
0 1 5 9 20 26 35 39 45 49 52 56 78 83 89 
0 2 9 16 24 27 34 39 46 52 64 78 83 90 95 
