0 1 5 10 31 35 44 49 54 60 69 74 85 
0 1 5 10 31 35 44 49 54 60 70 74 85 
0 1 5 10 31 35 44 49 60 65 69 74 85 
0 1 5 10 31 35 44 49 60 65 70 74 85 
0 1 5 10 31 35 44 59 64 65 69 74 85 
0 1 5 10 31 35 44 59 64 65 69 80 84 
0 1 5 10 31 35 44 59 64 65 69 80 85 
0 1 5 10 31 35 44 59 64 65 70 74 85 
0 1 5 10 31 35 44 60 64 65 69 74 85 
0 1 5 10 31 35 44 60 64 65 69 80 84 
0 1 5 10 31 35 44 60 64 65 70 74 85 
0 1 5 14 19 31 35 49 54 60 70 74 79 
0 1 5 14 19 31 35 49 54 60 70 74 85 
0 1 5 14 19 31 35 49 54 60 70 75 79 
0 1 5 14 19 31 35 49 60 65 70 74 85 
0 1 5 16 31 35 44 54 60 64 70 81 85 
0 1 5 16 31 35 44 59 64 65 70 80 85 
0 1 5 16 31 35 44 59 64 65 70 81 85 
0 1 5 16 31 35 44 60 64 65 70 81 85 
0 1 5 16 31 35 59 64 65 70 81 85 87 
0 1 5 19 31 35 44 59 64 65 70 74 85 
