0 1 6 13 18 25 32 39 48 56 70 77 85 
0 1 6 13 18 25 32 39 48 56 70 78 85 
0 1 6 13 18 25 32 39 48 56 70 78 86 
0 1 6 13 18 25 32 39 48 56 71 78 85 
0 1 6 13 18 25 32 39 48 56 71 78 86 
0 1 6 13 18 25 32 39 48 56 71 79 86 
0 1 6 13 18 25 32 39 49 56 65 70 75 82 
0 1 6 13 18 25 32 39 49 56 65 70 77 82 
0 1 6 13 18 25 32 39 49 56 67 70 75 82 
0 1 6 13 18 25 32 39 49 56 67 71 79 
0 1 6 13 18 25 32 39 49 56 70 78 86 
0 1 6 13 18 25 32 39 49 56 71 78 86 
0 1 6 13 18 25 32 39 49 56 71 79 86 
0 1 6 13 18 25 32 39 49 57 65 70 75 82 
0 1 6 13 18 25 32 39 49 57 65 70 77 82 
0 1 6 13 18 25 32 39 49 57 67 70 75 82 
0 1 6 13 18 25 32 39 49 57 67 71 79 
0 1 6 13 18 25 32 39 49 57 70 78 86 
0 1 6 13 18 25 32 39 49 57 71 78 86 
0 1 6 13 18 25 32 39 49 57 71 79 86 
0 1 6 13 18 25 32 39 50 54 57 70 75 82 
0 1 6 13 18 25 32 39 50 54 57 70 75 83 
0 1 6 13 18 25 32 39 50 54 57 70 77 82 
0 1 6 13 18 25 32 39 50 54 57 70 78 83 
0 1 6 13 18 25 32 39 50 54 57 71 76 83 
0 1 6 13 18 25 32 39 50 54 57 71 78 83 
0 1 6 13 18 25 32 39 50 57 66 70 75 83 
0 1 6 13 18 25 32 39 50 57 66 71 76 83 
0 1 6 13 18 25 32 39 50 57 67 70 75 82 
0 1 6 13 18 25 32 39 50 57 67 71 79 
0 1 6 13 18 25 32 39 51 56 65 70 75 82 
0 1 6 13 18 25 32 39 51 56 65 70 77 82 
0 1 6 13 18 25 32 39 51 56 65 70 77 84 
0 1 6 13 18 25 32 39 51 56 65 71 76 84 
0 1 6 13 18 25 32 39 51 56 66 70 75 83 
0 1 6 13 18 25 32 39 51 56 66 71 76 83 
0 1 6 13 18 25 32 39 52 54 57 70 75 82 
0 1 6 13 18 25 32 39 52 54 57 70 75 83 
0 1 6 13 18 25 32 39 52 54 57 70 77 82 
0 1 6 13 18 25 32 39 52 54 57 71 78 83 
0 1 6 13 18 25 32 39 52 54 57 71 78 85 
0 1 6 13 18 25 32 39 52 57 65 71 76 84 
0 1 6 13 18 25 33 38 48 56 70 77 85 
0 1 6 13 18 25 33 38 48 56 70 78 85 
0 1 6 13 18 25 33 38 48 56 70 78 86 
0 1 6 13 18 25 33 38 48 56 71 78 85 
0 1 6 13 18 25 33 38 48 56 71 78 86 
0 1 6 13 18 25 33 38 48 56 71 79 86 
0 1 6 13 18 25 33 38 49 56 65 70 75 82 
0 1 6 13 18 25 33 38 49 56 65 70 77 82 
0 1 6 13 18 25 33 38 49 56 67 70 75 82 
0 1 6 13 18 25 33 38 49 56 67 71 79 
0 1 6 13 18 25 33 38 49 56 70 78 86 
0 1 6 13 18 25 33 38 49 56 71 78 86 
0 1 6 13 18 25 33 38 49 56 71 79 86 
0 1 6 13 18 25 33 38 49 57 65 70 75 82 
0 1 6 13 18 25 33 38 49 57 65 70 77 82 
0 1 6 13 18 25 33 38 49 57 67 70 75 82 
0 1 6 13 18 25 33 38 49 57 67 71 79 
0 1 6 13 18 25 33 38 49 57 70 78 86 
0 1 6 13 18 25 33 38 49 57 71 78 86 
0 1 6 13 18 25 33 38 49 57 71 79 86 
0 1 6 13 18 25 33 38 50 54 57 70 75 82 
0 1 6 13 18 25 33 38 50 54 57 70 75 83 
0 1 6 13 18 25 33 38 50 54 57 70 77 82 
0 1 6 13 18 25 33 38 50 54 57 70 78 83 
0 1 6 13 18 25 33 38 50 54 57 71 76 83 
0 1 6 13 18 25 33 38 50 54 57 71 78 83 
0 1 6 13 18 25 33 38 50 57 66 70 75 83 
0 1 6 13 18 25 33 38 50 57 67 70 75 82 
0 1 6 13 18 25 33 38 50 57 67 71 79 
0 1 6 13 18 25 33 38 51 56 65 70 77 82 
0 1 6 13 18 25 33 38 51 56 65 71 76 84 
0 1 6 13 18 25 33 38 51 56 66 70 75 83 
0 1 6 13 18 25 33 38 51 56 66 71 76 83 
0 1 6 13 18 25 33 38 52 54 57 70 75 82 
0 1 6 13 18 25 33 38 52 54 57 70 75 83 
0 1 6 13 18 25 33 38 52 54 57 70 77 82 
0 1 6 13 18 25 33 38 52 54 57 71 78 83 
0 1 6 13 18 25 33 38 52 54 57 71 78 85 
0 1 6 13 18 27 32 39 46 51 59 70 75 83 
0 1 6 13 18 27 32 39 46 51 59 70 77 84 
0 1 6 13 18 27 32 39 46 51 59 71 76 83 
0 1 6 13 18 27 32 39 46 51 59 71 79 84 
0 1 6 13 18 27 32 39 47 52 59 70 77 84 
0 1 6 13 18 27 32 39 47 52 59 70 77 85 
0 1 6 13 18 27 32 39 47 52 59 70 78 85 
0 1 6 13 18 27 32 39 47 52 59 71 78 85 
0 1 6 13 18 27 32 39 47 52 59 71 79 84 
0 1 6 13 18 27 32 39 48 56 70 77 85 
0 1 6 13 18 27 32 39 48 56 70 78 85 
0 1 6 13 18 27 32 39 48 56 70 78 86 
0 1 6 13 18 27 32 39 48 56 71 78 85 
0 1 6 13 18 27 32 39 48 56 71 78 86 
0 1 6 13 18 27 32 39 48 56 71 79 86 
0 1 6 13 18 27 32 39 49 56 65 70 75 82 
0 1 6 13 18 27 32 39 49 56 65 70 77 82 
0 1 6 13 18 27 32 39 49 56 67 70 75 82 
0 1 6 13 18 27 32 39 49 56 67 71 79 
0 1 6 13 18 27 32 39 49 56 70 78 86 
0 1 6 13 18 27 32 39 49 56 71 78 86 
0 1 6 13 18 27 32 39 49 56 71 79 86 
0 1 6 13 18 27 32 39 49 57 65 70 75 82 
0 1 6 13 18 27 32 39 49 57 65 70 77 82 
0 1 6 13 18 27 32 39 49 57 67 70 75 82 
0 1 6 13 18 27 32 39 49 57 67 71 79 
0 1 6 13 18 27 32 39 49 57 70 78 86 
0 1 6 13 18 27 32 39 49 57 71 78 86 
0 1 6 13 18 27 32 39 49 57 71 79 86 
0 1 6 13 18 27 32 39 50 54 57 70 75 82 
0 1 6 13 18 27 32 39 50 54 57 70 75 83 
0 1 6 13 18 27 32 39 50 54 57 70 77 82 
0 1 6 13 18 27 32 39 50 54 57 71 76 83 
0 1 6 13 18 27 32 39 50 57 66 70 75 83 
0 1 6 13 18 27 32 39 50 57 66 71 76 83 
0 1 6 13 18 27 32 39 50 57 67 70 75 82 
0 1 6 13 18 27 32 39 50 57 67 71 79 
0 1 6 13 18 27 32 39 51 56 65 70 77 82 
0 1 6 13 18 27 32 39 51 56 66 71 76 83 
0 1 6 13 18 27 32 39 52 54 57 70 75 82 
0 1 6 13 18 27 32 39 52 54 57 70 75 83 
0 1 6 13 18 27 32 39 52 54 57 70 77 82 
0 1 6 13 18 27 32 39 52 54 57 70 77 85 
0 1 6 13 18 27 32 39 52 54 57 70 78 83 
0 1 6 13 18 27 32 39 52 54 57 70 78 85 
0 1 6 13 18 27 32 39 52 54 57 71 76 83 
0 1 6 13 18 27 32 39 52 54 57 71 78 83 
0 1 6 13 18 27 32 39 52 54 59 70 77 82 
0 1 6 13 18 27 32 39 52 57 65 70 75 82 
0 1 6 13 18 27 34 39 46 51 59 70 75 83 
0 1 6 13 18 27 34 39 46 51 59 70 77 84 
0 1 6 13 18 27 34 39 46 51 59 70 78 83 
0 1 6 13 18 27 34 39 46 51 59 71 76 83 
0 1 6 13 18 27 34 39 46 51 59 71 76 84 
0 1 6 13 18 27 34 39 46 51 59 71 78 83 
0 1 6 13 18 27 34 39 46 51 59 71 79 84 
0 1 6 13 18 27 34 39 48 56 70 77 85 
0 1 6 13 18 27 34 39 48 56 70 78 85 
0 1 6 13 18 27 34 39 48 56 70 78 86 
0 1 6 13 18 27 34 39 48 56 71 78 85 
0 1 6 13 18 27 34 39 48 56 71 78 86 
0 1 6 13 18 27 34 39 48 56 71 79 86 
0 1 6 13 18 27 34 39 49 56 67 70 75 82 
0 1 6 13 18 27 34 39 49 56 67 71 79 
0 1 6 13 18 27 34 39 49 56 70 78 86 
0 1 6 13 18 27 34 39 49 56 71 78 86 
0 1 6 13 18 27 34 39 49 56 71 79 86 
0 1 6 13 18 27 34 39 49 57 65 70 75 82 
0 1 6 13 18 27 34 39 49 57 67 70 75 82 
0 1 6 13 18 27 34 39 49 57 67 71 79 
0 1 6 13 18 27 34 39 49 57 70 78 86 
0 1 6 13 18 27 34 39 49 57 71 78 86 
0 1 6 13 18 27 34 39 49 57 71 79 86 
0 1 6 13 18 27 34 39 50 54 57 70 75 82 
0 1 6 13 18 27 34 39 50 54 57 70 75 83 
0 1 6 13 18 27 34 39 50 54 57 70 78 83 
0 1 6 13 18 27 34 39 50 54 57 71 76 83 
0 1 6 13 18 27 34 39 50 54 57 71 78 83 
0 1 6 13 18 27 34 39 50 57 66 70 75 83 
0 1 6 13 18 27 34 39 50 57 66 71 76 83 
0 1 6 13 18 27 34 39 50 57 67 70 75 82 
0 1 6 13 18 27 34 39 50 57 67 71 79 
0 1 6 13 18 27 34 39 51 56 66 71 76 83 
0 1 6 13 18 27 34 39 51 59 66 70 75 83 
0 1 6 13 18 27 34 39 51 59 66 71 76 83 
0 1 6 13 25 32 39 44 48 56 66 72 80 
0 1 6 13 25 32 39 44 48 56 66 73 80 
0 1 6 13 25 32 39 44 48 56 66 73 81 
0 1 6 13 25 32 39 44 48 56 70 77 85 
0 1 6 13 25 32 39 44 48 56 70 78 85 
0 1 6 13 25 32 39 44 48 56 70 78 86 
0 1 6 13 25 32 39 44 48 56 72 77 85 
0 1 6 13 25 32 39 44 48 56 72 79 86 
0 1 6 13 25 32 39 44 48 56 72 80 85 
0 1 6 13 25 32 39 44 48 56 73 78 85 
0 1 6 13 25 32 39 44 48 56 73 78 86 
0 1 6 13 25 32 39 44 48 56 73 80 85 
0 1 6 13 25 32 39 44 48 56 73 81 86 
0 1 6 13 25 32 39 44 49 56 65 73 81 
0 1 6 13 25 32 39 44 49 56 67 72 79 
0 1 6 13 25 32 39 44 49 56 67 72 80 
0 1 6 13 25 32 39 44 49 56 67 73 80 
0 1 6 13 25 32 39 44 49 56 70 78 86 
0 1 6 13 25 32 39 44 49 56 72 79 86 
0 1 6 13 25 32 39 44 49 56 73 78 86 
0 1 6 13 25 32 39 44 49 56 73 81 86 
0 1 6 13 25 32 39 44 49 57 65 73 81 
0 1 6 13 25 32 39 44 49 57 67 72 79 
0 1 6 13 25 32 39 44 49 57 67 72 80 
0 1 6 13 25 32 39 44 49 57 67 73 80 
0 1 6 13 25 32 39 44 49 57 70 78 86 
0 1 6 13 25 32 39 44 49 57 72 79 86 
0 1 6 13 25 32 39 44 49 57 73 78 86 
0 1 6 13 25 32 39 44 49 57 73 81 86 
0 1 6 13 25 32 39 44 50 57 66 72 80 
0 1 6 13 25 32 39 44 50 57 66 73 80 
0 1 6 13 25 32 39 44 50 57 66 73 81 
0 1 6 13 25 32 39 44 50 57 67 73 80 
0 1 6 13 25 32 39 44 51 56 65 73 81 
0 1 6 13 25 32 39 44 51 56 66 72 80 
0 1 6 13 25 32 39 44 51 56 66 73 80 
0 1 6 13 25 32 39 44 51 56 66 73 81 
0 1 6 13 25 32 39 48 56 66 73 80 87 
0 1 6 13 25 32 39 48 56 66 73 81 87 
0 1 6 13 25 32 39 48 56 66 74 81 87 
0 1 6 13 25 32 39 48 56 71 78 85 87 
0 1 6 13 25 32 39 48 56 71 78 86 87 
0 1 6 13 25 32 39 48 56 71 79 86 87 
0 1 6 13 25 32 39 48 56 73 78 85 87 
0 1 6 13 25 32 39 48 56 73 78 86 87 
0 1 6 13 25 32 39 48 56 73 80 85 87 
0 1 6 13 25 32 39 48 56 73 81 86 87 
0 1 6 13 25 32 39 48 56 74 79 86 87 
0 1 6 13 25 32 39 48 56 74 81 86 87 
0 1 6 13 25 32 39 49 56 65 73 81 87 
0 1 6 13 25 32 39 49 56 65 74 81 87 
0 1 6 13 25 32 39 49 56 65 74 82 87 
0 1 6 13 25 32 39 49 56 67 71 79 87 
0 1 6 13 25 32 39 49 56 67 73 80 87 
0 1 6 13 25 32 39 49 56 67 74 79 87 
0 1 6 13 25 32 39 49 56 67 74 82 87 
0 1 6 13 25 32 39 49 56 71 78 86 87 
0 1 6 13 25 32 39 49 56 71 79 86 87 
0 1 6 13 25 32 39 49 56 73 78 86 87 
0 1 6 13 25 32 39 49 56 73 81 86 87 
0 1 6 13 25 32 39 49 56 74 79 86 87 
0 1 6 13 25 32 39 49 56 74 81 86 87 
0 1 6 13 25 32 39 49 57 65 73 81 87 
0 1 6 13 25 32 39 49 57 65 74 81 87 
0 1 6 13 25 32 39 49 57 65 74 82 87 
0 1 6 13 25 32 39 49 57 67 73 80 87 
0 1 6 13 25 32 39 49 57 67 74 79 87 
0 1 6 13 25 32 39 49 57 67 74 82 87 
0 1 6 13 25 32 39 49 57 74 79 86 87 
0 1 6 13 25 32 39 51 56 65 73 81 87 
0 1 6 13 25 32 39 51 56 65 74 81 87 
0 1 6 13 25 32 39 51 56 65 74 82 87 
0 1 6 13 25 32 39 51 56 66 73 80 87 
0 1 6 13 25 32 39 51 56 66 73 81 87 
0 1 6 13 25 32 39 51 56 66 74 81 87 
0 1 6 13 25 33 38 44 48 56 66 72 80 
0 1 6 13 25 33 38 44 48 56 66 73 80 
0 1 6 13 25 33 38 44 48 56 66 73 81 
0 1 6 13 25 33 38 44 48 56 70 77 85 
0 1 6 13 25 33 38 44 48 56 70 78 85 
0 1 6 13 25 33 38 44 48 56 70 78 86 
0 1 6 13 25 33 38 44 48 56 72 77 85 
0 1 6 13 25 33 38 44 48 56 72 79 86 
0 1 6 13 25 33 38 44 48 56 72 80 85 
0 1 6 13 25 33 38 44 48 56 73 78 85 
0 1 6 13 25 33 38 44 48 56 73 78 86 
0 1 6 13 25 33 38 44 48 56 73 80 85 
0 1 6 13 25 33 38 44 48 56 73 81 86 
0 1 6 13 25 33 38 44 49 56 65 73 81 
0 1 6 13 25 33 38 44 49 56 67 72 79 
0 1 6 13 25 33 38 44 49 56 67 72 80 
0 1 6 13 25 33 38 44 49 56 67 73 80 
0 1 6 13 25 33 38 44 49 56 70 78 86 
0 1 6 13 25 33 38 44 49 56 72 79 86 
0 1 6 13 25 33 38 44 49 56 73 78 86 
0 1 6 13 25 33 38 44 49 56 73 81 86 
0 1 6 13 25 33 38 44 49 57 65 73 81 
0 1 6 13 25 33 38 44 49 57 67 72 79 
0 1 6 13 25 33 38 44 49 57 67 72 80 
0 1 6 13 25 33 38 44 49 57 67 73 80 
0 1 6 13 25 33 38 44 49 57 70 78 86 
0 1 6 13 25 33 38 44 49 57 72 79 86 
0 1 6 13 25 33 38 44 49 57 73 78 86 
0 1 6 13 25 33 38 44 49 57 73 81 86 
0 1 6 13 25 33 38 44 50 54 57 70 77 82 
0 1 6 13 25 33 38 44 50 57 66 72 80 
0 1 6 13 25 33 38 44 50 57 66 73 80 
0 1 6 13 25 33 38 44 50 57 66 73 81 
0 1 6 13 25 33 38 44 50 57 67 73 80 
0 1 6 13 25 33 38 44 51 56 65 70 77 82 
0 1 6 13 25 33 38 44 51 56 65 73 81 
0 1 6 13 25 33 38 44 51 56 66 72 80 
0 1 6 13 25 33 38 44 51 56 66 73 80 
0 1 6 13 25 33 38 44 51 56 66 73 81 
0 1 6 13 25 33 38 48 56 66 73 80 87 
0 1 6 13 25 33 38 48 56 66 73 81 87 
0 1 6 13 25 33 38 48 56 66 74 81 87 
0 1 6 13 25 33 38 48 56 71 78 85 87 
0 1 6 13 25 33 38 48 56 71 78 86 87 
0 1 6 13 25 33 38 48 56 71 79 86 87 
0 1 6 13 25 33 38 48 56 73 78 85 87 
0 1 6 13 25 33 38 48 56 73 78 86 87 
0 1 6 13 25 33 38 48 56 73 80 85 87 
0 1 6 13 25 33 38 48 56 73 81 86 87 
0 1 6 13 25 33 38 48 56 74 79 86 87 
0 1 6 13 25 33 38 48 56 74 81 86 87 
0 1 6 13 25 33 38 49 56 65 73 81 87 
0 1 6 13 25 33 38 49 56 65 74 81 87 
0 1 6 13 25 33 38 49 56 65 74 82 87 
0 1 6 13 25 33 38 49 56 67 71 79 87 
0 1 6 13 25 33 38 49 56 67 73 80 87 
0 1 6 13 25 33 38 49 56 67 74 79 87 
0 1 6 13 25 33 38 49 56 67 74 82 87 
0 1 6 13 25 33 38 49 56 71 78 86 87 
0 1 6 13 25 33 38 49 56 71 79 86 87 
0 1 6 13 25 33 38 49 56 73 78 86 87 
0 1 6 13 25 33 38 49 56 73 81 86 87 
0 1 6 13 25 33 38 49 56 74 79 86 87 
0 1 6 13 25 33 38 49 56 74 81 86 87 
0 1 6 13 25 33 38 49 57 65 73 81 87 
0 1 6 13 25 33 38 49 57 65 74 81 87 
0 1 6 13 25 33 38 49 57 65 74 82 87 
0 1 6 13 25 33 38 49 57 67 73 80 87 
0 1 6 13 25 33 38 49 57 67 74 79 87 
0 1 6 13 25 33 38 49 57 67 74 82 87 
0 1 6 13 25 33 38 49 57 74 79 86 87 
0 1 6 13 25 33 38 51 56 65 73 81 87 
0 1 6 13 25 33 38 51 56 66 73 80 87 
0 1 6 13 25 33 38 51 56 66 73 81 87 
0 1 6 13 25 33 38 51 56 66 74 81 87 
0 1 6 13 27 32 39 44 48 56 66 72 80 
0 1 6 13 27 32 39 44 48 56 66 73 80 
0 1 6 13 27 32 39 44 48 56 66 73 81 
0 1 6 13 27 32 39 44 48 56 70 77 85 
0 1 6 13 27 32 39 44 48 56 70 78 85 
0 1 6 13 27 32 39 44 48 56 70 78 86 
0 1 6 13 27 32 39 44 48 56 72 79 86 
0 1 6 13 27 32 39 44 48 56 72 80 85 
0 1 6 13 27 32 39 44 48 56 73 78 85 
0 1 6 13 27 32 39 44 48 56 73 78 86 
0 1 6 13 27 32 39 44 48 56 73 80 85 
0 1 6 13 27 32 39 44 48 56 73 81 86 
0 1 6 13 27 32 39 44 49 56 65 73 81 
0 1 6 13 27 32 39 44 49 56 67 72 79 
0 1 6 13 27 32 39 44 49 56 67 72 80 
0 1 6 13 27 32 39 44 49 56 67 73 80 
0 1 6 13 27 32 39 44 49 56 70 78 86 
0 1 6 13 27 32 39 44 49 56 72 79 86 
0 1 6 13 27 32 39 44 49 56 73 78 86 
0 1 6 13 27 32 39 44 49 56 73 81 86 
0 1 6 13 27 32 39 44 49 57 65 73 81 
0 1 6 13 27 32 39 44 49 57 67 72 79 
0 1 6 13 27 32 39 44 49 57 67 72 80 
0 1 6 13 27 32 39 44 49 57 67 73 80 
0 1 6 13 27 32 39 44 49 57 70 78 86 
0 1 6 13 27 32 39 44 49 57 72 79 86 
0 1 6 13 27 32 39 44 49 57 73 81 86 
0 1 6 13 27 32 39 44 50 57 66 72 80 
0 1 6 13 27 32 39 44 50 57 67 72 80 
0 1 6 13 27 32 39 44 51 56 65 73 81 
0 1 6 13 27 32 39 44 51 56 66 72 80 
0 1 6 13 27 32 39 44 51 56 66 73 80 
0 1 6 13 27 32 39 44 51 56 66 73 81 
0 1 6 13 27 32 39 44 52 54 57 70 78 83 
0 1 6 13 27 32 39 48 56 66 73 80 87 
0 1 6 13 27 32 39 48 56 66 73 81 87 
0 1 6 13 27 32 39 48 56 66 74 81 87 
0 1 6 13 27 32 39 48 56 71 78 85 87 
0 1 6 13 27 32 39 48 56 71 78 86 87 
0 1 6 13 27 32 39 48 56 71 79 86 87 
0 1 6 13 27 32 39 48 56 73 78 85 87 
0 1 6 13 27 32 39 48 56 73 78 86 87 
0 1 6 13 27 32 39 48 56 73 80 85 87 
0 1 6 13 27 32 39 48 56 73 81 86 87 
0 1 6 13 27 32 39 48 56 74 81 86 87 
0 1 6 13 27 32 39 49 56 65 73 81 87 
0 1 6 13 27 32 39 49 56 67 71 79 87 
0 1 6 13 27 32 39 49 56 67 73 80 87 
0 1 6 13 27 32 39 49 56 71 78 86 87 
0 1 6 13 27 32 39 49 56 71 79 86 87 
0 1 6 13 27 32 39 49 56 73 81 86 87 
0 1 6 13 27 34 39 44 46 51 59 72 79 84 
0 1 6 13 27 34 39 44 48 56 66 72 80 
0 1 6 13 27 34 39 44 48 56 66 73 80 
0 1 6 13 27 34 39 44 48 56 66 73 81 
0 1 6 13 27 34 39 44 48 56 70 78 85 
0 1 6 13 27 34 39 44 48 56 70 78 86 
0 1 6 13 27 34 39 44 48 56 72 79 86 
0 1 6 13 27 34 39 44 48 56 72 80 85 
0 1 6 13 27 34 39 44 48 56 73 78 85 
0 1 6 13 27 34 39 44 48 56 73 78 86 
0 1 6 13 27 34 39 44 48 56 73 80 85 
0 1 6 13 27 34 39 44 49 56 67 72 79 
0 1 6 13 27 34 39 44 49 56 67 72 80 
0 1 6 13 27 34 39 44 49 56 67 73 80 
0 1 6 13 27 34 39 44 49 56 70 78 86 
0 1 6 13 27 34 39 44 49 56 72 79 86 
0 1 6 13 27 34 39 44 49 56 73 78 86 
0 1 6 13 27 34 39 44 49 57 67 72 79 
0 1 6 13 27 34 39 44 49 57 67 72 80 
0 1 6 13 27 34 39 44 49 57 70 78 86 
0 1 6 13 27 34 39 44 49 57 72 79 86 
0 1 6 13 27 34 39 44 49 57 73 78 86 
0 1 6 13 27 34 39 44 50 57 67 72 79 
0 1 6 13 27 34 39 46 51 59 71 79 84 87 
0 1 6 13 27 34 39 48 56 66 73 80 87 
0 1 6 13 27 34 39 48 56 66 73 81 87 
0 1 6 13 27 34 39 48 56 66 74 81 87 
0 1 6 13 27 34 39 48 56 71 78 85 87 
0 1 6 13 27 34 39 48 56 71 78 86 87 
0 1 6 13 27 34 39 48 56 71 79 86 87 
0 1 6 13 27 34 39 48 56 73 78 85 87 
0 1 6 13 27 34 39 48 56 73 78 86 87 
0 1 6 13 27 34 39 48 56 73 80 85 87 
0 1 6 13 27 34 39 48 56 73 81 86 87 
0 1 6 13 27 34 39 48 56 74 79 86 87 
0 1 6 13 27 34 39 48 56 74 81 86 87 
0 1 6 13 27 34 39 49 56 65 73 81 87 
0 1 6 13 27 34 39 49 56 65 74 81 87 
0 1 6 13 27 34 39 49 56 65 74 82 87 
0 1 6 13 27 34 39 49 56 67 71 79 87 
0 1 6 13 27 34 39 49 56 67 73 80 87 
0 1 6 13 27 34 39 49 56 67 74 79 87 
0 1 6 13 27 34 39 49 56 67 74 82 87 
0 1 6 13 27 34 39 49 56 71 78 86 87 
0 1 6 13 27 34 39 49 56 71 79 86 87 
0 1 6 13 27 34 39 49 56 73 78 86 87 
0 1 6 13 27 34 39 49 56 73 81 86 87 
0 1 6 13 27 34 39 49 56 74 79 86 87 
0 1 6 13 27 34 39 49 56 74 81 86 87 
0 1 6 13 27 34 39 49 57 65 73 81 87 
0 1 6 13 27 34 39 49 57 65 74 81 87 
0 1 6 13 27 34 39 49 57 65 74 82 87 
0 1 6 13 27 34 39 49 57 67 71 79 87 
0 1 6 13 27 34 39 49 57 67 73 80 87 
0 1 6 13 27 34 39 49 57 67 74 79 87 
0 1 6 13 27 34 39 49 57 67 74 82 87 
0 1 6 13 27 34 39 49 57 71 78 86 87 
0 1 6 13 27 34 39 49 57 71 79 86 87 
0 1 6 13 27 34 39 49 57 73 78 86 87 
0 1 6 13 27 34 39 49 57 73 81 86 87 
0 1 6 13 27 34 39 49 57 74 79 86 87 
0 1 6 13 27 34 39 49 57 74 81 86 87 
0 1 6 13 27 34 39 50 54 57 74 82 87 
0 1 6 13 27 34 39 50 57 66 73 80 87 
0 1 6 13 27 34 39 50 57 66 73 81 87 
0 1 6 13 27 34 39 50 57 66 74 81 87 
0 1 6 13 27 34 39 50 57 67 71 79 87 
0 1 6 13 27 34 39 50 57 67 73 80 87 
0 1 6 13 27 34 39 50 57 67 74 79 87 
0 1 6 13 27 34 39 50 57 67 74 82 87 
0 1 6 13 27 34 39 51 56 65 73 81 87 
0 1 6 13 27 34 39 51 56 65 74 81 87 
0 1 6 13 27 34 39 51 56 65 74 82 87 
0 1 6 13 27 34 39 51 56 66 73 80 87 
0 1 6 13 27 34 39 51 56 66 73 81 87 
0 1 6 13 27 34 39 51 56 66 74 81 87 
0 1 6 13 27 34 39 51 59 65 73 81 87 
0 1 6 13 27 34 39 51 59 65 74 81 87 
0 1 6 13 27 34 39 51 59 65 74 82 87 
0 1 6 13 27 34 39 51 59 66 73 80 87 
0 1 6 13 27 34 39 51 59 66 73 81 87 
0 1 6 13 27 34 39 51 59 66 74 81 87 
0 1 6 14 25 32 39 42 48 56 66 72 80 
0 1 6 14 25 32 39 42 48 56 71 78 85 
0 1 6 14 25 32 39 42 48 56 71 78 86 
0 1 6 14 25 32 39 42 48 56 71 79 86 
0 1 6 14 25 32 39 42 48 56 72 79 86 
0 1 6 14 25 32 39 42 48 56 72 80 85 
0 1 6 14 25 32 39 42 49 56 67 71 79 
0 1 6 14 25 32 39 42 49 56 67 72 79 
0 1 6 14 25 32 39 42 49 56 67 72 80 
0 1 6 14 25 32 39 42 49 56 71 78 86 
0 1 6 14 25 32 39 42 49 56 71 79 86 
0 1 6 14 25 32 39 42 49 56 72 79 86 
0 1 6 14 25 32 39 42 51 56 65 71 76 84 
0 1 6 14 25 32 39 42 51 56 66 72 80 
0 1 6 14 25 32 39 45 48 56 66 72 80 
0 1 6 14 25 32 39 45 48 56 66 74 81 
0 1 6 14 25 32 39 45 48 56 66 75 80 
0 1 6 14 25 32 39 45 48 56 74 79 86 
0 1 6 14 25 32 39 45 49 56 65 74 81 
0 1 6 14 25 32 39 45 49 56 65 74 82 
0 1 6 14 25 32 39 45 49 56 65 75 82 
0 1 6 14 25 32 39 45 49 56 67 72 79 
0 1 6 14 25 32 39 45 49 56 67 72 80 
0 1 6 14 25 32 39 45 49 56 67 74 79 
0 1 6 14 25 32 39 45 49 56 67 74 82 
0 1 6 14 25 32 39 45 49 56 67 75 80 
0 1 6 14 25 32 39 45 49 56 67 75 82 
0 1 6 14 25 32 39 45 49 56 72 79 86 
0 1 6 14 25 32 39 45 49 56 74 79 86 
0 1 6 14 25 32 39 45 49 56 74 81 86 
0 1 6 14 25 32 39 49 56 65 73 81 87 
0 1 6 14 25 32 39 49 56 65 74 81 87 
0 1 6 14 25 32 39 49 56 65 74 82 87 
0 1 6 14 25 32 39 49 56 67 73 80 87 
0 1 6 14 25 32 39 49 56 67 74 79 87 
0 1 6 14 25 32 39 49 56 67 74 82 87 
0 1 6 14 25 32 39 49 56 74 79 86 87 
0 1 6 14 25 33 38 42 48 56 66 72 80 
0 1 6 14 25 33 38 42 48 56 72 77 85 
0 1 6 14 25 33 38 42 48 56 72 79 86 
0 1 6 14 25 33 38 42 49 56 67 72 79 
0 1 6 14 25 33 38 45 48 56 66 72 80 
0 1 6 14 25 33 38 45 48 56 66 74 81 
0 1 6 14 25 33 38 45 48 56 66 75 80 
0 1 6 14 25 33 38 45 48 56 74 79 86 
0 1 6 14 25 33 38 45 49 56 65 74 81 
0 1 6 14 25 33 38 45 49 56 65 74 82 
0 1 6 14 25 33 38 45 49 56 65 75 82 
0 1 6 14 25 33 38 45 49 56 67 72 79 
0 1 6 14 25 33 38 45 49 56 67 72 80 
0 1 6 14 25 33 38 45 49 56 67 74 79 
0 1 6 14 25 33 38 45 49 56 67 74 82 
0 1 6 14 25 33 38 45 49 56 67 75 80 
0 1 6 14 25 33 38 45 49 56 67 75 82 
0 1 6 14 25 33 38 45 49 56 72 79 86 
0 1 6 14 25 33 38 45 49 56 74 79 86 
0 1 6 14 25 33 38 45 49 56 74 81 86 
0 1 6 14 25 33 38 49 56 65 73 81 87 
0 1 6 14 25 33 38 49 56 65 74 81 87 
0 1 6 14 25 33 38 49 56 65 74 82 87 
0 1 6 14 25 33 38 49 56 67 73 80 87 
0 1 6 14 25 33 38 49 56 67 74 79 87 
0 1 6 14 25 33 38 49 56 67 74 82 87 
0 1 6 14 25 33 38 49 56 74 79 86 87 
0 1 6 14 27 32 39 42 46 51 59 71 76 83 
0 1 6 14 27 32 39 42 46 51 59 71 76 84 
0 1 6 14 27 32 39 42 46 51 59 71 79 84 
0 1 6 14 27 32 39 42 46 51 59 72 79 84 
0 1 6 14 27 32 39 42 48 56 66 72 80 
0 1 6 14 27 32 39 42 48 56 71 78 85 
0 1 6 14 27 32 39 42 48 56 71 78 86 
0 1 6 14 27 32 39 42 48 56 71 79 86 
0 1 6 14 27 32 39 42 48 56 72 79 86 
0 1 6 14 27 32 39 42 48 56 72 80 85 
0 1 6 14 27 32 39 42 49 56 67 71 79 
0 1 6 14 27 32 39 42 49 56 67 72 79 
0 1 6 14 27 32 39 42 49 56 67 72 80 
0 1 6 14 27 32 39 42 49 56 71 78 86 
0 1 6 14 27 32 39 42 49 56 71 79 86 
0 1 6 14 27 32 39 42 49 56 72 79 86 
0 1 6 14 27 32 39 42 49 57 67 71 79 
0 1 6 14 27 32 39 42 49 57 67 72 79 
0 1 6 14 27 32 39 42 49 57 67 72 80 
0 1 6 14 27 32 39 42 49 57 71 78 86 
0 1 6 14 27 32 39 42 49 57 71 79 86 
0 1 6 14 27 32 39 42 49 57 72 79 86 
0 1 6 14 27 32 39 42 50 57 66 72 80 
0 1 6 14 27 32 39 42 50 57 67 71 79 
0 1 6 14 27 32 39 42 50 57 67 72 79 
0 1 6 14 27 32 39 42 50 57 67 72 80 
0 1 6 14 27 32 39 42 51 56 65 71 76 84 
0 1 6 14 27 32 39 42 51 56 66 71 76 83 
0 1 6 14 27 32 39 42 51 56 66 72 80 
0 1 6 14 27 32 39 42 51 59 65 71 76 84 
0 1 6 14 27 32 39 42 51 59 66 71 76 83 
0 1 6 14 27 32 39 42 51 59 66 72 80 
0 1 6 14 27 32 39 45 46 51 59 72 79 84 
0 1 6 14 27 32 39 45 46 51 59 75 83 
0 1 6 14 27 32 39 45 48 56 66 72 80 
0 1 6 14 27 32 39 45 48 56 66 74 81 
0 1 6 14 27 32 39 45 48 56 66 75 80 
0 1 6 14 27 32 39 45 48 56 72 79 86 
0 1 6 14 27 32 39 45 48 56 72 80 85 
0 1 6 14 27 32 39 45 48 56 74 79 86 
0 1 6 14 27 32 39 45 48 56 74 81 86 
0 1 6 14 27 32 39 45 49 56 65 74 81 
0 1 6 14 27 32 39 45 49 56 65 74 82 
0 1 6 14 27 32 39 45 49 56 65 75 82 
0 1 6 14 27 32 39 45 49 56 67 72 79 
0 1 6 14 27 32 39 45 49 56 67 72 80 
0 1 6 14 27 32 39 45 49 56 67 74 79 
0 1 6 14 27 32 39 45 49 56 67 74 82 
0 1 6 14 27 32 39 45 49 56 67 75 80 
0 1 6 14 27 32 39 45 49 56 67 75 82 
0 1 6 14 27 32 39 45 49 56 72 79 86 
0 1 6 14 27 32 39 45 49 56 74 79 86 
0 1 6 14 27 32 39 45 49 56 74 81 86 
0 1 6 14 27 32 39 45 49 57 65 74 81 
0 1 6 14 27 32 39 45 49 57 65 74 82 
0 1 6 14 27 32 39 45 49 57 65 75 82 
0 1 6 14 27 32 39 45 49 57 67 72 79 
0 1 6 14 27 32 39 45 49 57 67 72 80 
0 1 6 14 27 32 39 45 49 57 67 74 79 
0 1 6 14 27 32 39 45 49 57 67 74 82 
0 1 6 14 27 32 39 45 49 57 67 75 80 
0 1 6 14 27 32 39 45 49 57 67 75 82 
0 1 6 14 27 32 39 45 49 57 72 79 86 
0 1 6 14 27 32 39 45 49 57 74 79 86 
0 1 6 14 27 32 39 45 49 57 74 81 86 
0 1 6 14 27 32 39 45 50 57 66 72 80 
0 1 6 14 27 32 39 45 50 57 66 74 81 
0 1 6 14 27 32 39 45 50 57 66 75 80 
0 1 6 14 27 32 39 45 50 57 66 75 83 
0 1 6 14 27 32 39 45 50 57 67 72 79 
0 1 6 14 27 32 39 45 50 57 67 72 80 
0 1 6 14 27 32 39 45 50 57 67 74 79 
0 1 6 14 27 32 39 45 50 57 67 74 82 
0 1 6 14 27 32 39 45 50 57 67 75 80 
0 1 6 14 27 32 39 45 50 57 67 75 82 
0 1 6 14 27 32 39 45 51 56 65 74 81 
0 1 6 14 27 32 39 45 51 56 65 74 82 
0 1 6 14 27 32 39 45 51 56 65 75 82 
0 1 6 14 27 32 39 45 51 56 66 72 80 
0 1 6 14 27 32 39 45 51 56 66 74 81 
0 1 6 14 27 32 39 45 51 56 66 75 80 
0 1 6 14 27 32 39 45 51 56 66 75 83 
0 1 6 14 27 32 39 45 51 59 65 74 81 
0 1 6 14 27 32 39 45 51 59 65 74 82 
0 1 6 14 27 32 39 45 51 59 65 75 82 
0 1 6 14 27 32 39 45 51 59 66 72 80 
0 1 6 14 27 32 39 45 51 59 66 74 81 
0 1 6 14 27 32 39 45 51 59 66 75 80 
0 1 6 14 27 32 39 45 51 59 66 75 83 
0 1 6 14 27 32 39 45 52 57 65 74 81 
0 1 6 14 27 32 39 45 52 57 65 74 82 
0 1 6 14 27 32 39 45 52 57 65 75 82 
0 1 6 14 27 32 39 46 51 59 71 79 84 87 
0 1 6 14 27 32 39 48 56 66 73 80 87 
0 1 6 14 27 32 39 48 56 66 73 81 87 
0 1 6 14 27 32 39 48 56 66 74 81 87 
0 1 6 14 27 32 39 48 56 71 78 85 87 
0 1 6 14 27 32 39 48 56 71 78 86 87 
0 1 6 14 27 32 39 48 56 71 79 86 87 
0 1 6 14 27 32 39 48 56 73 78 85 87 
0 1 6 14 27 32 39 48 56 73 78 86 87 
0 1 6 14 27 32 39 48 56 73 80 85 87 
0 1 6 14 27 32 39 48 56 73 81 86 87 
0 1 6 14 27 32 39 48 56 74 79 86 87 
0 1 6 14 27 32 39 48 56 74 81 86 87 
0 1 6 14 27 32 39 49 56 65 73 81 87 
0 1 6 14 27 32 39 49 56 65 74 81 87 
0 1 6 14 27 32 39 49 56 65 74 82 87 
0 1 6 14 27 32 39 49 56 67 71 79 87 
0 1 6 14 27 32 39 49 56 67 73 80 87 
0 1 6 14 27 32 39 49 56 67 74 79 87 
0 1 6 14 27 32 39 49 56 67 74 82 87 
0 1 6 14 27 32 39 49 56 71 78 86 87 
0 1 6 14 27 32 39 49 56 71 79 86 87 
0 1 6 14 27 32 39 49 56 73 78 86 87 
0 1 6 14 27 32 39 49 56 73 81 86 87 
0 1 6 14 27 32 39 49 56 74 79 86 87 
0 1 6 14 27 32 39 49 56 74 81 86 87 
0 1 6 14 27 32 39 49 57 65 73 81 87 
0 1 6 14 27 32 39 49 57 65 74 81 87 
0 1 6 14 27 32 39 49 57 65 74 82 87 
0 1 6 14 27 32 39 49 57 67 71 79 87 
0 1 6 14 27 32 39 49 57 67 73 80 87 
0 1 6 14 27 32 39 49 57 67 74 79 87 
0 1 6 14 27 32 39 49 57 67 74 82 87 
0 1 6 14 27 32 39 49 57 71 78 86 87 
0 1 6 14 27 32 39 49 57 71 79 86 87 
0 1 6 14 27 32 39 49 57 73 78 86 87 
0 1 6 14 27 32 39 49 57 73 81 86 87 
0 1 6 14 27 32 39 49 57 74 79 86 87 
0 1 6 14 27 32 39 49 57 74 81 86 87 
0 1 6 14 27 32 39 50 57 66 73 80 87 
0 1 6 14 27 32 39 50 57 66 73 81 87 
0 1 6 14 27 32 39 50 57 66 74 81 87 
0 1 6 14 27 32 39 50 57 67 71 79 87 
0 1 6 14 27 32 39 50 57 67 73 80 87 
0 1 6 14 27 32 39 50 57 67 74 79 87 
0 1 6 14 27 32 39 50 57 67 74 82 87 
0 1 6 14 27 32 39 51 56 65 73 81 87 
0 1 6 14 27 32 39 51 56 65 74 81 87 
0 1 6 14 27 32 39 51 56 65 74 82 87 
0 1 6 14 27 32 39 51 56 66 73 80 87 
0 1 6 14 27 32 39 51 56 66 73 81 87 
0 1 6 14 27 32 39 51 56 66 74 81 87 
0 1 6 14 27 32 39 51 59 65 73 81 87 
0 1 6 14 27 32 39 51 59 65 74 81 87 
0 1 6 14 27 32 39 51 59 65 74 82 87 
0 1 6 14 27 32 39 51 59 66 73 80 87 
0 1 6 14 27 32 39 51 59 66 73 81 87 
0 1 6 14 27 32 39 51 59 66 74 81 87 
0 1 6 14 27 32 39 52 57 65 74 82 87 
0 1 6 14 27 34 39 42 48 56 66 72 80 
0 1 6 14 27 34 39 42 48 56 71 78 85 
0 1 6 14 27 34 39 42 48 56 71 78 86 
0 1 6 14 27 34 39 42 48 56 71 79 86 
0 1 6 14 27 34 39 42 48 56 72 79 86 
0 1 6 14 27 34 39 42 48 56 72 80 85 
0 1 6 14 27 34 39 42 49 56 67 71 79 
0 1 6 14 27 34 39 42 49 56 67 72 79 
0 1 6 14 27 34 39 42 49 56 67 72 80 
0 1 6 14 27 34 39 42 49 56 71 78 86 
0 1 6 14 27 34 39 42 49 56 71 79 86 
0 1 6 14 27 34 39 42 49 56 72 79 86 
0 1 6 14 27 34 39 42 49 57 67 71 79 
0 1 6 14 27 34 39 42 49 57 67 72 79 
0 1 6 14 27 34 39 42 49 57 67 72 80 
0 1 6 14 27 34 39 42 49 57 71 78 86 
0 1 6 14 27 34 39 42 49 57 71 79 86 
0 1 6 14 27 34 39 42 49 57 72 79 86 
0 1 6 14 27 34 39 42 50 57 66 72 80 
0 1 6 14 27 34 39 42 50 57 67 71 79 
0 1 6 14 27 34 39 42 50 57 67 72 79 
0 1 6 14 27 34 39 42 50 57 67 72 80 
0 1 6 14 27 34 39 42 51 56 65 71 76 84 
0 1 6 14 27 34 39 42 51 56 66 71 76 83 
0 1 6 14 27 34 39 42 51 56 66 72 80 
0 1 6 14 27 34 39 45 48 56 66 72 80 
0 1 6 14 27 34 39 45 48 56 66 74 81 
0 1 6 14 27 34 39 45 48 56 66 75 80 
0 1 6 14 27 34 39 45 48 56 72 79 86 
0 1 6 14 27 34 39 45 48 56 72 80 85 
0 1 6 14 27 34 39 45 48 56 74 79 86 
0 1 6 14 27 34 39 45 48 56 74 81 86 
0 1 6 14 27 34 39 45 49 56 65 74 81 
0 1 6 14 27 34 39 45 49 56 65 74 82 
0 1 6 14 27 34 39 45 49 56 65 75 82 
0 1 6 14 27 34 39 45 49 56 67 72 79 
0 1 6 14 27 34 39 45 49 56 67 72 80 
0 1 6 14 27 34 39 45 49 56 67 74 79 
0 1 6 14 27 34 39 45 49 56 67 74 82 
0 1 6 14 27 34 39 45 49 56 67 75 80 
0 1 6 14 27 34 39 45 49 56 67 75 82 
0 1 6 14 27 34 39 45 49 56 72 79 86 
0 1 6 14 27 34 39 45 49 56 74 79 86 
0 1 6 14 27 34 39 45 49 56 74 81 86 
0 1 6 14 27 34 39 45 49 57 65 74 81 
0 1 6 14 27 34 39 45 49 57 65 74 82 
0 1 6 14 27 34 39 45 49 57 65 75 82 
0 1 6 14 27 34 39 45 49 57 67 72 79 
0 1 6 14 27 34 39 45 49 57 67 72 80 
0 1 6 14 27 34 39 45 49 57 67 74 79 
0 1 6 14 27 34 39 45 49 57 67 74 82 
0 1 6 14 27 34 39 45 49 57 67 75 80 
0 1 6 14 27 34 39 45 49 57 67 75 82 
0 1 6 14 27 34 39 45 49 57 72 79 86 
0 1 6 14 27 34 39 45 49 57 74 79 86 
0 1 6 14 27 34 39 45 49 57 74 81 86 
0 1 6 14 27 34 39 45 50 54 57 74 82 
0 1 6 14 27 34 39 45 50 54 57 75 82 
0 1 6 14 27 34 39 45 50 54 57 75 83 
0 1 6 14 27 34 39 45 50 57 66 72 80 
0 1 6 14 27 34 39 45 50 57 66 74 81 
0 1 6 14 27 34 39 45 50 57 66 75 80 
0 1 6 14 27 34 39 45 50 57 66 75 83 
0 1 6 14 27 34 39 45 50 57 67 72 79 
0 1 6 14 27 34 39 45 50 57 67 72 80 
0 1 6 14 27 34 39 45 50 57 67 74 79 
0 1 6 14 27 34 39 45 50 57 67 74 82 
0 1 6 14 27 34 39 45 50 57 67 75 80 
0 1 6 14 27 34 39 45 50 57 67 75 82 
0 1 6 14 27 34 39 45 51 56 65 74 81 
0 1 6 14 27 34 39 45 51 56 65 74 82 
0 1 6 14 27 34 39 45 51 56 65 75 82 
0 1 6 14 27 34 39 45 51 56 66 72 80 
0 1 6 14 27 34 39 45 51 56 66 74 81 
0 1 6 14 27 34 39 45 51 56 66 75 80 
0 1 6 14 27 34 39 45 51 56 66 75 83 
0 1 6 14 27 34 39 48 56 66 73 80 87 
0 1 6 14 27 34 39 48 56 66 73 81 87 
0 1 6 14 27 34 39 48 56 66 74 81 87 
0 1 6 14 27 34 39 48 56 71 78 85 87 
0 1 6 14 27 34 39 48 56 71 78 86 87 
0 1 6 14 27 34 39 48 56 71 79 86 87 
0 1 6 14 27 34 39 48 56 73 78 85 87 
0 1 6 14 27 34 39 48 56 73 78 86 87 
0 1 6 14 27 34 39 48 56 73 80 85 87 
0 1 6 14 27 34 39 48 56 73 81 86 87 
0 1 6 14 27 34 39 48 56 74 79 86 87 
0 1 6 14 27 34 39 48 56 74 81 86 87 
0 1 6 14 27 34 39 49 56 65 73 81 87 
0 1 6 14 27 34 39 49 56 65 74 81 87 
0 1 6 14 27 34 39 49 56 65 74 82 87 
0 1 6 14 27 34 39 49 56 67 71 79 87 
0 1 6 14 27 34 39 49 56 67 73 80 87 
0 1 6 14 27 34 39 49 56 67 74 79 87 
0 1 6 14 27 34 39 49 56 67 74 82 87 
0 1 6 14 27 34 39 49 56 71 78 86 87 
0 1 6 14 27 34 39 49 56 71 79 86 87 
0 1 6 14 27 34 39 49 56 73 78 86 87 
0 1 6 14 27 34 39 49 56 73 81 86 87 
0 1 6 14 27 34 39 49 56 74 79 86 87 
0 1 6 14 27 34 39 49 56 74 81 86 87 
0 1 6 14 27 34 39 49 57 65 73 81 87 
0 1 6 14 27 34 39 49 57 65 74 81 87 
0 1 6 14 27 34 39 49 57 65 74 82 87 
0 1 6 14 27 34 39 49 57 67 71 79 87 
0 1 6 14 27 34 39 49 57 67 73 80 87 
0 1 6 14 27 34 39 49 57 67 74 79 87 
0 1 6 14 27 34 39 49 57 67 74 82 87 
0 1 6 14 27 34 39 49 57 71 78 86 87 
0 1 6 14 27 34 39 49 57 71 79 86 87 
0 1 6 14 27 34 39 49 57 73 78 86 87 
0 1 6 14 27 34 39 49 57 73 81 86 87 
0 1 6 14 27 34 39 49 57 74 79 86 87 
0 1 6 14 27 34 39 49 57 74 81 86 87 
0 1 6 14 27 34 39 50 54 57 74 82 87 
0 1 6 14 27 34 39 50 57 66 73 80 87 
0 1 6 14 27 34 39 50 57 66 73 81 87 
0 1 6 14 27 34 39 50 57 66 74 81 87 
0 1 6 14 27 34 39 50 57 67 71 79 87 
0 1 6 14 27 34 39 50 57 67 73 80 87 
0 1 6 14 27 34 39 50 57 67 74 79 87 
0 1 6 14 27 34 39 50 57 67 74 82 87 
0 1 6 14 27 34 39 51 56 65 73 81 87 
0 1 6 14 27 34 39 51 56 65 74 81 87 
0 1 6 14 27 34 39 51 56 65 74 82 87 
0 1 6 14 27 34 39 51 56 66 73 80 87 
0 1 6 14 27 34 39 51 56 66 73 81 87 
0 1 6 14 27 34 39 51 56 66 74 81 87 
0 1 8 13 25 32 39 44 48 56 66 72 80 
0 1 8 13 25 32 39 44 48 56 66 73 80 
0 1 8 13 25 32 39 44 48 56 66 73 81 
0 1 8 13 25 32 39 44 48 56 72 79 86 
0 1 8 13 25 32 39 44 48 56 72 80 85 
0 1 8 13 25 32 39 44 48 56 73 78 85 
0 1 8 13 25 32 39 44 48 56 73 78 86 
0 1 8 13 25 32 39 44 48 56 73 80 85 
0 1 8 13 25 32 39 44 48 56 73 81 86 
0 1 8 13 25 32 39 44 49 56 65 73 81 
0 1 8 13 25 32 39 44 49 56 67 72 79 
0 1 8 13 25 32 39 44 49 56 67 72 80 
0 1 8 13 25 32 39 44 49 56 67 73 80 
0 1 8 13 25 32 39 44 49 56 72 79 86 
0 1 8 13 25 32 39 44 49 56 73 78 86 
0 1 8 13 25 32 39 44 49 56 73 81 86 
0 1 8 13 25 32 39 44 49 57 65 73 81 
0 1 8 13 25 32 39 44 49 57 67 72 79 
0 1 8 13 25 32 39 44 49 57 67 72 80 
0 1 8 13 25 32 39 44 49 57 67 73 80 
0 1 8 13 25 32 39 44 49 57 72 79 86 
0 1 8 13 25 32 39 44 49 57 73 81 86 
0 1 8 13 25 32 39 44 50 57 66 72 80 
0 1 8 13 25 32 39 44 50 57 67 72 80 
0 1 8 13 25 32 39 44 51 56 65 73 81 
0 1 8 13 25 32 39 44 51 56 66 72 80 
0 1 8 13 25 32 39 44 51 56 66 73 80 
0 1 8 13 25 32 39 44 51 56 66 73 81 
0 1 8 13 25 32 39 48 56 66 73 80 87 
0 1 8 13 25 32 39 48 56 66 73 81 87 
0 1 8 13 25 32 39 48 56 66 74 81 87 
0 1 8 13 25 32 39 48 56 71 78 85 87 
0 1 8 13 25 32 39 48 56 71 78 86 87 
0 1 8 13 25 32 39 48 56 71 79 86 87 
0 1 8 13 25 32 39 48 56 73 78 85 87 
0 1 8 13 25 32 39 48 56 73 78 86 87 
0 1 8 13 25 32 39 48 56 73 80 85 87 
0 1 8 13 25 32 39 48 56 73 81 86 87 
0 1 8 13 25 32 39 48 56 74 81 86 87 
0 1 8 13 25 32 39 49 56 65 73 81 87 
0 1 8 13 25 32 39 49 56 67 71 79 87 
0 1 8 13 25 32 39 49 56 67 73 80 87 
0 1 8 13 25 32 39 49 56 71 78 86 87 
0 1 8 13 25 32 39 49 56 71 79 86 87 
0 1 8 13 25 32 39 49 56 73 81 86 87 
0 1 8 13 25 33 38 44 48 56 66 72 80 
0 1 8 13 25 33 38 44 48 56 66 73 80 
0 1 8 13 25 33 38 44 48 56 66 73 81 
0 1 8 13 25 33 38 44 48 56 70 77 85 
0 1 8 13 25 33 38 44 48 56 70 78 85 
0 1 8 13 25 33 38 44 48 56 70 78 86 
0 1 8 13 25 33 38 44 48 56 72 79 86 
0 1 8 13 25 33 38 44 48 56 72 80 85 
0 1 8 13 25 33 38 44 48 56 73 78 85 
0 1 8 13 25 33 38 44 48 56 73 78 86 
0 1 8 13 25 33 38 44 48 56 73 80 85 
0 1 8 13 25 33 38 44 48 56 73 81 86 
0 1 8 13 25 33 38 44 49 56 65 70 77 82 
0 1 8 13 25 33 38 44 49 56 65 73 81 
0 1 8 13 25 33 38 44 49 56 67 72 79 
0 1 8 13 25 33 38 44 49 56 67 72 80 
0 1 8 13 25 33 38 44 49 56 67 73 80 
0 1 8 13 25 33 38 44 49 56 70 78 86 
0 1 8 13 25 33 38 44 49 56 72 79 86 
0 1 8 13 25 33 38 44 49 56 73 78 86 
0 1 8 13 25 33 38 44 49 56 73 81 86 
0 1 8 13 25 33 38 44 49 57 65 70 77 82 
0 1 8 13 25 33 38 44 49 57 65 73 81 
0 1 8 13 25 33 38 44 49 57 67 72 79 
0 1 8 13 25 33 38 44 49 57 67 72 80 
0 1 8 13 25 33 38 44 49 57 67 73 80 
0 1 8 13 25 33 38 44 49 57 70 78 86 
0 1 8 13 25 33 38 44 49 57 72 79 86 
0 1 8 13 25 33 38 44 49 57 73 78 86 
0 1 8 13 25 33 38 44 49 57 73 81 86 
0 1 8 13 25 33 38 44 50 54 57 70 77 82 
0 1 8 13 25 33 38 44 50 57 66 72 80 
0 1 8 13 25 33 38 44 50 57 66 73 80 
0 1 8 13 25 33 38 44 50 57 66 73 81 
0 1 8 13 25 33 38 44 50 57 67 72 79 
0 1 8 13 25 33 38 44 50 57 67 72 80 
0 1 8 13 25 33 38 44 50 57 67 73 80 
0 1 8 13 25 33 38 44 52 54 57 70 77 82 
0 1 8 13 25 33 38 44 52 54 57 70 77 85 
0 1 8 13 25 33 38 44 52 54 57 70 78 85 
0 1 8 13 25 33 38 44 52 54 57 73 78 85 
0 1 8 13 25 33 38 44 52 57 65 70 77 82 
0 1 8 13 25 33 38 44 52 57 65 73 81 
0 1 8 13 25 33 38 48 56 66 73 80 87 
0 1 8 13 25 33 38 48 56 66 73 81 87 
0 1 8 13 25 33 38 48 56 66 74 81 87 
0 1 8 13 25 33 38 48 56 71 78 85 87 
0 1 8 13 25 33 38 48 56 71 78 86 87 
0 1 8 13 25 33 38 48 56 71 79 86 87 
0 1 8 13 25 33 38 48 56 73 78 85 87 
0 1 8 13 25 33 38 48 56 73 78 86 87 
0 1 8 13 25 33 38 48 56 73 80 85 87 
0 1 8 13 25 33 38 48 56 73 81 86 87 
0 1 8 13 25 33 38 48 56 74 79 86 87 
0 1 8 13 25 33 38 48 56 74 81 86 87 
0 1 8 13 25 33 38 49 56 65 73 81 87 
0 1 8 13 25 33 38 49 56 67 71 79 87 
0 1 8 13 25 33 38 49 56 67 73 80 87 
0 1 8 13 25 33 38 49 56 67 74 79 87 
0 1 8 13 25 33 38 49 56 67 74 82 87 
0 1 8 13 25 33 38 49 56 71 78 86 87 
0 1 8 13 25 33 38 49 56 71 79 86 87 
0 1 8 13 25 33 38 49 56 73 78 86 87 
0 1 8 13 25 33 38 49 56 73 81 86 87 
0 1 8 13 25 33 38 49 56 74 79 86 87 
0 1 8 13 25 33 38 49 56 74 81 86 87 
0 1 8 13 25 33 38 49 57 65 73 81 87 
0 1 8 13 25 33 38 49 57 65 74 81 87 
0 1 8 13 25 33 38 49 57 65 74 82 87 
0 1 8 13 25 33 38 49 57 67 71 79 87 
0 1 8 13 25 33 38 49 57 67 73 80 87 
0 1 8 13 25 33 38 49 57 67 74 79 87 
0 1 8 13 25 33 38 49 57 67 74 82 87 
0 1 8 13 25 33 38 49 57 71 78 86 87 
0 1 8 13 25 33 38 49 57 71 79 86 87 
0 1 8 13 25 33 38 49 57 73 78 86 87 
0 1 8 13 25 33 38 49 57 73 81 86 87 
0 1 8 13 25 33 38 49 57 74 79 86 87 
0 1 8 13 25 33 38 49 57 74 81 86 87 
0 1 8 13 25 33 38 50 54 57 74 82 87 
0 1 8 13 25 33 38 50 57 66 73 80 87 
0 1 8 13 25 33 38 50 57 66 73 81 87 
0 1 8 13 25 33 38 50 57 66 74 81 87 
0 1 8 13 25 33 38 50 57 67 71 79 87 
0 1 8 13 25 33 38 50 57 67 73 80 87 
0 1 8 13 25 33 38 50 57 67 74 79 87 
0 1 8 13 25 33 38 50 57 67 74 82 87 
0 1 8 13 25 33 38 52 54 57 73 78 85 87 
0 1 8 13 25 33 38 52 54 57 74 82 87 
0 1 8 13 25 33 38 52 57 65 73 81 87 
0 1 8 13 25 33 38 52 57 65 74 81 87 
0 1 8 13 25 33 38 52 57 65 74 82 87 
0 1 8 13 25 33 41 44 48 56 66 73 80 
0 1 8 13 25 33 41 44 48 56 66 73 81 
0 1 8 13 25 33 41 44 48 56 70 77 85 
0 1 8 13 25 33 41 44 48 56 70 78 85 
0 1 8 13 25 33 41 44 48 56 70 78 86 
0 1 8 13 25 33 41 44 48 56 73 78 85 
0 1 8 13 25 33 41 44 48 56 73 78 86 
0 1 8 13 25 33 41 44 48 56 73 80 85 
0 1 8 13 25 33 41 44 48 56 73 81 86 
0 1 8 13 25 33 41 44 49 56 65 70 77 82 
0 1 8 13 25 33 41 44 49 56 65 73 81 
0 1 8 13 25 33 41 44 49 56 67 73 80 
0 1 8 13 25 33 41 44 49 56 70 78 86 
0 1 8 13 25 33 41 44 49 56 73 78 86 
0 1 8 13 25 33 41 44 49 56 73 81 86 
0 1 8 13 25 33 41 44 49 57 65 70 77 82 
0 1 8 13 25 33 41 44 49 57 65 73 81 
0 1 8 13 25 33 41 44 49 57 67 73 80 
0 1 8 13 25 33 41 44 49 57 70 78 86 
0 1 8 13 25 33 41 44 49 57 73 78 86 
0 1 8 13 25 33 41 44 49 57 73 81 86 
0 1 8 13 25 33 41 44 50 54 57 70 77 82 
0 1 8 13 25 33 41 44 50 57 66 73 80 
0 1 8 13 25 33 41 44 50 57 66 73 81 
0 1 8 13 25 33 41 44 50 57 67 73 80 
0 1 8 13 25 33 41 44 51 56 65 73 81 
0 1 8 13 25 33 41 44 51 56 66 73 80 
0 1 8 13 25 33 41 44 51 56 66 73 81 
0 1 8 13 25 33 41 44 52 54 57 70 77 82 
0 1 8 13 25 33 41 44 52 54 57 70 77 85 
0 1 8 13 25 33 41 44 52 57 65 70 77 82 
0 1 8 13 25 33 41 44 52 57 65 73 81 
0 1 8 13 25 33 41 48 56 66 73 80 87 
0 1 8 13 25 33 41 48 56 66 73 81 87 
0 1 8 13 25 33 41 48 56 66 74 81 87 
0 1 8 13 25 33 41 48 56 71 78 85 87 
0 1 8 13 25 33 41 48 56 71 78 86 87 
0 1 8 13 25 33 41 48 56 71 79 86 87 
0 1 8 13 25 33 41 48 56 73 78 85 87 
0 1 8 13 25 33 41 48 56 73 78 86 87 
0 1 8 13 25 33 41 48 56 73 80 85 87 
0 1 8 13 25 33 41 48 56 73 81 86 87 
0 1 8 13 25 33 41 48 56 74 79 86 87 
0 1 8 13 25 33 41 48 56 74 81 86 87 
0 1 8 13 25 33 41 49 56 65 73 81 87 
0 1 8 13 25 33 41 49 56 65 74 81 87 
0 1 8 13 25 33 41 49 56 65 74 82 87 
0 1 8 13 25 33 41 49 56 67 71 79 87 
0 1 8 13 25 33 41 49 56 67 73 80 87 
0 1 8 13 25 33 41 49 56 67 74 79 87 
0 1 8 13 25 33 41 49 56 67 74 82 87 
0 1 8 13 25 33 41 49 56 71 78 86 87 
0 1 8 13 25 33 41 49 56 71 79 86 87 
0 1 8 13 25 33 41 49 56 73 78 86 87 
0 1 8 13 25 33 41 49 56 73 81 86 87 
0 1 8 13 25 33 41 49 56 74 79 86 87 
0 1 8 13 25 33 41 49 56 74 81 86 87 
0 1 8 13 25 33 41 49 57 65 73 81 87 
0 1 8 13 25 33 41 49 57 65 74 81 87 
0 1 8 13 25 33 41 49 57 65 74 82 87 
0 1 8 13 25 33 41 49 57 67 71 79 87 
0 1 8 13 25 33 41 49 57 67 73 80 87 
0 1 8 13 25 33 41 49 57 67 74 82 87 
0 1 8 13 25 33 41 49 57 71 78 86 87 
0 1 8 13 25 33 41 49 57 71 79 86 87 
0 1 8 13 25 33 41 49 57 73 78 86 87 
0 1 8 13 25 33 41 49 57 73 81 86 87 
0 1 8 13 25 33 41 49 57 74 79 86 87 
0 1 8 13 25 33 41 49 57 74 81 86 87 
0 1 8 13 25 33 41 50 54 57 74 82 87 
0 1 8 13 25 33 41 50 57 66 73 80 87 
0 1 8 13 25 33 41 50 57 66 73 81 87 
0 1 8 13 25 33 41 50 57 66 74 81 87 
0 1 8 13 25 33 41 50 57 67 71 79 87 
0 1 8 13 25 33 41 50 57 67 73 80 87 
0 1 8 13 25 33 41 50 57 67 74 82 87 
0 1 8 13 25 33 41 51 56 65 73 81 87 
0 1 8 13 25 33 41 51 56 65 74 81 87 
0 1 8 13 25 33 41 51 56 65 74 82 87 
0 1 8 13 25 33 41 51 56 66 73 80 87 
0 1 8 13 25 33 41 51 56 66 73 81 87 
0 1 8 13 25 33 41 51 56 66 74 81 87 
0 1 8 13 25 33 41 52 57 65 73 81 87 
0 1 8 13 25 33 41 52 57 65 74 81 87 
0 1 8 13 28 33 41 44 48 56 66 73 80 
0 1 8 13 28 33 41 44 48 56 66 73 81 
0 1 8 13 28 33 41 44 48 56 70 77 85 
0 1 8 13 28 33 41 44 48 56 70 78 85 
0 1 8 13 28 33 41 44 48 56 70 78 86 
0 1 8 13 28 33 41 44 48 56 73 78 85 
0 1 8 13 28 33 41 44 48 56 73 78 86 
0 1 8 13 28 33 41 44 48 56 73 80 85 
0 1 8 13 28 33 41 44 48 56 73 81 86 
0 1 8 13 28 33 41 44 49 56 65 70 77 82 
0 1 8 13 28 33 41 44 49 56 65 73 81 
0 1 8 13 28 33 41 44 49 56 67 73 80 
0 1 8 13 28 33 41 44 49 56 70 78 86 
0 1 8 13 28 33 41 44 49 56 73 78 86 
0 1 8 13 28 33 41 44 49 56 73 81 86 
0 1 8 13 28 33 41 44 49 57 65 70 77 82 
0 1 8 13 28 33 41 44 49 57 65 73 81 
0 1 8 13 28 33 41 44 49 57 67 73 80 
0 1 8 13 28 33 41 44 49 57 70 78 86 
0 1 8 13 28 33 41 44 49 57 73 78 86 
0 1 8 13 28 33 41 44 49 57 73 81 86 
0 1 8 13 28 33 41 44 50 54 57 70 77 82 
0 1 8 13 28 33 41 44 50 57 66 73 80 
0 1 8 13 28 33 41 44 50 57 66 73 81 
0 1 8 13 28 33 41 44 50 57 67 73 80 
0 1 8 13 28 33 41 44 51 56 65 73 81 
0 1 8 13 28 33 41 44 51 56 66 73 80 
0 1 8 13 28 33 41 44 51 56 66 73 81 
0 1 8 13 28 33 41 48 56 66 73 80 87 
0 1 8 13 28 33 41 48 56 66 73 81 87 
0 1 8 13 28 33 41 48 56 66 74 81 87 
0 1 8 13 28 33 41 48 56 71 78 85 87 
0 1 8 13 28 33 41 48 56 71 78 86 87 
0 1 8 13 28 33 41 48 56 71 79 86 87 
0 1 8 13 28 33 41 48 56 73 78 85 87 
0 1 8 13 28 33 41 48 56 73 78 86 87 
0 1 8 13 28 33 41 48 56 73 80 85 87 
0 1 8 13 28 33 41 48 56 73 81 86 87 
0 1 8 13 28 33 41 48 56 74 81 86 87 
0 1 8 13 28 33 41 49 56 65 73 81 87 
0 1 8 13 28 33 41 49 56 65 74 81 87 
0 1 8 13 28 33 41 49 56 65 74 82 87 
0 1 8 13 28 33 41 49 56 67 71 79 87 
0 1 8 13 28 33 41 49 56 67 73 80 87 
0 1 8 13 28 33 41 49 56 67 74 82 87 
0 1 8 13 28 33 41 49 56 71 78 86 87 
0 1 8 13 28 33 41 49 56 71 79 86 87 
0 1 8 13 28 33 41 49 56 73 78 86 87 
0 1 8 13 28 33 41 49 56 73 81 86 87 
0 1 8 13 28 33 41 49 56 74 81 86 87 
0 1 8 13 28 33 41 49 57 65 73 81 87 
0 1 8 13 28 33 41 49 57 65 74 81 87 
0 1 8 13 28 33 41 49 57 65 74 82 87 
0 1 8 13 28 33 41 49 57 67 73 80 87 
0 1 8 13 28 33 41 49 57 67 74 82 87 
0 1 8 13 28 33 41 49 57 71 78 86 87 
0 1 8 13 28 33 41 49 57 71 79 86 87 
0 1 8 13 28 33 41 49 57 73 78 86 87 
0 1 8 13 28 33 41 49 57 73 81 86 87 
0 1 8 13 28 33 41 49 57 74 81 86 87 
0 1 8 13 28 33 41 50 54 57 74 82 87 
0 1 8 13 28 33 41 50 57 66 73 80 87 
0 1 8 13 28 33 41 50 57 66 73 81 87 
0 1 8 13 28 33 41 50 57 66 74 81 87 
0 1 8 13 28 33 41 50 57 67 73 80 87 
0 1 8 13 28 33 41 50 57 67 74 82 87 
0 1 8 13 28 33 41 51 56 65 73 81 87 
0 1 8 13 28 33 41 51 56 65 74 81 87 
0 1 8 13 28 33 41 51 56 65 74 82 87 
0 1 8 13 28 33 41 51 56 66 73 80 87 
0 1 8 13 28 33 41 51 56 66 73 81 87 
0 1 8 13 28 33 41 51 56 66 74 81 87 
0 1 8 15 25 32 39 44 48 56 66 72 80 
0 1 8 15 25 32 39 44 48 56 66 73 80 
0 1 8 15 25 32 39 44 48 56 66 73 81 
0 1 8 15 25 32 39 44 48 56 72 79 86 
0 1 8 15 25 32 39 44 48 56 72 80 85 
0 1 8 15 25 32 39 44 48 56 73 78 85 
0 1 8 15 25 32 39 44 48 56 73 78 86 
0 1 8 15 25 32 39 44 48 56 73 80 85 
0 1 8 15 25 32 39 44 49 56 67 72 79 
0 1 8 15 25 32 39 44 49 56 67 72 80 
0 1 8 15 25 32 39 44 49 56 67 73 80 
0 1 8 15 25 32 39 44 49 56 72 79 86 
0 1 8 15 25 32 39 44 49 56 73 78 86 
0 1 8 15 25 32 39 44 49 57 67 72 79 
0 1 8 15 25 32 39 44 49 57 67 72 80 
0 1 8 15 25 32 39 44 49 57 72 79 86 
0 1 8 15 25 32 39 44 49 57 73 78 86 
0 1 8 15 25 32 39 44 50 57 67 72 79 
0 1 8 15 25 32 39 45 48 56 66 72 80 
0 1 8 15 25 32 39 45 48 56 66 74 81 
0 1 8 15 25 32 39 45 48 56 66 75 80 
0 1 8 15 25 32 39 45 48 56 72 79 86 
0 1 8 15 25 32 39 45 48 56 72 80 85 
0 1 8 15 25 32 39 45 48 56 74 79 86 
0 1 8 15 25 32 39 45 48 56 74 81 86 
0 1 8 15 25 32 39 45 49 56 65 74 81 
0 1 8 15 25 32 39 45 49 56 65 74 82 
0 1 8 15 25 32 39 45 49 56 65 75 82 
0 1 8 15 25 32 39 45 49 56 67 72 79 
0 1 8 15 25 32 39 45 49 56 67 72 80 
0 1 8 15 25 32 39 45 49 56 67 74 79 
0 1 8 15 25 32 39 45 49 56 67 74 82 
0 1 8 15 25 32 39 45 49 56 67 75 80 
0 1 8 15 25 32 39 45 49 56 67 75 82 
0 1 8 15 25 32 39 45 49 56 72 79 86 
0 1 8 15 25 32 39 45 49 56 74 79 86 
0 1 8 15 25 32 39 45 49 56 74 81 86 
0 1 8 15 25 32 39 45 49 57 65 74 81 
0 1 8 15 25 32 39 45 49 57 65 74 82 
0 1 8 15 25 32 39 45 49 57 65 75 82 
0 1 8 15 25 32 39 45 49 57 67 72 79 
0 1 8 15 25 32 39 45 49 57 67 74 82 
0 1 8 15 25 32 39 45 49 57 67 75 80 
0 1 8 15 25 32 39 45 49 57 67 75 82 
0 1 8 15 25 32 39 45 49 57 72 79 86 
0 1 8 15 25 32 39 45 49 57 74 79 86 
0 1 8 15 25 32 39 45 50 57 66 74 81 
0 1 8 15 25 32 39 45 50 57 66 75 80 
0 1 8 15 25 32 39 45 50 57 67 74 82 
0 1 8 15 25 32 39 45 50 57 67 75 80 
0 1 8 15 25 32 39 45 50 57 67 75 82 
0 1 8 15 25 32 39 45 51 56 65 74 81 
0 1 8 15 25 32 39 45 51 56 65 74 82 
0 1 8 15 25 32 39 45 51 56 65 75 82 
0 1 8 15 25 32 39 45 51 56 66 74 81 
0 1 8 15 25 32 39 45 51 56 66 75 80 
0 1 8 15 25 32 39 48 56 66 68 73 80 
0 1 8 15 25 32 39 48 56 66 68 73 81 
0 1 8 15 25 32 39 48 56 66 68 75 80 
0 1 8 15 25 32 39 48 56 68 73 80 85 
0 1 8 15 25 32 39 48 56 68 73 81 86 
0 1 8 15 25 32 39 49 56 65 68 73 81 
0 1 8 15 25 32 39 49 56 65 68 75 82 
0 1 8 15 25 32 39 49 56 65 68 76 81 
0 1 8 15 25 32 39 49 56 67 68 73 80 
0 1 8 15 25 32 39 49 56 67 68 75 80 
0 1 8 15 25 32 39 49 56 67 68 75 82 
0 1 8 15 25 32 39 49 56 68 73 81 86 
0 1 8 15 25 32 39 49 57 65 68 73 81 
0 1 8 15 25 32 39 49 57 65 68 75 82 
0 1 8 15 25 32 39 49 57 67 68 73 80 
0 1 8 15 25 32 39 49 57 67 68 75 80 
0 1 8 15 25 32 39 49 57 67 68 75 82 
0 1 8 15 25 32 39 49 57 68 73 81 86 
0 1 8 15 25 32 39 50 57 66 68 73 80 
0 1 8 15 25 32 39 50 57 66 68 73 81 
0 1 8 15 25 32 39 50 57 66 68 75 80 
0 1 8 15 25 32 39 50 57 67 68 73 80 
0 1 8 15 25 32 39 50 57 67 68 75 80 
0 1 8 15 25 32 39 50 57 67 68 75 82 
0 1 8 15 25 32 39 51 56 65 68 73 81 
0 1 8 15 25 32 39 51 56 65 68 75 82 
0 1 8 15 25 32 39 51 56 65 68 76 81 
0 1 8 15 25 32 39 51 56 65 68 76 84 
0 1 8 15 25 32 39 51 56 66 68 73 80 
0 1 8 15 25 32 39 51 56 66 68 73 81 
0 1 8 15 25 32 39 51 56 66 68 75 80 
0 1 8 15 25 33 38 44 48 56 66 72 80 
0 1 8 15 25 33 38 44 48 56 66 73 80 
0 1 8 15 25 33 38 44 48 56 66 73 81 
0 1 8 15 25 33 38 44 48 56 72 79 86 
0 1 8 15 25 33 38 44 48 56 72 80 85 
0 1 8 15 25 33 38 44 48 56 73 78 85 
0 1 8 15 25 33 38 44 48 56 73 78 86 
0 1 8 15 25 33 38 44 48 56 73 80 85 
0 1 8 15 25 33 38 44 48 56 73 81 86 
0 1 8 15 25 33 38 44 49 56 67 72 79 
0 1 8 15 25 33 38 44 49 56 67 72 80 
0 1 8 15 25 33 38 44 49 56 67 73 80 
0 1 8 15 25 33 38 44 49 56 72 79 86 
0 1 8 15 25 33 38 44 49 56 73 78 86 
0 1 8 15 25 33 38 44 49 56 73 81 86 
0 1 8 15 25 33 38 44 49 57 65 73 81 
0 1 8 15 25 33 38 44 49 57 67 72 79 
0 1 8 15 25 33 38 44 49 57 67 72 80 
0 1 8 15 25 33 38 44 49 57 67 73 80 
0 1 8 15 25 33 38 44 49 57 72 79 86 
0 1 8 15 25 33 38 44 49 57 73 78 86 
0 1 8 15 25 33 38 44 49 57 73 81 86 
0 1 8 15 25 33 38 44 50 57 66 72 80 
0 1 8 15 25 33 38 44 50 57 66 73 80 
0 1 8 15 25 33 38 44 50 57 66 73 81 
0 1 8 15 25 33 38 44 50 57 67 72 79 
0 1 8 15 25 33 38 44 50 57 67 72 80 
0 1 8 15 25 33 38 44 50 57 67 73 80 
0 1 8 15 25 33 38 45 48 56 66 72 80 
0 1 8 15 25 33 38 45 48 56 66 75 80 
0 1 8 15 25 33 38 45 48 56 72 79 86 
0 1 8 15 25 33 38 45 48 56 72 80 85 
0 1 8 15 25 33 38 45 48 56 74 79 86 
0 1 8 15 25 33 38 45 49 56 67 72 79 
0 1 8 15 25 33 38 45 49 56 67 72 80 
0 1 8 15 25 33 38 45 49 56 67 74 79 
0 1 8 15 25 33 38 45 49 56 72 79 86 
0 1 8 15 25 33 38 45 49 56 74 79 86 
0 1 8 15 25 33 38 45 49 57 65 74 81 
0 1 8 15 25 33 38 45 49 57 65 74 82 
0 1 8 15 25 33 38 45 49 57 65 75 82 
0 1 8 15 25 33 38 45 49 57 67 72 79 
0 1 8 15 25 33 38 45 49 57 67 72 80 
0 1 8 15 25 33 38 45 49 57 67 74 79 
0 1 8 15 25 33 38 45 49 57 67 74 82 
0 1 8 15 25 33 38 45 49 57 67 75 80 
0 1 8 15 25 33 38 45 49 57 67 75 82 
0 1 8 15 25 33 38 45 49 57 72 79 86 
0 1 8 15 25 33 38 45 49 57 74 79 86 
0 1 8 15 25 33 38 45 50 54 57 74 82 
0 1 8 15 25 33 38 45 50 54 57 75 82 
0 1 8 15 25 33 38 45 50 57 66 72 80 
0 1 8 15 25 33 38 45 50 57 66 75 80 
0 1 8 15 25 33 38 45 50 57 67 72 79 
0 1 8 15 25 33 38 45 50 57 67 72 80 
0 1 8 15 25 33 38 45 50 57 67 74 79 
0 1 8 15 25 33 38 45 50 57 67 74 82 
0 1 8 15 25 33 38 45 50 57 67 75 80 
0 1 8 15 25 33 38 45 50 57 67 75 82 
0 1 8 15 25 33 38 48 56 66 68 73 80 
0 1 8 15 25 33 38 48 56 66 68 73 81 
0 1 8 15 25 33 38 48 56 66 68 75 80 
0 1 8 15 25 33 38 48 56 68 73 80 85 
0 1 8 15 25 33 38 48 56 68 73 81 86 
0 1 8 15 25 33 38 49 56 68 73 81 86 
0 1 8 15 25 33 38 49 57 65 68 73 81 
0 1 8 15 25 33 38 49 57 65 68 75 82 
0 1 8 15 25 33 38 49 57 67 68 73 80 
0 1 8 15 25 33 38 49 57 67 68 75 80 
0 1 8 15 25 33 38 49 57 67 68 75 82 
0 1 8 15 25 33 38 50 54 57 68 75 82 
0 1 8 15 25 33 38 50 57 66 68 73 80 
0 1 8 15 25 33 38 50 57 66 68 73 81 
0 1 8 15 25 33 38 50 57 66 68 75 80 
0 1 8 15 25 33 38 50 57 67 68 73 80 
0 1 8 15 25 33 38 50 57 67 68 75 80 
0 1 8 15 25 33 38 50 57 67 68 75 82 
0 1 8 15 25 33 41 44 48 56 66 73 80 
0 1 8 15 25 33 41 44 48 56 66 73 81 
0 1 8 15 25 33 41 44 48 56 73 78 85 
0 1 8 15 25 33 41 44 48 56 73 78 86 
0 1 8 15 25 33 41 44 48 56 73 80 85 
0 1 8 15 25 33 41 44 48 56 73 81 86 
0 1 8 15 25 33 41 44 49 56 65 73 81 
0 1 8 15 25 33 41 44 49 56 67 73 80 
0 1 8 15 25 33 41 44 49 56 73 78 86 
0 1 8 15 25 33 41 44 49 56 73 81 86 
0 1 8 15 25 33 41 44 49 57 65 73 81 
0 1 8 15 25 33 41 44 49 57 67 73 80 
0 1 8 15 25 33 41 44 49 57 73 78 86 
0 1 8 15 25 33 41 44 50 57 66 73 80 
0 1 8 15 25 33 41 44 50 57 66 73 81 
0 1 8 15 25 33 41 44 50 57 67 73 80 
0 1 8 15 25 33 41 44 51 56 65 73 81 
0 1 8 15 25 33 41 44 51 56 66 73 80 
0 1 8 15 25 33 41 44 51 56 66 73 81 
0 1 8 15 25 33 41 45 49 56 65 74 82 
0 1 8 15 25 33 41 45 49 56 65 75 82 
0 1 8 15 25 33 41 45 49 56 67 74 82 
0 1 8 15 25 33 41 45 49 56 67 75 80 
0 1 8 15 25 33 41 45 49 56 67 75 82 
0 1 8 15 25 33 41 45 49 57 65 74 82 
0 1 8 15 25 33 41 45 49 57 65 75 82 
0 1 8 15 25 33 41 45 49 57 67 74 82 
0 1 8 15 25 33 41 45 49 57 67 75 80 
0 1 8 15 25 33 41 45 49 57 67 75 82 
0 1 8 15 25 33 41 45 50 57 66 75 80 
0 1 8 15 25 33 41 45 50 57 67 74 82 
0 1 8 15 25 33 41 45 50 57 67 75 80 
0 1 8 15 25 33 41 45 50 57 67 75 82 
0 1 8 15 25 33 41 45 51 56 65 74 82 
0 1 8 15 25 33 41 45 51 56 65 75 82 
0 1 8 15 25 33 41 45 51 56 66 75 80 
0 1 8 15 25 33 41 48 56 66 68 73 80 
0 1 8 15 25 33 41 48 56 66 68 73 81 
0 1 8 15 25 33 41 48 56 66 68 75 80 
0 1 8 15 25 33 41 48 56 68 73 80 85 
0 1 8 15 25 33 41 49 56 65 68 73 81 
0 1 8 15 25 33 41 49 56 65 68 75 82 
0 1 8 15 25 33 41 49 56 65 68 76 81 
0 1 8 15 25 33 41 49 56 67 68 73 80 
0 1 8 15 25 33 41 49 56 67 68 75 80 
0 1 8 15 25 33 41 49 56 67 68 75 82 
0 1 8 15 25 33 41 49 57 65 68 73 81 
0 1 8 15 25 33 41 49 57 65 68 75 82 
0 1 8 15 25 33 41 49 57 67 68 73 80 
0 1 8 15 25 33 41 49 57 67 68 75 80 
0 1 8 15 25 33 41 49 57 67 68 75 82 
0 1 8 15 25 33 41 50 57 67 68 73 80 
0 1 8 15 25 33 41 50 57 67 68 75 80 
0 1 8 15 25 33 41 51 56 65 68 73 81 
0 1 8 15 25 33 41 51 56 65 68 75 82 
0 1 8 15 25 33 41 51 56 65 68 76 81 
0 1 8 15 25 33 41 51 56 66 68 73 80 
0 1 8 15 25 33 41 51 56 66 68 73 81 
0 1 8 15 25 33 41 51 56 66 68 75 80 
0 1 8 15 27 32 39 48 56 66 68 73 80 
0 1 8 15 27 32 39 48 56 66 68 73 81 
0 1 8 15 27 32 39 48 56 66 68 75 80 
0 1 8 15 27 32 39 48 56 66 68 76 81 
0 1 8 15 27 32 39 48 56 68 73 80 85 
0 1 8 15 27 32 39 49 56 65 68 73 81 
0 1 8 15 27 32 39 49 56 65 68 75 82 
0 1 8 15 27 32 39 49 56 65 68 76 81 
0 1 8 15 27 32 39 49 56 67 68 73 80 
0 1 8 15 27 32 39 49 56 67 68 75 80 
0 1 8 15 27 32 39 49 56 67 68 75 82 
0 1 8 15 27 32 39 49 57 65 68 73 81 
0 1 8 15 27 32 39 49 57 65 68 75 82 
0 1 8 15 27 32 39 49 57 67 68 73 80 
0 1 8 15 27 32 39 49 57 67 68 75 80 
0 1 8 15 27 32 39 49 57 67 68 75 82 
0 1 8 15 27 32 39 50 57 66 68 73 80 
0 1 8 15 27 32 39 50 57 67 68 73 80 
0 1 8 15 27 32 39 50 57 67 68 75 80 
0 1 8 15 27 32 39 50 57 67 68 75 82 
0 1 8 15 27 32 39 51 56 65 68 73 81 
0 1 8 15 27 32 39 51 56 65 68 75 82 
0 1 8 15 27 32 39 51 56 65 68 76 81 
0 1 8 15 27 32 39 51 56 65 68 76 84 
0 1 8 15 27 32 39 51 56 66 68 73 80 
0 1 8 15 27 32 39 51 56 66 68 73 81 
0 1 8 15 27 32 39 51 56 66 68 75 80 
0 1 8 15 27 32 39 51 56 66 68 76 81 
0 1 8 15 27 34 39 48 56 66 68 73 80 
0 1 8 15 27 34 39 48 56 66 68 73 81 
0 1 8 15 27 34 39 48 56 66 68 75 80 
0 1 8 15 27 34 39 48 56 66 68 76 81 
0 1 8 15 27 34 39 48 56 68 73 80 85 
0 1 8 15 27 34 39 49 56 65 68 73 81 
0 1 8 15 27 34 39 49 56 65 68 75 82 
0 1 8 15 27 34 39 49 56 65 68 76 81 
0 1 8 15 27 34 39 49 56 67 68 73 80 
0 1 8 15 27 34 39 49 56 67 68 75 80 
0 1 8 15 27 34 39 49 56 67 68 75 82 
0 1 8 15 27 34 39 49 57 65 68 73 81 
0 1 8 15 27 34 39 49 57 65 68 75 82 
0 1 8 15 27 34 39 49 57 67 68 75 80 
0 1 8 15 27 34 39 51 56 65 68 73 81 
0 1 8 15 27 34 39 51 56 65 68 75 82 
0 1 8 15 27 34 39 51 56 65 68 76 81 
0 1 8 15 27 34 39 51 56 65 68 76 84 
0 1 8 15 27 34 39 51 56 66 68 73 80 
0 1 8 15 27 34 39 51 56 66 68 73 81 
0 1 8 15 27 34 39 51 56 66 68 75 80 
0 1 8 15 27 34 39 51 56 66 68 76 81 
0 1 8 15 28 33 41 44 48 56 66 73 80 
0 1 8 15 28 33 41 44 48 56 66 73 81 
0 1 8 15 28 33 41 44 48 56 73 78 85 
0 1 8 15 28 33 41 44 48 56 73 78 86 
0 1 8 15 28 33 41 44 48 56 73 80 85 
0 1 8 15 28 33 41 44 49 56 65 73 81 
0 1 8 15 28 33 41 44 49 56 67 73 80 
0 1 8 15 28 33 41 44 49 56 73 78 86 
0 1 8 15 28 33 41 44 49 57 65 73 81 
0 1 8 15 28 33 41 44 49 57 67 73 80 
0 1 8 15 28 33 41 44 51 56 65 73 81 
0 1 8 15 28 33 41 44 51 56 66 73 80 
0 1 8 15 28 33 41 44 51 56 66 73 81 
0 1 8 15 28 33 41 45 49 56 65 74 82 
0 1 8 15 28 33 41 45 49 56 65 75 82 
0 1 8 15 28 33 41 45 49 56 67 74 82 
0 1 8 15 28 33 41 45 49 56 67 75 80 
0 1 8 15 28 33 41 45 49 56 67 75 82 
0 1 8 15 28 33 41 45 49 57 65 74 82 
0 1 8 15 28 33 41 45 49 57 65 75 82 
0 1 8 15 28 33 41 45 49 57 67 74 82 
0 1 8 15 28 33 41 45 49 57 67 75 80 
0 1 8 15 28 33 41 45 49 57 67 75 82 
0 1 8 15 28 33 41 45 51 56 66 75 80 
0 1 8 15 28 33 41 45 51 56 66 75 83 
0 1 8 15 28 33 41 48 56 66 68 73 80 
0 1 8 15 28 33 41 48 56 66 68 73 81 
0 1 8 15 28 33 41 48 56 66 68 75 80 
0 1 8 15 28 33 41 48 56 66 68 76 81 
0 1 8 15 28 33 41 48 56 68 73 80 85 
0 1 8 15 28 33 41 49 56 65 68 73 81 
0 1 8 15 28 33 41 49 56 65 68 75 82 
0 1 8 15 28 33 41 49 56 65 68 76 81 
0 1 8 15 28 33 41 49 56 67 68 73 80 
0 1 8 15 28 33 41 49 56 67 68 75 80 
0 1 8 15 28 33 41 49 56 67 68 75 82 
0 1 8 15 28 33 41 49 57 65 68 73 81 
0 1 8 15 28 33 41 49 57 65 68 75 82 
0 1 8 15 28 33 41 49 57 65 68 76 81 
0 1 8 15 28 33 41 49 57 67 68 73 80 
0 1 8 15 28 33 41 49 57 67 68 75 80 
0 1 8 15 28 33 41 49 57 67 68 75 82 
0 1 8 15 28 33 41 51 56 65 68 73 81 
0 1 8 15 28 33 41 51 56 65 68 76 81 
0 1 8 15 28 33 41 51 56 66 68 73 80 
0 1 8 15 28 33 41 51 56 66 68 73 81 
0 1 8 15 28 33 41 51 56 66 68 75 80 
0 1 8 15 28 33 41 51 56 66 68 75 83 
0 1 8 15 28 33 41 51 56 66 68 76 81 
0 1 8 15 28 33 41 51 56 66 68 76 83 
0 1 8 16 25 32 39 48 56 68 73 80 85 
0 1 8 16 25 32 39 48 56 68 73 81 86 
0 1 8 16 25 32 39 48 56 69 74 81 86 
0 1 8 16 25 32 39 48 56 69 77 85 
0 1 8 16 25 32 39 48 56 73 78 85 87 
0 1 8 16 25 32 39 48 56 73 78 86 87 
0 1 8 16 25 32 39 48 56 73 80 85 87 
0 1 8 16 25 32 39 48 56 73 81 86 87 
0 1 8 16 25 32 39 48 56 74 81 86 87 
0 1 8 16 25 32 39 49 56 65 68 73 81 
0 1 8 16 25 32 39 49 56 65 68 76 81 
0 1 8 16 25 32 39 49 56 65 69 74 81 
0 1 8 16 25 32 39 49 56 65 69 74 82 
0 1 8 16 25 32 39 49 56 65 69 76 81 
0 1 8 16 25 32 39 49 56 65 69 77 82 
0 1 8 16 25 32 39 49 56 65 73 81 87 
0 1 8 16 25 32 39 49 56 65 74 81 87 
0 1 8 16 25 32 39 49 56 65 74 82 87 
0 1 8 16 25 32 39 49 56 68 73 81 86 
0 1 8 16 25 32 39 49 56 69 74 81 86 
0 1 8 16 25 32 39 49 56 73 78 86 87 
0 1 8 16 25 32 39 49 56 73 81 86 87 
0 1 8 16 25 32 39 49 56 74 81 86 87 
0 1 8 16 25 32 39 51 56 65 68 73 81 
0 1 8 16 25 32 39 51 56 65 68 76 81 
0 1 8 16 25 32 39 51 56 65 68 76 84 
0 1 8 16 25 32 39 51 56 65 69 74 81 
0 1 8 16 25 32 39 51 56 65 69 74 82 
0 1 8 16 25 32 39 51 56 65 69 76 81 
0 1 8 16 25 32 39 51 56 65 69 76 84 
0 1 8 16 25 32 39 51 56 65 69 77 82 
0 1 8 16 25 32 39 51 56 65 69 77 84 
0 1 8 16 25 32 39 51 56 65 73 81 87 
0 1 8 16 25 32 39 51 56 65 74 81 87 
0 1 8 16 25 32 39 51 56 65 74 82 87 
0 1 8 16 25 33 38 48 56 66 68 73 80 
0 1 8 16 25 33 38 48 56 66 68 73 81 
0 1 8 16 25 33 38 48 56 66 73 80 87 
0 1 8 16 25 33 38 48 56 66 73 81 87 
0 1 8 16 25 33 38 48 56 68 73 80 85 
0 1 8 16 25 33 38 48 56 68 73 81 86 
0 1 8 16 25 33 38 48 56 69 74 81 86 
0 1 8 16 25 33 38 48 56 69 77 85 
0 1 8 16 25 33 38 48 56 73 78 85 87 
0 1 8 16 25 33 38 48 56 73 78 86 87 
0 1 8 16 25 33 38 48 56 73 80 85 87 
0 1 8 16 25 33 38 48 56 73 81 86 87 
0 1 8 16 25 33 38 48 56 74 81 86 87 
0 1 8 16 25 33 38 49 56 68 73 81 86 
0 1 8 16 25 33 38 49 56 69 74 81 86 
0 1 8 16 25 33 38 49 56 73 81 86 87 
0 1 8 16 25 33 38 49 57 65 68 73 81 
0 1 8 16 25 33 38 49 57 65 69 74 81 
0 1 8 16 25 33 38 49 57 65 69 74 82 
0 1 8 16 25 33 38 49 57 65 69 77 82 
0 1 8 16 25 33 38 49 57 65 73 81 87 
0 1 8 16 25 33 38 49 57 65 74 81 87 
0 1 8 16 25 33 38 49 57 65 74 82 87 
0 1 8 16 25 33 38 49 57 67 68 73 80 
0 1 8 16 25 33 38 49 57 67 68 75 80 
0 1 8 16 25 33 38 49 57 67 68 75 82 
0 1 8 16 25 33 38 49 57 67 69 74 82 
0 1 8 16 25 33 38 49 57 67 74 82 87 
0 1 8 16 25 33 38 49 57 68 73 81 86 
0 1 8 16 25 33 38 49 57 69 74 81 86 
0 1 8 16 25 33 38 49 57 73 78 86 87 
0 1 8 16 25 33 38 49 57 73 81 86 87 
0 1 8 16 25 33 38 49 57 74 79 86 87 
0 1 8 16 25 33 38 49 57 74 81 86 87 
0 1 8 16 25 33 41 48 56 66 68 73 80 
0 1 8 16 25 33 41 48 56 66 68 73 81 
0 1 8 16 25 33 41 48 56 66 73 80 87 
0 1 8 16 25 33 41 48 56 68 73 80 85 
0 1 8 16 25 33 41 48 56 68 73 81 86 
0 1 8 16 25 33 41 48 56 69 74 81 86 
0 1 8 16 25 33 41 48 56 69 77 85 
0 1 8 16 25 33 41 48 56 73 78 85 87 
0 1 8 16 25 33 41 48 56 73 78 86 87 
0 1 8 16 25 33 41 48 56 73 80 85 87 
0 1 8 16 25 33 41 48 56 73 81 86 87 
0 1 8 16 25 33 41 48 56 74 81 86 87 
0 1 8 16 25 33 41 49 56 65 68 73 81 
0 1 8 16 25 33 41 49 56 65 69 74 81 
0 1 8 16 25 33 41 49 56 65 69 74 82 
0 1 8 16 25 33 41 49 56 65 69 76 81 
0 1 8 16 25 33 41 49 56 65 69 77 82 
0 1 8 16 25 33 41 49 56 65 73 81 87 
0 1 8 16 25 33 41 49 56 65 74 81 87 
0 1 8 16 25 33 41 49 56 65 74 82 87 
0 1 8 16 25 33 41 49 56 69 74 81 86 
0 1 8 16 25 33 41 49 56 73 78 86 87 
0 1 8 16 25 33 41 49 56 73 81 86 87 
0 1 8 16 25 33 41 49 56 74 81 86 87 
0 1 8 16 25 33 41 49 57 65 69 74 81 
0 1 8 16 25 33 41 49 57 65 69 74 82 
0 1 8 16 25 33 41 49 57 65 69 77 82 
0 1 8 16 25 33 41 49 57 65 73 81 87 
0 1 8 16 25 33 41 49 57 65 74 81 87 
0 1 8 16 25 33 41 49 57 67 68 73 80 
0 1 8 16 25 33 41 49 57 67 68 75 80 
0 1 8 16 25 33 41 49 57 67 69 74 82 
0 1 8 16 25 33 41 49 57 69 74 81 86 
0 1 8 16 25 33 41 51 56 65 68 73 81 
0 1 8 16 25 33 41 51 56 65 68 76 81 
0 1 8 16 25 33 41 51 56 65 69 74 81 
0 1 8 16 25 33 41 51 56 65 69 76 81 
0 1 8 16 25 33 41 51 56 65 73 81 87 
0 1 8 16 25 33 41 51 56 65 74 81 87 
0 1 8 16 25 33 41 51 56 66 68 73 80 
0 1 8 16 25 33 41 51 56 66 73 80 87 
0 1 8 16 27 32 39 48 56 66 68 73 80 
0 1 8 16 27 32 39 48 56 66 68 73 81 
0 1 8 16 27 32 39 48 56 66 68 76 81 
0 1 8 16 27 32 39 48 56 66 69 74 81 
0 1 8 16 27 32 39 48 56 66 69 76 81 
0 1 8 16 27 32 39 48 56 66 73 80 87 
0 1 8 16 27 32 39 48 56 66 73 81 87 
0 1 8 16 27 32 39 48 56 66 74 81 87 
0 1 8 16 27 32 39 48 56 68 73 80 85 
0 1 8 16 27 32 39 48 56 68 73 81 86 
0 1 8 16 27 32 39 48 56 69 74 81 86 
0 1 8 16 27 32 39 48 56 69 77 85 
0 1 8 16 27 32 39 48 56 73 78 85 87 
0 1 8 16 27 32 39 48 56 73 78 86 87 
0 1 8 16 27 32 39 48 56 73 80 85 87 
0 1 8 16 27 32 39 48 56 73 81 86 87 
0 1 8 16 27 32 39 48 56 74 81 86 87 
0 1 8 16 27 32 39 49 56 65 69 74 81 
0 1 8 16 27 32 39 49 56 65 69 74 82 
0 1 8 16 27 32 39 49 56 65 69 76 81 
0 1 8 16 27 32 39 49 56 65 69 77 82 
0 1 8 16 27 32 39 49 56 65 73 81 87 
0 1 8 16 27 32 39 49 56 65 74 81 87 
0 1 8 16 27 32 39 49 56 65 74 82 87 
0 1 8 16 27 32 39 49 56 69 74 81 86 
0 1 8 16 27 32 39 49 56 73 78 86 87 
0 1 8 16 27 32 39 49 56 73 81 86 87 
0 1 8 16 27 32 39 49 56 74 81 86 87 
0 1 8 16 27 32 39 51 56 65 68 73 81 
0 1 8 16 27 32 39 51 56 65 68 76 81 
0 1 8 16 27 32 39 51 56 65 68 76 84 
0 1 8 16 27 32 39 51 56 65 69 74 81 
0 1 8 16 27 32 39 51 56 65 69 74 82 
0 1 8 16 27 32 39 51 56 65 69 76 81 
0 1 8 16 27 32 39 51 56 65 69 76 84 
0 1 8 16 27 32 39 51 56 65 69 77 82 
0 1 8 16 27 32 39 51 56 65 69 77 84 
0 1 8 16 27 32 39 51 56 65 73 81 87 
0 1 8 16 27 32 39 51 56 65 74 81 87 
0 1 8 16 27 32 39 51 56 65 74 82 87 
0 1 8 16 27 32 39 51 56 66 68 73 80 
0 1 8 16 27 32 39 51 56 66 68 73 81 
0 1 8 16 27 32 39 51 56 66 68 76 81 
0 1 8 16 27 32 39 51 56 66 69 74 81 
0 1 8 16 27 32 39 51 56 66 69 76 81 
0 1 8 16 27 32 39 51 56 66 73 80 87 
0 1 8 16 27 32 39 51 56 66 73 81 87 
0 1 8 16 27 32 39 51 56 66 74 81 87 
0 1 8 16 27 34 39 48 56 66 68 73 80 
0 1 8 16 27 34 39 48 56 66 68 73 81 
0 1 8 16 27 34 39 48 56 66 68 76 81 
0 1 8 16 27 34 39 48 56 66 69 74 81 
0 1 8 16 27 34 39 48 56 66 69 76 81 
0 1 8 16 27 34 39 48 56 66 73 80 87 
0 1 8 16 27 34 39 48 56 66 73 81 87 
0 1 8 16 27 34 39 48 56 66 74 81 87 
0 1 8 16 27 34 39 48 56 68 73 80 85 
0 1 8 16 27 34 39 48 56 68 73 81 86 
0 1 8 16 27 34 39 48 56 69 77 85 
0 1 8 16 27 34 39 48 56 73 78 85 87 
0 1 8 16 27 34 39 48 56 73 78 86 87 
0 1 8 16 27 34 39 48 56 73 80 85 87 
0 1 8 16 27 34 39 48 56 73 81 86 87 
0 1 8 16 27 34 39 48 56 74 81 86 87 
0 1 8 16 27 34 39 49 56 65 73 81 87 
0 1 8 16 27 34 39 49 56 65 74 81 87 
0 1 8 16 27 34 39 49 56 65 74 82 87 
0 1 8 16 27 34 39 49 56 73 78 86 87 
0 1 8 16 27 34 39 49 56 73 81 86 87 
0 1 8 16 27 34 39 49 56 74 81 86 87 
0 1 8 16 27 34 39 51 56 65 73 81 87 
0 1 8 16 27 34 39 51 56 65 74 81 87 
0 1 8 16 27 34 39 51 56 65 74 82 87 
0 1 8 16 27 34 39 51 56 66 74 81 87 
0 1 8 16 28 33 41 48 56 66 68 73 80 
0 1 8 16 28 33 41 48 56 66 68 73 81 
0 1 8 16 28 33 41 48 56 66 68 76 81 
0 1 8 16 28 33 41 48 56 66 69 74 81 
0 1 8 16 28 33 41 48 56 66 69 76 81 
0 1 8 16 28 33 41 48 56 66 73 80 87 
0 1 8 16 28 33 41 48 56 66 73 81 87 
0 1 8 16 28 33 41 48 56 66 74 81 87 
0 1 8 16 28 33 41 48 56 68 73 80 85 
0 1 8 16 28 33 41 48 56 68 73 81 86 
0 1 8 16 28 33 41 48 56 69 74 81 86 
0 1 8 16 28 33 41 48 56 69 77 85 
0 1 8 16 28 33 41 48 56 73 78 85 87 
0 1 8 16 28 33 41 48 56 73 78 86 87 
0 1 8 16 28 33 41 48 56 73 80 85 87 
0 1 8 16 28 33 41 48 56 73 81 86 87 
0 1 8 16 28 33 41 48 56 74 81 86 87 
0 1 8 16 28 33 41 49 56 65 69 74 81 
0 1 8 16 28 33 41 49 56 65 69 74 82 
0 1 8 16 28 33 41 49 56 65 69 76 81 
0 1 8 16 28 33 41 49 56 65 69 77 82 
0 1 8 16 28 33 41 49 56 65 73 81 87 
0 1 8 16 28 33 41 49 56 65 74 81 87 
0 1 8 16 28 33 41 49 56 65 74 82 87 
0 1 8 16 28 33 41 49 56 69 74 81 86 
0 1 8 16 28 33 41 49 56 73 78 86 87 
0 1 8 16 28 33 41 49 56 73 81 86 87 
0 1 8 16 28 33 41 49 56 74 81 86 87 
0 1 8 16 28 33 41 51 56 66 68 73 80 
0 1 8 16 28 33 41 51 56 66 68 73 81 
0 1 8 16 28 33 41 51 56 66 68 76 81 
0 1 8 16 28 33 41 51 56 66 68 76 83 
0 1 8 16 28 33 41 51 56 66 69 74 81 
0 1 8 16 28 33 41 51 56 66 69 76 81 
0 1 8 16 28 33 41 51 56 66 73 80 87 
0 1 8 16 28 33 41 51 56 66 73 81 87 
0 1 8 16 28 33 41 51 56 66 74 81 87 
0 1 10 14 25 32 39 45 48 56 74 79 86 
0 1 10 14 25 32 39 45 48 56 74 81 86 
0 1 10 14 25 32 39 45 49 56 65 74 81 
0 1 10 14 25 32 39 45 49 56 65 74 82 
0 1 10 14 25 32 39 45 49 56 65 75 82 
0 1 10 14 25 32 39 45 49 56 67 74 79 
0 1 10 14 25 32 39 45 49 56 67 74 82 
0 1 10 14 25 32 39 45 49 56 67 75 82 
0 1 10 14 25 32 39 45 49 56 74 79 86 
0 1 10 14 25 32 39 45 49 56 74 81 86 
0 1 10 14 25 32 39 45 51 56 65 74 81 
0 1 10 14 25 32 39 45 51 56 65 74 82 
0 1 10 14 25 32 39 45 51 56 65 75 82 
0 1 10 14 25 32 39 48 56 71 78 86 87 
0 1 10 14 25 32 39 48 56 71 79 86 87 
0 1 10 14 25 32 39 48 56 73 78 86 87 
0 1 10 14 25 32 39 48 56 73 81 86 87 
0 1 10 14 25 32 39 48 56 74 79 86 87 
0 1 10 14 25 32 39 48 56 74 81 86 87 
0 1 10 14 25 32 39 49 56 65 73 81 87 
0 1 10 14 25 32 39 49 56 65 74 81 87 
0 1 10 14 25 32 39 49 56 65 74 82 87 
0 1 10 14 25 32 39 49 56 67 71 79 87 
0 1 10 14 25 32 39 49 56 67 74 79 87 
0 1 10 14 25 32 39 49 56 67 74 82 87 
0 1 10 14 25 32 39 49 56 71 78 86 87 
0 1 10 14 25 32 39 49 56 71 79 86 87 
0 1 10 14 25 32 39 49 56 73 78 86 87 
0 1 10 14 25 32 39 49 56 73 81 86 87 
0 1 10 14 25 32 39 49 56 74 79 86 87 
0 1 10 14 25 32 39 49 56 74 81 86 87 
0 1 10 14 25 32 39 51 56 65 73 81 87 
0 1 10 14 25 32 39 51 56 65 74 81 87 
0 1 10 14 25 32 39 51 56 65 74 82 87 
0 1 10 14 25 33 38 45 48 56 66 72 80 
0 1 10 14 25 33 38 45 48 56 74 79 86 
0 1 10 14 25 33 38 45 48 56 74 81 86 
0 1 10 14 27 32 39 45 48 56 74 79 86 
0 1 10 14 27 32 39 45 48 56 74 81 86 
0 1 10 14 27 32 39 45 49 56 65 74 81 
0 1 10 14 27 32 39 45 49 56 65 74 82 
0 1 10 14 27 32 39 45 49 56 65 75 82 
0 1 10 14 27 32 39 45 49 56 67 74 79 
0 1 10 14 27 32 39 45 49 56 67 74 82 
0 1 10 14 27 32 39 45 49 56 67 75 82 
0 1 10 14 27 32 39 45 49 56 74 79 86 
0 1 10 14 27 32 39 45 49 56 74 81 86 
0 1 10 14 27 32 39 45 51 56 65 74 81 
0 1 10 14 27 32 39 45 51 56 65 74 82 
0 1 10 14 27 32 39 45 51 56 65 75 82 
0 1 10 14 27 32 39 45 51 56 66 74 81 
0 1 10 14 27 32 39 45 51 56 66 75 80 
0 1 10 14 27 32 39 48 56 66 73 81 87 
0 1 10 14 27 32 39 48 56 66 74 81 87 
0 1 10 14 27 32 39 48 56 71 78 86 87 
0 1 10 14 27 32 39 48 56 71 79 86 87 
0 1 10 14 27 32 39 48 56 73 78 86 87 
0 1 10 14 27 32 39 48 56 73 81 86 87 
0 1 10 14 27 32 39 48 56 74 79 86 87 
0 1 10 14 27 32 39 48 56 74 81 86 87 
0 1 10 14 27 32 39 49 56 65 73 81 87 
0 1 10 14 27 32 39 49 56 65 74 81 87 
0 1 10 14 27 32 39 49 56 65 74 82 87 
0 1 10 14 27 32 39 49 56 67 71 79 87 
0 1 10 14 27 32 39 49 56 67 74 79 87 
0 1 10 14 27 32 39 49 56 67 74 82 87 
0 1 10 14 27 32 39 49 56 71 78 86 87 
0 1 10 14 27 32 39 49 56 71 79 86 87 
0 1 10 14 27 32 39 49 56 73 78 86 87 
0 1 10 14 27 32 39 49 56 73 81 86 87 
0 1 10 14 27 32 39 49 56 74 79 86 87 
0 1 10 14 27 32 39 49 56 74 81 86 87 
0 1 10 14 27 32 39 51 56 65 73 81 87 
0 1 10 14 27 32 39 51 56 65 74 81 87 
0 1 10 14 27 32 39 51 56 65 74 82 87 
0 1 10 14 27 32 39 51 56 66 73 80 87 
0 1 10 14 27 32 39 51 56 66 73 81 87 
0 1 10 14 27 32 39 51 56 66 74 81 87 
0 1 10 14 27 34 39 45 48 56 74 79 86 
0 1 10 14 27 34 39 45 49 56 65 74 81 
0 1 10 14 27 34 39 45 49 56 65 74 82 
0 1 10 14 27 34 39 45 49 56 65 75 82 
0 1 10 14 27 34 39 45 49 56 67 74 79 
0 1 10 14 27 34 39 45 49 56 67 74 82 
0 1 10 14 27 34 39 45 49 56 67 75 82 
0 1 10 14 27 34 39 45 49 56 74 79 86 
0 1 10 14 27 34 39 45 49 56 74 81 86 
0 1 10 14 27 34 39 48 56 66 73 81 87 
0 1 10 14 27 34 39 48 56 66 74 81 87 
0 1 10 14 27 34 39 48 56 71 78 86 87 
0 1 10 14 27 34 39 48 56 71 79 86 87 
0 1 10 14 27 34 39 48 56 73 78 86 87 
0 1 10 14 27 34 39 48 56 73 81 86 87 
0 1 10 14 27 34 39 48 56 74 79 86 87 
0 1 10 14 27 34 39 48 56 74 81 86 87 
0 1 10 14 27 34 39 49 56 65 73 81 87 
0 1 10 14 27 34 39 49 56 65 74 81 87 
0 1 10 14 27 34 39 49 56 65 74 82 87 
0 1 10 14 27 34 39 49 56 67 71 79 87 
0 1 10 14 27 34 39 49 56 67 74 79 87 
0 1 10 14 27 34 39 49 56 67 74 82 87 
0 1 10 14 27 34 39 49 56 71 78 86 87 
0 1 10 14 27 34 39 49 56 71 79 86 87 
0 1 10 14 27 34 39 49 56 73 78 86 87 
0 1 10 14 27 34 39 49 56 73 81 86 87 
0 1 10 14 27 34 39 49 56 74 79 86 87 
0 1 10 14 27 34 39 49 56 74 81 86 87 
0 1 10 14 27 34 41 48 56 66 73 81 87 
0 1 10 14 27 34 41 48 56 66 74 81 87 
0 1 10 14 27 34 41 48 56 71 78 86 87 
0 1 10 14 27 34 41 48 56 71 79 86 87 
0 1 10 14 27 34 41 48 56 73 78 86 87 
0 1 10 14 27 34 41 48 56 73 81 86 87 
0 1 10 14 27 34 41 48 56 74 79 86 87 
0 1 10 14 27 34 41 48 56 74 81 86 87 
0 1 10 14 27 34 41 49 56 65 73 81 87 
0 1 10 14 27 34 41 49 56 65 74 81 87 
0 1 10 14 27 34 41 49 56 65 74 82 87 
0 1 10 14 27 34 41 49 56 67 71 79 87 
0 1 10 14 27 34 41 49 56 67 74 79 87 
0 1 10 14 27 34 41 49 56 67 74 82 87 
0 1 10 14 27 34 41 49 56 71 78 86 87 
0 1 10 14 27 34 41 49 56 71 79 86 87 
0 1 10 14 27 34 41 49 56 73 78 86 87 
0 1 10 14 27 34 41 49 56 73 81 86 87 
0 1 10 14 27 34 41 49 56 74 79 86 87 
0 1 10 14 27 34 41 49 56 74 81 86 87 
0 1 10 16 25 32 39 48 56 68 73 81 86 
0 1 10 16 25 32 39 48 56 69 74 81 86 
0 1 10 16 25 32 39 48 56 69 77 85 
0 1 10 16 25 32 39 48 56 73 78 85 87 
0 1 10 16 25 32 39 48 56 73 78 86 87 
0 1 10 16 25 32 39 48 56 73 81 86 87 
0 1 10 16 25 32 39 48 56 74 79 86 87 
0 1 10 16 25 32 39 48 56 74 81 86 87 
0 1 10 16 25 32 39 49 56 65 69 74 81 
0 1 10 16 25 32 39 49 56 65 69 74 82 
0 1 10 16 25 32 39 49 56 65 69 76 81 
0 1 10 16 25 32 39 49 56 65 69 77 82 
0 1 10 16 25 32 39 49 56 65 73 81 87 
0 1 10 16 25 32 39 49 56 65 74 81 87 
0 1 10 16 25 32 39 49 56 65 74 82 87 
0 1 10 16 25 32 39 49 56 69 74 81 86 
0 1 10 16 25 32 39 49 56 73 78 86 87 
0 1 10 16 25 32 39 49 56 73 81 86 87 
0 1 10 16 25 32 39 49 56 74 79 86 87 
0 1 10 16 25 32 39 49 56 74 81 86 87 
0 1 10 16 25 33 38 48 56 68 73 81 86 
0 1 10 16 25 33 38 48 56 69 74 81 86 
0 1 10 16 25 33 38 48 56 69 77 85 
0 1 10 16 25 33 38 48 56 73 78 85 87 
0 1 10 16 25 33 38 48 56 73 81 86 87 
0 1 10 16 25 33 41 48 56 68 73 81 86 
0 1 10 16 25 33 41 48 56 69 74 81 86 
0 1 10 16 25 33 41 48 56 69 77 85 
0 1 10 16 25 33 41 48 56 73 78 85 87 
0 1 10 16 25 33 41 48 56 73 78 86 87 
0 1 10 16 25 33 41 48 56 73 81 86 87 
0 1 10 16 25 33 41 48 56 74 79 86 87 
0 1 10 16 25 33 41 48 56 74 81 86 87 
0 1 10 16 25 33 41 49 56 65 69 74 81 
0 1 10 16 25 33 41 49 56 65 69 74 82 
0 1 10 16 25 33 41 49 56 65 69 76 81 
0 1 10 16 25 33 41 49 56 65 69 77 82 
0 1 10 16 25 33 41 49 56 65 73 81 87 
0 1 10 16 25 33 41 49 56 65 74 81 87 
0 1 10 16 25 33 41 49 56 69 74 81 86 
0 1 10 16 27 32 39 48 56 66 68 73 81 
0 1 10 16 27 32 39 48 56 66 68 76 81 
0 1 10 16 27 32 39 48 56 66 69 74 81 
0 1 10 16 27 32 39 48 56 66 69 76 81 
0 1 10 16 27 32 39 48 56 66 73 81 87 
0 1 10 16 27 32 39 48 56 66 74 81 87 
0 1 10 16 27 32 39 48 56 68 73 81 86 
0 1 10 16 27 32 39 48 56 69 74 81 86 
0 1 10 16 27 32 39 48 56 69 77 85 
0 1 10 16 27 32 39 48 56 73 78 85 87 
0 1 10 16 27 32 39 48 56 73 78 86 87 
0 1 10 16 27 32 39 48 56 73 81 86 87 
0 1 10 16 27 32 39 48 56 74 79 86 87 
0 1 10 16 27 32 39 48 56 74 81 86 87 
0 1 10 16 27 32 39 49 56 65 69 74 81 
0 1 10 16 27 32 39 49 56 65 69 74 82 
0 1 10 16 27 32 39 49 56 65 69 76 81 
0 1 10 16 27 32 39 49 56 65 69 77 82 
0 1 10 16 27 32 39 49 56 65 73 81 87 
0 1 10 16 27 32 39 49 56 65 74 81 87 
0 1 10 16 27 32 39 49 56 65 74 82 87 
0 1 10 16 27 32 39 49 56 69 74 81 86 
0 1 10 16 27 32 39 49 56 73 78 86 87 
0 1 10 16 27 32 39 49 56 73 81 86 87 
0 1 10 16 27 32 39 49 56 74 79 86 87 
0 1 10 16 27 32 39 49 56 74 81 86 87 
0 1 10 16 27 34 39 48 56 66 68 73 81 
0 1 10 16 27 34 39 48 56 66 68 76 81 
0 1 10 16 27 34 39 48 56 66 69 74 81 
0 1 10 16 27 34 39 48 56 66 69 76 81 
0 1 10 16 27 34 39 48 56 66 73 81 87 
0 1 10 16 27 34 39 48 56 66 74 81 87 
0 1 10 16 27 34 39 48 56 68 73 81 86 
0 1 10 16 27 34 39 48 56 69 74 81 86 
0 1 10 16 27 34 39 48 56 69 77 85 
0 1 10 16 27 34 39 48 56 73 78 85 87 
0 1 10 16 27 34 39 48 56 73 78 86 87 
0 1 10 16 27 34 39 48 56 73 81 86 87 
0 1 10 16 27 34 39 48 56 74 79 86 87 
0 1 10 16 27 34 39 48 56 74 81 86 87 
0 1 10 16 27 34 41 48 56 66 68 73 81 
0 1 10 16 27 34 41 48 56 66 68 76 81 
0 1 10 16 27 34 41 48 56 66 69 74 81 
0 1 10 16 27 34 41 48 56 66 69 76 81 
0 1 10 16 27 34 41 48 56 66 73 81 87 
0 1 10 16 27 34 41 48 56 66 74 81 87 
0 1 10 16 27 34 41 48 56 68 73 81 86 
0 1 10 16 27 34 41 48 56 69 74 81 86 
0 1 10 16 27 34 41 48 56 69 77 85 
0 1 10 16 27 34 41 48 56 73 78 85 87 
0 1 10 16 27 34 41 48 56 73 78 86 87 
0 1 10 16 27 34 41 48 56 73 81 86 87 
0 1 10 16 27 34 41 48 56 74 79 86 87 
0 1 10 16 27 34 41 48 56 74 81 86 87 
0 1 10 17 25 32 39 48 56 69 74 81 86 
0 1 10 17 25 32 39 48 56 69 77 85 
0 1 10 17 25 32 39 48 56 70 77 85 
0 1 10 17 25 32 39 48 56 70 78 85 
0 1 10 17 25 32 39 48 56 70 78 86 
0 1 10 17 25 33 38 48 56 69 77 85 
0 1 10 17 25 33 38 48 56 70 77 85 
0 1 10 17 25 33 41 48 56 69 74 81 86 
0 1 10 17 25 33 41 48 56 69 77 85 
0 1 10 17 25 33 41 48 56 70 77 85 
0 1 10 17 27 32 39 48 56 69 74 81 86 
0 1 10 17 27 32 39 48 56 69 77 85 
0 1 10 17 27 32 39 48 56 70 77 85 
0 1 10 17 27 32 39 48 56 70 78 85 
0 1 10 17 27 32 39 48 56 70 78 86 
0 2 7 14 25 32 39 42 48 56 71 79 86 
0 2 7 14 25 32 39 42 48 56 72 79 86 
0 2 7 14 25 32 39 42 49 56 67 71 79 
0 2 7 14 25 32 39 42 49 56 67 72 79 
0 2 7 14 25 32 39 42 49 56 67 72 80 
0 2 7 14 25 32 39 42 49 56 71 79 86 
0 2 7 14 25 32 39 42 49 56 72 79 86 
0 2 7 14 25 32 39 42 51 56 65 71 76 84 
0 2 7 14 25 32 39 42 51 56 65 72 77 84 
0 2 7 14 25 32 39 45 49 56 65 74 81 
0 2 7 14 25 32 39 45 49 56 65 74 82 
0 2 7 14 25 32 39 45 49 56 67 72 79 
0 2 7 14 25 32 39 45 49 56 67 72 80 
0 2 7 14 25 32 39 45 49 56 67 74 79 
0 2 7 14 25 32 39 45 49 56 67 74 82 
0 2 7 14 25 32 39 45 49 56 72 79 86 
0 2 7 14 25 32 39 45 49 56 74 79 86 
0 2 7 14 25 32 39 45 49 56 74 81 86 
0 2 7 14 25 32 39 45 51 56 65 74 81 
0 2 7 14 25 32 39 45 51 56 65 74 82 
0 2 7 14 25 32 39 48 56 71 79 86 87 
0 2 7 14 25 32 39 48 56 74 79 86 87 
0 2 7 14 25 32 39 48 56 74 81 86 87 
0 2 7 14 25 32 39 49 56 65 74 81 87 
0 2 7 14 25 32 39 49 56 65 74 82 87 
0 2 7 14 25 32 39 49 56 67 71 79 87 
0 2 7 14 25 32 39 49 56 67 74 79 87 
0 2 7 14 25 32 39 49 56 71 79 86 87 
0 2 7 14 25 32 39 49 56 74 81 86 87 
0 2 7 14 25 32 39 51 56 65 74 81 87 
0 2 7 14 25 32 39 51 56 65 74 82 87 
0 2 7 14 25 32 40 42 48 56 71 79 86 
0 2 7 14 25 32 40 42 48 56 72 79 86 
0 2 7 14 25 32 40 42 49 56 67 71 79 
0 2 7 14 25 32 40 42 49 56 67 72 79 
0 2 7 14 25 32 40 42 49 56 67 72 80 
0 2 7 14 25 32 40 42 49 56 71 79 86 
0 2 7 14 25 32 40 42 49 56 72 79 86 
0 2 7 14 25 32 40 42 49 57 67 71 79 
0 2 7 14 25 32 40 42 49 57 67 72 79 
0 2 7 14 25 32 40 42 49 57 67 72 80 
0 2 7 14 25 32 40 42 49 57 71 79 86 
0 2 7 14 25 32 40 42 49 57 72 79 86 
0 2 7 14 25 32 40 42 51 56 65 71 76 84 
0 2 7 14 25 32 40 42 51 56 65 72 77 84 
0 2 7 14 25 32 40 42 52 57 65 72 77 84 
0 2 7 14 25 32 40 45 49 56 65 74 81 
0 2 7 14 25 32 40 45 49 56 65 74 82 
0 2 7 14 25 32 40 45 49 56 67 72 79 
0 2 7 14 25 32 40 45 49 56 67 72 80 
0 2 7 14 25 32 40 45 49 56 67 74 79 
0 2 7 14 25 32 40 45 49 56 72 79 86 
0 2 7 14 25 32 40 45 49 56 74 79 86 
0 2 7 14 25 32 40 45 49 56 74 81 86 
0 2 7 14 25 32 40 45 49 57 65 74 81 
0 2 7 14 25 32 40 45 49 57 65 74 82 
0 2 7 14 25 32 40 45 49 57 65 75 82 
0 2 7 14 25 32 40 45 49 57 67 75 80 
0 2 7 14 25 32 40 45 49 57 67 75 82 
0 2 7 14 25 32 40 45 51 56 65 74 81 
0 2 7 14 25 32 40 45 51 56 65 74 82 
0 2 7 14 27 32 39 42 46 51 59 71 76 84 
0 2 7 14 27 32 39 42 46 51 59 71 79 84 
0 2 7 14 27 32 39 42 46 51 59 72 77 84 
0 2 7 14 27 32 39 42 46 51 59 72 79 84 
0 2 7 14 27 32 39 42 47 52 59 72 77 84 
0 2 7 14 27 32 39 42 47 52 59 72 79 84 
0 2 7 14 27 32 39 42 48 56 66 72 80 
0 2 7 14 27 32 39 42 48 56 71 79 86 
0 2 7 14 27 32 39 42 48 56 72 79 86 
0 2 7 14 27 32 39 42 49 56 67 71 79 
0 2 7 14 27 32 39 42 49 56 67 72 79 
0 2 7 14 27 32 39 42 49 56 67 72 80 
0 2 7 14 27 32 39 42 49 56 71 79 86 
0 2 7 14 27 32 39 42 49 56 72 79 86 
0 2 7 14 27 32 39 42 51 56 65 71 76 84 
0 2 7 14 27 32 39 42 51 56 66 72 80 
0 2 7 14 27 32 39 42 51 59 65 71 76 84 
0 2 7 14 27 32 39 42 51 59 66 72 80 
0 2 7 14 27 32 39 42 52 59 65 72 77 84 
0 2 7 14 27 32 39 45 46 51 59 72 79 84 
0 2 7 14 27 32 39 45 47 52 59 72 79 84 
0 2 7 14 27 32 39 45 49 56 67 72 79 
0 2 7 14 27 32 39 45 49 56 67 72 80 
0 2 7 14 27 32 39 45 49 56 67 74 79 
0 2 7 14 27 32 39 45 49 56 67 74 82 
0 2 7 14 27 32 39 45 49 56 72 79 86 
0 2 7 14 27 32 39 45 49 56 74 81 86 
0 2 7 14 27 32 39 45 51 56 65 74 81 
0 2 7 14 27 32 39 45 51 56 65 74 82 
0 2 7 14 27 32 39 45 51 56 66 72 80 
0 2 7 14 27 32 39 45 51 56 66 74 81 
0 2 7 14 27 32 39 45 51 59 65 74 81 
0 2 7 14 27 32 39 45 51 59 65 74 82 
0 2 7 14 27 32 39 45 51 59 65 75 82 
0 2 7 14 27 32 39 45 51 59 66 72 80 
0 2 7 14 27 32 39 45 51 59 66 74 81 
0 2 7 14 27 32 39 45 51 59 66 75 80 
0 2 7 14 27 32 39 45 52 59 65 74 81 
0 2 7 14 27 32 39 45 52 59 65 74 82 
0 2 7 14 27 32 39 45 52 59 65 75 82 
0 2 7 14 27 32 39 46 51 59 71 79 84 87 
0 2 7 14 27 32 39 48 56 66 74 81 87 
0 2 7 14 27 32 39 48 56 71 79 86 87 
0 2 7 14 27 32 39 48 56 74 81 86 87 
0 2 7 14 27 32 39 49 56 67 71 79 87 
0 2 7 14 27 32 39 49 56 67 74 79 87 
0 2 7 14 27 32 39 49 56 67 74 82 87 
0 2 7 14 27 32 39 49 56 71 79 86 87 
0 2 7 14 27 32 39 49 56 74 81 86 87 
0 2 7 14 27 32 39 51 56 65 74 82 87 
0 2 7 14 27 32 39 51 56 66 74 81 87 
0 2 7 14 27 32 39 51 59 65 74 81 87 
0 2 7 14 27 32 39 51 59 65 74 82 87 
0 2 7 14 27 32 39 51 59 66 74 81 87 
0 2 7 14 27 32 39 52 59 65 74 81 87 
0 2 7 14 27 32 39 52 59 65 74 82 87 
0 2 7 14 27 34 39 42 46 51 59 71 76 84 
0 2 7 14 27 34 39 42 46 51 59 72 77 84 
0 2 7 14 27 34 39 42 48 56 66 72 80 
0 2 7 14 27 34 39 42 48 56 71 79 86 
0 2 7 14 27 34 39 42 48 56 72 79 86 
0 2 7 14 27 34 39 42 49 56 67 71 79 
0 2 7 14 27 34 39 42 49 56 67 72 79 
0 2 7 14 27 34 39 42 49 56 67 72 80 
0 2 7 14 27 34 39 42 49 56 71 79 86 
0 2 7 14 27 34 39 42 49 56 72 79 86 
0 2 7 14 27 34 39 42 51 56 66 72 80 
0 2 7 14 27 34 39 42 51 59 65 71 76 84 
0 2 7 14 27 34 39 42 51 59 66 72 80 
0 2 7 14 27 34 39 45 49 56 65 74 81 
0 2 7 14 27 34 39 45 49 56 65 74 82 
0 2 7 14 27 34 39 45 49 56 67 72 79 
0 2 7 14 27 34 39 45 49 56 67 72 80 
0 2 7 14 27 34 39 45 49 56 67 74 79 
0 2 7 14 27 34 39 45 49 56 67 74 82 
0 2 7 14 27 34 39 45 49 56 72 79 86 
0 2 7 14 27 34 39 45 49 56 74 81 86 
0 2 7 14 27 34 39 45 51 56 66 72 80 
0 2 7 14 27 34 39 45 51 56 66 74 81 
0 2 7 14 27 34 39 45 51 59 65 74 81 
0 2 7 14 27 34 39 45 51 59 65 74 82 
0 2 7 14 27 34 39 45 51 59 65 75 82 
0 2 7 14 27 34 39 45 51 59 66 72 80 
0 2 7 14 27 34 39 45 51 59 66 74 81 
0 2 7 14 27 34 39 45 51 59 66 75 80 
0 2 7 14 27 34 39 48 56 66 74 81 87 
0 2 7 14 27 34 39 48 56 71 79 86 87 
0 2 7 14 27 34 39 48 56 74 81 86 87 
0 2 7 14 27 34 39 49 56 65 74 81 87 
0 2 7 14 27 34 39 49 56 67 71 79 87 
0 2 7 14 27 34 39 49 56 67 74 79 87 
0 2 7 14 27 34 39 49 56 71 79 86 87 
0 2 7 14 27 35 40 42 46 51 59 71 76 84 
0 2 7 14 27 35 40 42 48 56 66 72 80 
0 2 7 14 27 35 40 42 48 56 71 79 86 
0 2 7 14 27 35 40 42 48 56 72 79 86 
0 2 7 14 27 35 40 42 49 56 67 71 79 
0 2 7 14 27 35 40 42 49 56 67 72 79 
0 2 7 14 27 35 40 42 49 56 67 72 80 
0 2 7 14 27 35 40 42 49 56 71 79 86 
0 2 7 14 27 35 40 42 49 56 72 79 86 
0 2 7 14 27 35 40 42 49 57 67 71 79 
0 2 7 14 27 35 40 42 49 57 67 72 80 
0 2 7 14 27 35 40 42 49 57 71 79 86 
0 2 7 14 27 35 40 42 49 57 72 79 86 
0 2 7 14 27 35 40 42 50 57 66 72 80 
0 2 7 14 27 35 40 42 50 57 67 71 79 
0 2 7 14 27 35 40 42 50 57 67 72 80 
0 2 7 14 27 35 40 42 51 56 65 71 76 84 
0 2 7 14 27 35 40 42 51 56 65 72 77 84 
0 2 7 14 27 35 40 42 51 56 66 72 80 
0 2 7 14 27 35 40 42 51 59 65 71 76 84 
0 2 7 14 27 35 40 42 51 59 66 72 80 
0 2 7 14 27 35 40 45 49 56 65 74 81 
0 2 7 14 27 35 40 45 49 56 65 74 82 
0 2 7 14 27 35 40 45 49 56 67 72 80 
0 2 7 14 27 35 40 45 49 56 67 74 82 
0 2 7 14 27 35 40 45 49 56 74 81 86 
0 2 7 14 27 35 40 45 49 57 65 74 81 
0 2 7 14 27 35 40 45 49 57 65 74 82 
0 2 7 14 27 35 40 45 49 57 65 75 82 
0 2 7 14 27 35 40 45 49 57 67 72 80 
0 2 7 14 27 35 40 45 49 57 67 74 82 
0 2 7 14 27 35 40 45 49 57 67 75 80 
0 2 7 14 27 35 40 45 49 57 67 75 82 
0 2 7 14 27 35 40 45 49 57 74 81 86 
0 2 7 14 27 35 40 45 50 57 66 72 80 
0 2 7 14 27 35 40 45 50 57 66 74 81 
0 2 7 14 27 35 40 45 50 57 66 75 80 
0 2 7 14 27 35 40 45 50 57 67 72 80 
0 2 7 14 27 35 40 45 50 57 67 74 82 
0 2 7 14 27 35 40 45 50 57 67 75 80 
0 2 7 14 27 35 40 45 50 57 67 75 82 
0 2 7 14 27 35 40 45 51 56 65 74 81 
0 2 7 14 27 35 40 45 51 56 65 74 82 
0 2 7 14 27 35 40 45 51 56 66 72 80 
0 2 7 14 27 35 40 45 51 56 66 74 81 
0 2 7 14 27 35 40 45 51 59 65 74 81 
0 2 7 14 27 35 40 45 51 59 65 74 82 
0 2 7 14 27 35 40 45 51 59 65 75 82 
0 2 7 14 27 35 40 45 51 59 66 72 80 
0 2 7 14 27 35 40 45 51 59 66 74 81 
0 2 7 14 27 35 40 45 51 59 66 75 80 
0 2 7 14 28 35 40 42 48 56 66 72 80 
0 2 7 14 28 35 40 42 48 56 71 79 86 
0 2 7 14 28 35 40 42 49 56 67 71 79 
0 2 7 14 28 35 40 42 49 56 67 72 80 
0 2 7 14 28 35 40 42 49 56 71 79 86 
0 2 7 14 28 35 40 42 49 57 67 72 80 
0 2 7 14 28 35 40 42 49 57 71 79 86 
0 2 7 14 28 35 40 42 50 57 66 72 80 
0 2 7 14 28 35 40 42 50 57 67 72 80 
0 2 7 14 28 35 40 42 51 56 65 71 76 84 
0 2 7 14 28 35 40 42 51 56 65 72 77 84 
0 2 7 14 28 35 40 42 51 56 66 72 80 
0 2 7 14 28 35 40 42 51 59 65 71 76 84 
0 2 7 14 28 35 40 42 51 59 65 72 77 84 
0 2 7 14 28 35 40 42 51 59 66 72 80 
0 2 7 14 28 35 40 45 49 56 65 74 81 
0 2 7 14 28 35 40 45 49 56 65 74 82 
0 2 7 14 28 35 40 45 49 56 67 72 80 
0 2 7 14 28 35 40 45 49 56 67 74 82 
0 2 7 14 28 35 40 45 49 56 74 81 86 
0 2 7 14 28 35 40 45 49 57 65 74 81 
0 2 7 14 28 35 40 45 49 57 65 74 82 
0 2 7 14 28 35 40 45 49 57 67 72 80 
0 2 7 14 28 35 40 45 49 57 67 75 80 
0 2 7 14 28 35 40 45 49 57 74 81 86 
0 2 7 14 28 35 40 45 50 57 66 72 80 
0 2 7 14 28 35 40 45 50 57 66 74 81 
0 2 7 14 28 35 40 45 50 57 66 75 80 
0 2 7 14 28 35 40 45 50 57 67 72 80 
0 2 7 14 28 35 40 45 50 57 67 75 80 
0 2 7 14 28 35 40 45 51 56 66 72 80 
0 2 7 14 28 35 40 45 51 59 66 72 80 
0 2 7 15 25 32 39 45 49 56 65 74 81 
0 2 7 15 25 32 39 45 49 56 67 72 79 
0 2 7 15 25 32 39 45 49 56 67 72 80 
0 2 7 15 25 32 39 45 49 56 67 74 79 
0 2 7 15 25 32 40 44 48 56 72 77 85 
0 2 7 15 25 32 40 44 48 56 72 80 85 
0 2 7 15 25 32 40 44 49 56 67 72 80 
0 2 7 15 25 32 40 44 51 56 65 72 77 84 
0 2 7 15 25 32 40 45 49 56 65 74 81 
0 2 7 15 27 32 39 45 49 56 67 72 79 
0 2 7 15 27 32 39 45 49 56 67 72 80 
0 2 7 15 27 32 39 45 49 56 67 74 82 
0 2 7 15 27 32 39 45 51 56 66 72 80 
0 2 7 15 27 32 39 45 51 56 66 74 81 
0 2 7 15 27 32 39 45 51 59 66 72 80 
0 2 7 15 27 32 39 45 51 59 66 74 81 
0 2 7 15 27 32 39 45 51 59 66 75 80 
0 2 7 15 27 32 39 46 51 59 68 76 84 
0 2 7 15 27 32 39 48 56 66 68 76 81 
0 2 7 15 27 32 39 51 59 66 68 75 80 
0 2 7 15 27 32 39 51 59 66 68 76 81 
0 2 7 15 27 32 40 44 48 56 66 72 80 
0 2 7 15 27 32 40 44 48 56 72 77 85 
0 2 7 15 27 32 40 44 48 56 72 80 85 
0 2 7 15 27 32 40 44 49 56 67 72 80 
0 2 7 15 27 32 40 44 49 57 67 72 80 
0 2 7 15 27 32 40 44 51 56 66 72 80 
0 2 7 15 27 32 40 44 51 59 66 72 80 
0 2 7 15 27 32 40 45 49 56 67 72 80 
0 2 7 15 27 32 40 45 49 56 67 74 82 
0 2 7 15 27 32 40 45 49 57 67 72 80 
0 2 7 15 27 32 40 45 49 57 67 74 82 
0 2 7 15 27 32 40 45 49 57 67 75 80 
0 2 7 15 27 32 40 45 49 57 67 75 82 
0 2 7 15 27 32 40 45 51 56 66 72 80 
0 2 7 15 27 32 40 45 51 56 66 74 81 
0 2 7 15 27 32 40 45 51 59 65 74 81 
0 2 7 15 27 32 40 45 51 59 65 74 82 
0 2 7 15 27 32 40 45 51 59 65 75 82 
0 2 7 15 27 32 40 45 51 59 66 72 80 
0 2 7 15 27 32 40 45 51 59 66 74 81 
0 2 7 15 27 32 40 45 51 59 66 75 80 
0 2 7 15 27 32 40 45 52 57 65 74 81 
0 2 7 15 27 32 40 45 52 57 65 74 82 
0 2 7 15 27 32 40 45 52 57 65 75 82 
0 2 7 15 27 32 40 46 51 59 68 76 84 
0 2 7 15 27 32 40 48 56 66 68 76 81 
0 2 7 15 27 32 40 51 56 66 68 76 81 
0 2 7 15 27 32 40 51 59 65 68 75 82 
0 2 7 15 27 32 40 51 59 65 68 76 81 
0 2 7 15 27 32 40 51 59 65 68 76 84 
0 2 7 15 27 32 40 51 59 66 68 75 80 
0 2 7 15 27 32 40 51 59 66 68 76 81 
0 2 7 15 27 32 40 52 57 65 68 75 82 
0 2 7 15 27 35 40 44 48 56 66 72 80 
0 2 7 15 27 35 40 44 48 56 72 77 85 
0 2 7 15 27 35 40 44 48 56 72 80 85 
0 2 7 15 27 35 40 44 49 56 67 72 80 
0 2 7 15 27 35 40 44 49 57 67 72 80 
0 2 7 15 27 35 40 44 50 57 66 72 80 
0 2 7 15 27 35 40 44 50 57 67 72 80 
0 2 7 15 27 35 40 44 51 56 66 72 80 
0 2 7 15 27 35 40 45 49 56 65 74 81 
0 2 7 15 27 35 40 45 49 56 65 74 82 
0 2 7 15 27 35 40 45 49 56 67 74 82 
0 2 7 15 27 35 40 45 49 57 65 74 81 
0 2 7 15 27 35 40 45 49 57 65 74 82 
0 2 7 15 27 35 40 45 49 57 67 75 80 
0 2 7 15 27 35 40 45 50 57 66 74 81 
0 2 7 15 27 35 40 45 50 57 66 75 80 
0 2 7 15 27 35 40 45 50 57 67 75 80 
0 2 7 15 27 35 40 48 56 66 68 76 81 
0 2 7 15 27 35 40 50 57 66 68 75 80 
0 2 7 15 27 35 40 50 57 67 68 75 80 
0 2 7 15 27 35 40 50 57 67 68 75 82 
0 2 7 15 27 35 40 51 56 65 68 76 81 
0 2 7 15 27 35 40 51 56 65 68 76 84 
0 2 7 15 27 35 40 51 56 66 68 76 81 
0 2 7 15 28 33 40 45 49 56 65 74 81 
0 2 7 15 28 33 40 45 49 56 65 74 82 
0 2 7 15 28 33 40 45 49 56 67 74 82 
0 2 7 15 28 33 40 45 49 57 65 74 81 
0 2 7 15 28 33 40 45 49 57 65 74 82 
0 2 7 15 28 33 40 45 49 57 65 75 82 
0 2 7 15 28 33 40 45 49 57 67 74 82 
0 2 7 15 28 33 40 45 49 57 67 75 82 
0 2 7 15 28 33 40 45 50 57 66 74 81 
0 2 7 15 28 33 40 45 50 57 67 74 82 
0 2 7 15 28 33 40 48 56 66 68 76 81 
0 2 7 15 28 35 40 44 48 56 66 72 80 
0 2 7 15 28 35 40 44 48 56 72 77 85 
0 2 7 15 28 35 40 44 48 56 72 80 85 
0 2 7 15 28 35 40 44 49 56 67 72 80 
0 2 7 15 28 35 40 44 49 57 67 72 80 
0 2 7 15 28 35 40 44 50 57 66 72 80 
0 2 7 15 28 35 40 44 50 57 67 72 80 
0 2 7 15 28 35 40 44 51 56 65 72 77 84 
0 2 7 15 28 35 40 44 51 56 66 72 80 
0 2 7 15 28 35 40 48 56 66 68 76 81 
0 2 7 15 28 35 40 50 54 57 68 75 82 
0 2 7 15 28 35 40 50 57 66 68 75 80 
0 2 7 15 28 35 40 50 57 67 68 75 80 
0 2 7 15 28 35 40 50 57 67 68 75 82 
0 2 7 15 28 35 40 51 56 65 68 76 81 
0 2 7 15 28 35 40 51 56 65 68 76 84 
0 2 7 15 28 35 40 51 56 66 68 76 81 
0 2 10 14 25 32 39 45 49 56 67 72 79 
0 2 10 16 22 27 34 48 56 69 77 85 
0 2 10 16 25 32 39 48 56 69 77 85 
0 2 10 16 25 32 40 48 56 69 77 85 
0 2 10 16 25 32 40 51 56 65 68 76 81 
0 2 10 16 25 32 40 51 56 65 68 76 84 
0 2 10 16 25 33 40 48 56 69 77 85 
0 2 10 16 25 33 40 49 57 65 69 74 81 
0 2 10 16 27 32 39 48 56 69 77 85 
0 2 10 16 27 32 40 48 56 69 77 85 
0 2 10 17 22 27 34 48 56 69 77 85 
0 2 10 17 22 27 34 48 56 70 77 85 
0 2 10 17 22 27 34 48 56 70 78 85 
0 2 10 17 22 27 34 48 56 70 78 86 
0 2 10 17 22 27 34 49 56 70 78 86 
0 2 10 17 22 27 35 48 56 69 77 85 
0 2 10 17 22 27 35 48 56 70 77 85 
0 2 10 17 22 27 35 48 56 70 78 85 
0 2 10 17 22 27 35 48 56 70 78 86 
0 2 10 17 22 27 35 49 56 70 78 86 
0 2 10 17 25 32 39 48 56 69 77 85 
0 2 10 17 25 32 39 48 56 70 77 85 
0 2 10 17 25 32 39 48 56 70 78 85 
0 2 10 17 25 32 39 48 56 70 78 86 
0 2 10 17 25 32 39 49 56 70 78 86 
0 2 10 17 25 32 40 48 56 69 77 85 
0 2 10 17 25 32 40 48 56 70 77 85 
0 2 10 17 25 32 40 48 56 70 78 85 
0 2 10 17 25 32 40 48 56 70 78 86 
0 2 10 17 25 32 40 49 56 70 78 86 
0 2 10 17 25 33 40 48 56 69 77 85 
0 2 10 17 25 33 40 48 56 70 77 85 
0 2 10 17 25 33 40 48 56 70 78 85 
0 2 10 17 25 33 40 48 56 70 78 86 
0 2 10 17 25 33 40 49 56 70 78 86 
0 2 10 17 27 34 39 48 56 69 77 85 
0 2 10 17 27 34 39 48 56 70 77 85 
0 2 10 17 27 34 39 48 56 70 78 85 
0 2 10 17 27 34 39 48 56 70 78 86 
0 2 15 19 22 27 35 45 51 56 66 72 80 
0 2 17 19 22 27 34 48 56 69 77 85 
0 2 17 19 22 27 34 48 56 70 77 85 
0 2 17 19 22 27 34 48 56 70 78 85 
0 2 17 19 22 27 34 48 56 70 78 86 
0 2 17 19 22 27 34 49 56 70 78 86 
0 2 17 19 22 27 35 48 56 70 77 85 
0 2 17 19 22 27 35 48 56 70 78 85 
0 2 17 19 22 27 35 48 56 70 78 86 
0 2 17 19 22 27 35 49 56 70 78 86 
0 2 17 19 25 32 39 48 56 69 77 85 
0 2 17 19 25 32 39 48 56 70 77 85 
0 2 17 19 25 32 39 48 56 70 78 85 
0 2 17 19 25 32 39 48 56 70 78 86 
0 2 17 19 25 32 40 48 56 69 77 85 
0 2 17 19 25 32 40 48 56 70 77 85 
0 2 17 19 25 32 40 48 56 70 78 85 
0 2 17 19 25 32 40 48 56 70 78 86 
0 2 17 19 25 33 40 48 56 69 77 85 
0 2 17 19 25 33 40 48 56 70 77 85 
0 2 17 19 25 33 40 48 56 70 78 85 
0 2 17 19 25 33 40 48 56 70 78 86 
0 2 17 19 27 32 39 48 56 69 77 85 
0 2 17 19 27 32 39 48 56 70 77 85 
0 2 17 19 27 32 39 48 56 70 78 85 
0 2 17 19 27 32 39 48 56 70 78 86 
0 2 17 19 27 32 40 48 56 69 77 85 
0 2 17 19 27 32 40 48 56 70 77 85 
0 2 17 19 27 32 40 48 56 70 78 85 
0 2 17 19 27 32 40 48 56 70 78 86 
0 2 17 19 27 34 39 48 56 69 77 85 
0 2 17 19 27 34 39 48 56 70 77 85 
0 2 17 19 27 34 39 48 56 70 78 85 
0 2 18 19 22 27 34 48 56 70 77 85 
0 2 18 19 22 27 34 48 56 70 78 85 
0 2 18 19 22 27 34 48 56 70 78 86 
0 2 18 19 22 27 34 48 56 71 78 85 
0 2 18 19 22 27 34 48 56 71 78 86 
0 2 18 19 22 27 34 48 56 71 79 86 
0 2 18 19 22 27 35 48 56 70 77 85 
0 2 18 19 22 27 35 48 56 70 78 85 
0 2 18 19 22 27 35 48 56 70 78 86 
0 2 18 19 22 27 35 48 56 71 78 85 
0 2 18 19 22 27 35 48 56 71 78 86 
0 2 18 19 22 27 35 48 56 71 79 86 
0 2 18 19 22 28 35 48 56 71 78 85 
0 2 18 19 22 28 35 48 56 71 78 86 
0 2 18 19 22 28 35 48 56 71 79 86 
0 2 18 19 27 32 39 48 56 70 77 85 
0 2 18 19 27 32 39 48 56 70 78 85 
0 2 18 19 27 32 40 48 56 70 77 85 
0 2 18 19 27 32 40 48 56 70 78 85 
0 2 18 19 27 32 40 48 56 70 78 86 
0 2 18 19 27 32 40 48 56 71 78 85 
0 2 18 19 27 32 40 48 56 71 78 86 
0 2 18 19 27 32 40 48 56 71 79 86 
0 3 8 15 25 32 40 44 48 56 72 77 85 
0 3 8 15 25 32 40 44 48 56 73 78 85 
0 3 8 15 25 32 40 44 51 56 65 72 77 84 
0 3 8 15 25 32 40 44 51 56 65 73 81 
0 3 8 15 25 32 40 51 56 65 68 73 81 
0 3 8 15 25 32 40 51 56 65 68 76 81 
0 3 8 15 25 32 40 51 56 65 68 76 84 
0 3 8 15 28 35 40 44 48 56 72 77 85 
0 3 8 15 28 35 40 44 48 56 73 78 85 
0 3 8 15 28 35 40 44 49 56 65 73 81 
0 3 8 15 28 35 40 44 51 56 66 73 81 
0 3 8 15 28 35 40 44 51 59 65 73 81 
0 3 8 15 28 35 40 44 51 59 66 73 81 
0 3 8 15 28 35 40 48 56 66 68 73 81 
0 3 8 15 28 35 40 51 56 66 68 73 81 
0 3 8 15 28 35 40 51 59 65 68 73 81 
0 3 8 15 28 36 41 44 48 56 72 77 85 
0 3 8 15 28 36 41 44 49 56 65 73 81 
0 3 8 15 28 36 41 44 49 57 65 73 81 
0 3 8 15 28 36 41 44 50 57 66 73 81 
0 3 8 15 28 36 41 44 51 56 65 72 77 84 
0 3 8 16 25 32 40 48 56 69 77 85 
0 3 8 16 25 33 40 48 56 69 77 85 
0 3 8 16 28 33 40 48 56 69 77 85 
0 3 8 16 28 36 41 48 56 69 77 85 
0 3 8 16 28 36 41 49 56 73 78 86 87 
0 3 11 16 25 32 40 48 56 69 77 85 
0 3 11 16 25 33 40 48 56 69 77 85 
0 3 11 16 27 32 40 48 56 69 77 85 
0 3 11 18 21 27 35 48 56 71 78 85 
0 3 11 18 21 27 35 48 56 71 78 86 
0 3 11 18 21 27 35 48 56 71 79 86 
0 3 11 18 21 27 35 49 56 67 71 79 
0 3 11 18 21 27 35 49 56 71 78 86 
0 3 11 18 21 27 35 49 56 71 79 86 
0 3 11 18 21 27 35 49 57 67 71 79 
0 3 11 18 21 27 35 49 57 71 78 86 
0 3 11 18 21 27 35 49 57 71 79 86 
0 3 11 18 21 27 35 50 57 67 71 79 
0 3 11 18 21 28 35 48 56 71 78 85 
0 3 11 18 21 28 35 48 56 71 78 86 
0 3 11 18 21 28 35 48 56 71 79 86 
0 3 11 18 21 28 35 49 56 71 78 86 
0 3 11 18 21 28 35 49 56 71 79 86 
0 3 11 18 21 28 35 49 57 71 78 86 
0 3 11 18 25 32 40 48 56 70 77 85 
0 3 11 18 25 32 40 48 56 70 78 85 
0 3 11 18 25 32 40 48 56 70 78 86 
0 3 11 18 25 32 40 48 56 71 78 85 
0 3 11 18 25 32 40 48 56 71 78 86 
0 3 11 18 25 32 40 48 56 71 79 86 
0 3 11 18 25 33 40 48 56 70 77 85 
0 3 11 18 25 33 40 48 56 70 78 85 
0 3 11 18 25 33 40 48 56 71 78 85 
0 3 11 18 25 33 41 48 56 70 77 85 
0 3 11 18 25 33 41 48 56 70 78 85 
0 3 11 18 25 33 41 48 56 70 78 86 
0 3 11 18 25 33 41 48 56 71 78 85 
0 3 11 18 25 33 41 48 56 71 78 86 
0 3 11 18 25 33 41 48 56 71 79 86 
0 3 11 18 25 33 41 49 57 70 78 86 
0 3 11 18 25 33 41 49 57 71 79 86 
0 3 11 18 27 32 40 48 56 70 77 85 
0 3 11 18 27 32 40 48 56 70 78 86 
0 3 11 18 27 32 40 48 56 71 78 86 
0 3 11 18 27 32 40 48 56 71 79 86 
0 3 11 18 27 34 41 48 56 70 77 85 
0 3 11 18 27 34 41 48 56 70 78 85 
0 3 11 18 27 34 41 48 56 70 78 86 
0 3 11 18 27 34 41 48 56 71 78 85 
0 3 11 18 27 34 41 48 56 71 78 86 
0 3 11 18 27 34 41 48 56 71 79 86 
0 3 11 18 27 34 41 49 56 67 71 79 
0 3 11 18 27 34 41 49 56 71 78 86 
0 3 11 18 27 34 41 49 57 67 71 79 
0 3 11 18 27 34 41 49 57 70 78 86 
0 3 11 18 27 34 41 49 57 71 78 86 
0 3 11 18 27 34 41 49 57 71 79 86 
0 3 11 18 27 34 41 50 57 67 71 79 
0 3 11 18 28 33 40 48 56 70 77 85 
0 3 11 18 28 33 40 48 56 70 78 85 
0 3 11 18 28 33 40 48 56 71 78 85 
0 3 11 18 28 33 40 49 56 67 71 79 
0 3 11 18 28 33 40 49 56 70 78 86 
0 3 11 18 28 33 40 49 56 71 78 86 
0 3 11 18 28 33 41 48 56 70 77 85 
0 3 11 18 28 33 41 48 56 70 78 85 
0 3 11 18 28 33 41 48 56 70 78 86 
0 3 11 18 28 33 41 48 56 71 78 85 
0 3 11 18 28 33 41 48 56 71 78 86 
0 3 11 18 28 33 41 48 56 71 79 86 
0 3 11 18 28 35 40 48 56 70 77 85 
0 3 11 18 28 35 40 48 56 70 78 85 
0 3 11 21 27 35 42 48 56 66 72 80 
0 3 11 21 27 35 42 48 56 71 78 85 
0 3 11 21 27 35 42 48 56 71 78 86 
0 3 11 21 27 35 42 48 56 72 77 85 
0 3 11 21 27 35 42 48 56 72 79 86 
0 3 11 21 27 35 42 48 56 72 80 85 
0 3 11 21 27 35 42 49 57 67 72 79 
0 3 11 21 27 35 42 49 57 67 72 80 
0 3 11 21 27 35 42 49 57 71 78 86 
0 3 11 21 27 35 42 49 57 72 79 86 
0 3 11 21 27 35 42 50 57 66 72 80 
0 3 11 21 27 35 42 50 57 67 72 79 
0 3 11 21 27 35 42 50 57 67 72 80 
0 3 11 21 28 35 42 48 56 66 72 80 
0 3 11 21 28 35 42 48 56 72 77 85 
0 3 11 21 28 35 42 48 56 72 79 86 
0 3 11 21 28 35 42 48 56 72 80 85 
0 3 11 21 28 36 42 48 56 66 72 80 
0 3 11 21 28 36 42 48 56 72 80 85 
0 3 11 27 34 41 42 48 56 71 78 85 
0 3 11 27 34 41 42 48 56 71 78 86 
0 3 11 27 34 41 42 48 56 72 77 85 
0 3 11 27 34 41 42 49 57 71 78 86 
0 3 11 27 34 41 42 49 57 71 79 86 
0 3 11 27 34 41 42 50 57 66 72 80 
0 3 11 27 34 41 42 50 57 67 71 79 
0 4 10 17 25 33 41 48 56 70 78 85 
0 4 11 18 22 27 34 48 56 71 78 85 
0 4 11 18 22 27 34 48 56 71 78 86 
0 4 11 18 22 27 34 48 56 71 79 86 
0 4 11 18 22 27 34 49 56 67 71 79 
0 4 11 18 22 27 34 49 56 71 78 86 
0 4 11 18 22 27 34 49 56 71 79 86 
0 4 11 18 22 27 34 49 57 67 71 79 
0 4 11 18 22 27 34 49 57 71 79 86 
0 4 11 18 25 33 41 48 56 70 78 85 
0 4 11 18 25 33 41 48 56 71 78 85 
0 4 11 22 27 34 42 48 56 71 78 86 
0 4 11 22 27 34 42 48 56 71 79 86 
0 4 11 22 27 34 42 48 56 72 79 86 
0 4 11 22 27 34 42 49 56 71 79 86 
0 4 11 22 27 35 42 48 56 71 79 86 
0 4 11 22 27 35 42 48 56 72 79 86 
0 4 11 22 27 35 42 49 56 67 72 79 
0 4 11 22 27 35 42 49 56 67 72 80 
0 4 11 22 27 35 42 49 56 71 79 86 
0 4 11 22 27 35 42 49 56 72 79 86 
0 4 12 22 27 34 42 49 56 71 79 86 
