0 1 5 17 19 24 35 39 48 52 77 82 87 
0 1 5 17 19 24 35 40 45 48 52 77 82 
0 1 5 17 19 24 35 40 48 52 77 82 87 
0 1 5 17 19 24 35 48 52 59 77 82 87 
0 1 5 17 19 35 48 52 59 66 77 82 87 
0 1 5 17 30 35 48 52 59 66 77 82 87 
0 1 5 17 31 35 48 52 59 66 77 82 87 
0 1 5 17 31 35 48 59 66 73 77 82 87 
0 1 6 12 17 22 31 35 48 59 65 73 77 
0 1 6 12 17 22 31 35 48 59 65 73 78 
0 1 6 13 17 22 31 35 48 59 65 73 77 
0 1 6 13 17 22 31 35 48 59 65 73 78 
0 1 6 13 17 22 31 36 48 59 65 73 78 
0 1 6 13 17 22 31 48 59 64 65 73 78 
0 1 6 17 19 24 29 35 40 45 52 57 82 
0 1 6 17 19 24 35 40 48 52 57 82 87 
0 1 6 17 19 24 35 40 48 52 78 82 87 
0 1 6 17 22 31 35 48 59 65 73 78 82 
0 1 6 17 24 31 35 40 45 48 73 78 82 
0 4 12 22 27 34 42 49 56 71 79 86 
