0 1 5 10 13 17 22 24 28 37 45 47 56 60 
0 1 5 10 13 17 22 24 37 45 47 56 60 66 
0 1 5 10 13 17 22 37 45 47 56 60 66 84 
0 1 5 10 13 17 24 28 32 37 41 51 60 71 
0 1 5 10 13 17 24 28 37 41 45 47 60 71 
0 1 5 10 13 17 24 28 37 41 47 51 60 71 
0 1 5 10 13 17 24 28 37 45 47 56 60 71 
0 1 5 10 13 17 24 37 41 45 47 60 66 71 
0 1 5 10 13 17 24 37 41 47 51 60 66 71 
0 1 5 10 13 17 24 37 45 47 56 60 66 71 
0 1 5 10 13 17 24 37 47 51 56 60 66 71 
0 1 5 10 13 18 24 33 37 41 45 60 66 71 
0 1 5 10 13 18 24 33 37 45 56 60 66 71 
0 1 5 10 13 18 33 37 41 45 60 66 71 84 
0 1 5 10 13 18 33 37 45 56 60 66 71 84 
0 1 5 10 13 18 33 45 52 56 60 66 71 84 
0 1 5 10 13 24 28 33 37 41 45 47 60 71 
0 1 5 10 13 24 33 37 41 45 47 60 66 71 
0 1 5 10 13 24 33 37 41 47 51 60 66 71 
0 1 5 10 13 24 33 37 45 47 56 60 66 71 
0 1 5 10 13 33 37 45 47 56 60 66 71 84 
0 1 5 10 18 29 33 37 45 56 60 66 71 84 
