0 1 5 9 13 17 25 29 33 42 52 57 67 77 
0 1 5 9 13 18 23 25 29 38 48 53 73 77 
0 1 5 9 13 18 25 29 38 42 48 53 57 77 
0 1 5 9 13 18 25 29 38 42 48 57 67 77 
0 1 5 9 13 18 25 29 38 48 53 57 62 73 
0 1 5 9 13 18 25 29 38 48 53 57 73 77 
0 1 5 9 13 18 25 29 38 48 57 67 73 77 
0 1 5 9 13 18 25 29 42 48 52 57 67 77 
0 1 5 9 13 25 29 33 38 42 48 57 67 77 
0 1 5 9 13 25 29 33 38 48 57 67 73 77 
0 1 5 9 14 18 23 25 34 38 53 73 77 89 
0 1 5 9 14 18 23 25 34 46 53 73 77 89 
0 1 5 9 14 18 23 25 38 48 53 73 77 89 
0 1 5 9 14 18 25 34 38 42 53 57 77 89 
0 1 5 9 14 18 25 34 38 42 57 67 77 89 
0 1 5 9 14 18 25 34 38 53 57 62 73 89 
0 1 5 9 14 18 25 34 38 53 57 73 77 89 
0 1 5 9 14 18 25 34 38 57 62 67 73 89 
0 1 5 9 14 18 25 34 46 53 57 62 73 89 
0 1 5 9 14 18 25 34 46 53 57 73 77 89 
0 1 5 9 14 18 25 38 42 48 53 57 77 89 
0 1 5 9 14 18 25 38 42 48 57 67 77 89 
0 1 5 9 14 18 25 38 48 53 57 73 77 89 
0 1 5 9 14 18 25 38 48 57 62 67 73 89 
0 1 5 9 14 23 25 34 46 49 53 73 77 89 
0 1 5 9 14 25 34 38 49 53 57 73 77 89 
0 1 5 9 14 25 34 46 49 53 57 73 77 89 
0 1 5 9 18 23 25 29 34 46 53 73 77 89 
0 1 5 9 18 25 29 34 38 53 57 73 77 89 
0 1 5 9 18 25 29 34 38 57 67 73 77 89 
0 1 5 9 18 25 29 38 48 53 57 73 77 89 
0 1 5 14 18 25 34 38 53 57 73 77 86 89 
