0 1 5 11 15 25 32 36 51 55 68 72 76 86 
0 1 5 11 15 25 32 36 51 55 68 72 76 87 
0 1 5 11 15 25 32 36 51 55 72 76 82 86 
0 1 5 11 15 25 32 36 51 55 72 76 82 87 
0 1 5 11 15 25 32 36 51 56 68 72 76 87 
0 1 5 11 15 26 32 36 51 56 68 72 76 87 
0 1 5 11 15 26 32 36 52 56 68 72 76 87 
0 1 5 11 15 26 32 36 56 60 68 72 76 87 
0 1 5 11 15 32 36 51 56 62 68 72 76 87 
0 1 5 11 16 25 32 36 51 55 68 72 76 86 
0 1 5 11 16 25 32 36 51 56 68 72 76 87 
0 1 5 11 16 26 32 36 47 52 67 72 83 87 
0 1 5 11 16 26 32 36 51 56 68 72 76 87 
0 1 5 11 16 26 32 36 52 56 67 72 83 87 
0 1 5 11 16 26 32 36 52 56 68 72 76 87 
0 1 5 11 16 32 36 51 56 62 67 72 83 87 
0 1 5 11 16 32 36 51 56 62 72 76 83 87 
0 1 7 14 21 27 34 40 53 59 66 73 79 86 
