0 2 7 10 18 22 24 29 50 58 72 80 88 
0 2 7 10 18 22 29 37 50 58 72 80 88 
0 2 7 10 18 29 32 37 50 58 72 80 88 
0 2 7 10 29 32 37 50 58 72 77 80 88 
0 2 7 18 22 24 29 46 47 50 58 72 88 
0 4 8 12 16 20 21 25 29 49 68 83 87 
0 4 8 12 16 20 25 29 49 58 79 83 87 
0 4 8 12 16 20 25 29 49 68 79 83 87 
0 4 8 12 16 20 25 29 62 68 79 83 87 
0 4 8 12 16 25 29 33 49 58 70 79 87 
0 4 8 12 16 25 29 33 49 58 79 83 87 
0 4 8 12 16 25 33 42 58 62 79 83 87 
0 4 8 12 20 21 25 29 49 54 68 75 83 
0 4 8 12 20 25 29 49 54 58 75 79 83 
0 4 8 12 29 33 38 49 58 70 75 79 87 
