0 1 5 12 16 24 30 35 49 53 68 73 84 
0 1 5 12 16 24 30 35 49 54 68 73 84 
0 1 5 12 16 24 30 35 53 68 73 78 84 
0 1 5 12 16 24 35 44 49 54 58 68 73 
0 1 5 12 16 24 35 44 49 54 58 73 88 
0 1 5 12 16 24 35 44 54 58 68 73 78 
0 1 5 12 16 24 35 44 54 58 73 78 88 
0 1 5 12 16 24 35 44 54 58 74 78 88 
0 1 5 12 16 24 35 49 53 58 73 84 88 
0 1 5 12 16 24 35 49 53 58 74 84 88 
0 1 5 12 16 24 35 53 58 73 78 84 88 
0 1 5 12 16 24 35 53 58 74 78 84 88 
0 1 5 12 16 24 35 54 58 73 78 84 88 
0 1 5 12 16 35 41 49 53 58 73 84 88 
0 1 5 12 17 22 35 44 50 54 58 68 73 
0 1 5 12 17 22 35 44 50 54 58 73 88 
0 1 5 12 17 22 35 44 50 54 58 74 88 
0 1 5 12 17 22 35 50 54 58 68 73 84 
0 1 5 12 17 22 35 50 54 58 73 84 88 
0 1 5 12 22 26 35 49 58 68 73 80 84 
0 1 5 12 22 26 35 49 58 73 80 84 88 
0 1 5 12 22 26 35 49 58 74 80 84 88 
0 1 5 12 22 26 35 50 58 68 73 80 84 
0 1 5 12 22 26 35 50 58 73 80 84 88 
0 1 5 12 22 26 35 50 58 74 80 84 88 
0 1 5 12 22 35 44 49 54 58 74 80 88 
0 1 5 12 22 35 49 54 58 73 80 84 88 
0 1 5 12 22 35 49 54 58 74 80 84 88 
0 1 5 12 22 35 50 54 58 68 73 80 84 
0 1 5 12 26 35 41 49 58 73 80 84 88 
0 1 6 12 16 24 35 44 49 54 58 73 88 
0 1 6 12 16 24 35 44 54 58 73 78 88 
0 3 8 12 20 24 33 56 65 78 82 87 
0 3 16 24 28 32 36 40 67 70 74 78 82 86 
0 3 20 24 28 32 36 40 67 70 74 78 82 86 
0 4 8 9 12 16 24 43 49 53 57 61 65 70 
0 5 12 22 27 35 43 50 57 68 73 81 
