0 1 5 14 18 19 22 24 28 32 37 51 56 60 
0 1 5 14 18 19 22 24 28 32 37 56 60 69 
0 1 5 14 18 19 22 24 28 33 37 56 60 69 
0 1 5 14 18 19 22 24 28 37 49 56 60 69 
0 1 5 14 18 19 22 24 37 49 56 60 65 69 
0 1 5 14 18 19 24 28 32 36 41 45 55 60 
0 1 5 14 18 19 24 28 32 36 41 45 60 73 
0 1 5 14 18 19 24 28 32 37 41 45 60 73 
0 1 5 14 18 19 24 28 32 37 41 51 55 60 
0 1 5 14 18 19 24 28 32 37 41 51 56 60 
0 1 5 14 18 19 24 28 32 37 41 51 60 73 
0 1 5 14 18 19 24 28 32 37 41 60 69 73 
0 1 5 14 18 19 24 28 32 37 51 56 60 71 
0 1 5 14 18 19 24 28 32 41 45 53 60 73 
0 1 5 14 18 19 24 28 37 41 49 60 69 73 
0 1 5 14 18 19 24 28 41 45 49 53 60 73 
0 1 5 14 18 19 24 37 41 49 60 65 69 73 
0 1 5 14 18 19 24 41 45 49 53 60 65 73 
0 1 5 14 19 22 24 28 33 37 42 56 60 69 
0 1 5 14 19 22 24 28 33 37 47 56 60 69 
0 1 5 14 19 22 24 29 33 37 42 56 60 69 
0 1 5 14 19 22 24 33 37 42 56 60 65 69 
0 1 5 14 19 24 28 33 37 41 42 60 69 73 
0 1 5 14 19 24 28 33 37 41 47 51 55 60 
0 1 5 14 19 24 28 33 37 41 47 51 60 73 
0 1 5 14 19 24 28 33 37 41 47 60 69 73 
0 1 5 14 19 24 33 37 41 42 60 65 69 73 
0 1 5 15 19 24 29 33 37 41 42 60 69 73 
0 1 5 15 19 24 29 34 41 45 48 53 60 73 
0 1 5 17 19 24 29 36 41 45 48 60 73 88 
0 1 5 17 19 24 29 41 45 48 53 60 73 88 
0 1 5 19 24 29 33 37 41 42 60 69 73 88 
0 1 5 19 24 29 33 37 41 47 60 69 73 88 
0 1 6 11 15 22 25 29 33 37 42 56 60 69 
0 1 6 11 15 22 25 29 33 37 42 56 69 78 
0 1 6 11 15 22 25 29 33 37 42 69 74 78 
0 1 6 11 15 22 25 29 33 38 42 52 56 60 
0 1 6 11 15 22 25 29 33 38 42 52 56 78 
0 1 6 11 15 22 25 29 33 38 42 52 74 78 
0 1 6 11 15 22 25 29 33 38 42 70 74 78 
0 1 6 11 15 22 25 29 33 42 54 69 74 78 
0 1 6 11 15 22 25 29 34 38 43 70 74 78 
0 1 6 11 15 22 25 29 34 38 48 52 56 78 
0 1 6 11 15 22 25 29 34 38 48 52 74 78 
0 1 6 11 15 22 25 29 34 38 48 70 74 78 
0 1 6 11 15 22 25 29 38 42 50 70 74 78 
0 1 6 11 15 22 25 29 42 50 54 69 74 78 
0 1 6 11 15 22 25 34 38 43 46 70 74 78 
0 1 6 11 15 22 25 38 42 46 50 70 74 78 
0 1 6 11 15 22 25 42 46 50 54 69 74 78 
0 1 6 11 15 25 29 33 37 41 42 60 69 73 
0 1 6 11 15 25 29 33 37 41 42 69 73 78 
0 1 6 11 15 25 29 33 37 42 58 69 73 78 
0 1 6 11 15 25 29 33 42 54 58 69 73 78 
0 1 6 11 15 25 29 34 39 43 53 58 73 78 
0 1 6 11 15 25 29 34 39 48 53 58 73 78 
0 1 6 11 15 25 29 34 41 45 48 53 60 73 
0 1 6 11 15 25 29 34 41 45 48 53 73 78 
0 1 6 11 15 25 29 34 45 48 53 58 73 78 
0 1 6 11 15 25 29 42 50 54 58 69 73 78 
0 1 6 11 15 25 34 39 43 46 53 58 73 78 
0 1 6 11 15 25 36 41 46 50 55 60 
0 1 6 11 15 25 41 43 46 51 55 60 
0 1 6 11 15 25 42 46 50 54 58 69 73 78 
0 1 6 11 15 25 43 46 51 56 60 71 
0 1 6 11 16 22 25 30 35 49 54 69 74 78 
0 1 6 11 16 25 30 35 49 54 58 69 73 78 
0 1 6 11 18 22 25 30 37 49 56 67 69 78 
0 1 6 11 18 22 25 30 49 54 67 69 74 78 
0 1 6 11 18 25 30 37 49 58 67 69 73 78 
0 1 6 11 18 25 30 41 45 49 53 67 73 78 
0 1 6 11 22 25 30 34 38 43 67 70 74 78 
0 1 6 11 22 25 30 34 38 48 52 67 74 78 
0 1 6 13 17 22 25 38 48 52 56 67 78 85 
0 1 6 13 17 22 25 38 48 52 67 74 78 85 
0 1 6 13 17 22 25 44 48 52 56 67 78 85 
0 1 6 13 22 25 34 38 48 52 56 67 78 85 
0 1 6 14 18 19 22 24 28 37 49 56 60 69 
0 1 6 14 18 19 22 24 28 37 49 56 69 78 
0 1 6 14 18 19 22 24 37 49 56 60 65 69 
0 1 6 14 18 19 22 24 37 49 56 65 69 78 
0 1 6 14 18 19 22 37 49 56 60 65 69 87 
0 1 6 14 18 19 22 37 49 56 65 69 78 87 
0 1 6 14 18 19 24 28 32 37 51 56 60 71 
0 1 6 14 19 22 24 28 33 37 42 56 60 69 
0 1 6 14 19 22 24 28 33 37 42 56 69 78 
0 1 6 14 19 22 24 28 33 37 42 69 74 78 
0 1 6 14 19 22 24 28 33 37 47 51 56 78 
0 1 6 14 19 22 24 28 33 37 47 56 69 78 
0 1 6 14 19 22 24 28 33 42 54 69 74 78 
0 1 6 14 19 22 24 28 33 44 47 52 56 60 
0 1 6 14 19 22 24 28 33 44 47 52 56 78 
0 1 6 14 19 22 24 33 37 42 56 60 65 69 
0 1 6 14 19 22 24 33 37 42 56 65 69 78 
0 1 6 14 19 22 24 33 37 42 65 69 74 78 
0 1 6 14 19 22 24 33 38 42 52 56 65 78 
0 1 6 14 19 22 24 33 38 42 52 65 74 78 
0 1 6 14 19 22 24 33 42 54 65 69 74 78 
0 1 6 14 19 22 24 35 49 54 65 69 74 78 
0 1 6 14 19 22 24 42 50 54 65 69 74 78 
0 1 6 14 19 22 33 38 42 52 56 60 65 87 
0 1 6 14 19 22 33 38 42 52 56 65 78 87 
0 1 6 14 19 22 35 49 54 65 69 74 78 87 
0 1 6 14 19 24 35 49 54 58 65 69 73 78 
0 1 6 19 22 24 29 33 42 54 69 74 78 88 
0 1 6 19 31 35 44 56 60 65 71 87 
0 2 6 14 18 19 21 24 28 32 45 53 57 61 
0 2 6 14 18 19 21 24 28 45 49 53 57 61 
0 2 6 14 18 19 21 24 45 49 53 57 61 65 
