0 1 5 10 16 26 30 34 40 50 67 76 82 86 
0 1 5 10 16 26 30 40 50 60 67 76 82 86 
0 1 5 14 19 25 34 49 56 67 81 86 
0 1 5 16 26 30 36 40 50 60 72 76 82 86 
0 1 5 16 26 30 36 40 50 61 72 76 82 86 
0 1 5 17 19 34 41 52 56 67 77 86 
0 1 5 19 25 41 56 61 72 77 81 86 
0 1 10 16 26 30 34 40 50 67 70 76 82 86 
0 2 6 14 18 19 21 35 49 53 57 65 87 
0 2 6 14 18 19 21 45 49 53 57 61 65 
0 2 6 14 18 19 21 45 49 53 57 61 72 
0 2 6 14 18 19 24 35 49 53 57 65 87 
0 2 6 16 19 26 40 45 51 57 61 72 76 83 
0 2 6 16 19 26 41 51 57 61 72 76 83 87 
0 4 9 14 19 24 34 43 49 55 59 65 70 80 
