0 2 5 17 32 35 43 47 50 62 78 81 
0 2 6 11 15 21 24 28 42 46 50 68 80 84 
0 2 6 11 15 21 24 28 42 46 61 68 80 84 
0 2 6 11 15 21 24 28 42 50 57 68 80 84 
0 2 6 11 15 21 24 28 46 61 68 75 80 84 
0 2 6 11 15 21 24 28 46 61 68 76 80 84 
0 2 6 11 15 21 24 28 57 61 68 75 80 84 
0 2 6 11 15 21 24 28 57 61 68 76 80 84 
0 2 6 11 21 24 28 42 50 57 68 71 80 84 
0 2 6 11 21 24 28 42 57 61 68 71 80 84 
0 2 6 11 21 24 28 57 61 68 71 76 80 84 
0 2 6 11 21 24 39 42 57 61 68 71 80 84 
0 2 6 11 21 24 39 57 61 68 71 76 80 84 
0 2 6 14 21 28 34 44 46 52 60 75 79 83 
