0 1 8 12 17 24 28 33 37 44 49 54 65 82 
0 1 8 12 17 24 29 33 37 44 49 54 65 82 
0 1 8 12 17 28 33 37 44 49 54 65 76 82 
0 1 8 12 17 29 33 37 44 49 54 65 76 82 
0 1 8 12 17 29 33 38 44 49 54 65 76 82 
0 2 10 16 26 33 40 51 58 67 69 76 83 
0 3 7 12 16 20 24 28 33 60 65 78 82 87 
0 3 7 12 16 20 24 29 33 60 65 78 82 87 
0 3 7 12 16 20 24 33 39 60 69 78 82 87 
0 3 7 12 16 20 24 33 60 65 69 78 82 87 
0 3 7 12 16 24 28 33 37 43 49 65 82 86 
0 3 7 12 16 24 28 33 37 44 49 65 82 86 
0 3 7 12 16 24 28 33 37 49 60 65 82 86 
0 3 7 12 16 24 28 33 39 49 60 77 82 86 
0 3 7 12 16 24 28 33 49 60 65 77 82 86 
0 3 7 12 16 24 28 33 49 60 65 78 82 86 
0 3 7 12 16 24 28 33 49 60 67 77 82 86 
0 3 7 12 16 24 29 33 44 49 65 78 82 86 
0 3 7 12 16 24 29 33 44 49 65 78 82 87 
0 3 8 12 16 20 24 33 60 65 69 78 82 87 
0 3 8 12 17 20 24 29 33 44 65 78 82 87 
0 3 8 12 17 20 24 29 33 60 65 78 82 87 
0 3 8 12 17 20 24 33 60 65 69 78 82 87 
0 3 8 12 20 24 29 33 44 56 65 78 82 87 
0 3 8 12 20 24 29 35 44 56 65 73 78 82 
