0 2 5 17 32 35 43 47 50 62 78 81 
0 2 7 12 16 21 24 29 34 38 44 51 60 76 
0 2 7 12 16 21 24 29 34 38 44 51 76 81 
0 2 7 12 16 21 29 34 38 44 51 60 67 76 
0 2 7 12 16 21 29 34 38 44 51 67 76 81 
0 2 7 12 16 21 29 34 44 51 58 67 76 81 
0 2 7 12 17 21 29 34 44 51 58 67 76 81 
0 2 7 16 21 29 34 38 44 51 60 67 76 83 
0 2 10 16 26 33 40 50 57 67 69 76 83 
0 2 10 16 26 33 40 50 57 69 76 83 88 
0 2 10 16 26 33 40 50 58 69 76 83 88 
0 2 10 16 26 33 40 51 57 67 69 76 83 
0 2 10 16 26 33 40 51 57 69 76 83 88 
0 2 10 16 26 33 40 51 58 67 69 76 83 
