0 1 5 10 13 39 43 46 50 54 58 85 
0 1 5 10 16 35 43 46 50 54 61 81 
0 1 5 11 30 36 40 43 46 50 56 76 82 86 
0 1 5 11 30 36 40 43 46 56 72 76 82 86 
0 1 5 14 19 30 34 40 43 46 59 72 76 86 
0 1 5 14 30 34 40 43 46 50 59 76 80 86 
0 1 5 14 30 34 40 43 46 59 72 76 80 86 
0 1 5 16 31 35 43 46 50 61 77 81 
0 1 7 11 27 36 40 43 46 52 56 73 82 86 
0 1 7 13 26 32 39 43 46 52 58 72 78 85 
0 1 7 13 26 33 39 43 46 52 58 72 79 85 
0 1 7 26 32 36 40 43 46 52 72 78 82 86 
0 4 8 9 12 16 24 43 49 53 57 61 
0 4 8 9 12 16 43 49 53 57 61 65 
