0 1 5 10 13 18 37 45 48 52 56 85 
0 1 5 10 13 18 37 48 52 56 67 85 
0 1 5 10 13 18 39 45 48 52 56 83 
0 1 5 10 13 18 39 48 52 56 67 83 
0 1 5 10 13 39 45 48 52 56 83 87 
0 1 5 10 14 18 33 45 48 52 61 81 
0 1 5 10 14 18 33 48 52 61 67 81 
0 1 5 10 14 18 35 45 48 52 61 79 
0 1 5 10 14 18 35 48 52 61 67 79 
0 1 5 10 18 33 37 45 48 52 61 81 
0 1 5 10 18 33 37 48 52 61 67 81 
0 1 5 10 18 35 39 45 48 52 56 83 
0 1 5 10 18 35 39 45 48 52 79 83 
0 1 5 10 18 35 39 48 52 67 79 83 
0 1 5 10 18 35 45 48 52 61 79 83 
0 1 5 10 35 39 45 48 52 79 83 87 
0 1 5 14 18 29 33 48 61 67 77 81 
0 1 5 14 18 31 35 48 61 67 75 79 
0 1 5 18 31 35 39 45 48 52 79 83 
0 1 5 18 31 35 39 45 48 75 79 83 
0 1 5 18 31 35 39 48 67 75 79 83 
0 1 5 31 35 39 45 48 75 79 83 87 
0 1 18 27 31 35 39 67 71 75 79 83 
