0 1 7 13 26 32 39 43 46 52 58 72 78 85 
0 1 7 13 26 32 39 43 51 58 65 72 78 84 
0 1 7 13 26 32 39 43 51 58 65 72 78 85 
0 1 7 13 26 32 39 43 52 58 65 72 78 84 
0 1 7 13 26 32 39 43 52 58 65 72 78 85 
0 1 7 13 26 33 39 43 46 52 58 72 79 85 
0 1 7 13 26 33 39 43 51 58 65 72 78 84 
0 1 7 13 26 33 39 43 51 58 65 72 78 85 
0 1 7 13 26 33 39 43 51 58 65 72 79 85 
0 1 7 13 26 33 39 43 52 58 65 72 78 85 
0 1 7 13 26 33 39 43 52 58 65 72 79 85 
0 1 7 13 26 33 40 43 46 52 58 72 79 85 
0 1 7 13 26 33 40 43 46 52 58 72 79 86 
0 1 7 13 26 33 40 43 51 58 65 72 79 85 
0 1 7 13 27 33 39 43 51 58 65 72 78 85 
0 1 7 13 27 33 39 43 51 58 65 72 79 85 
0 1 7 13 27 33 39 43 51 58 65 73 79 85 
0 1 7 13 27 33 39 43 52 58 65 72 79 85 
0 1 7 13 27 33 39 43 52 58 65 73 79 85 
0 1 7 13 27 33 40 43 46 52 58 72 79 85 
0 1 7 13 27 33 40 43 46 52 58 72 79 86 
0 1 7 13 27 33 40 43 51 58 65 72 79 85 
0 1 7 13 27 33 40 43 51 58 65 73 79 85 
0 1 7 13 27 33 40 43 52 58 65 72 79 85 
0 1 7 13 27 33 40 43 52 58 65 73 79 85 
0 1 7 13 27 34 40 43 46 52 58 72 79 85 
0 1 7 13 27 34 40 43 46 52 58 72 79 86 
0 1 7 13 27 34 40 43 46 52 58 73 79 86 
0 1 7 13 27 34 40 43 46 52 58 73 80 86 
0 1 7 13 27 34 40 43 51 58 65 73 79 85 
0 1 7 14 26 33 39 43 52 58 65 72 78 85 
0 1 7 14 27 33 39 52 59 65 73 79 85 89 
