0 1 5 10 13 17 29 33 37 41 45 61 80 
0 1 5 10 13 17 29 33 37 41 45 72 80 
0 1 5 10 13 17 29 33 37 41 57 61 80 
0 1 5 10 13 17 29 33 37 41 57 72 80 
0 1 5 10 13 25 29 33 37 41 53 57 61 
0 1 5 10 13 25 29 33 37 41 53 57 72 
0 1 5 10 25 29 33 37 45 49 53 61 78 
0 1 5 10 25 29 33 37 45 49 53 72 78 
0 1 5 10 25 29 33 37 49 53 57 72 78 
0 1 8 13 17 29 37 41 58 71 80 87 
0 1 8 13 25 29 37 41 53 58 71 87 
0 1 8 14 18 30 36 48 52 58 68 71 77 81 
0 1 8 14 18 30 36 48 52 58 71 77 81 87 
0 2 6 14 21 26 30 42 48 67 69 73 77 
0 2 6 14 21 26 30 48 54 67 69 73 77 
0 2 6 14 30 42 48 52 67 69 73 77 81 
0 2 6 15 21 26 30 42 48 67 69 73 77 
0 2 6 15 21 26 42 48 67 69 73 77 86 
0 2 6 15 21 42 48 67 69 73 77 82 86 
0 2 6 24 42 48 52 67 69 73 77 81 86 
0 2 8 13 24 30 37 41 42 52 59 68 71 82 
0 2 8 14 18 30 36 48 52 58 68 71 77 81 
0 2 8 14 18 30 36 48 52 58 71 77 81 87 
0 2 8 14 21 26 30 36 48 54 58 68 71 77 
0 3 8 15 32 36 43 48 53 60 78 82 
