0 1 5 13 17 22 25 38 48 52 56 60 67 85 
0 1 5 13 17 22 25 44 48 52 56 60 67 85 
0 1 5 13 17 25 36 41 45 48 55 60 67 85 
0 1 5 13 17 25 36 41 45 48 60 67 73 85 
0 1 5 13 17 25 41 45 48 53 60 67 73 85 
0 1 5 13 17 25 44 48 52 56 60 67 71 85 
0 1 5 13 18 22 25 32 37 51 56 60 67 85 
0 1 5 13 18 25 32 36 41 45 55 60 67 85 
0 1 5 13 18 25 32 36 41 45 60 67 73 85 
0 1 5 13 18 25 32 37 41 45 60 67 73 85 
0 1 5 13 18 25 32 37 41 51 55 60 67 85 
0 1 5 13 18 25 32 37 41 51 56 60 67 85 
0 1 5 13 18 25 32 37 41 51 60 67 73 85 
0 1 5 13 18 25 32 37 51 56 60 67 71 85 
0 1 5 13 18 25 32 41 45 53 60 67 73 85 
0 1 8 12 16 22 37 47 51 56 60 80 85 88 
0 1 8 12 16 22 44 47 52 56 60 80 85 88 
0 1 8 12 16 35 44 47 56 60 71 80 85 88 
0 1 8 12 16 37 41 47 51 55 60 80 85 88 
0 1 8 12 16 37 41 47 51 60 73 80 85 88 
0 1 8 12 16 37 47 51 56 60 71 80 85 88 
0 1 8 12 16 41 43 47 51 55 60 80 85 88 
0 1 8 12 16 43 47 51 56 60 71 80 85 88 
0 1 8 12 16 44 47 52 56 60 71 80 85 88 
0 1 8 12 17 22 31 44 52 56 60 80 85 88 
0 1 8 12 17 22 38 48 52 56 60 80 85 88 
0 1 8 12 17 22 44 48 52 56 60 80 85 88 
0 1 8 12 17 31 36 41 45 55 60 80 85 88 
0 1 8 12 17 31 36 41 45 60 73 80 85 88 
0 1 8 12 17 31 44 52 56 60 71 80 85 88 
0 1 8 12 17 36 41 45 48 55 60 80 85 88 
0 1 8 12 17 36 41 45 48 60 73 80 85 88 
0 1 8 12 17 44 48 52 56 60 71 80 85 88 
0 1 8 12 22 33 37 47 51 56 60 80 85 88 
0 1 8 12 22 33 37 47 56 60 69 80 85 88 
0 1 8 12 22 33 44 47 52 56 60 80 85 88 
0 1 8 12 33 37 41 47 51 55 60 80 85 88 
0 1 8 12 33 37 47 51 56 60 71 80 85 88 
0 1 8 12 33 44 47 52 56 60 71 80 85 88 
0 1 8 13 17 22 27 31 44 52 56 60 80 85 
0 1 8 13 17 22 27 44 48 52 56 60 80 85 
0 1 8 13 17 22 44 48 52 56 60 67 80 85 
0 1 8 13 17 27 44 48 52 56 60 71 80 85 
0 1 8 13 17 44 48 52 56 60 67 71 80 85 
0 1 8 13 18 27 32 36 41 45 55 60 80 85 
0 1 8 17 29 36 41 45 48 55 60 80 85 88 
0 1 10 13 17 23 41 45 48 53 60 67 73 80 
0 1 10 13 17 23 44 48 52 56 60 67 71 80 
0 1 10 13 18 23 32 37 41 51 60 67 73 80 
0 1 10 13 18 23 32 41 45 53 60 67 73 80 
0 1 10 13 23 34 41 45 48 53 60 67 73 80 
0 1 11 15 25 36 41 46 50 55 60 89 
0 1 11 15 25 41 43 46 51 55 60 89 
0 1 11 16 25 30 43 51 56 60 71 89 
0 1 26 31 36 41 50 55 60 65 86 89 
0 47 50 53 56 59 62 67 84 87 
