0 1 5 13 21 26 34 37 41 46 68 
0 1 5 13 26 34 37 39 46 61 68 
0 1 6 11 17 22 27 32 42 47 55 71 
0 1 6 11 17 22 27 32 42 55 71 74 
0 1 6 11 17 22 27 32 47 55 61 71 
0 1 6 13 22 26 34 37 46 61 68 
0 1 6 13 22 27 34 37 42 46 68 
0 1 6 13 22 27 34 37 42 47 68 
0 1 6 13 22 27 34 37 46 61 68 
0 1 6 13 22 27 34 37 47 61 68 
0 1 6 13 22 27 34 46 55 61 68 
0 1 6 13 22 27 34 47 55 61 68 
0 1 7 13 21 27 34 37 41 47 62 68 
0 1 7 13 21 27 34 37 41 47 62 69 
0 1 7 13 21 28 34 37 41 47 62 69 
0 1 7 13 21 28 34 37 41 47 63 69 
0 1 7 13 22 28 34 37 41 47 63 69 
0 1 7 14 19 22 28 41 47 55 63 69 
0 1 7 14 19 22 28 41 48 55 63 69 
0 1 7 14 19 22 28 41 48 55 63 70 
0 1 7 14 21 28 34 37 41 47 63 69 
0 1 8 13 21 34 37 41 46 63 68 
0 1 8 13 22 29 34 42 55 63 68 
0 1 8 13 22 34 41 46 55 63 68 
