0 2 7 13 24 30 37 47 54 61 66 72 
0 2 7 13 24 31 37 47 54 61 66 72 
0 2 7 13 24 31 37 47 54 61 72 74 
0 2 7 13 31 37 43 47 54 61 72 74 
0 2 7 14 24 31 37 47 54 61 66 72 
0 2 7 14 31 37 43 47 54 61 72 74 
0 2 7 14 31 37 43 48 54 61 72 74 
0 2 8 13 26 30 37 42 54 61 67 72 
0 2 9 13 26 31 37 42 47 54 61 72 
0 2 9 13 26 31 37 43 47 54 61 72 
0 2 9 14 26 31 37 42 47 54 61 72 
0 2 9 14 26 31 37 42 54 61 68 72 
0 2 9 14 26 31 37 43 54 61 68 72 
0 2 9 14 27 31 37 43 54 61 68 72 
0 4 8 13 18 21 44 49 58 62 67 72 
0 4 8 13 21 26 30 37 42 54 67 72 
0 4 8 13 21 37 44 49 54 62 67 72 
0 4 9 13 18 21 26 49 58 63 67 72 
0 5 13 16 22 30 46 54 64 72 
0 5 13 18 23 30 39 46 58 64 72 
0 6 13 16 23 30 40 46 58 66 72 
0 6 13 16 23 30 40 47 58 66 72 
0 6 13 16 24 30 40 47 58 66 72 
0 6 13 16 24 31 40 47 58 66 72 
