0 1 6 13 24 31 37 39 46 63 70 
0 1 6 13 24 31 37 39 46 63 71 
0 1 6 13 24 31 37 39 46 64 71 
0 1 6 13 24 31 37 39 47 63 70 
0 1 6 13 24 31 37 39 47 63 71 
0 1 6 13 24 31 37 40 47 63 71 
0 1 6 13 24 31 37 40 47 64 71 
0 1 6 13 24 31 37 40 47 64 72 
0 1 6 13 24 31 37 41 46 64 72 
0 1 6 13 24 31 37 41 49 56 63 68 
0 1 6 13 24 31 37 41 49 64 72 
0 1 6 13 24 31 37 42 49 55 63 68 
0 1 6 13 24 31 37 42 49 55 64 69 
0 1 6 13 24 31 37 46 54 63 70 
0 1 6 13 24 31 37 46 54 64 69 
0 1 6 13 24 31 37 46 54 64 72 
0 1 6 13 24 31 39 46 58 63 70 
0 1 6 13 24 31 39 46 58 63 71 
0 1 6 13 24 31 39 46 58 66 70 
0 1 6 13 24 31 39 46 58 66 73 
0 1 6 13 24 31 39 46 58 71 74 
0 1 6 13 24 31 39 46 58 73 74 
0 1 6 13 24 31 39 46 59 64 71 
0 1 6 13 24 31 39 46 59 71 74 
0 1 6 13 24 31 39 46 59 73 74 
0 1 6 13 24 31 39 47 58 63 70 
0 1 6 13 24 31 39 47 58 63 71 
0 1 6 13 24 31 39 47 58 66 70 
0 1 6 13 24 31 39 47 58 66 73 
0 1 6 13 24 31 39 47 58 71 74 
0 1 6 13 24 31 39 47 58 73 74 
0 1 6 13 24 31 39 47 59 64 71 
0 1 6 13 24 31 39 47 59 71 74 
0 1 6 13 24 31 40 47 57 58 74 
0 1 6 13 24 31 40 47 57 59 67 
0 1 6 13 24 31 40 47 57 59 74 
0 1 6 13 24 31 40 47 58 63 71 
0 1 6 13 24 31 40 47 58 66 72 
0 1 6 13 24 31 40 47 58 71 74 
0 1 6 13 24 31 40 47 59 64 71 
0 1 6 13 24 31 40 47 59 64 72 
0 1 6 13 24 31 40 47 59 67 72 
0 1 6 13 24 31 40 47 59 71 74 
0 1 6 13 24 31 41 46 58 66 72 
0 1 6 13 24 31 41 46 58 66 73 
0 1 6 13 24 31 41 46 58 73 74 
0 1 6 13 24 31 41 46 59 64 72 
0 1 6 13 24 31 41 46 59 67 72 
0 1 6 13 24 31 41 49 56 59 67 
0 1 6 13 24 31 41 49 58 66 72 
0 1 6 13 24 31 41 49 58 66 73 
0 1 6 13 24 31 41 49 59 64 72 
0 1 6 13 24 31 41 49 59 67 72 
0 1 6 13 24 31 42 47 57 58 74 
0 1 6 13 24 31 42 47 57 59 67 
0 1 6 13 24 31 42 47 57 59 74 
0 1 6 13 24 31 42 47 58 66 73 
0 1 6 13 24 31 42 47 58 73 74 
0 1 6 13 24 31 42 49 57 58 74 
0 1 6 13 24 31 42 49 57 59 67 
0 1 6 13 24 31 42 49 57 59 74 
0 1 6 13 24 31 42 49 58 66 73 
0 1 6 13 24 31 42 49 58 73 74 
0 1 6 13 24 31 42 49 59 73 74 
0 1 6 13 24 31 46 54 58 63 70 
0 1 6 13 24 31 46 54 58 66 70 
0 1 6 13 24 31 46 54 58 66 72 
0 1 6 13 24 31 46 54 59 64 72 
0 1 6 13 24 32 37 39 46 63 70 
0 1 6 13 24 32 37 39 46 63 71 
0 1 6 13 24 32 37 39 47 63 70 
0 1 6 13 24 32 37 40 47 63 71 
0 1 6 13 24 32 37 40 47 64 71 
0 1 6 13 24 32 37 40 47 64 72 
0 1 6 13 24 32 37 41 46 64 72 
0 1 6 13 24 32 37 41 49 56 63 68 
0 1 6 13 24 32 37 41 49 64 72 
0 1 6 13 24 32 37 42 49 55 63 68 
0 1 6 13 24 32 37 46 54 63 70 
0 1 6 13 24 32 37 46 54 64 69 
0 1 6 13 24 32 37 46 54 64 72 
0 1 6 13 24 32 39 46 58 63 70 
0 1 6 13 24 32 39 46 58 66 70 
0 1 6 13 24 32 39 46 58 73 74 
0 1 6 13 24 32 39 46 59 64 71 
0 1 6 13 24 32 39 46 59 71 74 
0 1 6 13 24 32 39 47 58 63 70 
0 1 6 13 24 32 39 47 58 63 71 
0 1 6 13 24 32 39 47 58 66 70 
0 1 6 13 24 32 39 47 58 66 73 
0 1 6 13 24 32 39 47 59 64 71 
0 1 6 13 24 32 39 47 59 71 74 
0 1 6 13 24 32 40 47 57 58 74 
0 1 6 13 24 32 40 47 57 59 67 
0 1 6 13 24 32 40 47 57 59 74 
0 1 6 13 24 32 40 47 58 63 71 
0 1 6 13 24 32 40 47 58 66 72 
0 1 6 13 24 32 40 47 58 71 74 
0 1 6 13 24 32 40 47 59 64 71 
0 1 6 13 24 32 40 47 59 64 72 
0 1 6 13 24 32 40 47 59 67 72 
0 1 6 13 24 32 41 46 58 66 72 
0 1 6 13 24 32 41 46 58 66 73 
0 1 6 13 24 32 41 46 58 73 74 
0 1 6 13 24 32 41 46 59 64 72 
0 1 6 13 24 32 41 46 59 67 72 
0 1 6 13 24 32 41 49 56 59 67 
0 1 6 13 24 32 41 49 58 66 72 
0 1 6 13 24 32 41 49 58 66 73 
0 1 6 13 24 32 41 49 59 64 72 
0 1 6 13 24 32 41 49 59 67 72 
0 1 6 13 24 32 42 47 57 58 74 
0 1 6 13 24 32 42 47 57 59 67 
0 1 6 13 24 32 42 47 58 66 73 
0 1 6 13 24 32 42 47 58 73 74 
0 1 6 13 24 32 42 49 57 58 74 
0 1 6 13 24 32 42 49 57 59 67 
0 1 6 13 24 32 46 54 58 63 70 
0 1 6 13 24 32 46 54 58 66 70 
0 1 6 13 24 32 46 54 58 66 72 
0 1 6 13 24 32 46 54 59 64 72 
0 1 6 13 25 32 37 39 46 63 70 
0 1 6 13 25 32 37 40 47 63 71 
0 1 6 13 25 32 37 40 47 64 71 
0 1 6 13 25 32 37 40 47 64 72 
0 1 6 13 25 32 37 41 46 64 72 
0 1 6 13 25 32 37 41 49 56 63 68 
0 1 6 13 25 32 37 41 49 64 72 
0 1 6 13 25 32 37 46 54 63 70 
0 1 6 13 25 32 37 46 54 64 69 
0 1 6 13 25 32 37 46 54 64 72 
0 1 6 13 25 32 39 46 58 66 70 
0 1 6 13 25 32 39 46 59 64 71 
0 1 6 13 25 32 39 47 58 63 70 
0 1 6 13 25 32 39 47 58 63 71 
0 1 6 13 25 32 39 47 58 66 70 
0 1 6 13 25 32 39 47 58 66 73 
0 1 6 13 25 32 39 47 58 73 74 
0 1 6 13 25 32 39 47 59 64 71 
0 1 6 13 25 32 40 47 57 58 74 
0 1 6 13 25 32 40 47 57 59 67 
0 1 6 13 25 32 40 47 58 63 71 
0 1 6 13 25 32 40 47 58 66 72 
0 1 6 13 25 32 40 47 58 71 74 
0 1 6 13 25 32 40 47 59 64 71 
0 1 6 13 25 32 40 47 59 64 72 
0 1 6 13 25 32 40 47 59 67 72 
0 1 6 13 25 32 41 46 58 66 72 
0 1 6 13 25 32 41 46 58 66 73 
0 1 6 13 25 32 41 46 59 64 72 
0 1 6 13 25 32 41 46 59 67 72 
0 1 6 13 25 32 41 49 56 59 67 
0 1 6 13 25 32 41 49 58 66 72 
0 1 6 13 25 32 41 49 58 66 73 
0 1 6 13 25 32 41 49 59 64 72 
0 1 6 13 25 32 41 49 59 67 72 
0 1 6 13 25 32 42 47 58 66 73 
0 1 6 13 25 32 46 54 58 63 70 
0 1 6 13 25 32 46 54 58 66 70 
0 1 6 13 25 32 46 54 58 66 72 
0 1 6 13 25 32 46 54 59 64 72 
0 1 6 14 24 31 38 39 46 64 71 
0 1 6 14 24 31 38 39 46 66 70 
0 1 6 14 24 31 38 39 46 66 73 
0 1 6 14 24 31 38 39 47 64 71 
0 1 6 14 24 31 38 39 47 66 70 
0 1 6 14 24 31 38 39 47 66 73 
0 1 6 14 24 31 38 40 47 64 71 
0 1 6 14 24 31 38 40 47 64 72 
0 1 6 14 24 31 38 40 47 66 72 
0 1 6 14 24 31 38 41 46 64 72 
0 1 6 14 24 31 38 41 46 66 72 
0 1 6 14 24 31 38 41 49 64 72 
0 1 6 14 24 31 38 41 49 66 72 
0 1 6 14 24 31 38 41 49 66 73 
0 1 6 14 24 31 38 42 47 66 73 
0 1 6 14 24 31 38 46 54 64 69 
0 1 6 14 24 31 38 46 54 64 72 
0 1 6 14 24 31 38 46 54 66 70 
0 1 6 14 24 31 38 46 54 66 72 
0 1 6 14 24 31 39 46 59 64 71 
0 1 6 14 24 31 39 46 60 66 73 
0 1 6 14 24 31 40 47 59 67 72 
0 1 6 14 24 31 40 47 60 66 72 
0 1 6 14 24 31 40 47 60 67 72 
0 1 6 14 24 31 41 46 59 64 72 
0 1 6 14 24 31 41 49 56 59 67 
0 1 6 14 24 31 41 49 56 60 67 
0 1 6 14 24 31 41 49 56 60 68 
0 1 6 14 24 31 41 49 59 64 72 
0 1 6 14 24 31 41 49 59 67 72 
0 1 6 14 24 31 41 49 60 66 72 
0 1 6 14 24 31 41 49 60 66 73 
0 1 6 14 24 31 41 49 60 67 72 
0 1 6 14 24 31 41 49 60 68 73 
0 1 6 14 24 31 42 47 57 60 67 
0 1 6 14 24 31 42 47 60 66 73 
0 1 6 14 24 31 42 47 60 68 73 
0 1 6 14 24 31 46 54 59 64 72 
0 1 6 14 24 31 46 54 60 66 72 
0 1 6 14 24 32 38 39 46 64 71 
0 1 6 14 24 32 38 39 46 66 70 
0 1 6 14 24 32 38 39 46 66 73 
0 1 6 14 24 32 38 39 47 64 71 
0 1 6 14 24 32 38 39 47 66 70 
0 1 6 14 24 32 38 40 47 64 71 
0 1 6 14 24 32 38 40 47 64 72 
0 1 6 14 24 32 38 41 46 64 72 
0 1 6 14 24 32 38 41 46 66 72 
0 1 6 14 24 32 38 41 46 66 73 
0 1 6 14 24 32 38 41 49 64 72 
0 1 6 14 24 32 38 41 49 66 72 
0 1 6 14 24 32 38 41 49 66 73 
0 1 6 14 24 32 38 42 47 66 73 
0 1 6 14 24 32 38 46 54 64 69 
0 1 6 14 24 32 38 46 54 64 72 
0 1 6 14 24 32 38 46 54 66 70 
0 1 6 14 24 32 38 46 54 66 72 
0 1 6 14 24 32 39 46 59 64 71 
0 1 6 14 24 32 40 47 59 67 72 
0 1 6 14 24 32 40 47 60 66 72 
0 1 6 14 24 32 40 47 60 67 72 
0 1 6 14 24 32 41 46 59 64 72 
0 1 6 14 24 32 41 46 59 67 72 
0 1 6 14 24 32 41 46 60 66 72 
0 1 6 14 24 32 41 46 60 66 73 
0 1 6 14 24 32 41 46 60 67 72 
0 1 6 14 24 32 41 46 60 68 73 
0 1 6 14 24 32 41 49 59 64 72 
0 1 6 14 24 32 41 49 59 67 72 
0 1 6 14 24 32 41 49 60 66 72 
0 1 6 14 24 32 42 47 60 66 73 
0 1 6 14 24 32 42 47 60 68 73 
0 1 6 14 24 32 46 54 59 64 72 
0 1 6 14 24 32 46 54 60 66 72 
0 1 6 14 25 32 38 39 46 64 71 
0 1 6 14 25 32 38 39 46 66 70 
0 1 6 14 25 32 38 39 46 66 73 
0 1 6 14 25 32 38 39 47 64 71 
0 1 6 14 25 32 38 39 47 66 70 
0 1 6 14 25 32 38 39 47 66 73 
0 1 6 14 25 32 38 40 47 64 71 
0 1 6 14 25 32 38 41 46 64 72 
0 1 6 14 25 32 38 41 46 66 72 
0 1 6 14 25 32 38 41 46 66 73 
0 1 6 14 25 32 38 46 54 64 69 
0 1 6 14 25 32 38 46 54 64 72 
0 1 6 14 25 32 38 46 54 66 70 
0 1 6 14 25 32 38 46 54 66 72 
0 1 6 14 25 32 39 46 59 64 71 
0 1 6 14 25 32 39 46 60 66 73 
0 1 6 14 25 32 39 47 60 66 73 
0 1 6 14 25 32 40 47 59 67 72 
0 1 6 14 25 32 40 47 60 66 72 
0 1 6 14 25 32 40 47 60 67 72 
0 1 6 14 25 32 41 46 59 64 72 
0 1 6 14 25 32 41 46 59 67 72 
0 1 6 14 25 32 41 46 60 66 72 
0 1 6 14 25 32 41 46 60 66 73 
0 1 6 14 25 32 41 46 60 67 72 
0 1 6 14 25 32 41 46 60 68 73 
0 1 6 14 25 32 46 54 59 64 72 
0 1 6 14 25 32 46 54 60 66 72 
0 1 8 13 25 32 39 46 58 66 70 
0 1 8 13 25 32 39 46 59 64 71 
0 1 8 13 25 32 39 47 58 63 70 
0 1 8 13 25 32 39 47 58 63 71 
0 1 8 13 25 32 39 47 58 66 70 
0 1 8 13 25 32 40 47 58 63 71 
0 1 8 13 25 32 40 47 58 66 72 
0 1 8 13 25 32 40 47 59 67 72 
0 1 8 13 25 32 41 46 59 64 72 
0 1 8 13 25 32 41 46 59 67 72 
0 1 8 13 25 32 46 54 58 66 70 
0 1 8 13 25 32 46 54 58 66 72 
0 1 8 13 25 32 46 54 59 64 72 
0 1 8 15 24 31 40 47 57 60 67 
0 1 8 15 24 31 46 54 61 69 
0 1 8 15 24 32 41 46 60 66 72 
0 1 8 15 24 32 41 46 60 66 73 
0 1 8 15 24 32 41 46 60 67 72 
0 1 8 15 24 32 46 54 60 66 72 
0 1 8 15 24 32 46 54 61 69 
0 1 8 15 25 32 39 46 58 66 70 
0 1 8 15 25 32 39 46 58 66 73 
0 1 8 15 25 32 39 46 58 73 74 
0 1 8 15 25 32 39 46 60 66 73 
0 1 8 15 25 32 41 46 60 66 72 
0 1 8 15 25 32 41 46 60 66 73 
0 1 8 15 25 32 41 46 60 67 72 
0 1 8 15 25 32 46 54 58 66 70 
0 1 8 15 25 32 46 54 58 66 72 
0 1 8 15 25 32 46 54 60 66 72 
0 1 8 15 25 32 46 54 61 69 
0 1 8 17 24 31 39 46 62 70 
0 1 8 17 24 31 46 54 61 69 
0 1 8 17 24 31 46 54 62 69 
0 1 8 17 24 31 46 54 62 70 
0 1 8 17 25 32 39 46 62 70 
0 1 8 17 25 32 46 54 62 70 
0 1 9 14 24 31 46 54 59 64 72 
0 1 9 14 24 32 41 46 59 64 72 
0 1 9 14 24 32 41 46 59 67 72 
0 1 9 14 24 32 41 46 59 73 74 
0 1 9 14 24 32 41 46 60 66 72 
0 1 9 14 24 32 46 54 59 64 72 
0 1 9 14 24 32 46 54 60 66 72 
0 1 9 17 24 31 46 54 61 69 
0 1 9 17 24 31 46 54 62 69 
0 1 9 17 24 31 46 54 62 70 
0 1 9 17 24 32 39 46 62 70 
0 1 9 17 24 32 46 54 62 70 
0 1 9 24 31 36 46 54 62 69 
0 1 9 24 32 36 46 54 62 70 
0 2 7 14 24 32 38 41 46 64 72 
0 2 7 14 24 32 38 41 46 66 72 
0 2 7 14 24 32 38 41 46 66 73 
0 2 7 14 24 32 38 41 49 64 72 
0 2 7 14 24 32 38 41 49 66 72 
0 2 7 14 24 32 38 42 49 55 64 69 
0 2 7 14 24 32 38 42 49 66 73 
0 2 7 14 24 32 38 46 54 64 69 
0 2 7 14 24 32 38 46 54 64 72 
0 2 7 14 24 32 38 46 54 66 70 
0 2 7 14 24 32 38 46 54 66 72 
0 2 7 14 24 32 41 46 59 64 72 
0 2 7 14 24 32 41 46 59 73 74 
0 2 7 14 24 32 41 46 60 66 72 
0 2 7 14 24 32 41 46 60 66 73 
0 2 7 14 24 32 41 49 56 60 68 
0 2 7 14 24 32 41 49 59 64 72 
0 2 7 14 24 32 41 49 60 66 72 
0 2 7 14 24 32 41 49 60 66 73 
0 2 7 14 24 32 42 49 55 60 68 
0 2 7 14 24 32 42 49 60 66 73 
0 2 7 14 24 32 42 49 60 68 73 
0 2 7 14 24 32 46 54 59 64 72 
0 2 7 14 25 32 38 39 46 66 70 
0 2 7 14 25 32 38 39 46 66 73 
0 2 7 14 25 32 38 41 46 64 72 
0 2 7 14 25 32 38 41 46 66 72 
0 2 7 14 25 32 38 41 49 64 72 
0 2 7 14 25 32 38 42 49 55 64 69 
0 2 7 14 25 32 38 42 49 66 73 
0 2 7 14 25 32 38 46 54 64 69 
0 2 7 14 25 32 38 46 54 64 72 
0 2 7 14 25 32 38 46 54 66 70 
0 2 7 14 25 32 38 46 54 66 72 
0 2 7 14 25 32 39 46 59 73 74 
0 2 7 14 25 32 39 46 60 66 73 
0 2 7 14 25 32 41 46 59 64 72 
0 2 7 14 25 32 41 46 60 66 72 
0 2 7 14 25 32 41 49 56 60 68 
0 2 7 14 25 32 41 49 59 64 72 
0 2 7 14 25 32 41 49 60 66 72 
0 2 7 14 25 32 41 49 60 66 73 
0 2 7 14 25 32 42 49 60 66 73 
0 2 7 14 25 32 46 54 59 64 72 
0 2 7 14 25 32 46 54 60 66 72 
0 2 7 14 25 33 38 39 46 66 70 
0 2 7 14 25 33 38 39 46 66 73 
0 2 7 14 25 33 38 39 47 66 70 
0 2 7 14 25 33 38 39 47 66 73 
0 2 7 14 25 33 38 41 46 64 72 
0 2 7 14 25 33 38 42 47 66 73 
0 2 7 14 25 33 38 46 54 64 69 
0 2 7 14 25 33 38 46 54 64 72 
0 2 7 14 25 33 38 46 54 66 70 
0 2 7 14 25 33 38 46 54 66 72 
0 2 7 14 25 33 39 46 59 73 74 
0 2 7 14 25 33 39 46 60 66 73 
0 2 7 14 25 33 39 47 60 66 73 
0 2 7 14 25 33 41 46 59 64 72 
0 2 7 14 25 33 41 46 59 73 74 
0 2 7 14 25 33 41 46 60 66 72 
0 2 7 14 25 33 41 46 60 66 73 
0 2 7 14 25 33 41 49 56 60 68 
0 2 7 14 25 33 41 49 59 64 72 
0 2 7 14 25 33 41 49 60 66 72 
0 2 7 14 25 33 41 49 60 66 73 
0 2 7 14 25 33 42 47 60 66 73 
0 2 7 14 25 33 46 54 59 64 72 
0 2 7 14 25 33 46 54 60 66 72 
0 2 7 15 24 32 41 46 60 66 72 
0 2 7 15 24 32 46 54 61 69 
0 2 7 15 25 32 39 46 58 66 73 
0 2 7 15 25 32 39 46 60 66 73 
0 2 7 15 25 32 46 54 58 66 72 
0 2 7 15 25 32 46 54 60 66 72 
0 2 7 15 25 32 46 54 61 69 
0 2 7 15 25 33 39 46 58 66 73 
0 2 7 15 25 33 41 46 60 66 72 
0 2 7 15 25 33 41 46 60 66 73 
0 2 7 15 25 33 41 46 61 73 74 
0 2 7 15 25 33 42 47 60 66 73 
0 2 7 15 25 33 46 54 58 66 72 
0 2 7 15 25 33 46 54 60 66 72 
0 2 7 15 25 33 46 54 61 69 
0 2 10 15 24 32 46 54 61 69 
0 2 10 24 32 37 46 54 61 69 
0 3 8 15 22 29 34 39 46 58 66 73 
0 3 8 15 22 29 34 39 46 58 73 74 
0 3 8 15 22 29 34 39 46 60 66 73 
0 3 8 15 22 29 34 39 46 61 73 74 
0 3 8 15 22 29 34 39 47 58 66 73 
0 3 8 15 22 29 34 39 47 60 66 73 
0 3 8 15 22 29 34 39 47 61 73 74 
0 3 8 15 22 29 34 40 47 57 58 74 
0 3 8 15 22 29 34 40 47 57 60 67 
0 3 8 15 22 29 34 40 47 58 66 72 
0 3 8 15 22 29 34 40 47 60 67 72 
0 3 8 15 22 29 34 41 46 60 66 72 
0 3 8 15 22 29 34 41 46 60 66 73 
0 3 8 15 22 29 34 41 46 60 67 72 
0 3 8 15 22 29 34 41 46 61 73 74 
0 3 8 15 22 29 34 46 54 60 66 72 
0 3 8 15 25 33 41 46 60 66 72 
0 3 8 15 25 33 41 46 60 66 73 
0 3 8 15 25 33 41 46 60 67 72 
0 3 8 15 25 33 41 49 60 67 72 
0 3 8 15 25 33 42 49 57 60 67 
0 3 8 15 25 33 46 54 58 66 72 
0 3 8 17 22 29 34 39 46 59 73 74 
0 3 8 17 22 29 34 39 46 61 73 74 
0 3 8 17 22 29 34 41 46 59 67 72 
0 3 8 17 22 29 34 41 46 59 73 74 
0 3 8 17 25 33 41 46 59 67 72 
0 3 8 17 25 33 41 49 56 59 67 
0 3 8 17 25 33 41 49 56 62 67 
0 3 10 15 22 29 34 39 46 60 66 73 
0 3 10 15 22 29 34 39 46 61 73 74 
0 3 10 15 22 29 34 39 47 60 66 73 
0 3 10 15 22 29 34 39 47 61 73 74 
0 3 10 15 22 29 34 40 47 57 60 67 
0 3 10 15 22 29 34 40 47 57 61 74 
0 3 10 15 22 29 34 40 47 60 66 72 
0 3 10 15 22 29 34 40 47 60 67 72 
0 3 10 15 22 29 34 41 46 60 67 72 
0 3 10 15 22 29 34 41 46 60 68 73 
0 3 10 15 22 29 34 41 46 61 68 73 
0 3 10 15 22 29 34 41 46 61 73 74 
0 3 10 22 29 34 36 40 47 60 67 72 
0 3 10 22 29 34 36 41 46 60 67 72 
0 3 10 22 29 34 36 41 46 60 68 73 
0 3 10 22 29 35 36 40 47 57 60 67 
0 3 10 22 29 35 36 41 46 60 68 73 
0 4 9 17 22 29 34 41 46 59 67 72 
0 4 9 19 22 30 36 41 46 60 68 73 
0 5 13 16 22 30 37 46 54 64 72 
