0 2 7 18 22 25 30 44 46 48 52 58 82 85 
0 2 7 18 22 25 30 44 46 48 53 58 82 85 
0 2 7 18 22 25 30 44 46 53 58 75 86 90 
0 2 7 18 22 25 30 44 46 53 58 82 85 90 
0 2 7 18 22 25 30 44 46 53 58 82 86 90 
0 2 7 18 22 25 30 44 47 53 58 75 86 90 
0 2 13 17 22 25 29 40 46 48 52 58 82 85 
0 2 13 17 22 25 29 40 46 48 53 58 82 85 
0 2 13 17 22 25 29 40 46 53 58 82 85 90 
0 2 13 17 22 25 29 40 46 53 58 82 86 90 
0 2 13 17 22 25 29 40 48 52 58 76 80 85 
0 2 13 17 22 25 29 40 48 53 58 76 80 85 
0 2 13 17 22 25 29 40 48 53 58 76 82 85 
0 2 13 17 22 25 30 40 46 48 52 58 82 85 
0 2 13 17 22 25 30 40 46 48 53 58 82 85 
0 2 13 17 22 25 30 40 46 53 58 82 85 90 
0 2 13 17 22 25 30 40 46 53 58 82 86 90 
0 2 13 17 22 25 30 40 48 52 58 76 80 85 
0 2 13 17 22 25 30 40 48 52 58 76 82 85 
0 2 13 17 22 25 30 41 46 48 52 58 82 85 
0 2 13 17 22 25 30 41 48 52 58 76 80 85 
0 2 13 17 22 25 30 41 48 52 58 76 82 85 
0 2 13 17 22 25 30 44 46 48 52 58 82 85 
0 2 13 17 22 25 30 44 46 53 58 82 85 90 
0 2 13 17 22 25 30 44 46 53 58 82 86 90 
0 2 13 17 22 25 30 44 48 52 58 76 80 85 
0 2 13 17 22 25 30 44 48 52 58 76 82 85 
0 2 13 17 22 25 36 40 48 52 58 76 82 85 
0 2 13 17 22 26 30 41 46 48 52 58 82 85 
0 2 13 17 22 26 30 41 46 48 53 58 82 85 
0 2 13 17 22 26 30 41 48 52 58 76 80 85 
0 2 13 17 22 26 30 41 48 52 58 76 82 85 
0 2 13 17 22 26 30 41 48 53 58 76 80 85 
0 2 13 17 22 26 30 41 48 53 58 76 82 85 
0 2 13 18 22 25 30 40 46 48 52 58 82 85 
0 2 13 18 22 25 30 44 46 48 52 58 82 85 
0 3 7 18 22 25 30 41 47 53 58 75 86 90 
0 4 8 12 25 36 40 47 53 58 75 86 90 
