0 1 7 14 27 33 41 44 48 54 61 75 89 92 
0 1 7 14 27 33 41 44 48 55 61 75 89 92 
0 1 7 14 27 33 41 44 54 57 61 75 82 88 
0 1 7 14 27 33 41 44 54 57 61 75 88 92 
0 1 7 14 27 33 41 44 54 57 61 75 89 92 
0 1 7 14 27 41 44 45 48 54 61 75 89 92 
0 1 7 14 27 41 44 45 48 54 61 76 83 89 
0 1 7 14 27 41 44 45 48 54 61 76 89 92 
0 1 7 14 28 33 35 41 48 54 61 75 89 92 
0 1 7 14 28 33 35 41 48 55 62 75 89 92 
0 1 7 14 28 33 35 41 54 57 61 75 82 88 
0 1 7 14 28 33 41 44 48 55 61 75 89 92 
0 1 7 14 28 33 41 44 48 55 62 75 89 92 
0 1 7 14 28 33 41 44 54 57 61 75 88 92 
0 1 7 14 28 35 41 45 48 54 61 76 83 89 
0 1 7 14 28 41 44 45 48 55 61 75 89 92 
