0 1 7 12 25 30 44 45 48 54 59 73 78 92 
0 1 7 12 30 35 41 45 48 55 59 78 89 92 
0 1 7 12 30 41 44 45 48 54 59 78 89 92 
0 1 7 12 30 41 44 45 48 55 59 78 89 92 
0 1 7 14 27 33 40 44 54 57 61 75 89 92 
0 1 7 14 27 33 41 44 54 57 61 75 89 92 
0 1 7 14 27 41 44 45 48 54 61 75 89 92 
0 1 7 14 27 41 44 45 48 54 61 76 89 92 
0 1 8 12 26 30 35 45 48 55 59 74 78 83 
0 1 8 12 26 30 35 45 48 55 59 74 78 92 
0 1 8 12 26 30 35 46 48 55 59 74 78 83 
0 1 8 12 26 30 44 45 48 55 59 74 78 92 
0 1 8 12 30 41 44 45 48 55 59 78 89 92 
0 1 8 23 26 30 44 45 48 55 71 74 78 92 
0 1 10 23 30 35 39 45 48 58 71 78 83 87 
0 1 10 23 30 35 39 45 48 58 71 78 87 92 
0 1 10 23 30 35 39 45 48 58 78 83 87 91 
0 1 10 23 30 35 39 45 48 58 78 87 91 92 
0 1 10 23 30 39 44 45 48 58 71 78 87 92 
0 1 10 23 30 39 44 45 48 58 78 83 87 91 
0 1 10 30 35 39 43 45 48 58 78 83 87 91 
0 1 23 26 30 35 39 45 48 71 74 78 83 87 
0 1 23 26 30 35 39 45 48 71 74 78 87 92 
0 1 23 26 30 39 44 45 48 71 74 78 87 92 
0 3 7 11 16 25 29 45 50 54 63 68 73 77 
0 3 7 14 25 32 43 45 50 54 61 73 80 91 
0 3 8 16 29 42 45 50 55 63 77 90 
