0 1 5 9 14 18 25 43 44 47 54 59 80 81 
0 1 5 9 14 25 39 43 44 47 50 59 80 81 
0 1 5 9 14 25 39 44 47 50 59 64 76 81 
0 1 5 9 14 25 39 44 47 50 59 76 80 81 
0 1 5 9 14 25 43 44 47 50 54 59 80 81 
0 1 5 9 18 25 29 43 44 47 54 59 80 81 
0 1 5 10 14 19 30 39 43 47 50 59 80 89 
0 1 5 10 14 19 30 39 43 50 55 59 80 89 
0 1 5 10 14 19 30 39 50 55 59 64 76 89 
0 1 5 10 14 19 30 39 50 55 59 76 80 89 
0 1 5 10 14 30 39 44 47 50 59 64 76 89 
0 1 5 10 14 30 39 44 47 50 59 76 80 89 
0 1 5 10 14 39 44 47 50 59 64 76 81 89 
0 1 5 10 19 30 35 39 47 59 64 70 76 89 
0 1 5 10 19 30 35 39 55 59 70 76 80 89 
0 1 5 10 19 30 39 47 50 59 64 70 76 89 
