0 1 5 9 14 36 41 47 50 54 63 91 92 
0 1 5 9 14 36 43 47 50 54 63 89 92 
0 1 5 9 14 41 44 47 50 54 63 84 91 
0 1 5 9 14 43 44 47 50 54 63 84 89 
0 1 5 9 16 36 41 47 50 54 61 91 92 
0 1 5 9 16 36 43 47 50 54 61 89 92 
0 1 5 9 16 41 44 47 50 54 61 84 91 
0 1 5 10 14 19 30 39 47 50 59 80 89 
0 1 5 10 14 19 30 39 50 59 70 80 89 
0 1 5 10 14 19 30 41 47 50 59 80 87 
0 1 5 10 14 19 30 41 50 59 70 80 87 
0 1 5 10 14 19 32 39 50 59 70 78 89 
0 1 5 10 14 19 32 41 47 50 59 78 87 
0 1 5 10 14 19 32 41 50 59 70 78 87 
0 1 5 10 14 30 41 47 50 59 63 80 91 
0 1 5 10 14 30 41 47 50 59 80 87 91 
0 1 5 10 14 32 41 47 50 59 63 78 91 
0 1 5 10 14 32 41 47 50 59 78 87 91 
0 1 5 10 19 30 37 41 47 50 59 80 87 
0 1 5 10 19 30 37 41 50 59 70 80 87 
0 1 5 10 19 30 37 47 50 59 64 80 87 
0 1 5 10 19 30 37 50 59 64 70 80 87 
0 1 5 10 19 30 39 47 50 59 64 80 85 
0 1 5 10 19 30 39 47 50 59 80 85 89 
0 1 5 10 19 32 37 41 47 50 59 78 87 
0 1 5 10 19 32 37 41 50 59 70 78 87 
0 1 5 10 19 32 37 47 50 59 64 78 87 
0 1 5 10 19 32 39 47 50 59 78 85 89 
0 1 5 10 30 37 41 47 50 59 80 87 91 
0 1 5 10 32 37 41 47 50 59 78 87 91 
0 1 5 12 16 30 41 44 47 50 61 80 91 
0 1 5 12 16 30 41 47 50 58 61 80 91 
0 1 5 12 16 32 41 47 50 58 61 78 91 
0 1 5 12 16 32 43 47 50 54 61 89 92 
0 1 5 12 16 32 43 47 50 58 61 78 89 
0 1 5 12 16 32 43 47 50 61 78 89 92 
0 1 5 12 19 30 37 47 50 58 64 80 87 
0 1 5 12 19 30 37 50 58 64 70 80 87 
0 1 5 12 19 30 39 47 50 58 61 80 89 
0 1 5 12 19 30 39 47 50 58 64 80 85 
0 1 5 12 19 30 41 44 47 50 61 80 87 
0 1 5 12 19 30 41 47 50 58 61 80 87 
0 1 5 12 19 32 37 47 50 58 64 78 87 
0 1 5 12 19 32 39 50 58 70 78 85 89 
0 1 5 12 19 32 39 50 61 70 78 89 92 
0 1 5 12 19 32 41 47 50 58 61 78 87 
0 1 5 12 19 32 41 50 61 70 78 87 92 
0 1 5 12 32 39 43 47 50 58 61 78 89 
0 1 5 14 19 32 39 50 59 70 78 89 92 
0 1 5 14 19 32 41 50 59 70 78 87 92 
0 1 5 14 32 36 41 47 50 63 78 91 92 
0 1 5 14 32 36 43 47 50 63 78 89 92 
0 1 5 14 32 41 47 50 59 63 78 91 92 
0 1 5 14 32 41 47 50 59 78 87 91 92 
0 1 5 14 32 43 47 50 59 63 78 89 92 
0 1 6 10 14 19 28 41 55 59 70 74 87 
0 1 6 10 19 28 37 41 55 59 70 74 87 
0 1 6 10 19 28 37 41 55 70 74 83 87 
0 1 6 19 26 34 37 41 55 70 76 83 87 
0 1 6 19 28 34 37 41 55 70 74 83 87 
0 1 10 14 28 32 41 47 50 59 78 87 91 
0 1 10 19 28 32 37 41 59 70 74 78 87 
0 3 7 11 15 19 21 48 52 56 60 64 
