0 1 5 9 13 17 45 48 52 56 60 64 
0 1 5 9 15 31 35 41 45 48 52 62 83 89 
0 1 5 9 15 31 35 42 45 48 52 62 83 90 
0 1 5 9 15 35 41 45 48 52 56 62 83 89 
0 1 5 9 15 35 42 45 48 52 56 62 83 90 
0 1 5 9 15 36 42 45 48 52 56 62 84 90 
0 1 5 10 14 27 31 41 45 48 61 79 83 89 
0 1 5 11 15 27 31 37 41 45 48 68 79 89 
0 1 5 11 15 27 31 41 45 48 62 68 79 89 
0 1 5 11 15 27 31 42 45 48 62 68 79 90 
0 1 5 11 15 31 37 41 45 48 52 68 79 89 
0 1 5 11 15 31 41 45 48 52 62 68 79 89 
0 1 5 11 15 31 42 45 48 52 62 68 79 90 
0 1 5 11 15 32 41 45 48 52 62 68 80 89 
0 1 5 11 17 27 31 38 45 48 68 79 86 90 
0 1 5 11 17 31 37 45 48 52 64 68 79 85 
0 1 5 11 17 31 38 45 48 52 64 68 79 86 
0 1 5 11 31 37 41 45 48 52 68 79 85 89 
0 1 5 14 27 31 35 41 45 48 61 79 83 89 
0 1 5 14 31 35 41 45 48 52 61 79 83 89 
0 1 5 15 31 35 41 45 48 52 62 79 83 89 
0 1 7 11 15 28 41 45 48 54 62 68 76 89 
0 1 7 14 27 41 44 45 48 54 61 75 89 92 
0 4 8 12 17 25 38 44 45 51 55 57 86 90 
0 4 8 12 17 25 38 44 45 51 55 73 86 90 
0 4 8 12 25 38 42 44 45 51 55 73 86 90 
0 4 8 12 25 38 42 45 51 55 59 73 86 90 
