0 1 5 13 17 27 35 39 46 55 61 78 91 92 
0 1 5 13 17 27 35 39 46 55 74 78 91 92 
0 1 5 13 17 27 39 46 55 57 61 78 91 92 
0 1 5 13 17 27 39 46 55 57 74 78 91 92 
0 1 5 13 17 35 39 46 55 74 78 86 91 92 
0 1 5 13 17 35 46 51 55 74 78 86 91 92 
0 1 5 13 17 39 46 55 57 74 78 86 91 92 
0 1 5 13 17 46 51 55 57 74 78 86 91 92 
0 1 5 13 18 27 35 39 46 55 74 78 91 92 
0 1 5 13 18 27 35 40 46 55 74 78 91 92 
0 1 5 13 18 27 35 46 51 55 74 78 91 92 
0 1 5 13 18 27 39 46 55 57 74 78 91 92 
0 1 5 13 18 27 40 46 55 57 74 78 91 92 
0 1 5 13 18 27 46 51 55 57 74 78 91 92 
0 1 5 13 18 35 46 51 55 74 78 86 91 92 
0 1 5 13 18 46 51 55 57 74 78 86 91 92 
0 1 5 13 18 46 51 55 57 74 78 87 91 92 
0 1 5 13 29 46 51 55 57 74 78 86 91 92 
0 1 5 14 18 23 40 46 57 74 78 83 87 91 
0 1 5 14 18 23 46 51 57 74 78 83 87 91 
0 1 5 14 18 27 40 46 55 57 74 78 91 92 
0 1 5 14 18 40 46 55 57 74 78 83 87 91 
0 1 5 14 18 40 46 55 57 74 78 87 91 92 
0 1 5 14 18 40 46 56 57 74 78 83 87 91 
0 1 5 14 18 40 46 56 57 74 79 83 87 91 
0 1 5 14 18 46 51 55 57 74 78 83 87 91 
0 1 5 14 18 46 51 55 57 74 78 87 91 92 
0 1 5 14 18 46 51 56 57 74 78 83 87 91 
0 1 5 18 25 46 51 55 57 74 78 87 91 92 
0 1 6 14 18 40 46 56 57 74 79 83 87 91 
0 3 7 11 15 21 25 29 33 34 37 42 59 76 
0 3 7 11 15 21 25 29 33 34 37 42 72 76 
0 3 7 11 15 21 29 33 34 37 42 72 76 84 
0 3 7 11 16 21 25 29 33 34 37 42 59 76 
0 3 7 11 16 21 25 29 33 34 37 42 72 76 
0 3 7 11 16 21 25 29 33 34 38 42 72 76 
0 3 7 11 21 25 29 33 34 37 42 51 59 76 
0 5 11 17 21 27 34 39 49 55 61 72 78 84 90 
